Year: 2023  Month: 04  ID: MLN  ARGOS:  8934  Name: Marilyn             
Lat: 79.90S  Lon: 165.86E  Elev:   62m
2023  91  4  1 0000  -26.2 1003.4    7.2  224.0   74.4  444.0
2023  91  4  1 0100  -25.3 1003.7    6.3  205.0   70.0  444.0
2023  91  4  1 0200  -25.6 1003.6    6.6  201.0   70.0  444.0
2023  91  4  1 0300  -25.4 1003.6    7.0  204.0   69.7  444.0
2023  91  4  1 0400  -26.6 1003.8    5.7  210.0   70.0  444.0
2023  91  4  1 0500  -27.1 1004.1    4.5  236.0   66.0  444.0
2023  91  4  1 0600  -27.4 1004.0    5.6  217.0   69.0  444.0
2023  91  4  1 0700  -28.3 1003.9    6.1  232.0   69.0  444.0
2023  91  4  1 0800  -24.7 1003.7    7.8  216.0   74.3  444.0
2023  91  4  1 0900  -27.0 1003.3    7.3  230.0   69.0  444.0
2023  91  4  1 1000  -25.1 1003.5    9.1  202.0   80.0  444.0
2023  91  4  1 1100  -25.2 1003.4    7.6  191.0   70.0  444.0
2023  91  4  1 1200  -28.8 1003.2    5.6  219.0   76.0  444.0
2023  91  4  1 1300  -28.1 1002.8    6.9  211.0   77.3  444.0
2023  91  4  1 1400  -27.5 1002.5    7.7  207.0   72.0  444.0
2023  91  4  1 1500  -30.0 1002.6    6.2  205.0   84.0  444.0
2023  91  4  1 1600  -28.3 1002.6    6.5  243.0   83.0  444.0
2023  91  4  1 1700  -29.6 1002.7    4.7  247.0   76.0  444.0
2023  91  4  1 1800  -31.0 1002.8    4.8  256.0   83.6  444.0
2023  91  4  1 1900  -31.4 1003.4    4.0  250.0   82.0  444.0
2023  91  4  1 2000  -30.7 1003.7    3.8  246.0   82.0  444.0
2023  91  4  1 2100  -27.8 1003.9    5.5  236.0   85.0  444.0
2023  91  4  1 2200  -30.0 1004.3    4.1  264.0   84.0  444.0
2023  91  4  1 2300  -30.8 1004.9    5.7  267.0   81.4  444.0
2023  92  4  2 0000  -31.9 1005.5    6.2  247.0   76.0  444.0
2023  92  4  2 0100  -35.2 1006.3    6.0  259.0   75.4  444.0
2023  92  4  2 0200  -33.0 1006.9    5.3  254.0   77.0  444.0
2023  92  4  2 0300  -30.9 1007.2    4.8  229.0   79.0  444.0
2023  92  4  2 0400  -29.5 1007.7    5.5  225.0   82.0  444.0
2023  92  4  2 0500  -28.9 1008.3    6.5  226.0   68.0  444.0
2023  92  4  2 0600  -29.2 1008.4    7.4  221.0   74.7  444.0
2023  92  4  2 0700  -27.3 1008.8    8.7  212.0   71.0  444.0
2023  92  4  2 0800  -26.7 1009.3    7.8  196.0   68.0  444.0
2023  92  4  2 0900  -29.2 1009.7    7.4  211.0   71.0  444.0
2023  92  4  2 1000  -27.9 1009.7    6.3  210.0   64.0  444.0
2023  92  4  2 1100  -28.3 1009.8    6.2  212.0   64.0  444.0
2023  92  4  2 1200  -28.5 1010.0    6.4  215.0   65.0  444.0
2023  92  4  2 1300  -30.0 1010.3    6.0  222.0   69.0  444.0
2023  92  4  2 1400  -29.0 1010.0    7.1  223.0   71.0  444.0
2023  92  4  2 1500  -29.9 1010.0    6.6  223.0   70.0  444.0
2023  92  4  2 1600  -30.4 1009.8    6.3  233.0   76.0  444.0
2023  92  4  2 1700  -30.3 1009.7    6.4  232.0   75.0  444.0
2023  92  4  2 1800  -31.1 1009.7    5.6  179.0   71.0  444.0
2023  92  4  2 1900  -26.0 1009.4    9.0  235.0   69.0  444.0
2023  92  4  2 2000  -28.7 1009.6    7.2  237.0   75.0  444.0
2023  92  4  2 2100  -29.2 1009.4    6.0  242.0   71.4  444.0
2023  92  4  2 2200  -29.7 1009.7    5.1  232.0   71.0  444.0
2023  92  4  2 2300  -30.1 1009.5    5.7  240.0   72.0  444.0
2023  93  4  3 0000  -30.3 1009.5    4.6  241.0   73.0  444.0
2023  93  4  3 0100  -27.0 1009.2    8.0  232.0   68.0  444.0
2023  93  4  3 0200  -26.8 1009.2    6.4  221.0   65.0  444.0
2023  93  4  3 0300  -24.2 1008.6    7.7  209.0   69.0  444.0
2023  93  4  3 0400  -23.0 1007.8    9.4  195.0   73.0  444.0
2023  93  4  3 0500  -28.5 1007.9    5.0  172.0   75.0  444.0
2023  93  4  3 0600  -32.6 1007.7    4.1  183.0   79.0  444.0
2023  93  4  3 0700  -34.1 1007.2    4.0  154.0   78.0  444.0
2023  93  4  3 0800  -36.0 1006.9    3.3  185.0   75.0  444.0
2023  93  4  3 0900  -36.7 1006.5    2.6  168.0   75.0  444.0
2023  93  4  3 1000  -37.3 1006.4    5.4  140.0   74.0  444.0
2023  93  4  3 1100  -38.7 1006.9    4.4  184.0   72.0  444.0
2023  93  4  3 1200  -39.4 1006.9    3.8  174.0   72.0  444.0
2023  93  4  3 1300  -39.5 1006.3    5.0  117.0   72.0  444.0
2023  93  4  3 1400  -39.7 1006.7    5.4  166.0   72.0  444.0
2023  93  4  3 1500  -39.8 1006.4    3.8  152.0   71.0  444.0
2023  93  4  3 1600  -40.0 1005.7    2.8   91.0   71.0  444.0
2023  93  4  3 1700  -40.1 1006.1    3.7  154.0   71.0  444.0
2023  93  4  3 1800  -39.8 1006.0    3.2  126.0   71.0  444.0
2023  93  4  3 1900  -41.0 1005.3    1.1   52.0   70.0  444.0
2023  93  4  3 2000  -42.2 1005.3    2.9  159.0   69.0  444.0
2023  93  4  3 2100  -42.9 1005.0    3.5  153.0   68.0  444.0
2023  93  4  3 2200  -43.0 1004.6    0.8  143.0   68.0  444.0
2023  93  4  3 2300  -42.9 1004.0    2.3  166.0   67.0  444.0
2023  94  4  4 0000  -42.9 1003.8    2.1  146.0   66.6  444.0
2023  94  4  4 0100  -42.1 1003.1    0.6  204.0   67.0  444.0
2023  94  4  4 0200  -42.2 1001.9    1.2  105.0   67.0  444.0
2023  94  4  4 0300  -42.2 1000.7    0.8   37.0   66.0  444.0
2023  94  4  4 0400  -41.8  999.7    0.4  109.0   67.3  444.0
2023  94  4  4 0500  -40.4  998.7    1.8  227.0   69.5  444.0
2023  94  4  4 0600  -42.6  998.0    2.0   11.0   68.0  444.0
2023  94  4  4 0700  -42.8  996.9    2.3  310.0   68.0  444.0
2023  94  4  4 0800  -40.9  995.9    2.3  340.0   70.0  444.0
2023  94  4  4 0900  -37.4  994.8    1.4  287.0   73.0  444.0
2023  94  4  4 1000  -32.5  994.0    2.7  179.0   78.4  444.0
2023  94  4  4 1100  -30.7  992.3    2.1  257.0   76.9  444.0
2023  94  4  4 1200  -30.9  990.6    4.6  229.0   72.0  444.0
2023  94  4  4 1300  -29.2  989.0    5.6  234.0   71.0  444.0
2023  94  4  4 1400  -27.3  987.3    6.8  231.0   72.0  444.0
2023  94  4  4 1500  -25.9  985.8    7.2  236.0   69.8  444.0
2023  94  4  4 1600  -22.3  984.6    8.6  229.0   66.2  444.0
2023  94  4  4 1700  -22.4  982.5   10.4  235.0   68.0  444.0
2023  94  4  4 1800  -18.6  981.1   12.9  205.0   85.0  444.0
2023  94  4  4 1900  -17.8  980.1   14.1  186.0   78.0  444.0
2023  94  4  4 2000  -18.1  979.0   13.3  196.0   80.0  444.0
2023  94  4  4 2100  -18.0  978.5   15.1  186.0   81.1  444.0
2023  94  4  4 2200  -18.0  977.5   13.9  188.0   74.0  444.0
2023  94  4  4 2300  -18.0  977.3   10.9  196.0   76.0  444.0
2023  95  4  5 0000  -22.9  978.1    8.2  138.0   68.0  444.0
2023  95  4  5 0100  -28.7  977.8    5.0  152.0   78.8  444.0
2023  95  4  5 0200  -35.0  978.8    7.8  132.0   74.9  444.0
2023  95  4  5 0300  -35.1  979.0    6.4  118.0   74.5  444.0
2023  95  4  5 0400  -35.5  979.4    6.0  128.0   73.0  444.0
2023  95  4  5 0500  -35.8  978.9    7.0  116.0   73.0  444.0
2023  95  4  5 0600  -36.5  978.9    7.3   91.0   71.0  444.0
2023  95  4  5 0700  -36.9  980.0    4.8  115.0   71.0  444.0
2023  95  4  5 0800  -37.2  980.7    4.7  106.0   72.7  444.0
2023  95  4  5 0900  -37.0  981.3    3.4  136.0   73.0  444.0
2023  95  4  5 1000  -37.7  982.0    3.5  115.0   73.0  444.0
2023  95  4  5 1100  -38.4  982.5    3.3  114.0   73.0  444.0
2023  95  4  5 1200  -38.2  982.7    2.9  138.0   74.0  444.0
2023  95  4  5 1300  -38.8  982.8    2.2  102.0   72.6  444.0
2023  95  4  5 1400  -39.2  983.6    1.8  180.0   72.2  444.0
2023  95  4  5 1500  -38.9  983.2    3.9  245.0   72.0  444.0
2023  95  4  5 1600  -38.4  983.4    1.6  207.0   75.0  444.0
2023  95  4  5 1700  -39.1  983.5    3.8  222.0   72.0  444.0
2023  95  4  5 1800  -37.3  983.7    2.6  211.0   74.9  444.0
2023  95  4  5 1900  -36.1  984.2    3.6  254.0   76.2  444.0
2023  95  4  5 2000  -35.0  984.6    5.1  221.0   75.0  444.0
2023  95  4  5 2100  -33.5  985.2    4.8  209.0   77.0  444.0
2023  95  4  5 2200  -30.3  985.4    6.5  210.0   77.0  444.0
2023  95  4  5 2300  -29.1  986.2    6.4  206.0   65.0  444.0
2023  96  4  6 0000  -28.3  986.7    5.8  200.0   64.0  444.0
2023  96  4  6 0100  -28.6  987.4    6.3  184.0   68.0  444.0
2023  96  4  6 0200  -30.0  987.7    5.2  197.0   69.0  444.0
2023  96  4  6 0300  -31.0  988.2    4.5  187.0   71.3  444.0
2023  96  4  6 0400  -32.2  988.9    3.4  194.0   72.0  444.0
2023  96  4  6 0500  -32.6  989.3    4.0  217.0   74.8  444.0
2023  96  4  6 0600  -33.1  989.7    4.9  215.0   74.0  444.0
2023  96  4  6 0700  -32.3  989.9    5.2  210.0   72.0  444.0
2023  96  4  6 0800  -30.9  990.1    5.8  209.0   69.0  444.0
2023  96  4  6 0900  -29.5  990.3    6.9  204.0   67.0  444.0
2023  96  4  6 1000  -28.0  990.7    6.8  204.0   67.0  444.0
2023  96  4  6 1100  -25.9  990.7    8.6  200.0   67.6  444.0
2023  96  4  6 1200  -23.3  990.6   10.9  197.0   69.7  444.0
2023  96  4  6 1300  -23.2  990.9   11.3  206.0   69.0  444.0
2023  96  4  6 1400  -23.2  990.4   12.2  201.0   66.0  444.0
2023  96  4  6 1500  -24.1  991.2    7.0  204.0   66.0  444.0
2023  96  4  6 1600  -22.8  990.8    8.1  208.0   68.1  444.0
2023  96  4  6 1700  -22.4  990.4    8.8  210.0   70.9  444.0
2023  96  4  6 1800  -22.1  990.8    6.9  205.0   65.0  444.0
2023  96  4  6 1900  -20.4  991.0    8.6  198.0   69.0  444.0
2023  96  4  6 2000  -20.8  990.9    7.2  204.0   65.0  444.0
2023  96  4  6 2100  -18.8  990.8   11.6  187.0   62.0  444.0
2023  96  4  6 2200  -20.2  991.2    7.5  180.0   67.0  444.0
2023  96  4  6 2300  -21.7  991.7    5.0  190.0   76.0  444.0
2023  97  4  7 0000  -23.5  991.9    4.7  218.0   79.0  444.0
2023  97  4  7 0100  -25.0  992.5    4.6  155.0   81.0  444.0
2023  97  4  7 0200  -27.0  992.7    5.1  140.0   76.3  444.0
2023  97  4  7 0300  -27.7  993.4    5.5  125.0   77.5  444.0
2023  97  4  7 0400  -29.0  994.2    3.9  140.0   79.0  444.0
2023  97  4  7 0500  -28.7  994.1    5.8  129.0   83.0  444.0
2023  97  4  7 0600  -28.7  994.7    5.4  126.0   84.0  444.0
2023  97  4  7 0700  -29.3  995.2    4.5  144.0   81.0  444.0
2023  97  4  7 0800  -29.3  995.2    4.9  149.0   78.0  444.0
2023  97  4  7 0900  -28.0  995.8    4.8  114.0   75.0  444.0
2023  97  4  7 1000  -29.0  995.9    4.0  129.0   76.0  444.0
2023  97  4  7 1100  -30.3  996.1    3.7  137.0   78.0  444.0
2023  97  4  7 1200  -29.7  996.3    4.1  158.0   77.0  444.0
2023  97  4  7 1300  -28.2  995.9    3.4  165.0   75.0  444.0
2023  97  4  7 1400  -28.3  995.7    4.0  173.0   72.0  444.0
2023  97  4  7 1500  -24.9  994.8    7.7  163.0   63.0  444.0
2023  97  4  7 1600  -23.5  994.5   10.4  152.0   59.0  444.0
2023  97  4  7 1700  -24.8  994.8    5.2  148.0   65.0  444.0
2023  97  4  7 1800  -24.0  994.5    7.3  164.0   67.0  444.0
2023  97  4  7 1900  -23.5  994.0    9.4  164.0   69.0  444.0
2023  97  4  7 2000  -23.3  993.8    9.8  164.0   71.0  444.0
2023  97  4  7 2100  -24.5  993.4    7.1  189.0   69.2  444.0
2023  97  4  7 2200  -25.0  993.1    7.3  176.0   70.0  444.0
2023  97  4  7 2300  -25.0  993.0    8.6  177.0   70.0  444.0
2023  98  4  8 0000  -25.1  992.6    8.8  179.0   69.0  444.0
2023  98  4  8 0100  -25.2  992.3    8.0  170.0   69.0  444.0
2023  98  4  8 0200  -25.7  992.2    6.2  169.0   67.9  444.0
2023  98  4  8 0300  -27.5  992.1    4.0  162.0   70.0  444.0
2023  98  4  8 0400  -28.3  991.7    3.7  170.0   70.4  444.0
2023  98  4  8 0500  -28.2  991.6    4.7  188.0   70.0  444.0
2023  98  4  8 0600  -28.1  991.7    5.4  202.0   70.0  444.0
2023  98  4  8 0700  -25.1  991.4    9.7  187.0   66.0  444.0
2023  98  4  8 0800  -24.2  991.3   10.9  185.0   62.0  444.0
2023  98  4  8 0900  -23.8  991.0   10.7  182.0   60.0  444.0
2023  98  4  8 1000  -25.1  990.5    8.2  200.0   64.0  444.0
2023  98  4  8 1100  -26.5  990.4    8.1  187.0   67.2  444.0
2023  98  4  8 1200  -28.9  990.8    5.3  184.0   73.0  444.0
2023  98  4  8 1300  -28.0  990.1    5.6  170.0   68.0  444.0
2023  98  4  8 1400  -27.2  990.0    7.3  172.0   65.0  444.0
2023  98  4  8 1500  -28.0  989.9    6.3  177.0   68.0  444.0
2023  98  4  8 1600  -29.1  989.9    6.4  176.0   69.6  444.0
2023  98  4  8 1700  -31.0  990.3    4.4  156.0   71.0  444.0
2023  98  4  8 1800  -32.0  990.1    2.5  206.0   73.0  444.0
2023  98  4  8 1900  -32.2  990.2    3.7  232.0   74.0  444.0
2023  98  4  8 2000  -31.6  989.9    4.9  218.0   73.0  444.0
2023  98  4  8 2100  -32.0  989.5    5.8  196.0   74.9  444.0
2023  98  4  8 2200  -34.9  989.6    4.8  154.0   80.0  444.0
2023  98  4  8 2300  -37.8  989.8    3.6  164.0   75.0  444.0
2023  99  4  9 0000  -38.2  989.6    3.2  148.0   71.0  444.0
2023  99  4  9 0100  -38.5  989.6    4.2  148.0   71.0  444.0
2023  99  4  9 0200  -38.4  989.6    3.6  144.0   72.0  444.0
2023  99  4  9 0300  -38.7  989.7    3.3  124.0   71.0  444.0
2023  99  4  9 0400  -39.1  989.6    4.2  141.0   71.0  444.0
2023  99  4  9 0500  -39.6  989.3    4.7  134.0   70.0  444.0
2023  99  4  9 0600  -40.3  989.3    4.5  129.0   70.0  444.0
2023  99  4  9 0700  -40.6  989.6    4.4  131.0   70.0  444.0
2023  99  4  9 0800  -40.6  989.2    4.6  142.0   70.0  444.0
2023  99  4  9 0900  -41.3  989.5    4.8  149.0   69.0  444.0
2023  99  4  9 1000  -41.5  989.5    5.2  154.0   69.0  444.0
2023  99  4  9 1100  -39.4  989.5    5.7  139.0   71.0  444.0
2023  99  4  9 1200  -38.6  989.4    5.1  130.0   72.0  444.0
2023  99  4  9 1300  -38.9  989.0    4.2  123.0   71.0  444.0
2023  99  4  9 1400  -39.9  989.0    3.9  130.0   70.0  444.0
2023  99  4  9 1500  -40.8  989.2    4.0  126.0   69.3  444.0
2023  99  4  9 1600  -41.0  989.0    4.3  131.0   69.0  444.0
2023  99  4  9 1700  -39.9  989.1    5.1  132.0   70.0  444.0
2023  99  4  9 1800  -38.8  989.3    4.4  126.0   72.0  444.0
2023  99  4  9 1900  -37.8  989.4    4.0  128.0   73.0  444.0
2023  99  4  9 2000  -36.9  989.6    4.7  138.0   75.0  444.0
2023  99  4  9 2100  -37.3  989.6    4.6  130.0   74.0  444.0
2023  99  4  9 2200  -37.0  989.9    4.2  124.0   74.0  444.0
2023  99  4  9 2300  -36.0  989.8    4.3  139.0   75.0  444.0
2023 100  4 10 0000  -34.5  989.9    4.5  117.0   76.0  444.0
2023 100  4 10 0100  -33.7  990.0    3.6  131.0   76.0  444.0
2023 100  4 10 0200  -33.1  990.2    2.8  131.0   77.0  444.0
2023 100  4 10 0300  -33.0  990.1    3.9  134.0   77.0  444.0
2023 100  4 10 0400  -32.8  990.3    3.1  133.0   77.0  444.0
2023 100  4 10 0500  -32.3  990.8    2.7  141.0   78.0  444.0
2023 100  4 10 0600  -31.8  990.7    3.1  138.0   79.0  444.0
2023 100  4 10 0700  -31.8  991.0    3.3  165.0   79.0  444.0
2023 100  4 10 0800  -31.8  991.1    3.1  147.0   78.9  444.0
2023 100  4 10 0900  -31.4  991.2    2.4  147.0   79.0  444.0
2023 100  4 10 1000  -31.0  991.6    2.0  144.0   80.0  444.0
2023 100  4 10 1100  -30.6  992.2    1.7  129.0   80.0  444.0
2023 100  4 10 1200  -30.4  992.2    2.4  138.0   80.8  444.0
2023 100  4 10 1300  -30.4  992.2    1.9  159.0   81.1  444.0
2023 100  4 10 1400  -30.2  992.4    1.8  132.0   81.0  444.0
2023 100  4 10 1500  -30.4  992.8    1.8  176.0   81.0  444.0
2023 100  4 10 1600  -30.6  992.9    2.7  172.0   81.0  444.0
2023 100  4 10 1700  -30.3  993.1    2.4  139.0   80.8  444.0
2023 100  4 10 1800  -30.0  993.3    3.3  161.0   81.0  444.0
2023 100  4 10 1900  -30.0  993.7    2.8  131.0   81.7  444.0
2023 100  4 10 2000  -30.1  993.8    3.8  142.0   81.0  444.0
2023 100  4 10 2100  -29.5  994.1    2.8  146.0   81.0  444.0
2023 100  4 10 2200  -29.8  994.4    3.0  136.0   81.0  444.0
2023 100  4 10 2300  -30.0  994.9    3.2  157.0   80.0  444.0
2023 101  4 11 0000  -29.7  995.1    3.5  150.0   79.0  444.0
2023 101  4 11 0100  -29.5  995.4    3.7  143.0   72.3  444.0
2023 101  4 11 0200  -29.4  995.5    4.0  151.0   68.0  444.0
2023 101  4 11 0300  -29.0  995.8    4.4  159.0   65.8  444.0
2023 101  4 11 0400  -28.6  995.9    5.8  164.0   64.0  444.0
2023 101  4 11 0500  -28.3  996.3    7.0  166.0   66.0  444.0
2023 101  4 11 0600  -28.0  996.5    7.6  180.0   60.2  444.0
2023 101  4 11 0700  -28.3  996.6    3.9  177.0   60.0  444.0
2023 101  4 11 0800  -28.8  996.5    4.3  200.0   61.0  444.0
2023 101  4 11 0900  -28.6  996.4    7.2  178.0   59.0  444.0
2023 101  4 11 1000  -29.0  996.3    7.1  179.0   59.0  444.0
2023 101  4 11 1100  -29.3  996.4    6.9  194.0   57.4  444.0
2023 101  4 11 1200  -29.9  996.3    6.8  177.0   64.0  444.0
2023 101  4 11 1300  -29.7  996.0    8.6  162.0   60.0  444.0
2023 101  4 11 1400  -29.7  995.8    9.7  172.0   63.0  444.0
2023 101  4 11 1500  -30.7  995.7    5.3  174.0   58.0  444.0
2023 101  4 11 1600  -31.5  995.3    5.7  175.0   61.7  444.0
2023 101  4 11 1700  -31.8  995.3    7.0  180.0   62.0  444.0
2023 101  4 11 1800  -31.0  995.4    7.9  165.0   61.0  444.0
2023 101  4 11 1900  -31.0  995.1    7.0  185.0   59.0  444.0
2023 101  4 11 2000  -30.4  994.8    9.2  183.0   58.0  444.0
2023 101  4 11 2100  -29.2  994.6   10.4  195.0   52.0  444.0
2023 101  4 11 2200  -29.1  994.3   12.3  180.0   50.0  444.0
2023 101  4 11 2300  -29.2  993.9   12.0  186.0   55.5  444.0
2023 102  4 12 0000  -30.0  993.7   10.6  190.0   61.0  444.0
2023 102  4 12 0100  -32.1  993.5    9.7  211.0   59.0  444.0
2023 102  4 12 0200  -29.1  992.7   14.2  179.0   70.2  444.0
2023 102  4 12 0300  -29.5  992.5   11.6  191.0   72.0  444.0
2023 102  4 12 0400  -30.0  992.2   11.2  183.0   72.8  444.0
2023 102  4 12 0500  -30.9  991.9    8.9  187.0   71.6  444.0
2023 102  4 12 0600  -30.8  991.8   10.0  189.0   75.0  444.0
2023 102  4 12 0700  -31.0  991.6    8.3  188.0   74.0  444.0
2023 102  4 12 0800  -30.6  991.1    8.4  192.0   73.0  444.0
2023 102  4 12 0900  -29.8  990.5   11.1  184.0   75.5  444.0
2023 102  4 12 1000  -29.6  989.7   12.1  177.0   79.9  444.0
2023 102  4 12 1100  -28.9  989.0   15.0  180.0   79.0  444.0
2023 102  4 12 1200  -29.0  988.8   14.9  186.0   79.0  444.0
2023 102  4 12 1300  -29.3  987.7   14.6  190.0   80.0  444.0
2023 102  4 12 1400  -28.8  987.0   18.5  185.0   82.0  444.0
2023 102  4 12 1500  -28.8  986.0   19.0  185.0   81.2  444.0
2023 102  4 12 1600  -29.5  985.1   17.1  180.0   82.0  444.0
2023 102  4 12 1700  -30.2  984.7   19.9  181.0   80.0  444.0
2023 102  4 12 1800  -30.2  983.9   19.4  174.0   80.0  444.0
2023 102  4 12 1900  -30.8  984.2   18.7  174.0   79.0  444.0
2023 102  4 12 2000  -31.0  984.0   16.0  181.0   79.0  444.0
2023 102  4 12 2100  -31.3  983.4   14.3  181.0   79.0  444.0
2023 102  4 12 2200  -31.5  983.4   12.5  176.0   79.0  444.0
2023 102  4 12 2300  -31.2  983.2   13.7  189.0   79.0  444.0
2023 103  4 13 0000  -31.0  983.0   12.3  178.0   79.0  444.0
2023 103  4 13 0100  -30.8  982.8   13.8  187.0   78.7  444.0
2023 103  4 13 0200  -30.9  982.5   12.1  247.0   79.0  444.0
2023 103  4 13 0300  -30.3  982.4   13.7  192.0   79.0  444.0
2023 103  4 13 0400  -29.4  981.7   16.7  186.0   79.0  444.0
2023 103  4 13 0500  -29.9  981.1   17.7  187.0   78.2  444.0
2023 103  4 13 0600  -30.0  981.1   16.8  189.0   79.0  444.0
2023 103  4 13 0700  -31.0  980.7   14.1  201.0   79.0  444.0
2023 103  4 13 0800  -29.5  979.9   14.9  205.0   80.4  444.0
2023 103  4 13 0900  -27.5  978.6   16.3  206.0   83.0  444.0
2023 103  4 13 1000  -27.2  978.4   16.1  199.0   85.0  444.0
2023 103  4 13 1100  -26.3  977.4   15.2  205.0   86.0  444.0
2023 103  4 13 1200  -25.0  977.0   12.8  204.0   87.0  444.0
2023 103  4 13 1300  -25.6  976.3   10.8  208.0   87.7  444.0
2023 103  4 13 1400  -24.8  975.3    9.1  212.0   87.0  444.0
2023 103  4 13 1500  -23.4  974.7   10.7  195.0   91.0  444.0
2023 103  4 13 1600  -21.7  973.9   11.7  202.0   94.0  444.0
2023 103  4 13 1700  -21.2  973.7    9.4  184.0   96.0  444.0
2023 103  4 13 1800  -20.7  972.9   10.4  154.0   97.0  444.0
2023 103  4 13 1900  -20.6  972.7   11.4  158.0   98.0  444.0
2023 103  4 13 2000  -17.4  972.3   14.9   86.0   98.0  444.0
2023 103  4 13 2100  -22.3  974.5   10.7   95.0   93.0  444.0
2023 103  4 13 2200  -24.2  975.5   10.2   96.0   90.0  444.0
2023 103  4 13 2300  -25.2  976.2    8.8  102.0   88.0  444.0
2023 104  4 14 0000  -26.5  976.8    9.5   96.0   84.2  444.0
2023 104  4 14 0100  -28.2  977.5    9.5   91.0   83.0  444.0
2023 104  4 14 0200  -30.1  978.3   10.1   93.0   80.0  444.0
2023 104  4 14 0300  -31.2  978.7    6.8   92.0   77.3  444.0
2023 104  4 14 0400  -32.8  979.5    7.8   87.0   76.0  444.0
2023 104  4 14 0500  -32.6  980.3    9.1   87.0   77.0  444.0
2023 104  4 14 0600  -32.7  981.0    9.9  159.0   76.7  444.0
2023 104  4 14 0700  -32.0  981.9    8.8  105.0   78.0  444.0
2023 104  4 14 0800  -31.2  982.9    7.4  117.0   79.0  444.0
2023 104  4 14 0900  -30.6  983.1    6.6   98.0   80.0  444.0
2023 104  4 14 1000  -30.1  983.7    5.3   91.0   82.0  444.0
2023 104  4 14 1100  -29.9  983.7    2.9  100.0   82.0  444.0
2023 104  4 14 1200  -29.6  983.8    2.4   90.0   83.0  444.0
2023 104  4 14 1300  -29.3  983.9    2.7  168.0   83.0  444.0
2023 104  4 14 1400  -29.0  984.1    1.5  162.0   83.0  444.0
2023 104  4 14 1500  -29.0  984.3    0.3  179.0   83.0  444.0
2023 104  4 14 1600  -28.9  984.2    1.2  190.0   83.0  444.0
2023 104  4 14 1700  -29.8  984.1    0.0    0.0   82.0  444.0
2023 104  4 14 1800  -29.7  984.0    1.3   18.0   82.0  444.0
2023 104  4 14 1900  -32.0  984.1    1.0  334.0   78.2  444.0
2023 104  4 14 2000  -34.1  984.2    1.5  309.0   76.0  444.0
2023 104  4 14 2100  -35.3  984.7    1.7  292.0   76.0  444.0
2023 104  4 14 2200  -34.4  984.6    1.2  294.0   76.0  444.0
2023 104  4 14 2300  -34.1  984.7    1.0  291.0   76.0  444.0
2023 105  4 15 0000  -34.0  984.9    0.7  276.0   75.9  444.0
2023 105  4 15 0100  -34.6  984.7    0.9  286.0   75.8  444.0
2023 105  4 15 0200  -34.7  984.9    0.6  274.0   76.0  444.0
2023 105  4 15 0300  -33.5  984.8    1.2  245.0   77.0  444.0
2023 105  4 15 0400  -28.6  985.0    0.9  171.0   85.0  444.0
2023 105  4 15 0500  -24.6  985.2    1.4  164.0   91.0  444.0
2023 105  4 15 0600  -23.1  985.1    1.6  184.0   93.0  444.0
2023 105  4 15 0700  -21.5  985.2    1.7  165.0   96.0  444.0
2023 105  4 15 0800  -21.0  985.1    1.5  153.0   97.0  444.0
2023 105  4 15 0900  -20.9  985.2    2.3  146.0   97.0  444.0
2023 105  4 15 1000  -20.6  985.8    2.4  151.0   98.0  444.0
2023 105  4 15 1100  -21.2  986.0    2.6  155.0   97.0  444.0
2023 105  4 15 1200  -21.4  986.3    2.8  153.0   97.0  444.0
2023 105  4 15 1300  -20.4  986.4    4.1  162.0   98.6  444.0
2023 105  4 15 1400  -20.4  986.5    5.7  163.0   98.0  444.0
2023 105  4 15 1500  -20.9  986.8    6.5  162.0   98.0  444.0
2023 105  4 15 1600  -21.1  987.4    6.7  169.0   97.0  444.0
2023 105  4 15 1700  -21.5  987.8    8.5  162.0   96.4  444.0
2023 105  4 15 1800  -21.7  988.0    9.6  152.0   95.4  444.0
2023 105  4 15 1900  -21.6  988.4    8.8  155.0   94.0  444.0
2023 105  4 15 2000  -21.9  988.6   10.7  161.0   92.0  444.0
2023 105  4 15 2100  -22.2  989.1   10.2  169.0   89.0  444.0
2023 105  4 15 2200  -23.2  989.6    9.4  174.0   83.2  444.0
2023 105  4 15 2300  -23.2  990.2   10.6  177.0   85.0  444.0
2023 106  4 16 0000  -22.9  990.6   10.9  182.0   85.9  444.0
2023 106  4 16 0100  -23.6  991.1    9.6  188.0   78.0  444.0
2023 106  4 16 0200  -26.2  991.8    3.5  216.0   75.0  444.0
2023 106  4 16 0300  -28.4  992.8    4.9  227.0   74.0  444.0
2023 106  4 16 0400  -27.6  993.3    5.5  185.0   71.7  444.0
2023 106  4 16 0500  -27.1  993.3    8.1  203.0   72.2  444.0
2023 106  4 16 0600  -26.7  993.7    7.2  194.0   71.0  444.0
2023 106  4 16 0700  -25.3  994.0    9.9  194.0   85.0  444.0
2023 106  4 16 0800  -24.9  994.7   10.7  178.0   87.0  444.0
2023 106  4 16 0900  -27.9  995.5    6.0  205.0   82.0  444.0
2023 106  4 16 1000  -26.1  995.2   10.0  175.0   85.0  444.0
2023 106  4 16 1100  -26.2  995.5   11.9  177.0   86.0  444.0
2023 106  4 16 1200  -26.2  996.1   13.4  173.0   85.9  444.0
2023 106  4 16 1300  -26.5  996.7   12.9  178.0   86.0  444.0
2023 106  4 16 1400  -27.2  996.1   15.4  175.0   86.0  444.0
2023 106  4 16 1500  -27.5  996.6   12.8  177.0   83.9  444.0
2023 106  4 16 1600  -27.9  996.4   12.4  176.0   83.0  444.0
2023 106  4 16 1700  -28.4  996.5   12.8  182.0   82.6  444.0
2023 106  4 16 1800  -28.6  996.5   12.1  181.0   83.0  444.0
2023 106  4 16 1900  -28.3  996.4   14.0  176.0   83.0  444.0
2023 106  4 16 2000  -28.0  996.6   15.8  178.0   83.7  444.0
2023 106  4 16 2100  -28.3  996.2   15.7  175.0   83.0  444.0
2023 106  4 16 2200  -28.1  996.3   14.9  184.0   83.9  444.0
2023 106  4 16 2300  -28.2  995.9   15.3  188.0   83.0  444.0
2023 107  4 17 0000  -28.0  996.9   13.0  191.0   83.0  444.0
2023 107  4 17 0100  -28.0  996.6   11.2  182.0   80.0  444.0
2023 107  4 17 0200  -27.9  996.4   11.5  195.0   81.0  444.0
2023 107  4 17 0300  -28.3  996.0   10.6  195.0   80.0  444.0
2023 107  4 17 0400  -29.4  995.7   10.6  199.0   79.0  444.0
2023 107  4 17 0500  -29.4  995.4    9.8  213.0   79.0  444.0
2023 107  4 17 0600  -27.9  995.1   12.0  211.0   83.0  444.0
2023 107  4 17 0700  -28.5  995.4    9.9  216.0   82.0  444.0
2023 107  4 17 0800  -27.5  994.5   10.8  214.0   82.2  444.0
2023 107  4 17 0900  -26.8  994.1   11.3  209.0   84.6  444.0
2023 107  4 17 1000  -26.1  993.7   13.7  201.0   84.7  444.0
2023 107  4 17 1100  -26.6  993.4   13.3  202.0   86.0  444.0
2023 107  4 17 1200  -26.9  992.9   14.2  199.0   85.0  444.0
2023 107  4 17 1300  -27.8  992.5   12.5  193.0   85.0  444.0
2023 107  4 17 1400  -27.3  992.4   14.8  172.0   85.0  444.0
2023 107  4 17 1500  -27.2  991.9   15.8  169.0   85.4  444.0
2023 107  4 17 1600  -28.2  991.3   17.4  175.0   84.0  444.0
2023 107  4 17 1700  -28.6  991.2   17.3  170.0   84.0  444.0
2023 107  4 17 1800  -29.1  991.3   18.1  178.0   83.0  444.0
2023 107  4 17 1900  -29.6  990.9   16.5  177.0   82.0  444.0
2023 107  4 17 2000  -30.0  991.0   16.8  180.0   81.8  444.0
2023 107  4 17 2100  -31.0  990.5   15.9  185.0   81.0  444.0
2023 107  4 17 2200  -31.5  990.2   16.3  187.0   80.0  444.0
2023 107  4 17 2300  -31.7  989.6   17.1  183.0   80.0  444.0
2023 108  4 18 0000  -31.9  989.1   16.4  179.0   79.0  444.0
2023 108  4 18 0100  -31.5  988.7   15.4  183.0   79.7  444.0
2023 108  4 18 0200  -31.5  987.8   16.3  179.0   80.0  444.0
2023 108  4 18 0300  -31.5  987.6   16.8  184.0   79.0  444.0
2023 108  4 18 0400  -31.4  986.8   19.2  191.0   79.0  444.0
2023 108  4 18 0500  -31.3  986.5   19.1  190.0   79.0  444.0
2023 108  4 18 0600  -31.7  986.7   17.3  191.0   80.0  444.0
2023 108  4 18 0700  -30.9  986.1   17.7  189.0   81.0  444.0
2023 108  4 18 0800  -29.4  985.3   17.0  185.0   83.2  444.0
2023 108  4 18 0900  -29.8  985.3   12.9  192.0   83.0  444.0
2023 108  4 18 1000  -28.9  984.6   13.5  196.0   83.0  444.0
2023 108  4 18 1100  -27.9  984.3   10.5  199.0   85.0  444.0
2023 108  4 18 1200  -27.8  983.7    8.3  205.0   86.0  444.0
2023 108  4 18 1300  -26.6  983.0    8.2  196.0   87.6  444.0
2023 108  4 18 1400  -26.2  982.3    5.2  181.0   88.0  444.0
2023 108  4 18 1500  -25.2  982.0    6.9  156.0   91.0  444.0
2023 108  4 18 1600  -23.9  981.4    6.2  148.0   93.0  444.0
2023 108  4 18 1700  -23.2  981.5    8.3  149.0   93.0  444.0
2023 108  4 18 1800  -23.4  981.3    7.3  149.0   92.7  444.0
2023 108  4 18 1900  -23.9  981.2    8.1  150.0   92.0  444.0
2023 108  4 18 2000  -23.9  980.7    7.7  147.0   92.0  444.0
2023 108  4 18 2100  -23.4  980.9    7.4  104.0   91.0  444.0
2023 108  4 18 2200  -25.4  981.8    8.0   82.0   87.0  444.0
2023 108  4 18 2300  -26.8  982.6    6.4   86.0   81.8  444.0
2023 109  4 19 0000  -27.0  983.0    4.8   88.0   79.3  444.0
2023 109  4 19 0100  -26.6  983.4    3.5  124.0   86.0  444.0
2023 109  4 19 0200  -25.1  983.7    7.6  144.0   89.8  444.0
2023 109  4 19 0300  -26.0  983.4    9.6  155.0   89.0  444.0
2023 109  4 19 0400  -26.4  983.2   10.9  156.0   88.0  444.0
2023 109  4 19 0500  -26.0  983.1   11.5  158.0   88.0  444.0
2023 109  4 19 0600  -25.8  982.8   11.9  157.0   88.0  444.0
2023 109  4 19 0700  -25.8  982.8   10.7  153.0   87.0  444.0
2023 109  4 19 0800  -26.2  983.1    7.4  143.0   87.0  444.0
2023 109  4 19 0900  -26.1  982.5   10.5  157.0   88.0  444.0
2023 109  4 19 1000  -25.6  982.0   11.1  156.0   89.0  444.0
2023 109  4 19 1100  -25.3  981.9   11.1  156.0   90.0  444.0
2023 109  4 19 1200  -24.9  981.6   11.7  153.0   91.0  444.0
2023 109  4 19 1300  -24.2  981.6   11.3  145.0   93.0  444.0
2023 109  4 19 1400  -22.4  981.7    9.4  131.0   95.0  444.0
2023 109  4 19 1500  -23.4  981.9    8.7  147.0   94.0  444.0
2023 109  4 19 1600  -23.6  981.7    8.1  148.0   93.2  444.0
2023 109  4 19 1700  -22.5  981.3    7.4  139.0   96.0  444.0
2023 109  4 19 1800  -22.5  981.2    8.4  156.0   94.0  444.0
2023 109  4 19 1900  -22.7  981.1    9.2  155.0   95.0  444.0
2023 109  4 19 2000  -22.5  980.8    8.6  151.0   95.0  444.0
2023 109  4 19 2100  -21.1  980.6    7.6  148.0   97.0  444.0
2023 109  4 19 2200  -20.0  980.6    7.8  142.0   98.0  444.0
2023 109  4 19 2300  -20.5  980.3    9.2  150.0   98.0  444.0
2023 110  4 20 0000  -20.6  980.1   10.0  149.0   98.2  444.0
2023 110  4 20 0100  -20.2  980.1    8.7  148.0   98.0  444.0
2023 110  4 20 0200  -19.4  980.4    7.8  150.0  100.0  444.0
2023 110  4 20 0300  -19.0  980.2    9.0  153.0   99.9  444.0
2023 110  4 20 0400  -19.4  980.2    8.7  157.0  100.0  444.0
2023 110  4 20 0500  -18.6  980.4    9.1  145.0  100.1  444.0
2023 110  4 20 0600  -17.1  980.3    9.4  120.0  100.2  444.0
2023 110  4 20 0700  -20.1  980.0   12.8   98.0   93.0  444.0
2023 110  4 20 0800  -23.8  980.8   10.3   91.0   90.0  444.0
2023 110  4 20 0900  -29.0  982.1   10.5   80.0   83.0  444.0
2023 110  4 20 1000  -30.7  983.4    9.0   82.0   81.0  444.0
2023 110  4 20 1100  -31.3  984.3    8.1   84.0   80.0  444.0
2023 110  4 20 1200  -31.8  985.3    7.4   88.0   79.0  444.0
2023 110  4 20 1300  -31.8  985.5    5.7   90.0   79.0  444.0
2023 110  4 20 1400  -32.0  985.5    5.4   79.0   77.0  444.0
2023 110  4 20 1500  -32.5  985.6    5.3   78.0   76.0  444.0
2023 110  4 20 1600  -32.9  985.4    3.3   76.0   77.0  444.0
2023 110  4 20 1700  -32.6  985.1    2.6  102.0   77.4  444.0
2023 110  4 20 1800  -32.3  984.8    1.8  192.0   78.0  444.0
2023 110  4 20 1900  -31.8  984.2    2.4  192.0   79.0  444.0
2023 110  4 20 2000  -32.2  983.5    2.6  200.0   80.0  444.0
2023 110  4 20 2100  -31.5  982.7    2.8  210.0   81.0  444.0
2023 110  4 20 2200  -30.7  982.0    2.3  207.0   83.0  444.0
2023 110  4 20 2300  -29.5  981.4    2.3  176.0   84.0  444.0
2023 111  4 21 0000  -26.5  980.7    3.6  140.0   89.0  444.0
2023 111  4 21 0100  -23.0  980.4    7.9  113.0   94.0  444.0
2023 111  4 21 0200  -25.5  980.5    5.5   65.0   82.0  444.0
2023 111  4 21 0300  -30.4  981.3    3.6   48.0   81.9  444.0
2023 111  4 21 0400  -30.8  981.3    4.5   94.0   80.5  444.0
2023 111  4 21 0500  -30.4  981.4    5.6   94.0   81.0  444.0
2023 111  4 21 0600  -31.1  981.7    4.3   56.0   79.0  444.0
2023 111  4 21 0700  -32.2  981.5    3.4   46.0   78.0  444.0
2023 111  4 21 0800  -32.4  981.9    4.0   48.0   78.0  444.0
2023 111  4 21 0900  -32.3  982.5    2.4   93.0   77.0  444.0
2023 111  4 21 1000  -32.5  982.4    2.8   91.0   78.0  444.0
2023 111  4 21 1100  -32.8  982.4    2.4  135.0   78.0  444.0
2023 111  4 21 1200  -33.9  982.4    3.0  177.0   78.0  444.0
2023 111  4 21 1300  -33.9  981.9    3.6  170.0   79.0  444.0
2023 111  4 21 1400  -34.3  981.7    1.7  161.0   78.0  444.0
2023 111  4 21 1500  -31.5  981.6    3.0  160.0   83.0  444.0
2023 111  4 21 1600  -31.3  981.6    3.9  116.0   81.0  444.0
2023 111  4 21 1700  -31.8  981.5    4.4  120.0   81.0  444.0
2023 111  4 21 1800  -32.6  982.0    4.2   86.0   79.0  444.0
2023 111  4 21 1900  -32.4  982.2    3.8   84.0   80.0  444.0
2023 111  4 21 2000  -31.5  981.8    4.9  125.0   81.0  444.0
2023 111  4 21 2100  -30.7  981.6    5.0  122.0   82.0  444.0
2023 111  4 21 2200  -31.3  981.3    4.2  138.0   81.0  444.0
2023 111  4 21 2300  -31.8  980.3    3.3  156.0   80.0  444.0
2023 112  4 22 0000  -27.8  980.5    6.0  126.0   86.0  444.0
2023 112  4 22 0100  -29.9  980.3    4.8  133.0   83.0  444.0
2023 112  4 22 0200  -25.0  979.9    7.4  114.0   91.0  444.0
2023 112  4 22 0300  -22.2  979.4    8.1  104.0   94.9  444.0
2023 112  4 22 0400  -20.4  979.4    8.0  116.0   81.0  444.0
2023 112  4 22 0500  -20.7  980.0    9.4  119.0   83.0  444.0
2023 112  4 22 0600  -20.8  980.2    8.7  126.0   79.0  444.0
2023 112  4 22 0700  -20.4  980.0    8.9  141.0   77.0  444.0
2023 112  4 22 0800  -22.2  979.8    8.5  152.0   83.0  444.0
2023 112  4 22 0900  -22.8  980.1    8.4  140.0   83.6  444.0
2023 112  4 22 1000  -23.5  980.2    9.2  142.0   80.0  444.0
2023 112  4 22 1100  -23.9  980.2    7.9  147.0   80.0  444.0
2023 112  4 22 1200  -23.1  980.4    9.6  154.0   85.0  444.0
2023 112  4 22 1300  -23.8  980.8    8.8  140.0   85.0  444.0
2023 112  4 22 1400  -22.2  980.8   11.4  137.0   83.2  444.0
2023 112  4 22 1500  -23.9  981.0    9.0  136.0   82.1  444.0
2023 112  4 22 1600  -25.1  980.9    8.6  157.0   83.0  444.0
2023 112  4 22 1700  -26.7  980.8    6.8  152.0   82.0  444.0
2023 112  4 22 1800  -26.3  981.1    7.9  144.0   79.0  444.0
2023 112  4 22 1900  -27.1  981.4    9.7  144.0   84.8  444.0
2023 112  4 22 2000  -26.6  981.4    9.6  144.0   81.5  444.0
2023 112  4 22 2100  -25.6  981.7    8.9  137.0   78.0  444.0
2023 112  4 22 2200  -25.8  981.7    9.9  136.0   79.0  444.0
2023 112  4 22 2300  -24.8  981.9   10.6  133.0   79.0  444.0
2023 113  4 23 0000  -25.4  982.0   10.1  127.0   81.0  444.0
2023 113  4 23 0100  -25.6  982.9    9.1  130.0   79.3  444.0
2023 113  4 23 0200  -25.6  983.1    8.8  136.0   78.0  444.0
2023 113  4 23 0300  -23.6  982.9   10.6  131.0   76.0  444.0
2023 113  4 23 0400  -22.9  983.2   10.9  126.0   77.0  444.0
2023 113  4 23 0500  -24.4  983.6   10.6  120.0   79.0  444.0
2023 113  4 23 0600  -25.1  984.0    8.4  128.0   77.8  444.0
2023 113  4 23 0700  -24.0  983.8   11.7  125.0   81.9  444.0
2023 113  4 23 0800  -24.5  984.1   10.5  127.0   79.7  444.0
2023 113  4 23 0900  -25.3  984.6   10.6  133.0   78.0  444.0
2023 113  4 23 1000  -25.6  985.2    7.5  128.0   77.0  444.0
2023 113  4 23 1100  -24.4  985.9    7.7  146.0   69.0  444.0
2023 113  4 23 1200  -27.6  986.3    5.6  158.0   77.0  444.0
2023 113  4 23 1300  -26.9  986.0    8.0  166.0   79.8  444.0
2023 113  4 23 1400  -25.9  985.9   11.4  161.0   82.0  444.0
2023 113  4 23 1500  -26.2  986.3   10.2  144.0   80.0  444.0
2023 113  4 23 1600  -27.4  986.2    6.8  161.0   75.0  444.0
2023 113  4 23 1700  -27.7  986.9    8.4  150.0   78.9  444.0
2023 113  4 23 1800  -28.3  986.6    7.4  155.0   78.7  444.0
2023 113  4 23 1900  -27.6  986.6   11.1  154.0   84.0  444.0
2023 113  4 23 2000  -27.2  986.3    8.4  163.0   80.0  444.0
2023 113  4 23 2100  -27.3  986.6   10.9  160.0   85.8  444.0
2023 113  4 23 2200  -26.8  986.6   11.8  156.0   86.0  444.0
2023 113  4 23 2300  -26.6  987.2   12.4  149.0   86.0  444.0
2023 114  4 24 0000  -27.2  987.1   13.3  153.0   86.0  444.0
2023 114  4 24 0100  -27.4  987.2   10.1  154.0   85.0  444.0
2023 114  4 24 0200  -28.4  986.6   10.2  163.0   84.1  444.0
2023 114  4 24 0300  -28.2  986.4   13.5  159.0   85.0  444.0
2023 114  4 24 0400  -27.5  986.7   13.2  154.0   85.7  444.0
2023 114  4 24 0500  -27.0  986.5   14.4  157.0   86.0  444.0
2023 114  4 24 0600  -27.8  987.3   10.8  118.0   85.0  444.0
2023 114  4 24 0700  -28.8  986.9   13.3  144.0   83.0  444.0
2023 114  4 24 0800  -28.5  987.2   11.1  151.0   84.0  444.0
2023 114  4 24 0900  -27.7  987.0   10.3  142.0   84.0  444.0
2023 114  4 24 1000  -28.6  987.1    9.4  146.0   82.0  444.0
2023 114  4 24 1100  -28.8  987.3    8.6  150.0   82.4  444.0
2023 114  4 24 1200  -29.1  986.9    8.3  145.0   80.0  444.0
2023 114  4 24 1300  -29.6  986.6    8.4  154.0   81.0  444.0
2023 114  4 24 1400  -29.3  986.3   10.2  163.0   83.0  444.0
2023 114  4 24 1500  -28.5  986.4    8.4  190.0   84.0  444.0
2023 114  4 24 1600  -28.3  985.6    8.2  190.0   85.9  444.0
2023 114  4 24 1700  -26.8  984.8    9.3  192.0   86.0  444.0
2023 114  4 24 1800  -26.4  984.4   10.5  190.0   86.0  444.0
2023 114  4 24 1900  -27.5  985.0    5.3  145.0   82.0  444.0
2023 114  4 24 2000  -27.6  984.2    7.6  198.0   80.0  444.0
2023 114  4 24 2100  -26.5  983.7    9.2  197.0   79.1  444.0
2023 114  4 24 2200  -26.8  983.1    8.9  195.0   81.0  444.0
2023 114  4 24 2300  -28.2  983.2    6.2  181.0   79.0  444.0
2023 115  4 25 0000  -28.6  983.3    4.7  191.0   77.0  444.0
2023 115  4 25 0100  -28.9  983.4    5.1  189.0   73.0  444.0
2023 115  4 25 0200  -28.1  983.3    5.3  193.0   69.3  444.0
2023 115  4 25 0300  -28.8  983.6    3.4  204.0   70.0  444.0
2023 115  4 25 0400  -31.5  983.5    3.8  218.0   73.0  444.0
2023 115  4 25 0500  -30.9  983.7    4.2  205.0   68.4  444.0
2023 115  4 25 0600  -26.2  984.0    8.0  166.0   68.6  444.0
2023 115  4 25 0700  -28.7  984.3    5.2  169.0   76.0  444.0
2023 115  4 25 0800  -31.7  984.3    4.4  169.0   76.0  444.0
2023 115  4 25 0900  -35.1  984.9    7.0  129.0   76.0  444.0
2023 115  4 25 1000  -32.6  985.5    8.4  138.0   78.0  444.0
2023 115  4 25 1100  -29.8  985.6    8.4  151.0   79.0  444.0
2023 115  4 25 1200  -28.1  986.1    7.9  139.0   77.0  444.0
2023 115  4 25 1300  -28.0  986.9    7.9  145.0   77.0  444.0
2023 115  4 25 1400  -27.5  987.4    7.2  120.0   80.0  444.0
2023 115  4 25 1500  -30.7  988.3    6.4   76.0   77.0  444.0
2023 115  4 25 1600  -33.0  989.2    6.1   82.0   75.0  444.0
2023 115  4 25 1700  -32.7  990.4    4.5  109.0   76.0  444.0
2023 115  4 25 1800  -32.0  990.9    4.8  115.0   77.0  444.0
2023 115  4 25 1900  -31.3  991.3    3.9   93.0   78.7  444.0
2023 115  4 25 2000  -30.7  991.4    2.6   73.0   80.0  444.0
2023 115  4 25 2100  -30.2  991.9    1.4  189.0   81.0  444.0
2023 115  4 25 2200  -29.5  991.9    2.7  235.0   83.0  444.0
2023 115  4 25 2300  -28.9  991.7    2.7  211.0   85.0  444.0
2023 116  4 26 0000  -28.2  991.4    5.2  139.0   88.0  444.0
2023 116  4 26 0100  -26.5  991.0    5.7  139.0   90.4  444.0
2023 116  4 26 0200  -23.3  991.2    6.8  148.0   94.0  444.0
2023 116  4 26 0300  -23.5  990.9    4.1  151.0   93.0  444.0
2023 116  4 26 0400  -23.0  990.7    3.9   95.0   94.0  444.0
2023 116  4 26 0500  -25.2  990.5    3.7  120.0   89.0  444.0
2023 116  4 26 0600  -25.3  990.4    5.8  128.0   89.0  444.0
2023 116  4 26 0700  -24.5  990.3    5.6  130.0   85.0  444.0
2023 116  4 26 0800  -22.8  990.2    6.4  139.0   86.0  444.0
2023 116  4 26 0900  -21.6  990.5    6.2  146.0   85.0  444.0
2023 116  4 26 1000  -20.8  991.1    7.5  148.0   94.0  444.0
2023 116  4 26 1100  -22.1  990.4    7.3  167.0   94.0  444.0
2023 116  4 26 1200  -22.1  989.9    7.6  170.0   92.0  444.0
2023 116  4 26 1300  -22.1  989.5    8.6  171.0   90.0  444.0
2023 116  4 26 1400  -23.5  989.3    8.1  150.0   90.0  444.0
2023 116  4 26 1500  -23.9  989.0    8.0  159.0   91.6  444.0
2023 116  4 26 1600  -23.1  988.3    9.8  162.0   92.0  444.0
2023 116  4 26 1700  -22.6  987.9    9.9  155.0   92.0  444.0
2023 116  4 26 1800  -21.1  987.7   12.4  168.0   92.0  444.0
2023 116  4 26 1900  -21.3  987.3   10.7  189.0   92.0  444.0
2023 116  4 26 2000  -21.6  987.1    8.5  185.0   93.7  444.0
2023 116  4 26 2100  -21.5  987.2    9.3  150.0   90.0  444.0
2023 116  4 26 2200  -20.0  988.0    9.1  125.0   81.0  444.0
2023 116  4 26 2300  -20.8  988.7    9.9  113.0   85.0  444.0
2023 117  4 27 0000  -22.0  989.8    8.3  113.0   89.0  444.0
2023 117  4 27 0100  -23.7  991.0    9.3   89.0   86.5  444.0
2023 117  4 27 0200  -25.8  991.8    6.4   89.0   85.0  444.0
2023 117  4 27 0300  -27.5  992.6    6.8   80.0   82.0  444.0
2023 117  4 27 0400  -28.4  993.5    5.8   77.0   81.0  444.0
2023 117  4 27 0500  -28.4  994.2    5.2   66.0   81.0  444.0
2023 117  4 27 0600  -28.7  994.5    3.7   97.0   80.5  444.0
2023 117  4 27 0700  -28.7  995.0    5.3   82.0   81.0  444.0
2023 117  4 27 0800  -28.6  995.5    3.4   78.0   81.2  444.0
2023 117  4 27 0900  -28.5  996.0    4.2   96.0   82.0  444.0
2023 117  4 27 1000  -28.5  996.3    3.5  105.0   82.0  444.0
2023 117  4 27 1100  -28.4  997.0    2.9  101.0   83.0  444.0
2023 117  4 27 1200  -29.6  997.0    2.8   94.0   83.0  444.0
2023 117  4 27 1300  -30.6  997.5    2.9  144.0   81.6  444.0
2023 117  4 27 1400  -30.9  997.6    3.3  121.0   83.3  444.0
2023 117  4 27 1500  -31.5  997.9    2.4  112.0   82.0  444.0
2023 117  4 27 1600  -32.3  998.2    3.0  143.0   83.0  444.0
2023 117  4 27 1700  -34.3  998.3    3.7  147.0   82.0  444.0
2023 117  4 27 1800  -35.6  998.4    2.0  138.0   79.0  444.0
2023 117  4 27 1900  -35.1  998.6    2.3  134.0   82.8  444.0
2023 117  4 27 2000  -36.7  999.0    2.1  176.0   77.0  444.0
2023 117  4 27 2100  -33.7  999.2    2.9  207.0   78.0  444.0
2023 117  4 27 2200  -34.1  999.1    1.6  161.0   81.0  444.0
2023 117  4 27 2300  -38.9  999.6    1.5    4.0   71.6  444.0
2023 118  4 28 0000  -37.9  999.5    1.2   14.0   75.0  444.0
2023 118  4 28 0100  -36.5  999.4    1.7   48.0   75.0  444.0
2023 118  4 28 0200  -38.0  999.6    0.8   95.0   74.0  444.0
2023 118  4 28 0300  -35.7  999.5    1.5  104.0   76.0  444.0
2023 118  4 28 0400  -38.4  999.6    1.7  149.0   71.5  444.0
2023 118  4 28 0500  -41.2  999.5    1.4  152.0   69.5  444.0
2023 118  4 28 0600  -42.2  999.4    1.9  200.0   69.7  444.0
2023 118  4 28 0700  -39.8  999.2    3.2  171.0   71.8  444.0
2023 118  4 28 0800  -38.3  998.7    3.5  146.0   73.0  444.0
2023 118  4 28 0900  -37.1  998.7    3.7  127.0   74.0  444.0
2023 118  4 28 1000  -36.4  998.7    3.5  125.0   75.1  444.0
2023 118  4 28 1100  -36.8  998.3    2.5  131.0   75.0  444.0
2023 118  4 28 1200  -38.1  998.1    2.8  160.0   73.4  444.0
2023 118  4 28 1300  -36.9  997.6    2.6  184.0   74.0  444.0
2023 118  4 28 1400  -36.0  997.0    2.0  197.0   74.0  444.0
2023 118  4 28 1500  -37.7  996.2    2.1  216.0   73.6  444.0
2023 118  4 28 1600  -34.3  995.3    4.1  188.0   78.4  444.0
2023 118  4 28 1700  -33.3  994.5    3.7  196.0   78.2  444.0
2023 118  4 28 1800  -30.4  993.7    4.1  192.0   81.0  444.0
2023 118  4 28 1900  -30.4  992.7    4.7  198.0   82.0  444.0
2023 118  4 28 2000  -30.4  992.3    4.9  203.0   83.0  444.0
2023 118  4 28 2100  -32.3  991.8    4.3  215.0   80.0  444.0
2023 118  4 28 2200  -30.8  991.3    5.4  210.0   79.0  444.0
2023 118  4 28 2300  -31.4  990.6    5.2  229.0   79.0  444.0
2023 119  4 29 0000  -28.2  989.8    6.7  200.0   85.0  444.0
2023 119  4 29 0100  -29.8  989.0    7.3  212.0   83.0  444.0
2023 119  4 29 0200  -30.7  988.5    6.3  216.0   80.0  444.0
2023 119  4 29 0300  -29.8  987.7    6.8  219.0   79.7  444.0
2023 119  4 29 0400  -31.6  987.1    6.1  220.0   77.0  444.0
2023 119  4 29 0500  -31.6  986.2    5.7  216.0   74.9  444.0
2023 119  4 29 0600  -32.3  985.3    6.0  225.0   75.0  444.0
2023 119  4 29 0700  -32.0  984.6    6.3  218.0   76.0  444.0
2023 119  4 29 0800  -33.2  984.3    4.8  230.0   72.3  444.0
2023 119  4 29 0900  -33.7  983.9    5.2  224.0   75.0  444.0
2023 119  4 29 1000  -32.1  983.2    6.0  212.0   74.5  444.0
2023 119  4 29 1100  -32.0  982.9    5.5  230.0   73.0  444.0
2023 119  4 29 1200  -32.7  982.6    5.3  233.0   72.0  444.0
2023 119  4 29 1300  -31.9  982.0    5.5  211.0   74.0  444.0
2023 119  4 29 1400  -31.5  981.4    5.6  205.0   77.0  444.0
2023 119  4 29 1500  -29.7  981.0    7.5  215.0   78.5  444.0
2023 119  4 29 1600  -29.7  980.3    7.6  202.0   72.0  444.0
2023 119  4 29 1700  -31.1  979.6    6.6  197.0   73.0  444.0
2023 119  4 29 1800  -32.8  979.5    6.5  205.0   74.0  444.0
2023 119  4 29 1900  -32.2  979.4    7.7  204.0   75.0  444.0
2023 119  4 29 2000  -31.3  979.1    8.2  190.0   73.5  444.0
2023 119  4 29 2100  -31.7  978.9    7.6  199.0   70.0  444.0
2023 119  4 29 2200  -31.4  978.5    7.7  202.0   68.0  444.0
2023 119  4 29 2300  -30.8  978.0    7.1  191.0   66.0  444.0
2023 120  4 30 0000  -30.0  977.4    8.3  196.0   67.0  444.0
2023 120  4 30 0100  -30.7  976.9    6.8  209.0   64.0  444.0
2023 120  4 30 0200  -32.5  976.5    6.3  211.0   68.0  444.0
2023 120  4 30 0300  -31.2  975.9    6.3  205.0   65.0  444.0
2023 120  4 30 0400  -32.8  975.3    5.8  224.0   72.0  444.0
2023 120  4 30 0500  -31.1  974.6    6.5  216.0   70.0  444.0
2023 120  4 30 0600  -30.5  974.2    6.0  212.0   69.0  444.0
2023 120  4 30 0700  -29.3  973.6    7.5  221.0   65.0  444.0
2023 120  4 30 0800  -28.9  973.8    5.4  209.0   63.8  444.0
2023 120  4 30 0900  -29.6  973.4    5.1  216.0   65.0  444.0
2023 120  4 30 1000  -27.5  972.8    7.3  221.0   66.0  444.0
2023 120  4 30 1100  -26.5  972.0    7.7  204.0   74.0  444.0
2023 120  4 30 1200  -26.4  972.3    6.6  189.0   74.0  444.0
2023 120  4 30 1300  -25.3  972.1    8.1  178.0   72.1  444.0
2023 120  4 30 1400  -25.8  971.9    7.3  184.0   76.0  444.0
2023 120  4 30 1500  -26.9  971.8    5.8  161.0   76.0  444.0
2023 120  4 30 1600  -26.5  971.7    6.0  165.0   74.0  444.0
2023 120  4 30 1700  -25.8  971.2    8.2  179.0   74.0  444.0
2023 120  4 30 1800  -25.7  972.6    4.8  111.0   74.4  444.0
2023 120  4 30 1900  -28.5  972.8    2.6  183.0   76.0  444.0
2023 120  4 30 2000  -26.9  972.4    4.4  205.0   83.0  444.0
2023 120  4 30 2100  -24.5  972.5    5.6  182.0   76.0  444.0
2023 120  4 30 2200  -24.0  972.6    5.4  167.0   75.0  444.0
2023 120  4 30 2300  -24.4  972.6    6.0  159.0   74.0  444.0
