Year: 2021  Month: 01  ID: MLN  ARGOS:  8934  Name: Marilyn           
Lat: 79.91S  Lon: 165.78E  Elev:   62m                                
2021   1  1  1 0000   -5.9  968.0   10.7  444.0   88.0  444.0
2021   1  1  1 0100   -6.0  968.0   10.4  444.0   89.0  444.0
2021   1  1  1 0200   -6.1  968.1   10.3  444.0   89.6  444.0
2021   1  1  1 0300   -6.1  967.9   11.0  444.0   88.0  444.0
2021   1  1  1 0400   -6.0  967.9   10.6  444.0   83.0  444.0
2021   1  1  1 0500   -6.0  967.7    9.6  444.0   85.0  444.0
2021   1  1  1 0600   -5.9  967.8    8.2  444.0   85.0  444.0
2021   1  1  1 0700   -5.9  967.6    9.0  444.0   91.3  444.0
2021   1  1  1 0800   -5.8  967.5    9.8  444.0   90.0  444.0
2021   1  1  1 0900   -6.2  967.5    8.1  444.0   89.0  444.0
2021   1  1  1 1000   -6.2  967.4    7.6  444.0   92.0  444.0
2021   1  1  1 1100   -6.7  967.4    6.8  444.0   93.0  444.0
2021   1  1  1 1200   -6.6  967.5    4.8  444.0   93.0  444.0
2021   1  1  1 1300   -6.0  967.3    6.3  444.0   95.0  444.0
2021   1  1  1 1400   -6.2  967.2    6.0  444.0   95.0  444.0
2021   1  1  1 1500   -6.4  967.0    6.1  444.0   93.0  444.0
2021   1  1  1 1600   -7.1  966.8    5.2  444.0   90.0  444.0
2021   1  1  1 1700   -7.8  966.5    5.5  444.0   88.0  444.0
2021   1  1  1 1800   -7.8  966.4    5.5  444.0   84.0  444.0
2021   1  1  1 1900   -7.4  966.3    6.0  444.0   84.0  444.0
2021   1  1  1 2000   -7.5  966.3    5.2  444.0   81.0  444.0
2021   1  1  1 2100   -7.3  966.2    5.8  444.0   79.0  444.0
2021   1  1  1 2200   -6.8  966.1    5.6  444.0   78.0  444.0
2021   1  1  1 2300   -6.1  966.0    5.6  444.0   79.4  444.0
2021   2  1  2 0000   -5.7  965.9    4.5  444.0   80.0  444.0
2021   2  1  2 0100   -5.4  965.5    4.4  444.0   79.0  444.0
2021   2  1  2 0200   -5.1  965.3    4.4  444.0   74.0  444.0
2021   2  1  2 0300   -5.1  965.2    3.8  444.0   76.0  444.0
2021   2  1  2 0400   -5.0  965.0    3.8  444.0   76.5  444.0
2021   2  1  2 0500   -5.0  964.8    3.7  444.0   75.0  444.0
2021   2  1  2 0600   -5.4  964.8    4.4  444.0   78.0  444.0
2021   2  1  2 0700   -5.9  964.7    5.0  444.0   77.0  444.0
2021   2  1  2 0800   -6.5  964.6    5.4  444.0   76.0  444.0
2021   2  1  2 0900   -6.8  964.7    6.4  444.0   75.0  444.0
2021   2  1  2 1000   -7.1  964.5    7.3  444.0   76.0  444.0
2021   2  1  2 1100   -6.9  964.1    7.7  444.0   76.0  444.0
2021   2  1  2 1200   -6.3  964.2    8.8  444.0   75.0  444.0
2021   2  1  2 1300   -6.2  964.1    8.9  444.0   80.0  444.0
2021   2  1  2 1400   -5.8  963.9    8.6  444.0   90.0  444.0
2021   2  1  2 1500   -6.3  964.1    9.6  444.0   89.0  444.0
2021   2  1  2 1600   -6.6  964.6    8.1  444.0   94.0  444.0
2021   2  1  2 1700   -5.7  964.7    9.5  444.0   95.0  444.0
2021   2  1  2 1800   -5.4  965.0    9.8  444.0   95.0  444.0
2021   2  1  2 1900   -5.2  965.4    9.6  444.0   95.0  444.0
2021   2  1  2 2000   -4.7  965.8    8.9  444.0   94.0  444.0
2021   2  1  2 2100   -4.2  966.2    8.6  444.0   93.0  444.0
2021   2  1  2 2200   -4.0  966.5    8.4  444.0   91.0  444.0
2021   2  1  2 2300   -3.7  966.6    8.1  444.0   91.0  444.0
2021   3  1  3 0000   -3.6  966.6    8.8  444.0   89.0  444.0
2021   3  1  3 0100   -3.5  966.9    8.6  444.0   87.0  444.0
2021   3  1  3 0200   -3.6  966.9    9.3  444.0   85.9  444.0
2021   3  1  3 0300   -3.3  966.9    7.6  444.0   80.0  444.0
2021   3  1  3 0400   -2.5  966.4    8.1  444.0   75.0  444.0
2021   3  1  3 0500   -2.6  966.3    6.6  444.0   77.2  444.0
2021   3  1  3 0600   -2.6  966.4    6.1  444.0   80.0  444.0
2021   3  1  3 0700   -3.1  966.4    6.3  444.0   77.0  444.0
2021   3  1  3 0800   -3.3  966.3    7.7  444.0   75.0  444.0
2021   3  1  3 0900   -3.5  966.2    7.9  444.0   74.0  444.0
2021   3  1  3 1000   -3.6  966.4    6.9  444.0   76.8  444.0
2021   3  1  3 1100   -5.3  966.3    6.3  444.0   83.0  444.0
2021   3  1  3 1200   -5.5  966.1    5.3  444.0   78.0  444.0
2021   3  1  3 1300   -6.3  965.9    3.8  444.0   76.0  444.0
2021   3  1  3 1400   -7.4  965.7    2.7  444.0   79.0  444.0
2021   3  1  3 1500   -7.2  965.5    3.3  444.0   75.0  444.0
2021   3  1  3 1600   -8.0  964.9    2.8  444.0   77.0  444.0
2021   3  1  3 1700   -7.3  964.5    3.1  444.0   74.0  444.0
2021   3  1  3 1800   -7.6  964.5    4.1  444.0   80.0  444.0
2021   3  1  3 1900   -6.8  964.7    4.3  444.0   78.0  444.0
2021   3  1  3 2000   -5.0  964.8    7.2  444.0   71.0  444.0
2021   3  1  3 2100   -4.3  964.7    7.6  444.0   75.0  444.0
2021   3  1  3 2200   -2.6  964.7    9.4  444.0   73.0  444.0
2021   3  1  3 2300   -4.4  964.6   10.1  444.0   80.0  444.0
2021   4  1  4 0000   -3.2  964.6   10.8  444.0   78.4  444.0
2021   4  1  4 0100   -2.6  964.6    8.3  444.0   79.0  444.0
2021   4  1  4 0200   -3.0  964.3   11.1  444.0   83.0  444.0
2021   4  1  4 0300   -2.7  964.3    9.6  444.0   85.7  444.0
2021   4  1  4 0400   -3.1  964.4    9.6  444.0   88.0  444.0
2021   4  1  4 0500   -3.1  964.5    8.9  444.0   89.4  444.0
2021   4  1  4 0600   -2.7  964.8    8.9  444.0   90.3  444.0
2021   4  1  4 0700   -2.8  965.1    9.6  444.0   90.0  444.0
2021   4  1  4 0800   -2.7  965.5    9.0  444.0   89.0  444.0
2021   4  1  4 0900   -3.0  965.7   10.7  444.0   89.0  444.0
2021   4  1  4 1000   -3.2  966.0    9.4  444.0   90.0  444.0
2021   4  1  4 1100   -3.8  966.7   10.4  444.0   92.0  444.0
2021   4  1  4 1200   -4.0  967.0   10.1  444.0   91.0  444.0
2021   4  1  4 1300   -5.0  967.9    9.5  444.0   91.0  444.0
2021   4  1  4 1400   -5.3  968.3    8.6  444.0   92.0  444.0
2021   4  1  4 1500   -5.3  968.9    7.7  444.0   92.0  444.0
2021   4  1  4 1600   -5.6  969.2    7.6  444.0   91.0  444.0
2021   4  1  4 1700   -5.8  969.8    7.6  444.0   89.0  444.0
2021   4  1  4 1800   -5.9  970.1    6.5  444.0   91.0  444.0
2021   4  1  4 1900   -6.1  970.4    6.0  444.0   92.0  444.0
2021   4  1  4 2000   -5.7  970.4    4.9  444.0   88.0  444.0
2021   4  1  4 2100   -5.5  970.5    2.8  444.0   88.0  444.0
2021   4  1  4 2200   -5.3  970.3    3.4  444.0   88.6  444.0
2021   4  1  4 2300   -4.0  970.2    3.8  444.0   84.0  444.0
2021   5  1  5 0000   -3.6  970.2    6.2  444.0   83.0  444.0
2021   5  1  5 0100   -2.6  970.1    7.0  444.0   84.0  444.0
2021   5  1  5 0200   -3.3  970.1    6.1  444.0   84.0  444.0
2021   5  1  5 0300   -2.8  969.9    6.7  444.0   83.0  444.0
2021   5  1  5 0400   -3.0  969.5    7.2  444.0   82.5  444.0
2021   5  1  5 0500   -2.9  969.5    5.2  444.0   83.0  444.0
2021   5  1  5 0600   -3.0  969.5    4.9  444.0   84.0  444.0
2021   5  1  5 0700   -3.1  969.6    5.7  444.0   84.0  444.0
2021   5  1  5 0800   -3.6  969.4    4.5  444.0   83.0  444.0
2021   5  1  5 0900   -3.7  969.3    5.3  444.0   82.0  444.0
2021   5  1  5 1000   -4.5  969.3    4.5  444.0   85.0  444.0
2021   5  1  5 1100   -5.3  969.3    3.3  444.0   85.0  444.0
2021   5  1  5 1200   -6.6  969.2    3.5  444.0   87.0  444.0
2021   5  1  5 1300   -7.5  969.1    3.5  444.0   88.0  444.0
2021   5  1  5 1400   -8.0  969.0    3.6  444.0   88.0  444.0
2021   5  1  5 1500   -8.4  968.9    3.4  444.0   88.0  444.0
2021   5  1  5 1600   -8.7  968.9    2.5  444.0   87.0  444.0
2021   5  1  5 1700   -8.5  968.7    2.1  444.0   86.0  444.0
2021   5  1  5 1800   -7.9  968.7    2.8  444.0   85.0  444.0
2021   5  1  5 1900   -6.7  968.8    2.9  444.0   82.0  444.0
2021   5  1  5 2000   -5.8  968.9    3.4  444.0   84.0  444.0
2021   5  1  5 2100   -5.3  969.0    3.1  444.0   84.0  444.0
2021   5  1  5 2200   -5.4  968.9    2.4  444.0   86.0  444.0
2021   5  1  5 2300   -4.1  969.0    4.3  444.0   82.0  444.0
2021   6  1  6 0000   -3.7  968.9    3.8  444.0   83.0  444.0
2021   6  1  6 0100   -2.8  968.7    3.7  444.0   81.6  444.0
2021   6  1  6 0200   -2.7  968.7    3.0  444.0   80.0  444.0
2021   6  1  6 0300   -1.6  968.3    3.2  444.0   76.0  444.0
2021   6  1  6 0400   -1.9  968.2    4.0  444.0   77.0  444.0
2021   6  1  6 0500   -2.1  968.1    4.5  444.0   78.0  444.0
2021   6  1  6 0600   -2.2  968.0    4.7  444.0   73.7  444.0
2021   6  1  6 0700   -2.6  968.0    5.5  444.0   80.0  444.0
2021   6  1  6 0800   -3.1  968.0    4.7  444.0   89.0  444.0
2021   6  1  6 0900   -3.4  968.4    2.9  444.0   89.0  444.0
2021   6  1  6 1000   -4.1  968.5    2.0  444.0   93.0  444.0
2021   6  1  6 1100   -4.7  968.4    1.1  444.0   93.0  444.0
2021   6  1  6 1200   -5.2  968.2    3.3  444.0   93.0  444.0
2021   6  1  6 1300   -5.3  968.3    1.4  444.0   91.0  444.0
2021   6  1  6 1400   -5.4  968.4    2.3  444.0   91.3  444.0
2021   6  1  6 1500   -5.3  968.6    1.6  444.0   91.0  444.0
2021   6  1  6 1600   -5.4  968.5    1.9  444.0   89.0  444.0
2021   6  1  6 1700   -5.6  968.4    3.1  444.0   87.0  444.0
2021   6  1  6 1800   -4.8  968.3    4.4  444.0   85.0  444.0
2021   6  1  6 1900   -4.3  968.7    5.9  444.0   83.0  444.0
2021   6  1  6 2000   -4.6  968.8    6.6  444.0   82.0  444.0
2021   6  1  6 2100   -4.0  969.0    7.5  444.0   82.0  444.0
2021   6  1  6 2200   -3.5  969.4    7.5  444.0   82.0  444.0
2021   6  1  6 2300   -3.4  969.7    7.0  444.0   86.0  444.0
2021   7  1  7 0000   -3.6  969.8    8.0  444.0   84.0  444.0
2021   7  1  7 0100   -4.1  970.0    8.9  444.0   85.0  444.0
2021   7  1  7 0200   -5.2  970.2    9.7  444.0   85.0  444.0
2021   7  1  7 0300   -6.2  970.3    9.6  444.0   86.0  444.0
2021   7  1  7 0400   -6.4  970.5    8.7  444.0   86.0  444.0
2021   7  1  7 0500   -6.6  970.6    7.2  444.0   85.0  444.0
2021   7  1  7 0600   -7.3  970.7    8.6  444.0   85.0  444.0
2021   7  1  7 0700   -7.5  970.9    7.4  444.0   84.1  444.0
2021   7  1  7 0800   -7.4  971.1    6.8  444.0   86.0  444.0
2021   7  1  7 0900   -7.5  971.4    6.2  444.0   85.0  444.0
2021   7  1  7 1000   -7.5  971.3    5.2  444.0   86.6  444.0
2021   7  1  7 1100   -7.7  971.3    4.3  444.0   88.0  444.0
2021   7  1  7 1200   -8.0  971.4    3.9  444.0   90.0  444.0
2021   7  1  7 1300   -8.1  971.4    3.9  444.0   89.0  444.0
2021   7  1  7 1400   -8.3  971.5    3.8  444.0   91.0  444.0
2021   7  1  7 1500   -8.5  971.6    1.2  444.0   93.0  444.0
2021   7  1  7 1600   -8.5  971.5    2.6  444.0   92.0  444.0
2021   7  1  7 1700   -8.6  971.7    2.8  444.0   92.0  444.0
2021   7  1  7 1800   -8.5  971.9    2.2  444.0   91.0  444.0
2021   7  1  7 1900   -8.5  972.0    2.1  444.0   91.0  444.0
2021   7  1  7 2000   -8.5  972.1    1.8  444.0   90.5  444.0
2021   7  1  7 2100   -8.0  972.1    1.2  444.0   89.0  444.0
2021   7  1  7 2200   -8.0  972.3    2.4  444.0   89.0  444.0
2021   7  1  7 2300   -7.7  972.5    1.7  444.0   86.3  444.0
2021   8  1  8 0000   -7.2  972.5    2.0  444.0   86.0  444.0
2021   8  1  8 0100   -6.8  972.4    2.0  444.0   85.0  444.0
2021   8  1  8 0200   -6.7  972.3    2.5  444.0   87.0  444.0
2021   8  1  8 0300   -7.3  972.5    2.7  444.0   91.1  444.0
2021   8  1  8 0400   -7.2  972.6    2.4  444.0   95.0  444.0
2021   8  1  8 0500   -7.1  972.6    2.3  444.0   97.0  444.0
2021   8  1  8 0600   -6.8  972.7    2.5  444.0   97.0  444.0
2021   8  1  8 0700   -6.8  972.8    2.7  444.0   99.0  444.0
2021   8  1  8 0800   -7.0  972.9    3.4  444.0   98.1  444.0
2021   8  1  8 0900   -6.4  973.2    4.3  444.0   97.0  444.0
2021   8  1  8 1000   -6.3  973.0    3.9  444.0   98.0  444.0
2021   8  1  8 1100   -6.4  972.9    3.3  444.0   96.8  444.0
2021   8  1  8 1200   -6.1  972.9    4.0  444.0   96.0  444.0
2021   8  1  8 1300   -6.3  972.7    3.7  444.0   93.1  444.0
2021   8  1  8 1400   -6.9  972.6    4.4  444.0   93.0  444.0
2021   8  1  8 1500   -6.8  972.4    4.5  444.0   90.0  444.0
2021   8  1  8 1600   -6.7  972.4    4.8  444.0   86.0  444.0
2021   8  1  8 1700   -7.6  972.6    5.7  444.0   91.0  444.0
2021   8  1  8 1800   -7.0  973.1    5.1  444.0   92.0  444.0
2021   8  1  8 1900   -5.9  973.7    5.7  444.0   92.0  444.0
2021   8  1  8 2000   -4.8  973.8    7.1  444.0   88.0  444.0
2021   8  1  8 2100   -4.6  974.1    6.9  444.0   91.0  444.0
2021   8  1  8 2200   -3.8  974.4    7.7  444.0   88.0  444.0
2021   8  1  8 2300   -3.3  974.5    7.5  444.0   86.0  444.0
2021   9  1  9 0000   -2.7  974.2    8.6  444.0   83.0  444.0
2021   9  1  9 0100   -2.7  974.4    8.3  444.0   84.0  444.0
2021   9  1  9 0200   -2.9  974.6   10.0  444.0   86.8  444.0
2021   9  1  9 0300   -3.9  974.9   11.1  444.0   88.0  444.0
2021   9  1  9 0400   -5.2  975.3    9.8  444.0   88.0  444.0
2021   9  1  9 0500   -5.8  975.8    8.8  444.0   87.0  444.0
2021   9  1  9 0600   -7.3  976.5    8.3  444.0   89.1  444.0
2021   9  1  9 0700   -7.7  977.2    8.7  444.0   88.0  444.0
2021   9  1  9 0800   -7.7  977.8    7.4  444.0   89.0  444.0
2021   9  1  9 0900   -7.9  978.3    6.5  444.0   89.0  444.0
2021   9  1  9 1000   -7.9  978.8    6.2  444.0   90.0  444.0
2021   9  1  9 1100   -7.9  979.4    5.1  444.0   91.2  444.0
2021   9  1  9 1200   -8.0  979.8    5.7  444.0   91.0  444.0
2021   9  1  9 1300   -7.8  980.3    4.8  444.0   91.8  444.0
2021   9  1  9 1400   -7.7  980.6    5.0  444.0   92.7  444.0
2021   9  1  9 1500   -7.5  981.1    4.2  444.0   91.0  444.0
2021   9  1  9 1600   -8.2  981.7    4.1  444.0   93.1  444.0
2021   9  1  9 1700   -8.3  982.1    3.6  444.0   95.0  444.0
2021   9  1  9 1800   -8.1  982.3    3.7  444.0   96.4  444.0
2021   9  1  9 1900   -8.1  982.5    3.4  444.0   97.0  444.0
2021   9  1  9 2000   -7.9  982.9    1.3  444.0   97.0  444.0
2021   9  1  9 2100   -7.9  982.9    1.4  444.0   95.0  444.0
2021   9  1  9 2200   -8.0  983.0    2.2  444.0   95.0  444.0
2021   9  1  9 2300   -7.8  982.7    2.3  444.0   93.0  444.0
2021  10  1 10 0000   -7.6  982.5    2.5  444.0   92.1  444.0
2021  10  1 10 0100   -7.9  982.2    2.8  444.0   92.0  444.0
2021  10  1 10 0200   -7.4  981.7    2.5  444.0   92.0  444.0
2021  10  1 10 0300   -7.4  981.3    2.4  444.0   90.0  444.0
2021  10  1 10 0400   -7.8  981.1    3.6  444.0   91.2  444.0
2021  10  1 10 0500   -7.9  981.0    3.2  444.0   94.0  444.0
2021  10  1 10 0600   -7.5  980.8    2.2  444.0   95.0  444.0
2021  10  1 10 0700  444.0  980.6    0.0  444.0   94.0  444.0
2021  10  1 10 0800   -6.2  980.4    0.9  444.0   94.0  444.0
2021  10  1 10 0900   -6.3  979.9    2.4  444.0   94.6  444.0
2021  10  1 10 1000   -6.4  979.7    2.2  444.0   95.0  444.0
2021  10  1 10 1100   -6.3  979.5    2.1  444.0   96.0  444.0
2021  10  1 10 1200   -6.2  979.4    1.5  444.0   96.0  444.0
2021  10  1 10 1300   -6.4  979.2    1.3  444.0   96.0  444.0
2021  10  1 10 1400   -6.7  979.2    1.6  444.0   95.2  444.0
2021  10  1 10 1500   -7.1  979.2    2.1  444.0   96.0  444.0
2021  10  1 10 1600   -7.3  979.2    2.7  444.0   97.0  444.0
2021  10  1 10 1700   -7.2  979.3    2.8  444.0   97.0  444.0
2021  10  1 10 1800   -7.3  979.3    3.6  444.0   98.0  444.0
2021  10  1 10 1900   -7.1  979.4    4.1  444.0   97.4  444.0
2021  10  1 10 2000   -7.1  979.7    4.0  444.0   95.0  444.0
2021  10  1 10 2100   -6.9  979.8    4.1  444.0   94.0  444.0
2021  10  1 10 2200   -6.7  979.9    3.6  444.0   92.0  444.0
2021  10  1 10 2300   -6.0  980.1    3.1  444.0   91.0  444.0
2021  11  1 11 0000   -5.3  980.3    3.0  444.0   89.0  444.0
2021  11  1 11 0100   -4.9  980.6    3.2  444.0   89.0  444.0
2021  11  1 11 0200   -4.9  980.7    3.3  444.0   88.0  444.0
2021  11  1 11 0300   -4.9  980.8    4.1  444.0   88.0  444.0
2021  11  1 11 0400   -4.8  981.0    3.3  444.0   87.0  444.0
2021  11  1 11 0500   -4.7  981.2    3.2  444.0   84.0  444.0
2021  11  1 11 0600   -4.9  981.4    2.9  444.0   86.0  444.0
2021  11  1 11 0700   -5.1  981.6    3.2  444.0   83.5  444.0
2021  11  1 11 0800   -5.3  981.7    2.8  444.0   84.0  444.0
2021  11  1 11 0900   -5.4  981.8    2.6  444.0   83.5  444.0
2021  11  1 11 1000   -5.7  982.0    2.9  444.0   83.0  444.0
2021  11  1 11 1100   -5.9  982.0    2.6  444.0   85.0  444.0
2021  11  1 11 1200   -6.2  982.2    2.3  444.0   85.5  444.0
2021  11  1 11 1300   -6.7  982.5    1.5  444.0   85.0  444.0
2021  11  1 11 1400   -7.6  982.6    2.1  444.0   87.0  444.0
2021  11  1 11 1500   -7.7  982.8    1.9  444.0   88.0  444.0
2021  11  1 11 1600   -7.3  982.9    2.8  444.0   85.0  444.0
2021  11  1 11 1700   -7.0  983.0    2.5  444.0   88.1  444.0
2021  11  1 11 1800   -6.6  983.0    3.1  444.0   86.0  444.0
2021  11  1 11 1900   -6.5  983.1    2.5  444.0   84.0  444.0
2021  11  1 11 2000   -6.1  983.2    2.8  444.0   85.0  444.0
2021  11  1 11 2100   -6.4  983.3    2.3  444.0   87.0  444.0
2021  11  1 11 2200   -6.1  983.1    3.5  444.0   86.0  444.0
2021  11  1 11 2300   -6.0  983.1    3.4  444.0   86.0  444.0
2021  12  1 12 0000   -4.7  982.9    4.2  444.0   81.0  444.0
2021  12  1 12 0100   -4.6  982.9    4.5  444.0   77.7  444.0
2021  12  1 12 0200   -3.8  982.5    6.1  444.0   79.0  444.0
2021  12  1 12 0300   -4.2  982.3    5.3  444.0   84.0  444.0
2021  12  1 12 0400   -3.8  981.9    3.3  444.0   85.0  444.0
2021  12  1 12 0500   -3.4  982.0    3.2  444.0   84.0  444.0
2021  12  1 12 0600   -3.7  982.1    2.9  444.0   84.0  444.0
2021  12  1 12 0700   -3.7  981.7    2.4  444.0   86.0  444.0
2021  12  1 12 0800   -4.4  981.8    3.3  444.0   85.0  444.0
2021  12  1 12 0900   -4.0  981.4    3.4  444.0   91.0  444.0
2021  12  1 12 1000   -3.9  981.1    4.9  444.0   91.0  444.0
2021  12  1 12 1100   -3.9  980.8    4.8  444.0   87.0  444.0
2021  12  1 12 1200   -4.2  980.5    5.2  444.0   83.6  444.0
2021  12  1 12 1300   -4.7  980.4    5.8  444.0   87.0  444.0
2021  12  1 12 1400   -4.4  980.2    5.4  444.0   86.0  444.0
2021  12  1 12 1500   -4.9  979.8    6.2  444.0   88.0  444.0
2021  12  1 12 1600   -5.2  979.8    6.9  444.0   89.0  444.0
2021  12  1 12 1700   -5.2  979.8    6.0  444.0   89.0  444.0
2021  12  1 12 1800   -5.1  979.5    6.4  444.0   86.0  444.0
2021  12  1 12 1900   -5.0  979.2    6.6  444.0   86.0  444.0
2021  12  1 12 2000   -4.7  979.2    5.8  444.0   80.0  444.0
2021  12  1 12 2100   -4.7  979.0    6.9  444.0   80.0  444.0
2021  12  1 12 2200   -4.0  978.7    6.7  444.0   80.6  444.0
2021  12  1 12 2300   -4.0  978.5    7.1  444.0   76.7  444.0
2021  13  1 13 0000   -3.8  978.6    6.7  444.0   77.0  444.0
2021  13  1 13 0100   -2.8  978.6    6.3  444.0   73.0  444.0
2021  13  1 13 0200   -2.6  978.7    4.9  444.0   74.0  444.0
2021  13  1 13 0300   -2.7  978.6    4.2  444.0   72.0  444.0
2021  13  1 13 0400   -2.3  978.5    4.3  444.0   76.0  444.0
2021  13  1 13 0500   -2.4  978.2    3.0  444.0   74.0  444.0
2021  13  1 13 0600   -1.6  978.1    2.2  444.0   76.0  444.0
2021  13  1 13 0700   -3.3  977.7    3.2  444.0   65.7  444.0
2021  13  1 13 0800   -3.8  977.6    3.1  444.0   72.0  444.0
2021  13  1 13 0900   -4.6  977.5    2.1  444.0   75.0  444.0
2021  13  1 13 1000   -6.1  977.4    1.8  444.0   83.0  444.0
2021  13  1 13 1100   -6.3  977.5    1.1  444.0   77.0  444.0
2021  13  1 13 1200   -6.2  977.8    1.6  444.0   75.0  444.0
2021  13  1 13 1300   -6.7  977.9    2.9  444.0   85.0  444.0
2021  13  1 13 1400   -7.0  978.0    2.6  444.0   88.0  444.0
2021  13  1 13 1500   -7.0  978.2    4.1  444.0   90.0  444.0
2021  13  1 13 1600   -6.6  978.2    5.8  444.0   89.0  444.0
2021  13  1 13 1700   -6.5  978.6    6.5  444.0   88.0  444.0
2021  13  1 13 1800   -6.4  978.9    6.2  444.0   88.0  444.0
2021  13  1 13 1900   -6.9  979.2    5.6  444.0   88.0  444.0
2021  13  1 13 2000   -6.3  979.4    6.8  444.0   87.0  444.0
2021  13  1 13 2100   -6.5  979.8    6.1  444.0   85.0  444.0
2021  13  1 13 2200   -7.9  980.3    8.9  444.0   86.0  444.0
2021  13  1 13 2300   -7.9  980.6    7.9  444.0   84.0  444.0
2021  14  1 14 0000   -8.0  981.1    7.4  444.0   86.0  444.0
2021  14  1 14 0100   -7.8  981.4    6.8  444.0   84.7  444.0
2021  14  1 14 0200   -8.1  981.6    6.1  444.0   85.0  444.0
2021  14  1 14 0300   -8.1  981.7    5.2  444.0   84.0  444.0
2021  14  1 14 0400   -8.1  981.9    4.9  444.0   84.0  444.0
2021  14  1 14 0500   -8.2  982.0    6.5  444.0   85.3  444.0
2021  14  1 14 0600   -8.3  982.0    5.5  444.0   80.0  444.0
2021  14  1 14 0700   -8.4  982.2    4.5  444.0   82.0  444.0
2021  14  1 14 0800   -8.5  982.2    4.5  444.0   83.0  444.0
2021  14  1 14 0900   -8.6  982.3    3.4  444.0   84.0  444.0
2021  14  1 14 1000   -8.6  982.1    3.7  444.0   84.0  444.0
2021  14  1 14 1100   -8.8  982.2    3.0  444.0   84.0  444.0
2021  14  1 14 1200   -8.9  982.2    3.4  444.0   84.0  444.0
2021  14  1 14 1300   -9.0  982.1    3.2  444.0   85.0  444.0
2021  14  1 14 1400   -9.1  982.1    2.4  444.0   84.0  444.0
2021  14  1 14 1500   -9.1  981.9    1.2  444.0   85.0  444.0
2021  14  1 14 1600   -9.4  981.7    4.1  444.0   82.0  444.0
2021  14  1 14 1700   -9.4  981.8    3.0  444.0   83.0  444.0
2021  14  1 14 1800   -8.9  981.7    0.9  444.0   84.0  444.0
2021  14  1 14 1900   -8.7  981.7    1.9  444.0   85.0  444.0
2021  14  1 14 2000   -8.5  981.6    4.2  444.0   87.0  444.0
2021  14  1 14 2100   -9.0  981.6    4.6  444.0   83.0  444.0
2021  14  1 14 2200   -9.2  981.7    4.5  444.0   84.0  444.0
2021  14  1 14 2300   -8.8  981.7    3.9  444.0   86.0  444.0
2021  15  1 15 0000   -8.4  981.7    3.6  444.0   84.0  444.0
2021  15  1 15 0100   -8.2  981.5    4.1  444.0   86.0  444.0
2021  15  1 15 0200   -8.0  981.3    3.9  444.0   87.0  444.0
2021  15  1 15 0300   -7.8  981.0    4.1  444.0   84.0  444.0
2021  15  1 15 0400   -7.4  980.8    3.7  444.0   81.0  444.0
2021  15  1 15 0500   -7.3  980.7    3.2  444.0   80.0  444.0
2021  15  1 15 0600   -7.4  980.7    2.6  444.0   82.0  444.0
2021  15  1 15 0700   -7.6  980.6    2.1  444.0   84.0  444.0
2021  15  1 15 0800   -7.7  980.4    1.9  444.0   85.6  444.0
2021  15  1 15 0900   -7.5  980.1    1.0  444.0   85.0  444.0
2021  15  1 15 1000   -7.8  980.0    0.0  444.0   87.0  444.0
2021  15  1 15 1100   -8.5  979.8    0.0  444.0   92.0  444.0
2021  15  1 15 1200  -10.3  979.7    0.5  444.0   92.0  444.0
2021  15  1 15 1300  -10.1  979.2    0.9  444.0   92.0  444.0
2021  15  1 15 1400  -10.5  979.0    0.9  444.0   93.0  444.0
2021  15  1 15 1500  -12.2  978.7    1.5  444.0   92.0  444.0
2021  15  1 15 1600  -13.0  978.8    0.6  444.0   90.0  444.0
2021  15  1 15 1700  -12.6  978.7    0.5  444.0   95.0  444.0
2021  15  1 15 1800  -11.9  978.6    1.4  444.0   93.0  444.0
2021  15  1 15 1900  -10.9  978.4    1.3  444.0   91.3  444.0
2021  15  1 15 2000   -9.7  978.5    0.9  444.0   88.0  444.0
2021  15  1 15 2100  444.0  978.9    0.5  444.0   86.0  444.0
2021  15  1 15 2200   -8.5  978.8    1.3  444.0   86.0  444.0
2021  15  1 15 2300   -8.4  978.6    1.6  444.0   87.0  444.0
2021  16  1 16 0000   -7.4  978.7    3.0  444.0   84.0  444.0
2021  16  1 16 0100   -7.6  978.5    4.2  444.0   86.0  444.0
2021  16  1 16 0200   -8.0  978.3    5.2  444.0   85.0  444.0
2021  16  1 16 0300   -7.4  978.0    5.8  444.0   85.3  444.0
2021  16  1 16 0400   -6.4  977.8    7.0  444.0   85.0  444.0
2021  16  1 16 0500   -5.7  977.8    6.9  444.0   85.0  444.0
2021  16  1 16 0600   -6.1  978.0    6.2  444.0   83.6  444.0
2021  16  1 16 0700   -6.2  977.9    6.6  444.0   81.7  444.0
2021  16  1 16 0800   -6.5  978.1    6.1  444.0   81.0  444.0
2021  16  1 16 0900   -7.2  977.9    4.1  444.0   82.0  444.0
2021  16  1 16 1000   -8.0  978.1    4.9  444.0   81.0  444.0
2021  16  1 16 1100   -8.9  978.1    3.7  444.0   84.0  444.0
2021  16  1 16 1200   -9.8  978.2    3.0  444.0   86.0  444.0
2021  16  1 16 1300  -10.9  978.2    2.2  444.0   90.0  444.0
2021  16  1 16 1400  -10.8  978.3    2.3  444.0   93.0  444.0
2021  16  1 16 1500   -9.5  978.4    3.1  444.0   99.0  444.0
2021  16  1 16 1600  -10.0  978.3    3.0  444.0   99.0  444.0
2021  16  1 16 1700  -10.5  978.4    2.1  444.0   96.0  444.0
2021  16  1 16 1800  -10.8  978.7    2.9  444.0   94.0  444.0
2021  16  1 16 1900  -10.5  978.7    3.1  444.0   93.0  444.0
2021  16  1 16 2000   -9.6  978.8    3.3  444.0   91.0  444.0
2021  16  1 16 2100   -9.0  978.9    3.7  444.0   89.0  444.0
2021  16  1 16 2200   -8.5  979.0    3.6  444.0   86.0  444.0
2021  16  1 16 2300   -8.2  979.2    3.9  444.0   82.0  444.0
2021  17  1 17 0000   -7.0  979.4    4.9  444.0   76.0  444.0
2021  17  1 17 0100   -6.4  979.6    6.1  444.0   73.0  444.0
2021  17  1 17 0200   -5.7  979.6    5.6  444.0   75.0  444.0
2021  17  1 17 0300   -5.3  979.7    5.5  444.0   77.0  444.0
2021  17  1 17 0400   -5.3  979.8    5.7  444.0   73.0  444.0
2021  17  1 17 0500   -5.2  980.1    6.3  444.0   71.0  444.0
2021  17  1 17 0600   -4.9  980.6    5.2  444.0   68.4  444.0
2021  17  1 17 0700   -5.1  981.0    3.2  444.0   74.0  444.0
2021  17  1 17 0800   -6.3  981.2    3.3  444.0   82.0  444.0
2021  17  1 17 0900   -6.9  981.4    3.2  444.0   80.0  444.0
2021  17  1 17 1000   -8.0  981.5    2.8  444.0   83.0  444.0
2021  17  1 17 1100   -8.9  981.6    3.2  444.0   84.0  444.0
2021  17  1 17 1200  -10.0  982.0    2.9  444.0   86.0  444.0
2021  17  1 17 1300   -9.6  982.4    3.8  444.0   83.0  444.0
2021  17  1 17 1400  -10.6  982.6    3.6  444.0   80.0  444.0
2021  17  1 17 1500  -10.7  982.8    2.7  444.0   81.0  444.0
2021  17  1 17 1600  -11.1  982.9    4.0  444.0   74.0  444.0
2021  17  1 17 1700  -11.3  983.4    4.8  444.0   77.0  444.0
2021  17  1 17 1800  -11.0  984.0    4.2  444.0   78.0  444.0
2021  17  1 17 1900  -10.6  984.8    3.8  444.0   77.0  444.0
2021  17  1 17 2000   -9.9  985.3    4.7  444.0   75.0  444.0
2021  17  1 17 2100   -9.5  985.9    4.9  444.0   75.0  444.0
2021  17  1 17 2200   -8.1  986.5    5.9  444.0   74.9  444.0
2021  17  1 17 2300   -6.8  987.3    5.4  444.0   75.0  444.0
2021  18  1 18 0000   -5.7  988.1    5.3  444.0   77.0  444.0
2021  18  1 18 0100   -5.3  988.6    5.7  444.0   76.0  444.0
2021  18  1 18 0200   -5.9  989.0    5.5  444.0   77.0  444.0
2021  18  1 18 0300   -5.0  989.5    5.1  444.0   75.0  444.0
2021  18  1 18 0400   -4.6  990.2    4.6  444.0   80.3  444.0
2021  18  1 18 0500   -3.8  990.8    3.2  444.0   74.0  444.0
2021  18  1 18 0600   -3.1  991.6    2.1  444.0   73.0  444.0
2021  18  1 18 0700   -3.7  992.3    1.7  444.0   80.0  444.0
2021  18  1 18 0800   -4.4  992.9    2.8  444.0   83.0  444.0
2021  18  1 18 0900   -7.1  993.4    2.4  444.0   89.0  444.0
2021  18  1 18 1000   -8.7  993.8    2.7  444.0   81.0  444.0
2021  18  1 18 1100   -8.0  994.4    4.2  444.0   74.0  444.0
2021  18  1 18 1200   -8.6  994.7    5.1  444.0   75.0  444.0
2021  18  1 18 1300   -8.8  995.3    4.9  444.0   74.0  444.0
2021  18  1 18 1400  -10.0  995.7    3.2  444.0   78.0  444.0
2021  18  1 18 1500   -9.8  995.9    4.7  444.0   73.0  444.0
2021  18  1 18 1600   -9.3  996.4    4.0  444.0   70.0  444.0
2021  18  1 18 1700  -10.0  997.0    3.0  444.0   75.0  444.0
2021  18  1 18 1800   -9.1  997.3    2.2  444.0   70.0  444.0
2021  18  1 18 1900   -8.6  997.6    3.1  444.0   69.0  444.0
2021  18  1 18 2000   -8.9  998.1    3.6  444.0   75.0  444.0
2021  18  1 18 2100   -8.2  998.4    3.3  444.0   75.0  444.0
2021  18  1 18 2200   -7.8  999.0    4.7  444.0   77.0  444.0
2021  18  1 18 2300   -7.2  999.3    4.8  444.0   78.0  444.0
2021  19  1 19 0000   -5.6  999.6    4.6  444.0   72.0  444.0
2021  19  1 19 0100   -4.9  999.9    4.8  444.0   73.0  444.0
2021  19  1 19 0200   -4.2  999.8    3.4  444.0   72.0  444.0
2021  19  1 19 0300   -3.7  999.9    5.6  444.0   71.0  444.0
2021  19  1 19 0400   -3.9 1000.1    3.4  444.0   72.0  444.0
2021  19  1 19 0500   -4.7 1000.2    2.8  444.0   78.0  444.0
2021  19  1 19 0600   -4.6 1000.3    2.6  444.0   75.0  444.0
2021  19  1 19 0700   -5.4 1000.6    2.5  444.0   77.4  444.0
2021  19  1 19 0800   -6.1 1000.6    2.5  444.0   84.0  444.0
2021  19  1 19 0900   -5.3 1000.4    2.3  444.0   86.0  444.0
2021  19  1 19 1000   -4.8 1000.2    2.4  444.0   78.0  444.0
2021  19  1 19 1100   -5.9 1000.2    1.9  444.0   86.0  444.0
2021  19  1 19 1200   -7.1 1000.2    1.3  444.0   86.0  444.0
2021  19  1 19 1300   -6.7 1000.0    2.4  444.0   85.0  444.0
2021  19  1 19 1400   -7.5  999.8    2.7  444.0   90.0  444.0
2021  19  1 19 1500   -6.3  999.5    0.2  444.0   91.0  444.0
2021  19  1 19 1600   -6.5  999.2    1.7  444.0   90.0  444.0
2021  19  1 19 1700   -8.0  999.0    2.6  444.0   91.0  444.0
2021  19  1 19 1800   -7.2  998.8    2.3  444.0   90.0  444.0
2021  19  1 19 1900   -6.7  998.8    2.4  444.0   89.0  444.0
2021  19  1 19 2000   -6.1  998.4    2.2  444.0   87.0  444.0
2021  19  1 19 2100   -6.0  998.2    3.5  444.0   86.0  444.0
2021  19  1 19 2200   -5.4  997.7    3.2  444.0   88.0  444.0
2021  19  1 19 2300   -5.0  997.2    3.3  444.0   85.0  444.0
2021  20  1 20 0000   -3.5  996.8    2.9  444.0   79.0  444.0
2021  20  1 20 0100   -3.4  996.5    2.2  444.0   82.0  444.0
2021  20  1 20 0200   -2.5  995.9    1.7  444.0   82.0  444.0
2021  20  1 20 0300   -2.5  995.4    1.5  444.0   87.0  444.0
2021  20  1 20 0400   -1.9  994.9    1.9  444.0   85.0  444.0
2021  20  1 20 0500   -2.0  994.5    1.6  444.0   84.9  444.0
2021  20  1 20 0600   -2.6  994.1    2.1  444.0   86.0  444.0
2021  20  1 20 0700   -2.6  993.9    1.6  444.0   86.0  444.0
2021  20  1 20 0800   -2.6  993.6    1.0  444.0   89.0  444.0
2021  20  1 20 0900   -3.2  993.4    0.8  444.0   93.0  444.0
2021  20  1 20 1000   -3.9  993.1    1.6  444.0   97.0  444.0
2021  20  1 20 1100   -4.3  992.7    1.2  444.0   97.0  444.0
2021  20  1 20 1200   -4.3  992.2    0.0  444.0   96.0  444.0
2021  20  1 20 1300   -4.9  991.7    1.1  444.0   99.0  444.0
2021  20  1 20 1400   -4.5  991.2    0.4  444.0  100.0  444.0
2021  20  1 20 1500   -4.4  990.8    0.0  444.0   98.0  444.0
2021  20  1 20 1600   -5.4  990.5    0.7  444.0   98.0  444.0
2021  20  1 20 1700   -6.4  990.2    1.0  444.0  100.0  444.0
2021  20  1 20 1800   -6.1  990.0    0.9  444.0   99.4  444.0
2021  20  1 20 1900   -6.0  989.7    1.2  444.0   98.0  444.0
2021  20  1 20 2000   -5.6  989.3    1.2  444.0   97.0  444.0
2021  20  1 20 2100   -5.2  989.0    2.2  444.0   96.0  444.0
2021  20  1 20 2200   -5.1  988.7    1.9  444.0   93.0  444.0
2021  20  1 20 2300   -4.6  988.3    1.8  444.0   90.0  444.0
2021  21  1 21 0000   -4.3  987.9    1.7  444.0   89.0  444.0
2021  21  1 21 0100   -3.6  987.6    1.2  444.0   85.0  444.0
2021  21  1 21 0200   -3.3  987.1    1.9  444.0   83.0  444.0
2021  21  1 21 0300   -2.9  986.8    2.8  444.0   83.6  444.0
2021  21  1 21 0400   -2.0  986.5    2.0  444.0   76.0  444.0
2021  21  1 21 0500   -2.5  986.1    2.2  444.0   85.0  444.0
2021  21  1 21 0600   -2.8  985.8    2.8  444.0   85.0  444.0
2021  21  1 21 0700   -3.2  985.5    2.7  444.0   86.0  444.0
2021  21  1 21 0800   -4.4  985.3    2.6  444.0   87.0  444.0
2021  21  1 21 0900   -4.1  984.9    3.6  444.0   83.0  444.0
2021  21  1 21 1000   -4.7  984.6    2.8  444.0   87.0  444.0
2021  21  1 21 1100   -5.0  984.2    4.1  444.0   84.0  444.0
2021  21  1 21 1200   -5.5  984.0    4.0  444.0   81.0  444.0
2021  21  1 21 1300   -6.3  983.9    4.4  444.0   83.0  444.0
2021  21  1 21 1400   -6.2  983.8    4.4  444.0   83.0  444.0
2021  21  1 21 1500   -5.7  983.3    4.6  444.0   74.0  444.0
2021  21  1 21 1600   -4.6  983.2    5.0  444.0   77.0  444.0
2021  21  1 21 1700   -6.1  983.3    4.4  444.0   74.0  444.0
2021  21  1 21 1800   -6.0  983.1    3.6  444.0   76.0  444.0
2021  21  1 21 1900   -5.6  983.1    4.4  444.0   77.2  444.0
2021  21  1 21 2000   -4.5  983.4    4.3  444.0   73.0  444.0
2021  21  1 21 2100   -5.0  983.3    4.1  444.0   81.0  444.0
2021  21  1 21 2200   -2.1  983.4    7.8  444.0   62.0  444.0
2021  21  1 21 2300   -2.9  982.9    9.6  444.0   72.0  444.0
2021  22  1 22 0000   -2.5  982.8   10.2  444.0   68.0  444.0
2021  22  1 22 0100   -3.0  982.3   11.3  444.0   72.0  444.0
2021  22  1 22 0200   -3.1  982.1   13.4  444.0   77.0  444.0
2021  22  1 22 0300   -7.2  981.9    7.4  444.0   86.0  444.0
2021  22  1 22 0400   -8.1  982.3    6.9  444.0   87.0  444.0
2021  22  1 22 0500   -7.3  982.3    7.4  444.0   87.0  444.0
2021  22  1 22 0600   -7.9  982.8    8.1  444.0   87.0  444.0
2021  22  1 22 0700   -8.5  983.1    7.4  444.0   88.0  444.0
2021  22  1 22 0800   -8.9  983.6    7.5  444.0   89.0  444.0
2021  22  1 22 0900   -9.6  983.8    5.9  444.0   88.0  444.0
2021  22  1 22 1000  -10.0  983.7    4.3  444.0   86.6  444.0
2021  22  1 22 1100  -11.0  983.8    5.4  444.0   86.0  444.0
2021  22  1 22 1200  -11.7  983.9    5.1  444.0   87.0  444.0
2021  22  1 22 1300  -12.6  983.9    4.3  444.0   88.0  444.0
2021  22  1 22 1400  -13.1  983.8    3.3  444.0   90.0  444.0
2021  22  1 22 1500  -13.8  983.4    3.3  444.0   88.0  444.0
2021  22  1 22 1600  -14.4  983.6    1.5  444.0   89.0  444.0
2021  22  1 22 1700  -12.2  983.7    3.2  444.0   92.0  444.0
2021  22  1 22 1800  -11.7  983.7    3.2  444.0   91.0  444.0
2021  22  1 22 1900  -11.2  983.9    3.8  444.0   91.0  444.0
2021  22  1 22 2000  -11.0  983.9    6.8  444.0   89.0  444.0
2021  22  1 22 2100  -10.7  984.2    4.4  444.0   87.0  444.0
2021  22  1 22 2200  -10.9  984.3    5.7  444.0   84.0  444.0
2021  22  1 22 2300  -10.9  984.2    5.5  444.0   83.0  444.0
2021  23  1 23 0000  -10.5  984.1    4.4  444.0   82.0  444.0
2021  23  1 23 0100  -10.0  983.8    5.5  444.0   81.0  444.0
2021  23  1 23 0200  -10.0  983.8    4.5  444.0   80.0  444.0
2021  23  1 23 0300   -9.7  983.7    4.7  444.0   78.6  444.0
2021  23  1 23 0400   -9.8  983.4    4.0  444.0   80.0  444.0
2021  23  1 23 0500   -9.8  983.2    2.4  444.0   79.0  444.0
2021  23  1 23 0600   -9.8  983.1    2.3  444.0   82.0  444.0
2021  23  1 23 0700  -10.2  982.8    2.0  444.0   81.0  444.0
2021  23  1 23 0800  -11.3  982.3    2.0  444.0   83.3  444.0
2021  23  1 23 0900  -12.4  982.3    1.9  444.0   83.3  444.0
2021  23  1 23 1000  -13.2  982.1    2.3  444.0   84.0  444.0
2021  23  1 23 1100  -13.8  981.5    1.2  444.0   84.0  444.0
2021  23  1 23 1200  -14.5  981.0    0.7  444.0   87.0  444.0
2021  23  1 23 1300  -15.3  980.6    0.5  444.0   85.5  444.0
2021  23  1 23 1400  -15.5  980.3    1.3  444.0   88.0  444.0
2021  23  1 23 1500  -15.9  979.5    1.3  444.0   89.0  444.0
2021  23  1 23 1600  -16.2  978.9    1.3  444.0   87.0  444.0
2021  23  1 23 1700  -15.4  978.6    1.7  444.0   86.0  444.0
2021  23  1 23 1800  -15.4  978.3    0.9  444.0   84.0  444.0
2021  23  1 23 1900  -14.6  978.2    1.2  444.0   83.0  444.0
2021  23  1 23 2000  -13.0  977.5    1.9  444.0   84.0  444.0
2021  23  1 23 2100  -12.6  977.1    2.0  444.0   80.0  444.0
2021  23  1 23 2200  -11.9  976.4    3.1  444.0   76.5  444.0
2021  23  1 23 2300  -10.0  975.5    2.5  444.0   77.0  444.0
2021  24  1 24 0000   -9.7  974.9    2.8  444.0   79.0  444.0
2021  24  1 24 0100   -8.6  974.8    2.5  444.0   81.5  444.0
2021  24  1 24 0200   -9.5  974.7    4.7  444.0   81.0  444.0
2021  24  1 24 0300   -8.3  974.7    1.6  444.0   77.0  444.0
2021  24  1 24 0400  444.0  974.5    0.0  444.0   74.0  444.0
2021  24  1 24 0500   -8.4  974.2    0.5  444.0   80.0  444.0
2021  24  1 24 0600   -8.8  973.4    0.9  444.0   80.4  444.0
2021  24  1 24 0700   -9.4  972.8    1.8  444.0   82.0  444.0
2021  24  1 24 0800  -10.4  972.3    2.8  444.0   83.0  444.0
2021  24  1 24 0900  -11.3  971.8    3.5  444.0   84.0  444.0
2021  24  1 24 1000  -11.4  971.2    3.2  444.0   85.0  444.0
2021  24  1 24 1100  -11.5  970.7    4.2  444.0   85.5  444.0
2021  24  1 24 1200  -11.3  970.3    1.5  444.0   88.0  444.0
2021  24  1 24 1300  -13.4  969.8    4.1  444.0   87.0  444.0
2021  24  1 24 1400  -13.5  969.1    2.7  444.0   85.0  444.0
2021  24  1 24 1500  -14.1  968.8    3.1  444.0   84.0  444.0
2021  24  1 24 1600  -14.5  969.2    1.5  444.0   80.5  444.0
2021  24  1 24 1700  -14.4  969.1    2.3  444.0   78.0  444.0
2021  24  1 24 1800  -15.2  969.0    2.4  444.0   80.0  444.0
2021  24  1 24 1900  -13.4  968.9    1.8  444.0   77.0  444.0
2021  24  1 24 2000  -13.2  969.5    1.7  444.0   78.3  444.0
2021  24  1 24 2100  -13.0  969.5    1.8  444.0   79.0  444.0
2021  24  1 24 2200  -12.1  969.7    1.9  444.0   79.0  444.0
2021  24  1 24 2300  -10.8  970.3    1.2  444.0   78.0  444.0
2021  25  1 25 0000  -11.4  970.7    2.0  444.0   79.0  444.0
2021  25  1 25 0100  -11.1  971.1    2.2  444.0   78.9  444.0
2021  25  1 25 0200  -10.2  971.5    1.3  444.0   78.0  444.0
2021  25  1 25 0300   -9.7  972.1    1.5  444.0   78.0  444.0
2021  25  1 25 0400   -9.2  972.8    0.2  444.0   74.2  444.0
2021  25  1 25 0500  444.0  973.5    0.5  444.0   78.0  444.0
2021  25  1 25 0600  444.0  974.0    0.5  444.0   78.0  444.0
2021  25  1 25 0700   -9.2  974.7    1.1  444.0   81.0  444.0
2021  25  1 25 0800  -10.7  975.5    1.1  444.0   82.0  444.0
2021  25  1 25 0900  -11.5  976.2    1.3  444.0   82.0  444.0
2021  25  1 25 1000  -12.3  976.9    0.8  444.0   82.0  444.0
2021  25  1 25 1100  -14.1  977.6    2.4  444.0   83.0  444.0
2021  25  1 25 1200  -14.4  978.1    2.0  444.0   83.0  444.0
2021  25  1 25 1300  -16.1  978.9    1.9  444.0   82.0  444.0
2021  25  1 25 1400  -16.3  979.4    2.1  444.0   83.9  444.0
2021  25  1 25 1500  -17.0  980.0    2.6  444.0   83.0  444.0
2021  25  1 25 1600  -16.7  980.1    2.4  444.0   83.0  444.0
2021  25  1 25 1700  -16.1  980.5    2.8  444.0   80.0  444.0
2021  25  1 25 1800  -15.8  981.1    2.5  444.0   78.0  444.0
2021  25  1 25 1900  -14.7  981.6    3.0  444.0   78.0  444.0
2021  25  1 25 2000  -11.7  981.9    4.3  444.0   73.0  444.0
2021  25  1 25 2100  -10.4  982.1    4.7  444.0   75.0  444.0
2021  25  1 25 2200   -8.9  982.6    5.5  444.0   77.0  444.0
2021  25  1 25 2300   -7.8  983.0    5.5  444.0   76.9  444.0
2021  26  1 26 0000   -7.3  983.4    5.4  444.0   78.0  444.0
2021  26  1 26 0100   -7.1  983.7    6.4  444.0   81.0  444.0
2021  26  1 26 0200   -6.9  983.8    6.0  444.0   82.1  444.0
2021  26  1 26 0300   -6.7  983.9    6.6  444.0   81.0  444.0
2021  26  1 26 0400   -6.4  984.1    5.3  444.0   81.0  444.0
2021  26  1 26 0500   -6.6  983.9    5.4  444.0   83.8  444.0
2021  26  1 26 0600   -6.2  984.4    4.2  444.0   87.0  444.0
2021  26  1 26 0700   -6.3  984.5    4.1  444.0   91.0  444.0
2021  26  1 26 0800   -6.3  984.8    3.7  444.0   91.0  444.0
2021  26  1 26 0900   -6.6  985.0    3.5  444.0   94.0  444.0
2021  26  1 26 1000   -6.7  985.1    3.0  444.0   99.0  444.0
2021  26  1 26 1100  444.0  985.4    1.2  444.0  100.0  444.0
2021  26  1 26 1200   -8.3  985.5    2.3  444.0  100.0  444.0
2021  26  1 26 1300   -9.3  985.4    0.3  444.0   97.0  444.0
2021  26  1 26 1400  -11.1  985.3    1.3  444.0   93.0  444.0
2021  26  1 26 1500  -10.5  985.3    0.7  444.0   88.0  444.0
2021  26  1 26 1600   -9.4  985.2    0.2  444.0   84.0  444.0
2021  26  1 26 1700  -10.4  985.1    3.9  444.0   80.0  444.0
2021  26  1 26 1800   -8.3  985.2    1.3  444.0   68.0  444.0
2021  26  1 26 1900   -9.6  985.2    1.7  444.0   74.0  444.0
2021  26  1 26 2000  -10.4  984.9    2.2  444.0   78.0  444.0
2021  26  1 26 2100   -9.8  984.8    3.5  444.0   77.0  444.0
2021  26  1 26 2200   -8.8  984.8    3.5  444.0   74.0  444.0
2021  26  1 26 2300   -7.9  984.9    2.5  444.0   72.0  444.0
2021  27  1 27 0000   -7.6  985.3    3.7  444.0   75.0  444.0
2021  27  1 27 0100   -7.5  985.5    3.9  444.0   74.0  444.0
2021  27  1 27 0200   -7.3  985.2    3.1  444.0   73.0  444.0
2021  27  1 27 0300   -7.5  984.9    0.8  444.0   77.0  444.0
2021  27  1 27 0400   -7.1  984.7    2.8  444.0   74.0  444.0
2021  27  1 27 0500   -7.4  984.3    2.4  444.0   78.0  444.0
2021  27  1 27 0600   -7.4  984.2    2.2  444.0   83.0  444.0
2021  27  1 27 0700   -7.6  984.0    0.2  444.0   81.0  444.0
2021  27  1 27 0800   -9.4  983.7    3.4  444.0   85.0  444.0
2021  27  1 27 0900   -9.6  983.6    2.7  444.0   80.0  444.0
2021  27  1 27 1000   -8.8  983.4    3.5  444.0   83.0  444.0
2021  27  1 27 1100  -10.8  983.4    3.1  444.0   83.8  444.0
2021  27  1 27 1200  -11.2  983.3    3.4  444.0   86.0  444.0
2021  27  1 27 1300  -11.1  983.2    3.6  444.0   87.0  444.0
2021  27  1 27 1400  -12.4  983.2    2.9  444.0   87.0  444.0
2021  27  1 27 1500  -13.4  983.1    2.0  444.0   89.0  444.0
2021  27  1 27 1600  -13.6  982.9    1.5  444.0   91.0  444.0
2021  27  1 27 1700  -14.1  983.0    2.0  444.0   88.0  444.0
2021  27  1 27 1800  -13.4  983.0    3.0  444.0   97.0  444.0
2021  27  1 27 1900  -10.9  983.2    0.3  444.0   94.0  444.0
2021  27  1 27 2000  -10.6  983.1    1.0  444.0   91.8  444.0
2021  27  1 27 2100  -10.8  983.3    0.4  444.0   91.0  444.0
2021  27  1 27 2200  444.0  983.5    0.5  444.0   83.0  444.0
2021  27  1 27 2300  -10.3  983.6    1.3  444.0   90.0  444.0
2021  28  1 28 0000   -9.3  983.6    1.5  444.0   89.0  444.0
2021  28  1 28 0100   -8.3  983.5    1.9  444.0   90.0  444.0
2021  28  1 28 0200   -7.1  983.4    2.2  444.0   90.0  444.0
2021  28  1 28 0300   -7.3  983.2    2.8  444.0   92.0  444.0
2021  28  1 28 0400   -7.1  983.1    2.7  444.0   91.0  444.0
2021  28  1 28 0500   -7.4  982.8    3.1  444.0   93.0  444.0
2021  28  1 28 0600   -7.4  982.7    3.5  444.0   94.0  444.0
2021  28  1 28 0700   -7.2  982.6    3.5  444.0   95.0  444.0
2021  28  1 28 0800   -6.8  982.4    3.8  444.0   94.1  444.0
2021  28  1 28 0900   -6.8  982.2    4.2  444.0   95.0  444.0
2021  28  1 28 1000   -7.6  982.2    3.4  444.0   94.0  444.0
2021  28  1 28 1100   -7.7  982.6    3.0  444.0   95.0  444.0
2021  28  1 28 1200   -7.7  982.8    1.4  444.0   96.0  444.0
2021  28  1 28 1300   -8.4  982.7    1.3  444.0   96.2  444.0
2021  28  1 28 1400   -8.5  982.9    0.8  444.0   95.5  444.0
2021  28  1 28 1500   -8.2  982.9    1.5  444.0   96.0  444.0
2021  28  1 28 1600   -8.2  983.1    2.3  444.0   96.0  444.0
2021  28  1 28 1700   -7.1  983.3    3.6  444.0   98.0  444.0
2021  28  1 28 1800   -7.2  983.8    3.4  444.0   98.0  444.0
2021  28  1 28 1900   -7.5  984.2    4.3  444.0   96.1  444.0
2021  28  1 28 2000   -7.9  984.7    4.7  444.0   91.0  444.0
2021  28  1 28 2100   -8.5  985.0    2.4  444.0   91.0  444.0
2021  28  1 28 2200   -9.0  985.5    2.9  444.0   90.2  444.0
2021  28  1 28 2300   -9.1  985.8    2.7  444.0   88.0  444.0
2021  29  1 29 0000   -8.6  986.1    2.5  444.0   87.0  444.0
2021  29  1 29 0100   -8.2  986.1    2.9  444.0   87.0  444.0
2021  29  1 29 0200   -8.3  986.1    2.0  444.0   86.0  444.0
2021  29  1 29 0300   -8.2  985.9    1.4  444.0   86.0  444.0
2021  29  1 29 0400   -7.9  985.7    0.7  444.0   84.0  444.0
2021  29  1 29 0500   -8.5  985.6    1.5  444.0   87.0  444.0
2021  29  1 29 0600   -9.6  985.3    1.6  444.0   89.0  444.0
2021  29  1 29 0700   -8.6  984.9    1.7  444.0   89.0  444.0
2021  29  1 29 0800   -8.3  984.4    3.8  444.0   91.0  444.0
2021  29  1 29 0900   -8.2  983.9    3.3  444.0   92.0  444.0
2021  29  1 29 1000   -8.9  983.4    3.4  444.0   94.0  444.0
2021  29  1 29 1100   -9.0  983.0    2.7  444.0   95.0  444.0
2021  29  1 29 1200  -10.1  982.5    3.5  444.0   94.0  444.0
2021  29  1 29 1300   -9.6  981.9    3.9  444.0   97.0  444.0
2021  29  1 29 1400   -9.8  981.4    4.4  444.0   94.0  444.0
2021  29  1 29 1500   -9.4  980.8    3.9  444.0   94.0  444.0
2021  29  1 29 1600   -9.6  980.2    3.0  444.0   94.0  444.0
2021  29  1 29 1700  -10.4  979.9    3.4  444.0   97.5  444.0
2021  29  1 29 1800  -10.8  979.4    3.4  444.0   96.0  444.0
2021  29  1 29 1900  -10.7  979.0    3.0  444.0   94.0  444.0
2021  29  1 29 2000  -10.8  978.8    3.1  444.0   93.0  444.0
2021  29  1 29 2100  -10.9  978.3    3.4  444.0   91.0  444.0
2021  29  1 29 2200  -10.3  978.0    3.3  444.0   88.0  444.0
2021  29  1 29 2300  -10.4  977.7    3.3  444.0   88.0  444.0
2021  30  1 30 0000  -10.2  977.3    2.0  444.0   86.0  444.0
2021  30  1 30 0100  -10.1  977.1    1.8  444.0   87.0  444.0
2021  30  1 30 0200   -9.7  976.3    1.7  444.0   88.0  444.0
2021  30  1 30 0300   -9.8  975.7    1.7  444.0   90.0  444.0
2021  30  1 30 0400  -10.1  975.1    1.7  444.0   91.0  444.0
2021  30  1 30 0500   -9.7  974.5    1.8  444.0   92.0  444.0
2021  30  1 30 0600  -10.3  974.0    1.2  444.0   92.0  444.0
2021  30  1 30 0700  -10.0  973.2    0.9  444.0   91.0  444.0
2021  30  1 30 0800  -10.3  972.7    1.6  444.0   92.0  444.0
2021  30  1 30 0900   -9.0  971.9    5.8  444.0   85.0  444.0
2021  30  1 30 1000   -9.2  971.5    5.0  444.0   84.0  444.0
2021  30  1 30 1100   -9.1  971.1    4.6  444.0   82.0  444.0
2021  30  1 30 1200   -8.8  970.7    6.1  444.0   82.0  444.0
2021  30  1 30 1300   -8.6  970.4    6.1  444.0   82.0  444.0
2021  30  1 30 1400   -9.0  970.0    6.3  444.0   81.0  444.0
2021  30  1 30 1500   -8.7  969.4    6.0  444.0   75.9  444.0
2021  30  1 30 1600  -10.2  969.2    6.6  444.0   76.0  444.0
2021  30  1 30 1700  -10.4  969.2    7.0  444.0   75.0  444.0
2021  30  1 30 1800  -10.1  969.1    7.2  444.0   74.0  444.0
2021  30  1 30 1900  -10.5  969.1    7.9  444.0   74.0  444.0
2021  30  1 30 2000   -8.8  969.2    7.8  444.0   72.5  444.0
2021  30  1 30 2100   -6.5  968.9    9.3  444.0   63.0  444.0
2021  30  1 30 2200   -6.4  968.8    9.9  444.0   73.0  444.0
2021  30  1 30 2300   -7.4  969.2   11.8  444.0   78.0  444.0
2021  31  1 31 0000   -8.2  970.0   11.3  444.0   82.0  444.0
2021  31  1 31 0100   -8.8  970.7   11.4  444.0   85.0  444.0
2021  31  1 31 0200   -9.0  971.5   11.2  444.0   85.0  444.0
2021  31  1 31 0300   -9.0  972.2    9.3  444.0   87.0  444.0
2021  31  1 31 0400   -9.5  973.1    9.0  444.0   85.0  444.0
2021  31  1 31 0500   -9.8  973.7    3.2  444.0   83.0  444.0
2021  31  1 31 0600   -9.3  974.1    5.2  444.0   87.0  444.0
2021  31  1 31 0700   -8.9  974.2    5.3  444.0   87.0  444.0
2021  31  1 31 0800   -8.6  974.1    3.7  444.0   86.0  444.0
2021  31  1 31 0900   -8.9  974.1    3.2  444.0   89.0  444.0
2021  31  1 31 1000  -10.6  974.2    2.8  444.0   88.0  444.0
2021  31  1 31 1100  -10.3  974.2    3.3  444.0   88.0  444.0
2021  31  1 31 1200  -11.8  974.0    2.8  444.0   90.3  444.0
2021  31  1 31 1300  -11.2  973.8    2.6  444.0   91.0  444.0
2021  31  1 31 1400  -11.5  973.6    3.8  444.0   90.0  444.0
2021  31  1 31 1500  -12.2  973.3    4.6  444.0   91.0  444.0
2021  31  1 31 1600  -11.1  973.0    4.2  444.0   89.0  444.0
2021  31  1 31 1700  -10.4  972.9    4.5  444.0   84.0  444.0
2021  31  1 31 1800   -9.1  972.9    6.7  444.0   79.9  444.0
2021  31  1 31 1900   -9.5  972.9    7.3  444.0   78.0  444.0
2021  31  1 31 2000   -8.9  972.9    7.8  444.0   77.0  444.0
2021  31  1 31 2100   -8.9  973.0    6.4  444.0   77.0  444.0
2021  31  1 31 2200   -9.1  973.2    7.2  444.0   75.0  444.0
2021  31  1 31 2300   -9.6  973.5    6.1  444.0   75.0  444.0
