Year: 2020  Month: 03  ID: MLN  ARGOS:  8934  Name: Marilyn           
Lat: 79.93S  Lon: 165.56E  Elev:   62m                                
2020  61  3  1 0000  -22.3  978.9    7.6  444.0   74.0  444.0
2020  61  3  1 0100  -22.0  978.7    8.1  444.0   73.0  444.0
2020  61  3  1 0200  -22.0  978.2    8.5  444.0   73.8  444.0
2020  61  3  1 0300  -22.0  977.5    8.6  444.0   73.4  444.0
2020  61  3  1 0400  -22.1  977.1    8.6  444.0   74.0  444.0
2020  61  3  1 0500  -22.2  976.7    7.9  444.0   72.0  444.0
2020  61  3  1 0600  -22.3  976.6    8.4  444.0   72.0  444.0
2020  61  3  1 0700  -22.4  976.3    6.9  444.0   69.0  444.0
2020  61  3  1 0800  -23.3  976.0    5.6  444.0   67.0  444.0
2020  61  3  1 0900  -23.5  975.6    7.1  444.0   63.0  444.0
2020  61  3  1 1000  -26.2  975.2    5.0  444.0   70.0  444.0
2020  61  3  1 1100  -24.9  974.6    7.8  444.0   65.1  444.0
2020  61  3  1 1200  -26.8  974.5    6.1  444.0   68.0  444.0
2020  61  3  1 1300  -24.4  974.0    8.9  444.0   63.0  444.0
2020  61  3  1 1400  -27.9  973.6    6.3  444.0   65.0  444.0
2020  61  3  1 1500  -30.1  972.9    6.2  444.0   74.0  444.0
2020  61  3  1 1600  -29.2  972.6    6.4  444.0   74.5  444.0
2020  61  3  1 1700  -27.7  972.3    7.5  444.0   68.0  444.0
2020  61  3  1 1800  -27.7  972.1    8.1  444.0   68.0  444.0
2020  61  3  1 1900  -27.9  971.9    6.9  444.0   68.0  444.0
2020  61  3  1 2000  -27.5  971.7    6.4  444.0   67.0  444.0
2020  61  3  1 2100  -27.5  971.6    5.9  444.0   69.0  444.0
2020  61  3  1 2200  -24.7  971.6    8.1  444.0   64.0  444.0
2020  61  3  1 2300  -26.5  971.4    5.7  444.0   72.0  444.0
2020  62  3  2 0000  -25.3  971.3    5.9  444.0   71.0  444.0
2020  62  3  2 0100  -24.5  971.0    6.6  444.0   71.0  444.0
2020  62  3  2 0200  -23.9  970.5    7.2  444.0   70.0  444.0
2020  62  3  2 0300  -23.5  970.6    7.8  444.0   71.0  444.0
2020  62  3  2 0400  -23.1  970.4    8.3  444.0   70.8  444.0
2020  62  3  2 0500  -23.0  970.6    8.1  444.0   70.3  444.0
2020  62  3  2 0600  -23.4  970.9    7.0  444.0   69.0  444.0
2020  62  3  2 0700  -23.5  971.4    6.4  444.0   67.0  444.0
2020  62  3  2 0800  -25.8  971.7    4.1  444.0   70.0  444.0
2020  62  3  2 0900  -27.0  972.0    4.0  444.0   71.0  444.0
2020  62  3  2 1000  -27.6  972.3    4.8  444.0   70.0  444.0
2020  62  3  2 1100  -27.9  972.7    5.9  444.0   71.0  444.0
2020  62  3  2 1200  -27.4  973.1    5.9  444.0   67.0  444.0
2020  62  3  2 1300  -29.5  973.7    4.5  444.0   70.0  444.0
2020  62  3  2 1400  -30.6  973.9    3.7  444.0   71.4  444.0
2020  62  3  2 1500  -32.2  974.3    2.6  444.0   73.0  444.0
2020  62  3  2 1600  -33.2  974.7    2.5  444.0   75.0  444.0
2020  62  3  2 1700  -33.7  975.6    2.3  444.0   76.0  444.0
2020  62  3  2 1800  -34.6  976.4    2.6  444.0   74.0  444.0
2020  62  3  2 1900  -36.6  977.0    2.1  444.0   69.4  444.0
2020  62  3  2 2000  -35.8  977.8    2.1  444.0   69.0  444.0
2020  62  3  2 2100  -34.1  978.5    2.3  444.0   70.0  444.0
2020  62  3  2 2200  -32.6  979.1    1.7  444.0   69.0  444.0
2020  62  3  2 2300  444.0  979.7    0.1  444.0   66.0  444.0
2020  63  3  3 0000  444.0  980.1    1.0  444.0   69.2  444.0
2020  63  3  3 0100  444.0  981.1    0.3  444.0   67.0  444.0
2020  63  3  3 0200  444.0  981.4    0.0  444.0   61.0  444.0
2020  63  3  3 0300  -25.1  981.7    0.1  444.0   69.5  444.0
2020  63  3  3 0400  -24.5  982.2    0.2  444.0   72.0  444.0
2020  63  3  3 0500  -23.9  982.4    2.0  444.0   74.0  444.0
2020  63  3  3 0600  -23.6  983.0    3.8  444.0   75.0  444.0
2020  63  3  3 0700  -23.0  983.3    4.0  444.0   78.0  444.0
2020  63  3  3 0800  -22.1  982.9    5.7  444.0   79.0  444.0
2020  63  3  3 0900  -21.0  983.3    6.1  444.0   80.0  444.0
2020  63  3  3 1000  -20.2  983.4    7.2  444.0   81.0  444.0
2020  63  3  3 1100  -20.1  983.8    7.0  444.0   83.0  444.0
2020  63  3  3 1200  -20.0  983.9    7.1  444.0   83.0  444.0
2020  63  3  3 1300  -18.9  984.2    6.4  444.0   84.0  444.0
2020  63  3  3 1400  -18.7  984.6    5.2  444.0   84.0  444.0
2020  63  3  3 1500  -18.6  984.8    3.7  444.0   84.0  444.0
2020  63  3  3 1600  -19.6  985.0    4.2  444.0   81.0  444.0
2020  63  3  3 1700  -19.8  985.2    4.7  444.0   82.0  444.0
2020  63  3  3 1800  -18.9  985.1    3.8  444.0   84.0  444.0
2020  63  3  3 1900  -18.1  985.0    3.4  444.0   84.0  444.0
2020  63  3  3 2000  -17.9  984.8    3.4  444.0   84.0  444.0
2020  63  3  3 2100  -17.4  984.6    4.5  444.0   84.0  444.0
2020  63  3  3 2200  -17.5  984.7    2.7  444.0   83.1  444.0
2020  63  3  3 2300  -16.9  984.9    1.7  444.0   83.0  444.0
2020  64  3  4 0000  -16.4  984.9    3.6  444.0   81.0  444.0
2020  64  3  4 0100  -17.1  984.6    4.4  444.0   78.0  444.0
2020  64  3  4 0200  -16.7  984.6    2.8  444.0   76.0  444.0
2020  64  3  4 0300  -18.0  984.4    2.4  444.0   77.0  444.0
2020  64  3  4 0400  -20.0  984.0    2.5  444.0   77.0  444.0
2020  64  3  4 0500  -20.7  983.7    2.4  444.0   73.0  444.0
2020  64  3  4 0600  -22.2  983.7    3.3  444.0   73.8  444.0
2020  64  3  4 0700  -23.7  983.3    2.7  444.0   77.0  444.0
2020  64  3  4 0800  -24.4  983.5    2.0  444.0   77.0  444.0
2020  64  3  4 0900  -23.3  983.2    3.1  444.0   77.0  444.0
2020  64  3  4 1000  -26.2  983.2    2.3  444.0   78.0  444.0
2020  64  3  4 1100  -27.2  983.0    2.1  444.0   79.0  444.0
2020  64  3  4 1200  -25.8  982.7    3.1  444.0   78.0  444.0
2020  64  3  4 1300  -26.5  982.3    5.1  444.0   77.0  444.0
2020  64  3  4 1400  -26.1  982.0    2.3  444.0   67.0  444.0
2020  64  3  4 1500  -25.1  981.8    3.1  444.0   64.0  444.0
2020  64  3  4 1600  -25.5  981.5    4.3  444.0   72.0  444.0
2020  64  3  4 1700  -25.6  981.1    6.2  444.0   77.3  444.0
2020  64  3  4 1800  -29.4  981.1    3.1  444.0   77.0  444.0
2020  64  3  4 1900  -28.6  980.9    3.1  444.0   69.0  444.0
2020  64  3  4 2000  -27.6  980.7    3.5  444.0   68.0  444.0
2020  64  3  4 2100  -27.2  980.4    3.8  444.0   69.0  444.0
2020  64  3  4 2200  -25.5  980.4    3.6  444.0   69.2  444.0
2020  64  3  4 2300  -25.4  980.6    4.8  444.0   70.0  444.0
2020  65  3  5 0000  -22.7  980.2    6.9  444.0   68.0  444.0
2020  65  3  5 0100  -21.4  980.0    8.9  444.0   72.0  444.0
2020  65  3  5 0200  -21.7  979.8    6.7  444.0   73.0  444.0
2020  65  3  5 0300  -21.3  979.8    8.1  444.0   73.1  444.0
2020  65  3  5 0400  -21.1  979.7    7.4  444.0   71.2  444.0
2020  65  3  5 0500  -21.3  979.5    6.0  444.0   71.0  444.0
2020  65  3  5 0600  -21.6  979.5    6.3  444.0   70.0  444.0
2020  65  3  5 0700  -22.0  979.3    6.2  444.0   68.0  444.0
2020  65  3  5 0800  -22.2  979.2    5.9  444.0   60.7  444.0
2020  65  3  5 0900  -25.0  978.9    3.4  444.0   63.0  444.0
2020  65  3  5 1000  -28.7  978.5    3.3  444.0   79.0  444.0
2020  65  3  5 1100  -28.7  978.4    4.5  444.0   81.0  444.0
2020  65  3  5 1200  -30.4  978.4    3.2  444.0   77.0  444.0
2020  65  3  5 1300  -29.9  978.1    3.2  444.0   77.0  444.0
2020  65  3  5 1400  -30.0  977.5    3.4  444.0   78.0  444.0
2020  65  3  5 1500  -29.4  977.2    4.6  444.0   77.0  444.0
2020  65  3  5 1600  -30.0  977.4    3.5  444.0   77.0  444.0
2020  65  3  5 1700  -27.4  977.1    4.3  444.0   76.0  444.0
2020  65  3  5 1800  -27.2  976.9    3.4  444.0   76.0  444.0
2020  65  3  5 1900  -28.4  977.3    4.0  444.0   75.0  444.0
2020  65  3  5 2000  -23.8  977.1    6.2  444.0   62.0  444.0
2020  65  3  5 2100  -23.2  977.1    6.1  444.0   68.0  444.0
2020  65  3  5 2200  -21.3  977.2    7.4  444.0   67.0  444.0
2020  65  3  5 2300  -21.9  977.3    5.6  444.0   69.0  444.0
2020  66  3  6 0000  -23.0  977.9    4.9  444.0   71.0  444.0
2020  66  3  6 0100  -24.6  977.9    3.4  444.0   73.7  444.0
2020  66  3  6 0200  -25.1  977.9    4.1  444.0   74.0  444.0
2020  66  3  6 0300  -25.5  978.0    4.2  444.0   72.0  444.0
2020  66  3  6 0400  -25.8  978.1    4.0  444.0   72.0  444.0
2020  66  3  6 0500  -25.1  978.6    3.1  444.0   73.0  444.0
2020  66  3  6 0600  -25.1  978.6    3.4  444.0   72.3  444.0
2020  66  3  6 0700  -25.6  978.6    2.7  444.0   73.0  444.0
2020  66  3  6 0800  -26.4  978.6    2.7  444.0   71.0  444.0
2020  66  3  6 0900  -27.4  978.5    2.3  444.0   72.0  444.0
2020  66  3  6 1000  -27.4  978.4    2.2  444.0   74.0  444.0
2020  66  3  6 1100  -28.6  978.7    3.1  444.0   75.1  444.0
2020  66  3  6 1200  -28.2  978.8    2.5  444.0   75.0  444.0
2020  66  3  6 1300  -28.2  978.6    0.4  444.0   71.0  444.0
2020  66  3  6 1400  -26.2  978.3    3.5  444.0   65.0  444.0
2020  66  3  6 1500  -24.0  978.0    7.1  444.0   64.7  444.0
2020  66  3  6 1600  -22.3  978.0    7.0  444.0   67.3  444.0
2020  66  3  6 1700  -19.8  977.8   10.2  444.0   68.0  444.0
2020  66  3  6 1800  -20.9  977.5    8.5  444.0   69.0  444.0
2020  66  3  6 1900  -22.4  977.6    7.2  444.0   71.0  444.0
2020  66  3  6 2000  -22.7  977.8    5.4  444.0   69.0  444.0
2020  66  3  6 2100  -22.9  977.6    5.2  444.0   70.1  444.0
2020  66  3  6 2200  -22.6  977.9    5.1  444.0   70.0  444.0
2020  66  3  6 2300  -22.9  978.1    4.1  444.0   70.2  444.0
2020  67  3  7 0000  -22.9  978.1    3.8  444.0   70.0  444.0
2020  67  3  7 0100  -21.8  977.7    5.5  444.0   71.0  444.0
2020  67  3  7 0200  -19.9  977.7    6.1  444.0   71.7  444.0
2020  67  3  7 0300  -18.8  977.4    5.1  444.0   73.0  444.0
2020  67  3  7 0400  -17.6  977.3    5.5  444.0   73.4  444.0
2020  67  3  7 0500  -17.4  977.1    4.5  444.0   74.0  444.0
2020  67  3  7 0600  -17.7  976.6    5.7  444.0   71.0  444.0
2020  67  3  7 0700  -17.8  975.7    6.9  444.0   69.0  444.0
2020  67  3  7 0800  -17.9  975.0    9.1  444.0   72.0  444.0
2020  67  3  7 0900  -18.4  973.9    9.9  444.0   75.7  444.0
2020  67  3  7 1000  -18.9  973.4    8.8  444.0   75.0  444.0
2020  67  3  7 1100  -19.5  972.8    8.4  444.0   75.0  444.0
2020  67  3  7 1200  -19.0  972.6    9.0  444.0   73.0  444.0
2020  67  3  7 1300  -18.9  972.2    8.8  444.0   71.7  444.0
2020  67  3  7 1400  -19.0  971.3    9.8  444.0   71.0  444.0
2020  67  3  7 1500  -19.4  970.7    6.0  444.0   75.0  444.0
2020  67  3  7 1600  -21.4  969.7    6.5  444.0   77.0  444.0
2020  67  3  7 1700  -21.4  969.2    7.4  444.0   74.0  444.0
2020  67  3  7 1800  -23.2  968.6    6.1  444.0   72.4  444.0
2020  67  3  7 1900  -23.2  968.1    6.3  444.0   73.2  444.0
2020  67  3  7 2000  -22.6  967.5    7.0  444.0   72.0  444.0
2020  67  3  7 2100  -21.3  966.6    8.2  444.0   69.0  444.0
2020  67  3  7 2200  -22.1  965.6    8.6  444.0   73.0  444.0
2020  67  3  7 2300  -20.6  964.9    9.2  444.0   75.0  444.0
2020  68  3  8 0000  -19.7  964.3   10.5  444.0   76.5  444.0
2020  68  3  8 0100  -19.6  964.4   10.0  444.0   74.0  444.0
2020  68  3  8 0200  -19.1  964.0    9.8  444.0   72.0  444.0
2020  68  3  8 0300  -19.2  964.0    9.0  444.0   74.0  444.0
2020  68  3  8 0400  -20.1  963.8    9.5  444.0   75.0  444.0
2020  68  3  8 0500  -20.2  963.4    8.6  444.0   74.0  444.0
2020  68  3  8 0600  -20.2  963.3    8.1  444.0   74.0  444.0
2020  68  3  8 0700  -22.1  963.4    6.2  444.0   76.4  444.0
2020  68  3  8 0800  -25.5  963.7    4.9  444.0   77.0  444.0
2020  68  3  8 0900  -27.9  963.8    4.3  444.0   77.0  444.0
2020  68  3  8 1000  -29.1  964.1    4.5  444.0   78.0  444.0
2020  68  3  8 1100  -30.5  964.5    4.0  444.0   75.9  444.0
2020  68  3  8 1200  -31.9  964.8    3.4  444.0   75.3  444.0
2020  68  3  8 1300  -32.3  965.1    3.3  444.0   75.0  444.0
2020  68  3  8 1400  -31.3  965.3    2.7  444.0   76.0  444.0
2020  68  3  8 1500  -30.1  965.5    3.4  444.0   77.0  444.0
2020  68  3  8 1600  -31.0  965.8    2.2  444.0   75.2  444.0
2020  68  3  8 1700  -28.9  966.2    3.4  444.0   76.7  444.0
2020  68  3  8 1800  -27.1  966.8    2.8  444.0   76.0  444.0
2020  68  3  8 1900  -23.2  966.9    4.7  444.0   70.0  444.0
2020  68  3  8 2000  -22.9  967.3    3.4  444.0   72.0  444.0
2020  68  3  8 2100  -22.2  967.7    1.4  444.0   70.3  444.0
2020  68  3  8 2200  -21.7  968.0    3.2  444.0   71.3  444.0
2020  68  3  8 2300  -20.6  968.1    5.8  444.0   68.0  444.0
2020  69  3  9 0000  -20.7  968.7    6.3  444.0   69.0  444.0
2020  69  3  9 0100  -21.3  969.0    6.4  444.0   70.0  444.0
2020  69  3  9 0200  -20.9  968.8    7.4  444.0   72.0  444.0
2020  69  3  9 0300  -21.1  968.8    8.6  444.0   72.0  444.0
2020  69  3  9 0400  -21.1  968.8    7.7  444.0   73.0  444.0
2020  69  3  9 0500  -20.6  969.5    6.7  444.0   73.0  444.0
2020  69  3  9 0600  -20.8  969.9    5.7  444.0   76.2  444.0
2020  69  3  9 0700  -20.9  970.2    5.5  444.0   73.0  444.0
2020  69  3  9 0800  -21.3  970.3    5.5  444.0   74.0  444.0
2020  69  3  9 0900  -21.3  970.2    5.8  444.0   72.0  444.0
2020  69  3  9 1000  -22.3  970.3    4.9  444.0   73.0  444.0
2020  69  3  9 1100  -22.0  970.6    4.9  444.0   73.0  444.0
2020  69  3  9 1200  -23.0  971.0    3.6  444.0   74.0  444.0
2020  69  3  9 1300  -24.7  971.1    3.7  444.0   75.0  444.0
2020  69  3  9 1400  -24.9  971.6    3.4  444.0   76.0  444.0
2020  69  3  9 1500  -23.6  971.6    5.2  444.0   75.0  444.0
2020  69  3  9 1600  -23.0  972.1    4.0  444.0   75.0  444.0
2020  69  3  9 1700  -22.9  972.3    4.6  444.0   76.0  444.0
2020  69  3  9 1800  -22.8  972.7    4.0  444.0   76.0  444.0
2020  69  3  9 1900  -22.6  973.2    3.0  444.0   76.8  444.0
2020  69  3  9 2000  -22.4  973.7    2.9  444.0   77.0  444.0
2020  69  3  9 2100  -22.3  974.2    2.6  444.0   77.0  444.0
2020  69  3  9 2200  -22.0  974.7    1.6  444.0   77.0  444.0
2020  69  3  9 2300  -21.4  975.0    2.9  444.0   76.0  444.0
2020  70  3 10 0000  -21.3  975.4    2.7  444.0   75.0  444.0
2020  70  3 10 0100  -20.4  975.8    3.1  444.0   73.0  444.0
2020  70  3 10 0200  -21.1  976.1    2.7  444.0   72.0  444.0
2020  70  3 10 0300  -22.1  976.6    0.8  444.0   72.0  444.0
2020  70  3 10 0400  -23.6  976.9    2.1  444.0   72.3  444.0
2020  70  3 10 0500  -24.5  976.9    2.9  444.0   77.0  444.0
2020  70  3 10 0600  -24.0  977.0    3.7  444.0   75.0  444.0
2020  70  3 10 0700  -23.4  977.2    4.2  444.0   76.0  444.0
2020  70  3 10 0800  -24.9  977.5    3.6  444.0   75.0  444.0
2020  70  3 10 0900  -24.7  977.4    3.5  444.0   64.7  444.0
2020  70  3 10 1000  -25.6  977.9    2.5  444.0   64.0  444.0
2020  70  3 10 1100  -25.9  978.3    2.4  444.0   64.0  444.0
2020  70  3 10 1200  -29.0  978.2    3.1  444.0   66.0  444.0
2020  70  3 10 1300  -27.5  977.8    5.0  444.0   71.0  444.0
2020  70  3 10 1400  -29.5  977.4    3.9  444.0   75.0  444.0
2020  70  3 10 1500  -28.3  977.5    6.0  444.0   65.0  444.0
2020  70  3 10 1600  -29.2  977.8    4.3  444.0   68.0  444.0
2020  70  3 10 1700  -30.5  977.5    7.9  444.0   73.0  444.0
2020  70  3 10 1800  -27.8  977.5    6.7  444.0   68.0  444.0
2020  70  3 10 1900  -29.8  977.3    5.6  444.0   70.0  444.0
2020  70  3 10 2000  -29.4  976.8    6.0  444.0   71.0  444.0
2020  70  3 10 2100  -29.1  976.3    5.8  444.0   69.0  444.0
2020  70  3 10 2200  -28.5  975.9    5.4  444.0   69.0  444.0
2020  70  3 10 2300  -29.2  975.3    6.4  444.0   68.0  444.0
2020  71  3 11 0000  -28.3  974.3    6.6  444.0   68.0  444.0
2020  71  3 11 0100  -26.9  973.7    6.6  444.0   67.0  444.0
2020  71  3 11 0200  -26.6  972.7    6.1  444.0   65.0  444.0
2020  71  3 11 0300  -25.3  971.8    7.4  444.0   66.0  444.0
2020  71  3 11 0400  -25.5  970.7    6.6  444.0   70.0  444.0
2020  71  3 11 0500  -25.8  969.7    6.3  444.0   71.0  444.0
2020  71  3 11 0600  -25.3  968.8    8.3  444.0   72.0  444.0
2020  71  3 11 0700  -24.6  967.7    9.4  444.0   73.4  444.0
2020  71  3 11 0800  -24.9  967.3    9.3  444.0   76.0  444.0
2020  71  3 11 0900  -25.0  966.9   10.5  444.0   75.0  444.0
2020  71  3 11 1000  -25.3  966.5   10.1  444.0   75.0  444.0
2020  71  3 11 1100  -25.6  966.8    9.8  444.0   74.0  444.0
2020  71  3 11 1200  -27.9  966.9    7.0  444.0   76.2  444.0
2020  71  3 11 1300  -28.5  967.1    6.9  444.0   76.0  444.0
2020  71  3 11 1400  -29.0  967.3    5.1  444.0   77.0  444.0
2020  71  3 11 1500  -27.0  967.1    7.8  444.0   75.0  444.0
2020  71  3 11 1600  -26.9  967.6    7.9  444.0   73.0  444.0
2020  71  3 11 1700  -27.4  967.8    5.9  444.0   72.0  444.0
2020  71  3 11 1800  -27.8  968.5    6.6  444.0   74.0  444.0
2020  71  3 11 1900  -27.7  968.8    6.2  444.0   72.0  444.0
2020  71  3 11 2000  -27.7  968.8    5.3  444.0   71.0  444.0
2020  71  3 11 2100  -27.3  969.2    5.3  444.0   71.0  444.0
2020  71  3 11 2200  -26.8  969.2    6.3  444.0   70.0  444.0
2020  71  3 11 2300  -25.1  969.2    6.5  444.0   71.0  444.0
2020  72  3 12 0000  -25.7  969.5    5.0  444.0   73.0  444.0
2020  72  3 12 0100  -26.8  970.0    2.0  444.0   71.0  444.0
2020  72  3 12 0200  -27.4  970.1    1.6  444.0   72.0  444.0
2020  72  3 12 0300  -26.5  970.4    1.5  444.0   74.0  444.0
2020  72  3 12 0400  -26.8  971.0    4.5  444.0   76.0  444.0
2020  72  3 12 0500  -26.9  971.4    3.8  444.0   75.0  444.0
2020  72  3 12 0600  -26.5  972.1    4.9  444.0   74.2  444.0
2020  72  3 12 0700  -25.8  972.7    3.8  444.0   76.0  444.0
2020  72  3 12 0800  -26.6  973.1    3.6  444.0   77.0  444.0
2020  72  3 12 0900  -26.3  973.6    3.4  444.0   78.0  444.0
2020  72  3 12 1000  -25.4  974.1    2.7  444.0   78.5  444.0
2020  72  3 12 1100  -24.6  974.7    0.8  444.0   79.0  444.0
2020  72  3 12 1200  -28.6  975.7    0.8  444.0   78.0  444.0
2020  72  3 12 1300  -32.1  976.5    0.9  444.0   78.0  444.0
2020  72  3 12 1400  -31.5  977.5    1.5  444.0   77.0  444.0
2020  72  3 12 1500  -28.8  978.5    2.3  444.0   77.0  444.0
2020  72  3 12 1600  -27.8  979.2    2.9  444.0   78.0  444.0
2020  72  3 12 1700  -26.5  979.6    3.3  444.0   78.0  444.0
2020  72  3 12 1800  -27.5  980.5    0.8  444.0   77.0  444.0
2020  72  3 12 1900  -25.5  981.0    2.2  444.0   79.0  444.0
2020  72  3 12 2000  -24.2  981.4    3.5  444.0   79.2  444.0
2020  72  3 12 2100  -22.9  982.0    2.7  444.0   80.0  444.0
2020  72  3 12 2200  -20.7  982.7    3.8  444.0   81.0  444.0
2020  72  3 12 2300  -19.9  983.5    3.9  444.0   81.4  444.0
2020  73  3 13 0000  -20.2  984.1    4.5  444.0   80.0  444.0
2020  73  3 13 0100  -20.3  984.6    3.5  444.0   80.0  444.0
2020  73  3 13 0200  -20.0  984.9    3.1  444.0   81.0  444.0
2020  73  3 13 0300  -22.3  985.2    4.8  444.0   78.0  444.0
2020  73  3 13 0400  -22.2  985.2    2.4  444.0   79.2  444.0
2020  73  3 13 0500  -21.9  984.9    1.2  444.0   79.0  444.0
2020  73  3 13 0600  -21.9  984.8    1.8  444.0   80.0  444.0
2020  73  3 13 0700  -22.3  984.6    1.6  444.0   81.0  444.0
2020  73  3 13 0800  -22.1  984.2    1.6  444.0   81.2  444.0
2020  73  3 13 0900  -22.7  983.7    2.0  444.0   82.0  444.0
2020  73  3 13 1000  -22.6  983.3    2.4  444.0   82.0  444.0
2020  73  3 13 1100  -23.3  983.0    3.6  444.0   81.0  444.0
2020  73  3 13 1200  -26.2  982.4    3.6  444.0   81.0  444.0
2020  73  3 13 1300  -25.7  982.1    3.2  444.0   80.7  444.0
2020  73  3 13 1400  -26.4  981.6    2.6  444.0   80.0  444.0
2020  73  3 13 1500  -24.5  981.2    2.3  444.0   80.0  444.0
2020  73  3 13 1600  -25.7  981.0    2.5  444.0   79.0  444.0
2020  73  3 13 1700  -25.9  980.6    2.9  444.0   79.0  444.0
2020  73  3 13 1800  -27.3  980.3    2.4  444.0   78.0  444.0
2020  73  3 13 1900  -29.2  980.0    2.5  444.0   77.0  444.0
2020  73  3 13 2000  -31.3  979.8    3.4  444.0   76.0  444.0
2020  73  3 13 2100  -31.3  979.6    3.2  444.0   74.8  444.0
2020  73  3 13 2200  -30.4  979.5    2.7  444.0   74.0  444.0
2020  73  3 13 2300  -30.4  979.6    2.5  444.0   73.0  444.0
2020  74  3 14 0000  -30.1  979.5    2.6  444.0   73.0  444.0
2020  74  3 14 0100  -30.4  979.5    2.7  444.0   73.0  444.0
2020  74  3 14 0200  -30.4  979.4    1.7  444.0   72.0  444.0
2020  74  3 14 0300  -30.0  979.2    2.2  444.0   76.0  444.0
2020  74  3 14 0400  -26.4  979.3    2.7  444.0   77.0  444.0
2020  74  3 14 0500  -25.0  979.3    4.9  444.0   77.8  444.0
2020  74  3 14 0600  -26.1  979.6    8.2  444.0   77.0  444.0
2020  74  3 14 0700  -26.1  979.5    9.6  444.0   77.0  444.0
2020  74  3 14 0800  -27.8  979.3    7.5  444.0   76.0  444.0
2020  74  3 14 0900  -28.2  979.4    9.7  444.0   76.0  444.0
2020  74  3 14 1000  -27.8  979.4   11.0  444.0   74.4  444.0
2020  74  3 14 1100  -28.7  980.0    9.2  444.0   73.5  444.0
2020  74  3 14 1200  -29.4  980.2    8.7  444.0   72.0  444.0
2020  74  3 14 1300  -29.9  980.2    7.0  444.0   71.0  444.0
2020  74  3 14 1400  -29.5  980.3    7.7  444.0   72.0  444.0
2020  74  3 14 1500  -30.3  980.2    6.7  444.0   70.0  444.0
2020  74  3 14 1600  -30.0  980.4    7.9  444.0   70.4  444.0
2020  74  3 14 1700  -30.3  980.6    6.9  444.0   70.0  444.0
2020  74  3 14 1800  -32.2  980.7    4.7  444.0   71.0  444.0
2020  74  3 14 1900  -34.5  980.9    3.3  444.0   73.0  444.0
2020  74  3 14 2000  -34.3  980.9    3.5  444.0   73.0  444.0
2020  74  3 14 2100  -30.5  981.0    7.1  444.0   64.0  444.0
2020  74  3 14 2200  -32.8  981.3    3.4  444.0   69.0  444.0
2020  74  3 14 2300  -31.8  981.4    4.4  444.0   68.0  444.0
2020  75  3 15 0000  -29.3  981.4    5.8  444.0   66.0  444.0
2020  75  3 15 0100  -30.1  981.3    6.1  444.0   67.0  444.0
2020  75  3 15 0200  -28.7  981.3    5.0  444.0   66.0  444.0
2020  75  3 15 0300  -30.7  981.3    4.3  444.0   68.1  444.0
2020  75  3 15 0400  -30.2  981.1    3.7  444.0   66.0  444.0
2020  75  3 15 0500  -32.0  980.8    3.0  444.0   69.0  444.0
2020  75  3 15 0600  -30.7  980.3    4.8  444.0   70.0  444.0
2020  75  3 15 0700  -33.5  980.3    2.9  444.0   70.0  444.0
2020  75  3 15 0800  -37.0  980.5    3.4  444.0   74.1  444.0
2020  75  3 15 0900  -37.6  980.4    2.7  444.0   71.1  444.0
2020  75  3 15 1000  -39.5  980.3    2.4  444.0   70.0  444.0
2020  75  3 15 1100  -39.7  980.4    2.4  444.0   70.0  444.0
2020  75  3 15 1200  -40.4  980.3    3.0  444.0   70.0  444.0
2020  75  3 15 1300  -40.7  980.2    3.1  444.0   69.2  444.0
2020  75  3 15 1400  -41.0  980.1    3.3  444.0   68.8  444.0
2020  75  3 15 1500  -41.2  980.1    3.4  444.0   69.0  444.0
2020  75  3 15 1600  -41.1  980.0    3.1  444.0   69.0  444.0
2020  75  3 15 1700  -41.3  980.0    4.3  444.0   70.0  444.0
2020  75  3 15 1800  -41.2  979.9    2.5  444.0   69.3  444.0
2020  75  3 15 1900  -41.7  980.0    3.2  444.0   69.2  444.0
2020  75  3 15 2000  -41.8  979.8    3.7  444.0   69.0  444.0
2020  75  3 15 2100  -40.2  979.9    4.0  444.0   68.0  444.0
2020  75  3 15 2200  -40.0  980.0    3.7  444.0   67.0  444.0
2020  75  3 15 2300  -37.3  979.9    3.9  444.0   68.8  444.0
2020  76  3 16 0000  -35.8  979.7    3.7  444.0   69.0  444.0
2020  76  3 16 0100  -34.3  979.4    4.4  444.0   70.1  444.0
2020  76  3 16 0200  -34.3  979.0    4.8  444.0   70.0  444.0
2020  76  3 16 0300  -34.1  978.8    3.7  444.0   69.5  444.0
2020  76  3 16 0400  -34.4  978.6    3.8  444.0   69.7  444.0
2020  76  3 16 0500  -33.9  978.4    4.4  444.0   70.0  444.0
2020  76  3 16 0600  -33.8  978.3    4.4  444.0   71.0  444.0
2020  76  3 16 0700  -33.6  977.9    4.4  444.0   72.0  444.0
2020  76  3 16 0800  -32.6  977.7    6.1  444.0   74.0  444.0
2020  76  3 16 0900  -32.5  977.7    5.7  444.0   73.0  444.0
2020  76  3 16 1000  -33.3  977.6    5.3  444.0   73.0  444.0
2020  76  3 16 1100  -33.8  977.7    4.9  444.0   72.8  444.0
2020  76  3 16 1200  -33.2  977.5    4.4  444.0   73.0  444.0
2020  76  3 16 1300  -30.1  977.5    4.8  444.0   75.0  444.0
2020  76  3 16 1400  -28.0  977.5    4.4  444.0   77.0  444.0
2020  76  3 16 1500  -28.1  977.7    3.5  444.0   76.0  444.0
2020  76  3 16 1600  -28.2  977.8    5.1  444.0   76.2  444.0
2020  76  3 16 1700  -28.1  978.0    4.5  444.0   75.3  444.0
2020  76  3 16 1800  -30.8  978.3    4.0  444.0   76.0  444.0
2020  76  3 16 1900  -28.9  978.3    4.3  444.0   76.0  444.0
2020  76  3 16 2000  -29.5  978.7    2.1  444.0   75.0  444.0
2020  76  3 16 2100  -30.2  978.6    3.3  444.0   75.0  444.0
2020  76  3 16 2200  -31.9  979.0    3.3  444.0   74.0  444.0
2020  76  3 16 2300  -32.5  978.9    3.4  444.0   73.1  444.0
2020  77  3 17 0000  -28.2  978.9    5.1  444.0   75.0  444.0
2020  77  3 17 0100  -27.8  978.9    6.3  444.0   74.6  444.0
2020  77  3 17 0200  -27.5  978.7    5.6  444.0   73.8  444.0
2020  77  3 17 0300  -27.4  978.6    5.9  444.0   74.0  444.0
2020  77  3 17 0400  -27.0  978.5    6.8  444.0   75.4  444.0
2020  77  3 17 0500  -26.8  978.6    6.8  444.0   76.0  444.0
2020  77  3 17 0600  -27.3  978.9    5.5  444.0   75.0  444.0
2020  77  3 17 0700  -27.1  979.1    5.0  444.0   76.1  444.0
2020  77  3 17 0800  -26.8  978.9    4.9  444.0   76.0  444.0
2020  77  3 17 0900  -26.4  978.8    4.6  444.0   77.1  444.0
2020  77  3 17 1000  -26.0  978.7    5.4  444.0   76.0  444.0
2020  77  3 17 1100  -25.8  978.8    4.4  444.0   76.0  444.0
2020  77  3 17 1200  -25.6  978.7    4.6  444.0   77.0  444.0
2020  77  3 17 1300  -25.6  978.6    5.7  444.0   77.0  444.0
2020  77  3 17 1400  -26.0  978.6    4.7  444.0   76.0  444.0
2020  77  3 17 1500  -26.0  978.4    5.8  444.0   76.0  444.0
2020  77  3 17 1600  -26.1  978.4    4.9  444.0   77.0  444.0
2020  77  3 17 1700  -26.1  978.3    5.9  444.0   76.0  444.0
2020  77  3 17 1800  -26.1  978.5    5.7  444.0   77.0  444.0
2020  77  3 17 1900  -26.6  978.5    5.7  444.0   75.6  444.0
2020  77  3 17 2000  -27.6  978.7    5.2  444.0   76.0  444.0
2020  77  3 17 2100  -28.1  978.6    5.5  444.0   76.0  444.0
2020  77  3 17 2200  -28.3  978.9    4.8  444.0   75.0  444.0
2020  77  3 17 2300  -28.0  978.8    5.1  444.0   75.0  444.0
2020  78  3 18 0000  -27.5  978.8    4.3  444.0   75.4  444.0
2020  78  3 18 0100  -26.9  978.8    4.4  444.0   75.0  444.0
2020  78  3 18 0200  -27.3  978.7    4.0  444.0   75.0  444.0
2020  78  3 18 0300  -27.3  978.6    4.2  444.0   75.0  444.0
2020  78  3 18 0400  -26.8  978.6    4.0  444.0   74.9  444.0
2020  78  3 18 0500  -26.6  978.7    3.4  444.0   75.1  444.0
2020  78  3 18 0600  -26.4  979.0    3.9  444.0   76.0  444.0
2020  78  3 18 0700  -26.2  979.1    4.1  444.0   75.1  444.0
2020  78  3 18 0800  -26.5  979.4    3.1  444.0   75.0  444.0
2020  78  3 18 0900  -26.5  979.5    3.7  444.0   74.0  444.0
2020  78  3 18 1000  -26.6  979.8    3.1  444.0   76.0  444.0
2020  78  3 18 1100  -26.3  979.8    3.6  444.0   76.0  444.0
2020  78  3 18 1200  -26.4  979.8    2.4  444.0   76.9  444.0
2020  78  3 18 1300  -26.2  980.0    2.9  444.0   77.0  444.0
2020  78  3 18 1400  -26.7  980.0    3.0  444.0   77.0  444.0
2020  78  3 18 1500  -26.8  980.2    3.7  444.0   77.0  444.0
2020  78  3 18 1600  -26.7  980.5    4.1  444.0   77.0  444.0
2020  78  3 18 1700  -26.5  980.7    3.5  444.0   76.4  444.0
2020  78  3 18 1800  -26.4  980.8    3.5  444.0   77.0  444.0
2020  78  3 18 1900  -26.2  981.0    2.9  444.0   78.0  444.0
2020  78  3 18 2000  -26.0  981.1    2.6  444.0   77.0  444.0
2020  78  3 18 2100  -26.1  981.2    2.8  444.0   77.0  444.0
2020  78  3 18 2200  -25.6  981.3    2.6  444.0   76.8  444.0
2020  78  3 18 2300  -25.8  981.3    2.2  444.0   77.0  444.0
2020  79  3 19 0000  -25.6  981.3    2.2  444.0   79.0  444.0
2020  79  3 19 0100  -25.4  981.2    1.4  444.0   76.0  444.0
2020  79  3 19 0200  -25.5  981.0    0.5  444.0   76.0  444.0
2020  79  3 19 0300  -25.1  980.8    0.2  444.0   76.3  444.0
2020  79  3 19 0400  -25.5  980.7    1.3  444.0   77.0  444.0
2020  79  3 19 0500  -25.2  980.5    0.0  444.0   76.3  444.0
2020  79  3 19 0600  -25.3  980.2    2.3  444.0   77.0  444.0
2020  79  3 19 0700  -24.1  980.0    5.1  444.0   72.0  444.0
2020  79  3 19 0800  -23.7  979.6    7.3  444.0   68.4  444.0
2020  79  3 19 0900  -25.3  979.3    3.9  444.0   78.0  444.0
2020  79  3 19 1000  -26.0  979.0    3.1  444.0   79.2  444.0
2020  79  3 19 1100  -27.7  978.6    3.6  444.0   78.0  444.0
2020  79  3 19 1200  -26.2  978.1    6.5  444.0   65.0  444.0
2020  79  3 19 1300  -29.1  978.0    4.7  444.0   76.0  444.0
2020  79  3 19 1400  -29.3  977.8    5.8  444.0   76.0  444.0
2020  79  3 19 1500  -30.0  977.6    5.3  444.0   75.6  444.0
2020  79  3 19 1600  -30.5  977.6    5.7  444.0   75.0  444.0
2020  79  3 19 1700  -30.0  977.6    6.4  444.0   76.0  444.0
2020  79  3 19 1800  -30.0  977.7    5.3  444.0   76.0  444.0
2020  79  3 19 1900  -29.2  977.5    6.0  444.0   76.0  444.0
2020  79  3 19 2000  -29.1  977.7    5.7  444.0   76.3  444.0
2020  79  3 19 2100  -27.6  977.6    7.3  444.0   76.0  444.0
2020  79  3 19 2200  -27.7  977.6    7.3  444.0   75.0  444.0
2020  79  3 19 2300  -27.2  977.8    7.8  444.0   74.0  444.0
2020  80  3 20 0000  -27.9  978.0    8.7  444.0   74.0  444.0
2020  80  3 20 0100  -27.2  978.0    7.9  444.0   75.2  444.0
2020  80  3 20 0200  -27.2  977.8    6.9  444.0   75.0  444.0
2020  80  3 20 0300  -27.5  977.9    7.7  444.0   75.0  444.0
2020  80  3 20 0400  -26.9  978.1    8.6  444.0   75.0  444.0
2020  80  3 20 0500  -26.0  978.4    8.8  444.0   71.0  444.0
2020  80  3 20 0600  -26.4  978.6    8.9  444.0   73.3  444.0
2020  80  3 20 0700  -27.6  978.9    6.7  444.0   73.0  444.0
2020  80  3 20 0800  -27.3  979.1    7.6  444.0   75.1  444.0
2020  80  3 20 0900  -28.1  979.1    8.4  444.0   75.0  444.0
2020  80  3 20 1000  -28.1  979.7    8.4  444.0   74.0  444.0
2020  80  3 20 1100  444.0  980.0    9.6  444.0   76.0  444.0
2020  80  3 20 1200  444.0  980.1    7.7  444.0   75.0  444.0
2020  80  3 20 1300  -30.9  980.9    5.1  444.0   76.1  444.0
2020  80  3 20 1400  -30.8  980.9    6.0  444.0   75.0  444.0
2020  80  3 20 1500  -32.2  981.1    3.8  444.0   74.0  444.0
2020  80  3 20 1600  -29.7  981.3    6.5  444.0   74.0  444.0
2020  80  3 20 1700  -33.2  981.7    4.5  444.0   74.0  444.0
2020  80  3 20 1800  -31.2  982.2    6.8  444.0   71.5  444.0
2020  80  3 20 1900  -29.9  982.5    7.2  444.0   75.0  444.0
2020  80  3 20 2000  -27.9  983.2   10.1  444.0   74.0  444.0
2020  80  3 20 2100  -30.0  984.0    6.0  444.0   66.0  444.0
2020  80  3 20 2200  -31.2  984.7    4.8  444.0   73.0  444.0
2020  80  3 20 2300  -33.0  985.2    3.2  444.0   73.5  444.0
2020  81  3 21 0000  -31.8  985.4    4.5  444.0   65.0  444.0
2020  81  3 21 0100  -30.6  985.4    7.4  444.0   68.0  444.0
2020  81  3 21 0200  -30.8  985.6    7.7  444.0   69.0  444.0
2020  81  3 21 0300  -28.9  985.8    8.3  444.0   68.8  444.0
2020  81  3 21 0400  -29.0  986.3    7.6  444.0   70.0  444.0
2020  81  3 21 0500  -27.9  986.4    7.6  444.0   68.0  444.0
2020  81  3 21 0600  -27.3  986.4    8.5  444.0   67.0  444.0
2020  81  3 21 0700  -28.4  986.4    7.3  444.0   74.0  444.0
2020  81  3 21 0800  -28.4  986.6    5.1  444.0   76.0  444.0
2020  81  3 21 0900  -27.0  986.6    6.5  444.0   76.0  444.0
2020  81  3 21 1000  -27.0  986.8    5.7  444.0   76.0  444.0
2020  81  3 21 1100  -26.9  987.3    6.5  444.0   76.4  444.0
2020  81  3 21 1200  -27.8  987.7    5.4  444.0   75.0  444.0
2020  81  3 21 1300  -29.5  987.6    4.9  444.0   75.0  444.0
2020  81  3 21 1400  -29.7  987.6    5.8  444.0   74.0  444.0
2020  81  3 21 1500  -31.9  987.8    3.1  444.0   74.0  444.0
2020  81  3 21 1600  -30.4  987.9    6.5  444.0   73.4  444.0
2020  81  3 21 1700  -31.9  988.4    6.8  444.0   73.6  444.0
2020  81  3 21 1800  -32.2  989.0    6.8  444.0   74.0  444.0
2020  81  3 21 1900  -29.6  989.1    7.9  444.0   76.0  444.0
2020  81  3 21 2000  -29.5  989.6    8.4  444.0   75.0  444.0
2020  81  3 21 2100  -32.7  990.2    8.1  444.0   73.0  444.0
2020  81  3 21 2200  -34.0  990.5    6.6  444.0   71.0  444.0
2020  81  3 21 2300  -33.9  990.9    5.9  444.0   70.0  444.0
2020  82  3 22 0000  -34.3  991.1    5.6  444.0   70.0  444.0
2020  82  3 22 0100  -33.5  991.0    5.5  444.0   71.0  444.0
2020  82  3 22 0200  -31.5  991.3    6.4  444.0   73.0  444.0
2020  82  3 22 0300  -29.5  991.0    7.5  444.0   74.0  444.0
2020  82  3 22 0400  -29.5  990.9    7.9  444.0   74.0  444.0
2020  82  3 22 0500  -29.8  991.0    8.1  444.0   74.0  444.0
2020  82  3 22 0600  -30.4  990.8    7.1  444.0   72.1  444.0
2020  82  3 22 0700  -30.6  990.7    5.1  444.0   71.0  444.0
2020  82  3 22 0800  -32.5  990.4    5.6  444.0   72.0  444.0
2020  82  3 22 0900  -34.9  990.6    6.6  444.0   71.0  444.0
2020  82  3 22 1000  -35.1  989.8    6.4  444.0   71.0  444.0
2020  82  3 22 1100  -35.1  989.7    7.1  444.0   72.0  444.0
2020  82  3 22 1200  -34.5  989.2    8.7  444.0   72.0  444.0
2020  82  3 22 1300  -34.6  988.7    7.5  444.0   72.0  444.0
2020  82  3 22 1400  -34.6  988.3    9.8  444.0   72.0  444.0
2020  82  3 22 1500  -34.4  987.6   10.3  444.0   72.0  444.0
2020  82  3 22 1600  -34.1  987.5   12.4  444.0   72.0  444.0
2020  82  3 22 1700  -33.9  987.5   13.2  444.0   72.0  444.0
2020  82  3 22 1800  -34.0  987.2   12.9  444.0   72.0  444.0
2020  82  3 22 1900  -34.0  986.9   13.7  444.0   72.0  444.0
2020  82  3 22 2000  -34.1  986.4   13.6  444.0   72.2  444.0
2020  82  3 22 2100  -34.0  985.6   14.3  444.0   72.0  444.0
2020  82  3 22 2200  -34.9  985.7   13.2  444.0   71.0  444.0
2020  82  3 22 2300  -35.0  985.7   12.6  444.0   71.0  444.0
2020  83  3 23 0000  -34.6  986.2   12.6  444.0   70.0  444.0
2020  83  3 23 0100  -35.5  986.1    7.7  444.0   69.7  444.0
2020  83  3 23 0200  -36.0  985.9    8.6  444.0   69.0  444.0
2020  83  3 23 0300  -36.6  985.8    7.0  444.0   68.0  444.0
2020  83  3 23 0400  -36.6  985.9    5.8  444.0   69.0  444.0
2020  83  3 23 0500  -37.4  985.4    6.2  444.0   69.0  444.0
2020  83  3 23 0600  -38.7  985.7    2.4  444.0   70.0  444.0
2020  83  3 23 0700  -39.6  985.6    3.6  444.0   70.0  444.0
2020  83  3 23 0800  -40.6  985.5    3.4  444.0   70.0  444.0
2020  83  3 23 0900  -42.0  985.5    2.2  444.0   69.0  444.0
2020  83  3 23 1000  -42.5  985.5    3.5  444.0   69.0  444.0
2020  83  3 23 1100  -42.9  985.6    2.8  444.0   68.0  444.0
2020  83  3 23 1200  -43.1  986.1    3.2  444.0   68.0  444.0
2020  83  3 23 1300  -42.9  986.0    2.6  444.0   68.0  444.0
2020  83  3 23 1400  -41.6  986.0    2.5  444.0   69.0  444.0
2020  83  3 23 1500  -39.8  986.2    2.9  444.0   70.0  444.0
2020  83  3 23 1600  -36.8  986.2    3.3  444.0   71.0  444.0
2020  83  3 23 1700  -36.8  986.2    3.1  444.0   71.0  444.0
2020  83  3 23 1800  -36.2  986.1    3.0  444.0   72.0  444.0
2020  83  3 23 1900  -35.1  985.9    4.0  444.0   72.0  444.0
2020  83  3 23 2000  -34.6  986.2    3.7  444.0   72.0  444.0
2020  83  3 23 2100  -34.7  986.5    3.7  444.0   72.0  444.0
2020  83  3 23 2200  -34.2  986.7    3.6  444.0   72.0  444.0
2020  83  3 23 2300  -35.1  987.3    2.3  444.0   71.2  444.0
2020  84  3 24 0000  -35.8  987.5    2.9  444.0   71.0  444.0
2020  84  3 24 0100  -36.4  987.6    3.5  444.0   70.0  444.0
2020  84  3 24 0200  -36.2  988.5    3.1  444.0   71.0  444.0
2020  84  3 24 0300  -35.3  988.6    4.4  444.0   71.0  444.0
2020  84  3 24 0400  -34.6  988.7    5.3  444.0   72.0  444.0
2020  84  3 24 0500  -33.8  989.3    5.4  444.0   72.0  444.0
2020  84  3 24 0600  -33.3  989.6    4.6  444.0   73.0  444.0
2020  84  3 24 0700  -32.8  989.7    3.5  444.0   73.0  444.0
2020  84  3 24 0800  -32.6  989.7    2.7  444.0   74.0  444.0
2020  84  3 24 0900  -32.1  989.4    3.2  444.0   74.0  444.0
2020  84  3 24 1000  -31.9  988.9    4.9  444.0   74.0  444.0
2020  84  3 24 1100  -31.2  988.5    5.1  444.0   74.0  444.0
2020  84  3 24 1200  -30.5  988.1    5.6  444.0   75.0  444.0
2020  84  3 24 1300  -29.2  987.9    6.4  444.0   76.0  444.0
2020  84  3 24 1400  -29.3  987.6    7.7  444.0   75.0  444.0
2020  84  3 24 1500  -30.0  987.4    8.8  444.0   75.0  444.0
2020  84  3 24 1600  -30.4  987.0   10.2  444.0   75.0  444.0
2020  84  3 24 1700  -29.5  986.8   10.8  444.0   75.0  444.0
2020  84  3 24 1800  -28.6  986.4   12.1  444.0   76.0  444.0
2020  84  3 24 1900  -28.0  985.8   13.0  444.0   76.0  444.0
2020  84  3 24 2000  -28.2  985.5   13.4  444.0   75.6  444.0
2020  84  3 24 2100  -28.7  985.5   12.7  444.0   75.0  444.0
2020  84  3 24 2200  -28.8  985.4   11.1  444.0   75.0  444.0
2020  84  3 24 2300  -28.8  985.3   11.7  444.0   75.0  444.0
2020  85  3 25 0000  -28.8  984.4   11.2  444.0   75.0  444.0
2020  85  3 25 0100  -28.3  983.6   11.9  444.0   75.4  444.0
2020  85  3 25 0200  -27.8  982.9   12.1  444.0   75.8  444.0
2020  85  3 25 0300  -26.7  982.5   12.7  444.0   77.0  444.0
2020  85  3 25 0400  -26.6  982.1   11.9  444.0   77.0  444.0
2020  85  3 25 0500  -26.7  981.6   11.5  444.0   77.0  444.0
2020  85  3 25 0600  -26.6  981.1   12.1  444.0   77.3  444.0
2020  85  3 25 0700  -26.5  980.6   11.3  444.0   78.0  444.0
2020  85  3 25 0800  -26.4  979.9   11.2  444.0   77.7  444.0
2020  85  3 25 0900  -26.8  979.1   11.4  444.0   77.0  444.0
2020  85  3 25 1000  -27.0  978.4   11.1  444.0   77.0  444.0
2020  85  3 25 1100  -27.2  978.4   10.6  444.0   76.8  444.0
2020  85  3 25 1200  -27.0  977.8   10.7  444.0   77.0  444.0
2020  85  3 25 1300  -26.6  977.3    9.9  444.0   76.6  444.0
2020  85  3 25 1400  -26.3  976.7    9.8  444.0   77.0  444.0
2020  85  3 25 1500  -26.3  976.0    9.3  444.0   76.0  444.0
2020  85  3 25 1600  -26.0  975.1   10.1  444.0   76.0  444.0
2020  85  3 25 1700  -26.0  974.4    9.7  444.0   76.0  444.0
2020  85  3 25 1800  -26.0  974.0    9.0  444.0   75.5  444.0
2020  85  3 25 1900  -26.8  973.5    8.5  444.0   70.0  444.0
2020  85  3 25 2000  -27.9  972.9    8.9  444.0   70.0  444.0
2020  85  3 25 2100  -27.8  972.6    7.5  444.0   67.0  444.0
2020  85  3 25 2200  -27.4  972.0    7.1  444.0   65.0  444.0
2020  85  3 25 2300  -27.2  971.6    6.4  444.0   64.2  444.0
2020  86  3 26 0000  -26.3  971.3    7.1  444.0   63.9  444.0
2020  86  3 26 0100  -25.8  970.9    6.5  444.0   64.0  444.0
2020  86  3 26 0200  -25.5  970.4    6.0  444.0   64.0  444.0
2020  86  3 26 0300  -25.4  970.0    5.8  444.0   63.0  444.0
2020  86  3 26 0400  -25.9  969.6    6.2  444.0   67.1  444.0
2020  86  3 26 0500  -25.8  969.1    5.8  444.0   66.0  444.0
2020  86  3 26 0600  -25.8  968.9    5.4  444.0   72.0  444.0
2020  86  3 26 0700  -25.5  968.5    5.7  444.0   72.0  444.0
2020  86  3 26 0800  -25.5  968.1    4.2  444.0   73.0  444.0
2020  86  3 26 0900  -25.6  967.8    5.1  444.0   73.0  444.0
2020  86  3 26 1000  -25.6  967.5    5.6  444.0   73.0  444.0
2020  86  3 26 1100  -25.7  967.3    5.5  444.0   72.9  444.0
2020  86  3 26 1200  -25.6  967.2    6.4  444.0   73.0  444.0
2020  86  3 26 1300  -25.7  967.1    6.3  444.0   72.0  444.0
2020  86  3 26 1400  -25.7  966.8    6.6  444.0   72.6  444.0
2020  86  3 26 1500  -27.0  966.5    5.4  444.0   73.0  444.0
2020  86  3 26 1600  -27.8  966.6    5.0  444.0   75.7  444.0
2020  86  3 26 1700  -27.5  966.5    5.9  444.0   75.0  444.0
2020  86  3 26 1800  -26.9  966.3    6.1  444.0   75.0  444.0
2020  86  3 26 1900  -27.4  966.2    6.3  444.0   74.4  444.0
2020  86  3 26 2000  -26.5  965.8    5.4  444.0   73.0  444.0
2020  86  3 26 2100  -25.9  965.4    5.5  444.0   74.9  444.0
2020  86  3 26 2200  -26.1  965.0    7.0  444.0   75.0  444.0
2020  86  3 26 2300  -26.4  964.7    6.4  444.0   75.0  444.0
2020  87  3 27 0000  -26.8  964.6    4.9  444.0   73.0  444.0
2020  87  3 27 0100  -27.2  964.2    4.7  444.0   74.0  444.0
2020  87  3 27 0200  -27.1  964.0    3.9  444.0   73.1  444.0
2020  87  3 27 0300  -27.5  963.5    3.1  444.0   72.0  444.0
2020  87  3 27 0400  -28.1  963.0    4.0  444.0   73.9  444.0
2020  87  3 27 0500  -28.9  963.0    3.0  444.0   74.0  444.0
2020  87  3 27 0600  -29.1  962.9    3.0  444.0   75.0  444.0
2020  87  3 27 0700  -28.6  962.6    4.0  444.0   74.6  444.0
2020  87  3 27 0800  -25.1  962.4    7.4  444.0   68.0  444.0
2020  87  3 27 0900  -24.0  962.1    7.2  444.0   70.1  444.0
2020  87  3 27 1000  -23.1  961.9    9.3  444.0   74.0  444.0
2020  87  3 27 1100  -25.1  961.5    5.7  444.0   68.0  444.0
2020  87  3 27 1200  -24.2  961.3    6.5  444.0   68.2  444.0
2020  87  3 27 1300  -24.6  960.9    8.6  444.0   70.0  444.0
2020  87  3 27 1400  -23.2  960.4   12.7  444.0   76.0  444.0
2020  87  3 27 1500  -24.0  960.4   11.2  444.0   75.0  444.0
2020  87  3 27 1600  -25.6  960.7    8.7  444.0   74.0  444.0
2020  87  3 27 1700  444.0  960.8    7.7  444.0   73.6  444.0
2020  87  3 27 1800  -30.3  961.4    3.5  444.0   75.0  444.0
2020  87  3 27 1900  -30.5  961.5    5.6  444.0   73.4  444.0
2020  87  3 27 2000  -32.8  961.7    5.8  444.0   73.0  444.0
2020  87  3 27 2100  -36.3  962.2    5.7  444.0   71.0  444.0
2020  87  3 27 2200  -38.5  963.1    5.4  444.0   70.1  444.0
2020  87  3 27 2300  -31.0  964.4    4.5  444.0   73.0  444.0
2020  88  3 28 0000  -29.9  964.5    3.3  444.0   69.8  444.0
2020  88  3 28 0100  -28.9  964.8    4.4  444.0   73.7  444.0
2020  88  3 28 0200  -26.8  965.0    8.6  444.0   73.0  444.0
2020  88  3 28 0300  -26.1  965.3   10.1  444.0   74.0  444.0
2020  88  3 28 0400  -26.1  965.3    9.5  444.0   74.0  444.0
2020  88  3 28 0500  -25.8  965.5    9.6  444.0   75.3  444.0
2020  88  3 28 0600  -26.3  966.1    8.1  444.0   74.0  444.0
2020  88  3 28 0700  -26.6  966.2    8.1  444.0   76.0  444.0
2020  88  3 28 0800  -26.5  966.7    7.1  444.0   77.0  444.0
2020  88  3 28 0900  -26.1  966.7   10.5  444.0   77.0  444.0
2020  88  3 28 1000  -26.1  966.8   10.1  444.0   77.4  444.0
2020  88  3 28 1100  -25.5  966.6   10.5  444.0   77.0  444.0
2020  88  3 28 1200  -24.6  966.6   11.1  444.0   77.3  444.0
2020  88  3 28 1300  -24.3  966.7   12.1  444.0   78.0  444.0
2020  88  3 28 1400  -24.1  966.6   13.1  444.0   78.0  444.0
2020  88  3 28 1500  -23.9  966.5   13.6  444.0   78.9  444.0
2020  88  3 28 1600  -24.1  966.5   12.5  444.0   79.0  444.0
2020  88  3 28 1700  -24.1  966.6   13.0  444.0   78.7  444.0
2020  88  3 28 1800  -23.7  966.4   13.1  444.0   79.0  444.0
2020  88  3 28 1900  -24.3  966.6   14.8  444.0   79.0  444.0
2020  88  3 28 2000  -24.2  966.7   15.9  444.0   79.1  444.0
2020  88  3 28 2100  -24.3  966.6   16.4  444.0   79.0  444.0
2020  88  3 28 2200  -24.3  967.4   14.0  444.0   78.5  444.0
2020  88  3 28 2300  -24.3  967.4   13.3  444.0   79.0  444.0
2020  89  3 29 0000  -24.1  967.7   15.3  444.0   79.0  444.0
2020  89  3 29 0100  -23.5  968.1   13.3  444.0   79.0  444.0
2020  89  3 29 0200  -23.2  968.7   12.9  444.0   79.0  444.0
2020  89  3 29 0300  -23.4  968.8   13.6  444.0   79.3  444.0
2020  89  3 29 0400  -22.9  969.2   13.1  444.0   80.0  444.0
2020  89  3 29 0500  -22.9  969.4   13.9  444.0   79.0  444.0
2020  89  3 29 0600  -23.3  969.8   15.1  444.0   79.0  444.0
2020  89  3 29 0700  -23.7  970.9   12.6  444.0   78.0  444.0
2020  89  3 29 0800  -24.1  971.3   11.8  444.0   78.0  444.0
2020  89  3 29 0900  -24.2  972.1   13.9  444.0   78.0  444.0
2020  89  3 29 1000  -24.4  972.2   16.3  444.0   78.0  444.0
2020  89  3 29 1100  -23.9  973.1   14.9  444.0   78.0  444.0
2020  89  3 29 1200  -25.2  973.7   11.7  444.0   75.0  444.0
2020  89  3 29 1300  -26.6  973.9   10.5  444.0   74.5  444.0
2020  89  3 29 1400  -27.1  974.4   10.8  444.0   75.0  444.0
2020  89  3 29 1500  -26.8  974.4   13.2  444.0   75.0  444.0
2020  89  3 29 1600  -27.2  974.6   11.0  444.0   75.0  444.0
2020  89  3 29 1700  -28.3  975.1   11.8  444.0   75.0  444.0
2020  89  3 29 1800  -28.1  975.1   10.9  444.0   73.7  444.0
2020  89  3 29 1900  444.0  976.1    9.3  444.0   73.0  444.0
2020  89  3 29 2000  444.0  976.2    9.7  444.0   75.6  444.0
2020  89  3 29 2100  444.0  976.8   10.7  444.0   75.0  444.0
2020  89  3 29 2200  444.0  977.1   11.6  444.0   75.0  444.0
2020  89  3 29 2300  444.0  977.8   10.8  444.0   75.0  444.0
2020  90  3 30 0000  -29.2  978.3   11.8  444.0   75.0  444.0
2020  90  3 30 0100  444.0  978.6   11.7  444.0   76.0  444.0
2020  90  3 30 0200  444.0  979.0    9.6  444.0   77.0  444.0
2020  90  3 30 0300  -26.4  978.7    9.8  444.0   77.0  444.0
2020  90  3 30 0400  -25.4  979.0    8.6  444.0   76.0  444.0
2020  90  3 30 0500  -25.4  979.4    7.9  444.0   75.8  444.0
2020  90  3 30 0600  -25.1  979.9    7.9  444.0   75.7  444.0
2020  90  3 30 0700  -24.2  980.4    7.3  444.0   76.0  444.0
2020  90  3 30 0800  -19.4  980.5   13.3  444.0   77.0  444.0
2020  90  3 30 0900  -20.6  981.1   10.3  444.0   75.0  444.0
2020  90  3 30 1000  -22.2  981.9    9.3  444.0   75.0  444.0
2020  90  3 30 1100  -22.7  981.6   10.3  444.0   73.9  444.0
2020  90  3 30 1200  -21.9  982.5   10.7  444.0   73.0  444.0
2020  90  3 30 1300  -24.1  983.5    8.2  444.0   77.0  444.0
2020  90  3 30 1400  -23.9  983.8   10.8  444.0   73.0  444.0
2020  90  3 30 1500  -24.7  984.7    9.4  444.0   74.0  444.0
2020  90  3 30 1600  -23.1  985.1   10.1  444.0   71.4  444.0
2020  90  3 30 1700  -22.4  985.7   10.8  444.0   70.0  444.0
2020  90  3 30 1800  -23.1  986.2    9.6  444.0   68.0  444.0
2020  90  3 30 1900  -23.5  986.8    8.2  444.0   70.0  444.0
2020  90  3 30 2000  -24.2  986.8    8.3  444.0   75.0  444.0
2020  90  3 30 2100  -22.8  987.3   10.6  444.0   76.9  444.0
2020  90  3 30 2200  -23.1  987.3   10.8  444.0   77.0  444.0
2020  90  3 30 2300  -23.4  988.0   10.2  444.0   77.0  444.0
2020  91  3 31 0000  -23.5  989.1    9.1  444.0   76.0  444.0
2020  91  3 31 0100  -24.6  989.0    5.5  444.0   76.0  444.0
2020  91  3 31 0200  -25.3  989.1    4.9  444.0   74.0  444.0
2020  91  3 31 0300  -25.1  989.3    5.6  444.0   76.0  444.0
2020  91  3 31 0400  -25.0  989.6    5.8  444.0   75.6  444.0
2020  91  3 31 0500  -25.0  989.8    6.8  444.0   76.8  444.0
2020  91  3 31 0600  -25.2  990.0    7.6  444.0   78.0  444.0
2020  91  3 31 0700  -24.6  990.2    8.8  444.0   78.0  444.0
2020  91  3 31 0800  -24.7  990.0    9.1  444.0   77.9  444.0
2020  91  3 31 0900  -23.5  990.0   10.7  444.0   78.9  444.0
2020  91  3 31 1000  -23.0  989.9   12.6  444.0   79.0  444.0
2020  91  3 31 1100  -23.2  990.1   12.8  444.0   79.0  444.0
2020  91  3 31 1200  -23.0  989.7   14.5  444.0   79.0  444.0
2020  91  3 31 1300  -22.6  990.0   13.5  444.0   78.6  444.0
2020  91  3 31 1400  -22.8  989.5   14.1  444.0   79.0  444.0
2020  91  3 31 1500  -22.5  989.3   13.7  444.0   78.0  444.0
2020  91  3 31 1600  -22.2  989.1   12.9  444.0   77.0  444.0
2020  91  3 31 1700  -22.2  989.1   11.1  444.0   76.0  444.0
2020  91  3 31 1800  -22.1  988.9   11.2  444.0   76.0  444.0
2020  91  3 31 1900  -22.2  989.1   10.6  444.0   77.0  444.0
2020  91  3 31 2000  -22.6  988.9   10.0  444.0   75.0  444.0
2020  91  3 31 2100  -22.6  988.7    9.2  444.0   74.0  444.0
2020  91  3 31 2200  -23.3  988.4    9.3  444.0   77.0  444.0
2020  91  3 31 2300  -22.1  988.4    8.6  444.0   73.0  444.0
