Year: 2017  Month: 02  ID: MLN  ARGOS:  8934  Name: Marilyn             
Lat: 79.93S  Lon: 165.56E  Elev:   62m
2017  32  2  1 0000  -15.5  996.3    2.2  164.0   79.0  444.0
2017  32  2  1 0100  -14.7  996.1    2.0  143.0   79.0  444.0
2017  32  2  1 0200  444.0  995.6    0.1  155.0   80.0  444.0
2017  32  2  1 0300  444.0  995.1    0.7  236.0   77.0  444.0
2017  32  2  1 0400  -13.3  994.9    1.9  199.0   78.0  444.0
2017  32  2  1 0500  -13.0  994.4    1.7  175.0   79.0  444.0
2017  32  2  1 0600  -13.2  994.0    0.8  204.0   76.0  444.0
2017  32  2  1 0700  444.0  993.7    0.3  258.0   74.0  444.0
2017  32  2  1 0800  -15.4  993.4    1.7  271.0   79.0  444.0
2017  32  2  1 0900  -15.5  992.9    1.7  262.0   83.0  444.0
2017  32  2  1 1000  -17.4  992.6    2.2  268.0   82.0  444.0
2017  32  2  1 1100  -18.6  992.2    2.1  300.0   81.0  444.0
2017  32  2  1 1200  -19.3  991.7    2.2  293.0   85.0  444.0
2017  32  2  1 1300  -21.3  991.4    1.7  320.0   83.0  444.0
2017  32  2  1 1400  -20.5  990.8    3.7  299.0   86.0  444.0
2017  32  2  1 1500  -20.4  990.2    3.1  299.0   84.0  444.0
2017  32  2  1 1600  -20.2  989.6    2.9  307.0   82.0  444.0
2017  32  2  1 1700  -20.4  989.4    3.2  294.0   80.0  444.0
2017  32  2  1 1800  -20.9  989.1    2.5  292.0   76.0  444.0
2017  32  2  1 1900  -19.9  988.7    1.2  280.0   74.0  444.0
2017  32  2  1 2000  -19.6  988.3    1.9  273.0   74.0  444.0
2017  32  2  1 2100  -18.0  987.9    1.6  299.0   73.0  444.0
2017  32  2  1 2200  -16.9  987.6    1.4  343.0   73.0  444.0
2017  32  2  1 2300  -15.3  987.3    0.8  295.0   71.0  444.0
2017  33  2  2 0000  -13.3  987.0    0.8  317.0   70.0  444.0
2017  33  2  2 0100  -12.9  986.2    2.0  339.0   73.0  444.0
2017  33  2  2 0200  -10.5  985.7    1.0  309.0   71.0  444.0
2017  33  2  2 0300  444.0  985.3    0.7  186.0   68.9  444.0
2017  33  2  2 0400   -8.5  984.9    1.0  296.0   70.3  444.0
2017  33  2  2 0500   -9.4  984.5    1.8  195.0   76.0  444.0
2017  33  2  2 0600   -9.9  984.2    1.1  220.0   76.0  444.0
2017  33  2  2 0700  -10.9  984.1    0.4  319.0   76.0  444.0
2017  33  2  2 0800  -14.6  984.3    2.6   12.0   79.0  444.0
2017  33  2  2 0900  -16.3  984.5    2.2  353.0   79.4  444.0
2017  33  2  2 1000  -17.9  984.4    2.4   38.0   79.0  444.0
2017  33  2  2 1100  -19.9  984.3    3.0   26.0   79.0  444.0
2017  33  2  2 1200  -21.4  984.4    3.3   30.0   78.0  444.0
2017  33  2  2 1300  -22.4  984.6    1.5   17.0   79.0  444.0
2017  33  2  2 1400  -22.5  984.6    1.6  317.0   77.2  444.0
2017  33  2  2 1500  -23.8  984.8    2.3   62.0   77.0  444.0
2017  33  2  2 1600  -24.2  985.2    1.6   80.0   76.0  444.0
2017  33  2  2 1700  -24.3  985.2    2.0   55.0   82.0  444.0
2017  33  2  2 1800  -23.9  985.5    1.9   82.0   80.0  444.0
2017  33  2  2 1900  -23.3  985.8    2.4   84.0   77.0  444.0
2017  33  2  2 2000  -22.9  986.1    3.0   83.0   78.0  444.0
2017  33  2  2 2100  -22.2  986.4    2.8  101.0   78.0  444.0
2017  33  2  2 2200  -21.0  986.7    2.8  112.0   80.0  444.0
2017  33  2  2 2300  -19.7  986.9    2.3  136.0   85.0  444.0
2017  34  2  3 0000  -19.3  987.0    2.6  151.0   80.0  444.0
2017  34  2  3 0100  -18.6  986.8    2.4  151.0   78.1  444.0
2017  34  2  3 0200  -17.3  986.3    3.3  196.0   79.0  444.0
2017  34  2  3 0300  -16.4  986.1    4.6  170.0   79.0  444.0
2017  34  2  3 0400  -15.5  985.7    3.1  155.0   78.0  444.0
2017  34  2  3 0500  -15.3  985.7    3.1  128.0   78.0  444.0
2017  34  2  3 0600  -16.0  986.0    3.2  110.0   77.1  444.0
2017  34  2  3 0700  -16.4  986.2    3.0  125.0   77.0  444.0
2017  34  2  3 0800  -16.9  986.2    2.7  123.0   77.0  444.0
2017  34  2  3 0900  -17.4  986.2    2.6  139.0   78.0  444.0
2017  34  2  3 1000  -18.4  986.0    2.6  152.0   78.0  444.0
2017  34  2  3 1100  -18.8  986.1    2.1  157.0   78.0  444.0
2017  34  2  3 1200  -18.8  985.9    3.4  170.0   82.0  444.0
2017  34  2  3 1300  -18.6  986.2    2.2  186.0   81.0  444.0
2017  34  2  3 1400  -17.6  986.0    2.1  180.0   81.0  444.0
2017  34  2  3 1500  -15.4  985.6    4.0  184.0   78.0  444.0
2017  34  2  3 1600  -14.7  985.7    3.0  169.0   78.0  444.0
2017  34  2  3 1700  -14.5  985.5    3.6  170.0   77.0  444.0
2017  34  2  3 1800  -13.1  985.1    5.4  164.0   77.0  444.0
2017  34  2  3 1900  -12.3  985.2    6.0  156.0   75.1  444.0
2017  34  2  3 2000  -10.8  985.1    5.7  154.0   75.0  444.0
2017  34  2  3 2100  -10.0  985.7    4.2  123.0   72.0  444.0
2017  34  2  3 2200   -9.8  985.6    4.7  148.0   72.0  444.0
2017  34  2  3 2300  -10.1  985.5    5.4  157.0   73.6  444.0
2017  35  2  4 0000   -9.6  985.4    6.3  143.0   77.0  444.0
2017  35  2  4 0100   -8.1  985.1    7.4  156.0   78.0  444.0
2017  35  2  4 0200   -7.3  985.1    6.3  145.0   74.0  444.0
2017  35  2  4 0300   -6.8  985.1    7.2  142.0   71.0  444.0
2017  35  2  4 0400   -7.1  985.0    7.3  139.0   74.8  444.0
2017  35  2  4 0500   -7.1  985.2    7.1  136.0   76.0  444.0
2017  35  2  4 0600   -6.8  985.3    6.6  132.0   75.0  444.0
2017  35  2  4 0700   -7.3  985.7    6.2  122.0   77.8  444.0
2017  35  2  4 0800   -7.6  986.1    6.2  109.0   75.0  444.0
2017  35  2  4 0900   -8.7  986.6    4.7  113.0   79.0  444.0
2017  35  2  4 1000   -8.3  986.7    6.5  110.0   75.0  444.0
2017  35  2  4 1100   -9.6  986.9    5.4  123.0   79.0  444.0
2017  35  2  4 1200   -8.9  987.2    5.7  113.0   75.3  444.0
2017  35  2  4 1300   -9.6  987.5    5.1  125.0   76.0  444.0
2017  35  2  4 1400   -9.9  987.2    5.0  135.0   76.0  444.0
2017  35  2  4 1500   -8.4  987.3    5.4  129.0   78.0  444.0
2017  35  2  4 1600   -7.3  987.3    5.5  130.0   80.0  444.0
2017  35  2  4 1700   -7.0  987.2    5.9  128.0   76.1  444.0
2017  35  2  4 1800   -7.1  987.4    6.3  124.0   76.0  444.0
2017  35  2  4 1900   -6.7  987.5    5.7  125.0   76.0  444.0
2017  35  2  4 2000   -6.4  987.6    6.3  116.0   75.0  444.0
2017  35  2  4 2100   -6.3  987.5    6.8  121.0   74.1  444.0
2017  35  2  4 2200   -5.6  987.8    6.8  106.0   69.4  444.0
2017  35  2  4 2300   -5.6  988.1    6.1  128.0   69.0  444.0
2017  36  2  5 0000   -4.8  987.7    4.6  110.0   64.0  444.0
2017  36  2  5 0100   -5.0  987.5    5.5  152.0   72.0  444.0
2017  36  2  5 0200   -5.0  987.4    7.3  151.0   70.0  444.0
2017  36  2  5 0300   -5.6  987.1    6.2  142.0   73.0  444.0
2017  36  2  5 0400   -6.2  986.6    4.7  132.0   76.3  444.0
2017  36  2  5 0500   -6.1  986.2    6.3  141.0   73.0  444.0
2017  36  2  5 0600   -6.4  986.1    4.3  128.0   74.0  444.0
2017  36  2  5 0700   -4.8  985.6    3.6  128.0   61.0  444.0
2017  36  2  5 0800   -6.5  985.4    3.4  125.0   71.0  444.0
2017  36  2  5 0900   -7.5  984.9    4.2  110.0   72.0  444.0
2017  36  2  5 1000  -11.6  984.7    3.5  161.0   79.0  444.0
2017  36  2  5 1100  -10.2  983.9    4.0  151.0   80.0  444.0
2017  36  2  5 1200  -11.0  983.2    4.0  172.0   80.0  444.0
2017  36  2  5 1300  -12.4  982.7    4.4  166.0   84.0  444.0
2017  36  2  5 1400  -12.2  981.8    5.4  169.0   82.0  444.0
2017  36  2  5 1500  -12.3  981.3    5.3  166.0   78.2  444.0
2017  36  2  5 1600  -12.4  981.2    4.9  168.0   80.0  444.0
2017  36  2  5 1700  -12.3  980.8    4.3  154.0   81.0  444.0
2017  36  2  5 1800  -13.5  980.4    4.4  157.0   84.0  444.0
2017  36  2  5 1900  -12.4  980.0    4.5  145.0   83.0  444.0
2017  36  2  5 2000  -10.9  979.5    4.9  139.0   80.0  444.0
2017  36  2  5 2100   -9.2  979.5    4.9  158.0   82.0  444.0
2017  36  2  5 2200   -8.9  979.2    5.0  155.0   79.0  444.0
2017  36  2  5 2300   -8.0  978.8    5.2  156.0   78.0  444.0
2017  37  2  6 0000   -7.4  978.3    5.5  158.0   76.0  444.0
2017  37  2  6 0100   -6.8  977.8    5.4  164.0   74.0  444.0
2017  37  2  6 0200   -6.7  977.7    6.7  171.0   73.3  444.0
2017  37  2  6 0300   -6.7  977.4    5.8  180.0   76.0  444.0
2017  37  2  6 0400   -6.6  977.2    4.7  177.0   77.0  444.0
2017  37  2  6 0500   -6.4  977.0    4.6  169.0   75.0  444.0
2017  37  2  6 0600   -6.3  977.0    5.0  171.0   74.0  444.0
2017  37  2  6 0700   -6.4  977.0    6.5  194.0   75.2  444.0
2017  37  2  6 0800   -6.5  977.1    6.3  191.0   75.0  444.0
2017  37  2  6 0900   -7.2  977.3    4.8  176.0   81.0  444.0
2017  37  2  6 1000   -7.7  977.4    3.2  169.0   87.0  444.0
2017  37  2  6 1100   -8.1  977.7    3.2  177.0   88.0  444.0
2017  37  2  6 1200   -6.5  978.0    5.0  137.0   90.8  444.0
2017  37  2  6 1300   -5.7  978.1    5.2  145.0   94.0  444.0
2017  37  2  6 1400   -5.4  978.2    3.1  149.0   95.0  444.0
2017  37  2  6 1500   -5.1  978.4    5.1   89.0   89.0  444.0
2017  37  2  6 1600  -12.2  979.3    7.4   45.0   84.0  444.0
2017  37  2  6 1700  -12.5  980.8    7.3   52.0   87.6  444.0
2017  37  2  6 1800  -16.3  982.2    6.6   55.0   81.0  444.0
2017  37  2  6 1900  -19.1  983.8    6.8   58.0   76.0  444.0
2017  37  2  6 2000  -19.2  984.8    5.3   92.0   75.0  444.0
2017  37  2  6 2100  -18.8  985.9    6.6   94.0   77.0  444.0
2017  37  2  6 2200  -17.4  986.9    7.4   90.0   79.4  444.0
2017  37  2  6 2300  -15.9  987.4    6.9   95.0   82.0  444.0
2017  38  2  7 0000  -14.6  988.1    5.1  108.0   85.0  444.0
2017  38  2  7 0100  -13.6  988.8    2.6  118.0   85.0  444.0
2017  38  2  7 0200  -12.8  989.4    1.9  139.0   84.0  444.0
2017  38  2  7 0300  -11.6  990.2    1.6  137.0   85.4  444.0
2017  38  2  7 0400  -10.4  990.7    1.5  101.0   80.0  444.0
2017  38  2  7 0500  -11.4  991.4    2.9  138.0   82.3  444.0
2017  38  2  7 0600  -11.4  992.2    2.9  146.0   86.0  444.0
2017  38  2  7 0700  -11.3  992.7    3.3  149.0   86.0  444.0
2017  38  2  7 0800  -10.9  993.1    3.7  180.0   89.5  444.0
2017  38  2  7 0900   -9.3  993.1    3.4  170.0   91.0  444.0
2017  38  2  7 1000   -6.5  993.3    5.3  115.0   93.0  444.0
2017  38  2  7 1100   -6.0  993.5    6.4  104.0   94.0  444.0
2017  38  2  7 1200   -6.4  993.6    8.0  106.0   93.0  444.0
2017  38  2  7 1300   -6.7  994.0    8.0  108.0   93.0  444.0
2017  38  2  7 1400   -6.4  994.2    8.0  113.0   93.0  444.0
2017  38  2  7 1500   -6.2  994.5    8.1  110.0   93.3  444.0
2017  38  2  7 1600   -6.4  994.8    7.9  118.0   93.0  444.0
2017  38  2  7 1700   -6.4  994.9    8.2  119.0   92.5  444.0
2017  38  2  7 1800   -6.4  995.1    8.5  113.0   92.0  444.0
2017  38  2  7 1900   -6.2  995.3    8.7  122.0   91.0  444.0
2017  38  2  7 2000   -5.8  995.5    8.6  123.0   90.9  444.0
2017  38  2  7 2100   -5.3  995.4    9.0  122.0   91.0  444.0
2017  38  2  7 2200   -5.0  995.3    9.1  122.0   91.0  444.0
2017  38  2  7 2300   -4.8  995.5    9.0  123.0   90.0  444.0
2017  39  2  8 0000   -4.8  995.5    8.6  120.0   90.0  444.0
2017  39  2  8 0100   -4.9  995.5    8.4  118.0   89.6  444.0
2017  39  2  8 0200   -5.0  995.3    8.3  123.0   90.0  444.0
2017  39  2  8 0300   -4.9  995.1    7.6  118.0   90.0  444.0
2017  39  2  8 0400   -5.0  994.9    7.5  124.0   90.0  444.0
2017  39  2  8 0500   -5.0  994.8    6.8  129.0   90.0  444.0
2017  39  2  8 0600   -5.3  994.7    5.9  134.0   89.9  444.0
2017  39  2  8 0700   -5.7  994.5    5.8  141.0   90.0  444.0
2017  39  2  8 0800   -6.2  994.4    5.5  151.0   88.3  444.0
2017  39  2  8 0900   -7.6  994.0    3.1  162.0   85.0  444.0
2017  39  2  8 1000   -9.5  993.7    3.4  164.0   81.0  444.0
2017  39  2  8 1100   -9.7  993.2    2.8  158.0   80.0  444.0
2017  39  2  8 1200  -10.4  992.7    5.3  176.0   78.9  444.0
2017  39  2  8 1300  -10.6  992.2    7.8  171.0   82.8  444.0
2017  39  2  8 1400  -10.5  991.8    9.4  170.0   81.0  444.0
2017  39  2  8 1500  -11.0  991.2    9.4  181.0   79.0  444.0
2017  39  2  8 1600  -11.4  990.9    8.8  179.0   78.0  444.0
2017  39  2  8 1700  -11.9  990.6    7.1  176.0   76.5  444.0
2017  39  2  8 1800  -11.4  990.4    8.2  154.0   73.7  444.0
2017  39  2  8 1900  -10.8  989.8   11.1  171.0   74.0  444.0
2017  39  2  8 2000  -10.8  989.5   12.5  177.0   73.0  444.0
2017  39  2  8 2100  -11.0  989.2   12.8  179.0   73.0  444.0
2017  39  2  8 2200  -10.8  989.0   12.3  174.0   71.5  444.0
2017  39  2  8 2300  -10.8  988.9   11.6  174.0   70.7  444.0
2017  40  2  9 0000  -10.7  988.3   11.0  170.0   71.0  444.0
2017  40  2  9 0100  -10.8  988.3   11.0  170.0   70.0  444.0
2017  40  2  9 0200  -10.9  988.1   10.2  175.0   70.0  444.0
2017  40  2  9 0300  -11.1  987.8    9.6  175.0   71.0  444.0
2017  40  2  9 0400  -11.2  987.7    7.4  176.0   72.0  444.0
2017  40  2  9 0500  -11.3  987.8    5.8  176.0   75.0  444.0
2017  40  2  9 0600  -10.5  987.7    6.0  183.0   74.8  444.0
2017  40  2  9 0700  -11.9  987.6    5.0  213.0   78.0  444.0
2017  40  2  9 0800  -13.4  987.2    5.7  154.0   82.0  444.0
2017  40  2  9 0900  -13.3  987.9    6.3  179.0   81.0  444.0
2017  40  2  9 1000  -14.3  987.5    5.0  192.0   84.0  444.0
2017  40  2  9 1100  -14.0  987.8    5.5  200.0   77.0  444.0
2017  40  2  9 1200  -15.3  988.2    5.7  193.0   76.0  444.0
2017  40  2  9 1300  -16.7  988.4    3.6  166.0   80.0  444.0
2017  40  2  9 1400  -18.3  988.4    2.9  195.0   85.0  444.0
2017  40  2  9 1500  -17.1  988.4    2.5  202.0   87.4  444.0
2017  40  2  9 1600  -16.3  988.4    2.4  169.0   90.3  444.0
2017  40  2  9 1700  -15.5  988.4    2.5  158.0   86.0  444.0
2017  40  2  9 1800  -14.8  988.5    1.3  173.0   86.0  444.0
2017  40  2  9 1900  -14.2  988.8    3.2  176.0   86.0  444.0
2017  40  2  9 2000  -12.5  988.7    1.6  175.0   85.7  444.0
2017  40  2  9 2100  -12.1  988.6    3.3  190.0   85.1  444.0
2017  40  2  9 2200  -12.2  988.7    3.8  203.0   86.0  444.0
2017  40  2  9 2300  -12.3  988.8    3.4  216.0   85.0  444.0
2017  41  2 10 0000  -12.1  988.9    3.7  195.0   84.0  444.0
2017  41  2 10 0100  -11.6  988.8    3.0  206.0   82.8  444.0
2017  41  2 10 0200  -11.3  988.7    3.1  167.0   84.0  444.0
2017  41  2 10 0300  -11.7  988.4    4.5  147.0   85.9  444.0
2017  41  2 10 0400  -12.7  988.4    5.4  141.0   84.5  444.0
2017  41  2 10 0500  -12.3  988.4    4.7  137.0   88.0  444.0
2017  41  2 10 0600  -11.9  988.4    5.0  148.0   88.0  444.0
2017  41  2 10 0700  -11.3  988.4    5.9  158.0   88.0  444.0
2017  41  2 10 0800  -10.7  988.4    4.6  165.0   88.0  444.0
2017  41  2 10 0900  -10.1  988.4    4.7  152.0   86.8  444.0
2017  41  2 10 1000   -9.9  988.3    4.0  174.0   90.0  444.0
2017  41  2 10 1100   -9.6  988.1    5.0  172.0   86.0  444.0
2017  41  2 10 1200   -9.5  988.0    5.3  166.0   83.0  444.0
2017  41  2 10 1300  -10.3  987.9    4.2  166.0   83.0  444.0
2017  41  2 10 1400  -10.4  987.6    4.7  163.0   83.2  444.0
2017  41  2 10 1500  -10.7  987.4    5.6  154.0   83.0  444.0
2017  41  2 10 1600  -11.3  987.4    5.4  141.0   82.0  444.0
2017  41  2 10 1700  -12.1  987.6    4.7  137.0   85.0  444.0
2017  41  2 10 1800  -12.0  987.7    5.1  144.0   85.0  444.0
2017  41  2 10 1900  -11.8  987.8    5.8  150.0   84.6  444.0
2017  41  2 10 2000  -11.7  987.9    5.3  141.0   85.0  444.0
2017  41  2 10 2100  -11.5  988.0    6.0  131.0   85.0  444.0
2017  41  2 10 2200  -11.7  987.9    6.1  131.0   84.0  444.0
2017  41  2 10 2300  -11.4  988.0    5.5  138.0   83.0  444.0
2017  42  2 11 0000  -10.6  988.0    4.9  137.0   84.0  444.0
2017  42  2 11 0100  -10.6  988.0    4.6  143.0   83.3  444.0
2017  42  2 11 0200  -10.2  987.9    4.1  137.0   81.0  444.0
2017  42  2 11 0300  -10.3  987.7    3.9  144.0   82.0  444.0
2017  42  2 11 0400  -10.1  987.5    2.3  172.0   83.0  444.0
2017  42  2 11 0500  -10.5  986.9    2.9  188.0   81.0  444.0
2017  42  2 11 0600  -10.6  986.8    5.1  194.0   75.3  444.0
2017  42  2 11 0700  -11.2  986.5    3.4  207.0   78.0  444.0
2017  42  2 11 0800  -11.9  985.9    2.9  235.0   77.0  444.0
2017  42  2 11 0900  -11.8  985.3    3.7  250.0   81.0  444.0
2017  42  2 11 1000  -11.5  984.7    6.7  226.0   80.0  444.0
2017  42  2 11 1100  -11.6  984.6    5.7  222.0   76.6  444.0
2017  42  2 11 1200  -12.2  984.2    5.0  230.0   79.0  444.0
2017  42  2 11 1300  -12.3  983.8    5.9  223.0   74.0  444.0
2017  42  2 11 1400  -12.6  983.5    5.5  210.0   77.0  444.0
2017  42  2 11 1500  -11.6  983.2    6.6  214.0   70.0  444.0
2017  42  2 11 1600  -12.5  982.7    7.6  222.0   71.0  444.0
2017  42  2 11 1700  -12.0  982.5    8.3  208.0   68.0  444.0
2017  42  2 11 1800  -13.0  982.5    7.5  224.0   72.0  444.0
2017  42  2 11 1900  -12.8  982.6    8.8  205.0   74.0  444.0
2017  42  2 11 2000  -12.9  982.7    9.6  191.0   73.0  444.0
2017  42  2 11 2100  -13.2  982.4   10.5  190.0   73.0  444.0
2017  42  2 11 2200  -13.2  982.5    8.5  193.0   73.0  444.0
2017  42  2 11 2300  -13.2  982.6    7.1  199.0   74.2  444.0
2017  43  2 12 0000  -12.8  982.8    5.8  182.0   73.0  444.0
2017  43  2 12 0100  -12.3  983.0    3.9  182.0   73.0  444.0
2017  43  2 12 0200  -12.1  982.9    3.6  151.0   75.0  444.0
2017  43  2 12 0300  -12.5  983.2    3.4  189.0   77.0  444.0
2017  43  2 12 0400  -12.1  983.3    5.1  182.0   74.3  444.0
2017  43  2 12 0500  -11.8  983.4    7.4  179.0   70.0  444.0
2017  43  2 12 0600  -11.4  983.6    8.1  169.0   65.0  444.0
2017  43  2 12 0700  -12.8  983.7    6.0  189.0   67.0  444.0
2017  43  2 12 0800  -13.3  983.7    5.5  185.0   63.0  444.0
2017  43  2 12 0900  -16.8  983.9    4.0  227.0   72.7  444.0
2017  43  2 12 1000  -16.4  983.8    3.7  214.0   66.0  444.0
2017  43  2 12 1100  -17.9  983.9    4.6  217.0   72.0  444.0
2017  43  2 12 1200  444.0  984.2    5.1  208.0   68.0  444.0
2017  43  2 12 1300  -18.3  984.2    5.3  211.0   70.0  444.0
2017  43  2 12 1400  444.0  984.4    5.0  202.0   69.7  444.0
2017  43  2 12 1500  444.0  984.5    5.5  206.0   65.0  444.0
2017  43  2 12 1600  444.0  984.7    4.2  220.0   72.0  444.0
2017  43  2 12 1700  -21.3  984.9    5.3  220.0   70.0  444.0
2017  43  2 12 1800  -19.0  985.0    5.4  212.0   64.4  444.0
2017  43  2 12 1900  -19.7  985.2    5.7  221.0   67.1  444.0
2017  43  2 12 2000  -18.9  985.7    5.4  226.0   69.0  444.0
2017  43  2 12 2100  -17.4  986.0    6.8  229.0   67.0  444.0
2017  43  2 12 2200  -16.6  986.3    5.7  225.0   68.0  444.0
2017  43  2 12 2300  -16.0  986.6    6.0  226.0   65.0  444.0
2017  44  2 13 0000  -14.4  986.8    5.4  217.0   65.2  444.0
2017  44  2 13 0100  -14.8  987.0    5.5  217.0   67.0  444.0
2017  44  2 13 0200  -14.1  987.2    5.3  222.0   67.6  444.0
2017  44  2 13 0300  -13.3  987.2    5.2  210.0   67.0  444.0
2017  44  2 13 0400  -13.6  987.3    5.2  206.0   70.0  444.0
2017  44  2 13 0500  -13.7  987.7    3.3  205.0   71.5  444.0
2017  44  2 13 0600  -14.1  988.1    3.6  200.0   74.8  444.0
2017  44  2 13 0700  -14.7  988.4    4.5  198.0   73.0  444.0
2017  44  2 13 0800  -15.6  988.7    3.7  198.0   75.0  444.0
2017  44  2 13 0900  -15.9  988.7    4.8  210.0   72.0  444.0
2017  44  2 13 1000  -17.5  989.0    4.7  212.0   74.0  444.0
2017  44  2 13 1100  -18.6  989.2    3.3  214.0   75.7  444.0
2017  44  2 13 1200  -19.6  989.2    4.3  221.0   77.7  444.0
2017  44  2 13 1300  -20.4  989.2    3.8  214.0   76.0  444.0
2017  44  2 13 1400  -21.0  989.3    4.4  223.0   76.0  444.0
2017  44  2 13 1500  -20.8  989.3    4.4  221.0   75.0  444.0
2017  44  2 13 1600  -20.0  989.1    5.3  220.0   73.0  444.0
2017  44  2 13 1700  -20.3  989.2    5.3  227.0   73.0  444.0
2017  44  2 13 1800  -19.2  989.1    6.8  228.0   72.0  444.0
2017  44  2 13 1900  -18.4  989.1    6.8  216.0   70.0  444.0
2017  44  2 13 2000  -17.7  989.1    6.4  224.0   70.0  444.0
2017  44  2 13 2100  -16.3  989.1    7.1  214.0   67.6  444.0
2017  44  2 13 2200  -15.4  989.1    7.1  205.0   64.8  444.0
2017  44  2 13 2300  -14.8  988.9    7.4  197.0   66.0  444.0
2017  45  2 14 0000  -14.0  989.1    7.3  189.0   69.1  444.0
2017  45  2 14 0100  -13.4  988.8    7.3  184.0   70.0  444.0
2017  45  2 14 0200  -12.9  988.7    6.0  186.0   72.0  444.0
2017  45  2 14 0300  -12.3  988.7    4.4  167.0   76.6  444.0
2017  45  2 14 0400  -12.8  988.6    3.6  141.0   79.0  444.0
2017  45  2 14 0500  -12.7  988.3    3.0  164.0   78.8  444.0
2017  45  2 14 0600  -12.5  988.3    2.7  171.0   81.0  444.0
2017  45  2 14 0700  -12.5  988.2    2.6  156.0   81.0  444.0
2017  45  2 14 0800  -13.0  987.9    2.2  130.0   83.0  444.0
2017  45  2 14 0900  -13.2  987.9    1.5  212.0   83.3  444.0
2017  45  2 14 1000  -13.8  987.6    2.9  174.0   84.8  444.0
2017  45  2 14 1100  -15.5  987.3    3.2  169.0   83.0  444.0
2017  45  2 14 1200  -16.6  986.9    3.4  170.0   84.0  444.0
2017  45  2 14 1300  -16.7  986.7    2.4  173.0   84.0  444.0
2017  45  2 14 1400  -16.5  986.4    3.1  198.0   84.5  444.0
2017  45  2 14 1500  -16.0  986.0    4.2  202.0   82.7  444.0
2017  45  2 14 1600  -16.1  985.6    3.5  199.0   83.0  444.0
2017  45  2 14 1700  -15.9  985.1    5.0  200.0   75.0  444.0
2017  45  2 14 1800  -16.2  985.0    3.8  183.0   78.0  444.0
2017  45  2 14 1900  -16.3  984.8    4.2  206.0   81.0  444.0
2017  45  2 14 2000  -15.4  984.4    3.8  191.0   77.3  444.0
2017  45  2 14 2100  -14.6  984.1    5.6  185.0   71.0  444.0
2017  45  2 14 2200  -14.4  983.9    4.2  166.0   66.0  444.0
2017  45  2 14 2300  -14.6  983.7    5.5  188.0   66.0  444.0
2017  46  2 15 0000  -14.7  983.2    2.4  231.0   67.1  444.0
2017  46  2 15 0100  -13.9  982.6    3.7  216.0   64.0  444.0
2017  46  2 15 0200  -14.1  982.0    3.6  224.0   67.0  444.0
2017  46  2 15 0300  -14.1  981.6    3.8  234.0   68.5  444.0
2017  46  2 15 0400  -12.7  981.0    4.8  191.0   61.0  444.0
2017  46  2 15 0500  -12.8  980.6    5.0  203.0   66.0  444.0
2017  46  2 15 0600  -14.8  980.2    3.9  230.0   70.0  444.0
2017  46  2 15 0700  -15.5  979.9    3.6  215.0   72.0  444.0
2017  46  2 15 0800  -16.2  979.6    5.0  225.0   71.6  444.0
2017  46  2 15 0900  -16.3  979.3    5.0  212.0   68.0  444.0
2017  46  2 15 1000  -14.4  979.0    6.0  197.0   59.0  444.0
2017  46  2 15 1100  -17.6  979.0    6.0  237.0   68.0  444.0
2017  46  2 15 1200  -16.8  978.6    4.6  210.0   66.0  444.0
2017  46  2 15 1300  -19.7  978.3    4.9  245.0   73.0  444.0
2017  46  2 15 1400  -22.1  978.0    3.9  230.0   76.0  444.0
2017  46  2 15 1500  -23.0  977.5    5.7  246.0   77.0  444.0
2017  46  2 15 1600  -18.9  977.2    6.7  234.0   70.0  444.0
2017  46  2 15 1700  -20.8  977.1    5.0  240.0   71.0  444.0
2017  46  2 15 1800  -18.1  976.6    6.3  206.0   66.0  444.0
2017  46  2 15 1900  -18.4  976.9    5.5  212.0   68.0  444.0
2017  46  2 15 2000  -18.1  976.6    5.7  205.0   68.0  444.0
2017  46  2 15 2100  -15.5  976.9    6.9  181.0   61.0  444.0
2017  46  2 15 2200  444.0  976.9    5.1  220.0   64.5  444.0
2017  46  2 15 2300  -14.9  976.5    7.9  191.0   68.0  444.0
2017  47  2 16 0000  -15.5  976.5    5.3  177.0   72.0  444.0
2017  47  2 16 0100  -14.2  976.7    6.3  191.0   69.2  444.0
2017  47  2 16 0200  -13.1  976.8    9.4  201.0   64.6  444.0
2017  47  2 16 0300  -12.8  976.7    8.6  194.0   59.0  444.0
2017  47  2 16 0400  -13.0  976.6    6.6  189.0   63.0  444.0
2017  47  2 16 0500  -13.2  976.9    5.2  188.0   62.0  444.0
2017  47  2 16 0600  -14.8  977.2    3.3  240.0   61.0  444.0
2017  47  2 16 0700  -16.3  976.9    3.2  248.0   69.2  444.0
2017  47  2 16 0800  -17.5  977.2    5.5  247.0   72.0  444.0
2017  47  2 16 0900  -18.4  977.0    4.5  264.0   72.0  444.0
2017  47  2 16 1000  -20.7  977.1    2.5  260.0   74.0  444.0
2017  47  2 16 1100  -20.6  976.9    5.6  268.0   75.0  444.0
2017  47  2 16 1200  -21.5  977.3    3.1  229.0   76.6  444.0
2017  47  2 16 1300  -23.2  977.9    1.6  156.0   79.0  444.0
2017  47  2 16 1400  -25.9  978.5    3.1  161.0   78.0  444.0
2017  47  2 16 1500  -26.4  979.3    4.5  145.0   77.0  444.0
2017  47  2 16 1600  -23.8  979.8    4.4  150.0   79.0  444.0
2017  47  2 16 1700  -23.1  980.2    4.3  152.0   80.3  444.0
2017  47  2 16 1800  444.0  980.8    4.0  138.0   77.0  444.0
2017  47  2 16 1900  -24.6  981.5    1.8  105.0   73.0  444.0
2017  47  2 16 2000  -24.2  982.4    1.5  155.0   73.0  444.0
2017  47  2 16 2100  -20.7  982.4    4.5  128.0   80.0  444.0
2017  47  2 16 2200  -20.2  983.1    4.2  151.0   77.8  444.0
2017  47  2 16 2300  -19.9  983.5    4.3  143.0   77.0  444.0
2017  48  2 17 0000  -18.6  983.7    3.7  143.0   78.0  444.0
2017  48  2 17 0100  -17.3  984.0    5.6  160.0   77.0  444.0
2017  48  2 17 0200  -15.7  984.2    4.3  166.0   76.0  444.0
2017  48  2 17 0300  -13.6  984.2    5.5  164.0   71.0  444.0
2017  48  2 17 0400  -12.5  983.9    5.5  174.0   67.0  444.0
2017  48  2 17 0500  -13.6  983.6    7.9  170.0   68.4  444.0
2017  48  2 17 0600  -14.5  983.6    7.5  175.0   69.0  444.0
2017  48  2 17 0700  -15.1  983.6    6.7  178.0   72.0  444.0
2017  48  2 17 0800  -15.8  983.6    6.0  187.0   72.0  444.0
2017  48  2 17 0900  -15.0  983.4    7.3  195.0   65.0  444.0
2017  48  2 17 1000  -16.5  983.2    5.1  201.0   66.6  444.0
2017  48  2 17 1100  -19.4  982.8    5.8  214.0   69.0  444.0
2017  48  2 17 1200  -20.4  982.6    5.5  208.0   71.0  444.0
2017  48  2 17 1300  -19.2  982.5    5.3  200.0   70.0  444.0
2017  48  2 17 1400  -20.8  982.3    4.9  204.0   73.0  444.0
2017  48  2 17 1500  -21.7  982.2    4.3  199.0   72.0  444.0
2017  48  2 17 1600  -22.7  982.3    3.5  198.0   73.0  444.0
2017  48  2 17 1700  -22.7  982.3    4.3  193.0   71.0  444.0
2017  48  2 17 1800  -21.8  982.3    3.2  193.0   70.0  444.0
2017  48  2 17 1900  -21.9  982.5    2.6  212.0   70.0  444.0
2017  48  2 17 2000  -20.0  982.3    3.7  170.0   67.8  444.0
2017  48  2 17 2100  -19.9  982.6    3.3  218.0   69.0  444.0
2017  48  2 17 2200  -18.1  982.5    4.8  203.0   65.0  444.0
2017  48  2 17 2300  -14.1  982.2    9.7  175.0   52.0  444.0
2017  49  2 18 0000  -14.3  981.9    8.7  183.0   58.0  444.0
2017  49  2 18 0100  -14.4  981.6    8.8  181.0   63.2  444.0
2017  49  2 18 0200  -14.7  981.3    5.9  192.0   70.0  444.0
2017  49  2 18 0300  -15.1  981.0    5.5  205.0   66.2  444.0
2017  49  2 18 0400  -18.8  980.9    4.3  176.0   72.0  444.0
2017  49  2 18 0500  -20.3  980.4    4.4  177.0   73.4  444.0
2017  49  2 18 0600  -21.2  980.2    4.8  164.0   74.0  444.0
2017  49  2 18 0700  -22.3  980.2    4.3  163.0   74.0  444.0
2017  49  2 18 0800  -23.2  980.7    2.0  177.0   78.2  444.0
2017  49  2 18 0900  -24.6  980.5    3.5  177.0   74.0  444.0
2017  49  2 18 1000  -24.6  980.3    4.4  137.0   75.0  444.0
2017  49  2 18 1100  444.0  980.6    2.2  177.0   76.0  444.0
2017  49  2 18 1200  444.0  980.6    2.8  179.0   78.0  444.0
2017  49  2 18 1300  444.0  980.8    3.8  180.0   77.8  444.0
2017  49  2 18 1400  444.0  980.9    3.2  180.0   76.0  444.0
2017  49  2 18 1500  -23.4  980.6    1.6  214.0   75.0  444.0
2017  49  2 18 1600  444.0  980.0    4.4  228.0   70.0  444.0
2017  49  2 18 1700  444.0  979.9    4.1  222.0   69.0  444.0
2017  49  2 18 1800  -23.3  979.8    4.8  215.0   66.3  444.0
2017  49  2 18 1900  -21.4  980.0    6.2  199.0   66.0  444.0
2017  49  2 18 2000  -21.3  980.0    5.2  202.0   66.0  444.0
2017  49  2 18 2100  -21.4  980.3    3.7  156.0   70.0  444.0
2017  49  2 18 2200  -21.9  980.7    2.3  160.0   70.4  444.0
2017  49  2 18 2300  -22.1  980.8    2.6  157.0   70.2  444.0
2017  50  2 19 0000  -21.2  980.9    1.9  159.0   70.0  444.0
2017  50  2 19 0100  444.0  981.0    0.3  206.0   65.0  444.0
2017  50  2 19 0200  444.0  981.1    0.0    0.0   62.0  444.0
2017  50  2 19 0300  444.0  981.2    0.6  175.0   67.0  444.0
2017  50  2 19 0400  444.0  981.0    0.9   66.0   64.0  444.0
2017  50  2 19 0500  -19.7  981.1    1.3   53.0   69.0  444.0
2017  50  2 19 0600  -20.3  981.3    0.7    8.0   71.4  444.0
2017  50  2 19 0700  -19.9  981.5    0.2  323.0   69.0  444.0
2017  50  2 19 0800  -20.2  981.3    0.0    0.0   72.0  444.0
2017  50  2 19 0900  -19.7  981.4    0.7  216.0   72.0  444.0
2017  50  2 19 1000  -23.4  981.5    1.5  196.0   73.0  444.0
2017  50  2 19 1100  444.0  981.2    1.4   84.0   75.2  444.0
2017  50  2 19 1200  444.0  981.2    1.3  193.0   81.0  444.0
2017  50  2 19 1300  444.0  981.2    2.8  186.0   82.0  444.0
2017  50  2 19 1400  444.0  981.0    4.7  218.0   73.4  444.0
2017  50  2 19 1500  444.0  980.5    3.6  245.0   72.0  444.0
2017  50  2 19 1600  444.0  980.1    1.5  136.0   72.5  444.0
2017  50  2 19 1700  444.0  980.3    3.8  134.0   82.0  444.0
2017  50  2 19 1800  -25.4  980.6    3.9  159.0   78.0  444.0
2017  50  2 19 1900  -25.5  980.9    4.4  137.0   76.0  444.0
2017  50  2 19 2000  -25.1  981.1    2.2  134.0   74.0  444.0
2017  50  2 19 2100  -24.9  981.1    1.6  181.0   72.2  444.0
2017  50  2 19 2200  -23.4  981.5    2.6  154.0   73.0  444.0
2017  50  2 19 2300  -22.1  981.3    0.8  167.0   70.2  444.0
2017  51  2 20 0000  444.0  981.4    1.3  203.0   70.0  444.0
2017  51  2 20 0100  444.0  981.4    2.2  319.0   71.0  444.0
2017  51  2 20 0200  -20.5  980.7    3.3  327.0   70.2  444.0
2017  51  2 20 0300  -17.4  980.4    2.5  202.0   68.0  444.0
2017  51  2 20 0400  -19.5  980.0    4.4  174.0   72.9  444.0
2017  51  2 20 0500  -18.8  979.1    1.5  291.0   70.0  444.0
2017  51  2 20 0600  -19.0  978.5    5.2  297.0   68.0  444.0
2017  51  2 20 0700  -21.6  978.5    6.6  198.0   74.4  444.0
2017  51  2 20 0800  -23.7  978.7    4.5  178.0   74.3  444.0
2017  51  2 20 0900  -24.7  978.0    2.3  226.0   74.1  444.0
2017  51  2 20 1000  -21.8  977.1    1.6  269.0   73.0  444.0
2017  51  2 20 1100  -25.2  977.2    6.2  192.0   74.0  444.0
2017  51  2 20 1200  -29.0  977.6    1.5  191.0   75.0  444.0
2017  51  2 20 1300  -30.1  977.2    3.1  155.0   75.9  444.0
2017  51  2 20 1400  -30.2  977.3    3.3  156.0   77.0  444.0
2017  51  2 20 1500  -30.4  977.3    1.9  176.0   77.0  444.0
2017  51  2 20 1600  -30.8  977.3    3.0  166.0   76.0  444.0
2017  51  2 20 1700  -29.8  976.8    2.7  145.0   76.0  444.0
2017  51  2 20 1800  -29.5  977.3    2.8  160.0   76.0  444.0
2017  51  2 20 1900  -28.7  977.6    3.8  192.0   75.2  444.0
2017  51  2 20 2000  -27.6  977.5    0.5  141.0   70.0  444.0
2017  51  2 20 2100  -26.4  977.9    2.8  126.0   76.0  444.0
2017  51  2 20 2200  -26.1  978.2    2.7  135.0   74.0  444.0
2017  51  2 20 2300  -25.0  978.5    3.6  176.0   75.0  444.0
2017  52  2 21 0000  -23.7  979.2    3.0  126.0   75.4  444.0
2017  52  2 21 0100  -23.6  979.7    4.0  131.0   74.0  444.0
2017  52  2 21 0200  -23.9  980.4    3.8  128.0   74.0  444.0
2017  52  2 21 0300  -23.2  981.0    4.4  155.0   72.0  444.0
2017  52  2 21 0400  -21.9  981.0    1.8  133.0   72.0  444.0
2017  52  2 21 0500  -21.8  981.2    2.2  204.0   72.0  444.0
2017  52  2 21 0600  -22.0  981.6    4.2  157.0   73.2  444.0
2017  52  2 21 0700  -21.8  982.2    3.7  126.0   74.0  444.0
2017  52  2 21 0800  -23.8  982.7    2.9  127.0   76.0  444.0
2017  52  2 21 0900  -24.3  983.2    3.8  134.0   72.0  444.0
2017  52  2 21 1000  -25.7  983.7    3.4  108.0   72.0  444.0
2017  52  2 21 1100  -27.4  984.3    2.9  112.0   76.1  444.0
2017  52  2 21 1200  444.0  984.9    1.3  147.0   77.1  444.0
2017  52  2 21 1300  444.0  985.3    0.9  104.0   76.0  444.0
2017  52  2 21 1400  444.0  985.7    1.1  125.0   76.0  444.0
2017  52  2 21 1500  444.0  986.1    1.1  226.0   77.0  444.0
2017  52  2 21 1600  444.0  986.3    2.4  192.0   75.8  444.0
2017  52  2 21 1700  -30.1  986.7    0.6  218.0   77.1  444.0
2017  52  2 21 1800  -29.2  986.9    0.9  192.0   80.0  444.0
2017  52  2 21 1900  -28.2  987.6    2.2  189.0   75.0  444.0
2017  52  2 21 2000  444.0  988.4    1.4   16.0   76.0  444.0
2017  52  2 21 2100  -26.7  988.9    0.8  215.0   77.7  444.0
2017  52  2 21 2200  -24.4  989.2    2.9  216.0   75.0  444.0
2017  52  2 21 2300  -22.3  989.5    2.3  196.0   72.0  444.0
2017  53  2 22 0000  -20.9  990.0    4.0  191.0   69.0  444.0
2017  53  2 22 0100  -19.3  990.2    4.4  190.0   70.0  444.0
2017  53  2 22 0200  -18.5  990.4    3.3  199.0   71.3  444.0
2017  53  2 22 0300  -17.5  990.4    3.8  205.0   72.0  444.0
2017  53  2 22 0400  -17.3  990.6    4.4  202.0   65.9  444.0
2017  53  2 22 0500  -17.1  990.6    4.1  220.0   66.0  444.0
2017  53  2 22 0600  -17.2  990.6    3.2  229.0   71.0  444.0
2017  53  2 22 0700  -17.6  990.8    3.6  256.0   74.2  444.0
2017  53  2 22 0800  -17.1  990.9    3.8  212.0   72.0  444.0
2017  53  2 22 0900  -16.6  990.9    5.3  225.0   68.5  444.0
2017  53  2 22 1000  -16.8  991.2    4.8  224.0   68.0  444.0
2017  53  2 22 1100  -17.0  991.4    5.0  229.0   69.0  444.0
2017  53  2 22 1200  -17.1  991.7    5.8  231.0   67.0  444.0
2017  53  2 22 1300  -17.5  991.8    5.6  236.0   68.0  444.0
2017  53  2 22 1400  -17.9  992.2    4.8  239.0   69.5  444.0
2017  53  2 22 1500  -18.3  992.6    5.0  251.0   71.0  444.0
2017  53  2 22 1600  -18.4  993.1    6.4  243.0   69.0  444.0
2017  53  2 22 1700  -19.9  993.9    4.8  241.0   68.0  444.0
2017  53  2 22 1800  -20.8  994.7    4.8  274.0   67.0  444.0
2017  53  2 22 1900  -23.3  995.4    4.1  276.0   69.0  444.0
2017  53  2 22 2000  -20.6  996.0    5.5  249.0   69.0  444.0
2017  53  2 22 2100  -19.2  996.5    6.2  253.0   68.0  444.0
2017  53  2 22 2200  -18.5  997.2    6.8  253.0   69.0  444.0
2017  53  2 22 2300  -17.4  997.9    5.8  258.0   68.0  444.0
2017  54  2 23 0000  -17.2  998.6    2.9  269.0   67.0  444.0
2017  54  2 23 0100  444.0  998.9    2.9  257.0   71.0  444.0
2017  54  2 23 0200  -18.7  999.5    3.4  110.0   72.0  444.0
2017  54  2 23 0300  -17.5 1000.0    3.3  102.0   73.8  444.0
2017  54  2 23 0400  -16.8 1000.0    1.6   88.0   73.4  444.0
2017  54  2 23 0500  -15.9 1000.2    1.6  166.0   75.1  444.0
2017  54  2 23 0600  -15.6 1000.1    3.0  184.0   77.0  444.0
2017  54  2 23 0700  -18.2 1000.1    2.6  190.0   77.0  444.0
2017  54  2 23 0800  -19.2  999.9    2.2  220.0   77.0  444.0
2017  54  2 23 0900  -21.5  999.5    2.7  230.0   82.0  444.0
2017  54  2 23 1000  -22.5  999.1    3.4  222.0   83.5  444.0
2017  54  2 23 1100  -23.3  998.8    2.5  248.0   85.0  444.0
2017  54  2 23 1200  -25.4  998.3    1.6  259.0   82.0  444.0
2017  54  2 23 1300  444.0  997.8    4.9  236.0   80.0  444.0
2017  54  2 23 1400  -23.8  997.0    5.0  228.0   76.0  444.0
2017  54  2 23 1500  -24.5  996.4    5.2  223.0   77.0  444.0
2017  54  2 23 1600  -23.4  995.6    7.1  230.0   77.0  444.0
2017  54  2 23 1700  -21.8  994.7    7.3  220.0   73.0  444.0
2017  54  2 23 1800  -17.8  994.1    8.2  205.0   63.0  444.0
2017  54  2 23 1900  -17.5  993.5    9.4  214.0   62.0  444.0
2017  54  2 23 2000  -14.8  993.2    9.1  196.0   59.0  444.0
2017  54  2 23 2100  -14.7  992.6    9.0  195.0   60.1  444.0
2017  54  2 23 2200  -15.0  991.7   10.2  192.0   66.9  444.0
2017  54  2 23 2300  -14.3  991.2   11.2  192.0   65.0  444.0
2017  55  2 24 0000  -13.8  990.6   11.0  192.0   67.0  444.0
2017  55  2 24 0100  -13.3  989.9   10.8  191.0   69.0  444.0
2017  55  2 24 0200  -13.1  989.2   10.6  188.0   68.4  444.0
2017  55  2 24 0300  -12.5  988.6   10.1  184.0   69.2  444.0
2017  55  2 24 0400  -12.1  988.0   10.1  184.0   70.0  444.0
2017  55  2 24 0500  -12.1  987.7    9.7  183.0   70.0  444.0
2017  55  2 24 0600  -12.8  987.4    9.1  188.0   70.0  444.0
2017  55  2 24 0700  -12.9  987.0    9.3  177.0   68.0  444.0
2017  55  2 24 0800  -13.0  986.9    8.5  178.0   67.9  444.0
2017  55  2 24 0900  -12.9  986.6    7.7  182.0   68.0  444.0
2017  55  2 24 1000  -13.0  986.0    7.8  189.0   66.0  444.0
2017  55  2 24 1100  -13.4  985.7    8.2  184.0   65.0  444.0
2017  55  2 24 1200  -15.0  985.4    6.6  191.0   67.0  444.0
2017  55  2 24 1300  -15.6  985.2    6.6  196.0   68.0  444.0
2017  55  2 24 1400  -15.0  985.0    7.4  184.0   67.0  444.0
2017  55  2 24 1500  -16.8  984.8    5.4  199.0   70.0  444.0
2017  55  2 24 1600  -19.2  984.3    2.4  196.0   74.0  444.0
2017  55  2 24 1700  -20.9  983.9    3.7  204.0   78.0  444.0
2017  55  2 24 1800  -21.5  983.7    3.4  216.0   73.0  444.0
2017  55  2 24 1900  -25.2  983.6    4.4  162.0   77.0  444.0
2017  55  2 24 2000  -27.0  983.4    4.6  157.0   73.0  444.0
2017  55  2 24 2100  -27.0  983.9    4.6  143.0   80.0  444.0
2017  55  2 24 2200  -24.2  983.6    5.9   86.0   83.0  444.0
2017  55  2 24 2300  -20.4  983.3    7.0   66.0   82.0  444.0
2017  56  2 25 0000  -19.2  983.1    7.1   40.0   81.0  444.0
2017  56  2 25 0100  -19.0  983.7    2.0  118.0   81.2  444.0
2017  56  2 25 0200  -18.1  983.5    1.3   80.0   81.0  444.0
2017  56  2 25 0300  -18.1  983.3    2.1   82.0   82.0  444.0
2017  56  2 25 0400  -18.0  983.0    2.3   60.0   82.0  444.0
2017  56  2 25 0500  -17.9  982.7    1.6   80.0   82.0  444.0
2017  56  2 25 0600  -17.9  982.4    1.3   79.0   82.7  444.0
2017  56  2 25 0700  -17.8  982.4    0.8  100.0   82.8  444.0
2017  56  2 25 0800  -17.9  982.2    0.8  146.0   83.0  444.0
2017  56  2 25 0900  -17.9  982.2    0.9  129.0   84.0  444.0
2017  56  2 25 1000  -18.0  982.0    0.6   56.0   84.0  444.0
2017  56  2 25 1100  -18.2  981.9    0.5  219.0   84.0  444.0
2017  56  2 25 1200  -18.3  981.8    0.4  234.0   83.8  444.0
2017  56  2 25 1300  -18.6  981.6    0.6  216.0   84.0  444.0
2017  56  2 25 1400  -18.8  981.6    0.6  201.0   83.0  444.0
2017  56  2 25 1500  -19.1  981.4    2.0  214.0   83.0  444.0
2017  56  2 25 1600  -20.5  981.5    2.4  236.0   82.0  444.0
2017  56  2 25 1700  -22.4  981.5    2.1  240.0   80.0  444.0
2017  56  2 25 1800  -25.0  981.4    2.2  234.0   77.0  444.0
2017  56  2 25 1900  -26.7  981.5    1.3  259.0   75.0  444.0
2017  56  2 25 2000  -26.1  981.5    1.1  296.0   76.0  444.0
2017  56  2 25 2100  444.0  981.5    2.9  220.0   77.0  444.0
2017  56  2 25 2200  -22.6  981.8    3.0  226.0   77.0  444.0
2017  56  2 25 2300  -22.1  982.2    4.0  212.0   77.0  444.0
2017  57  2 26 0000  -19.2  982.2    6.0  192.0   74.9  444.0
2017  57  2 26 0100  -19.2  982.3    5.0  217.0   68.0  444.0
2017  57  2 26 0200  -19.0  982.3    4.3  198.0   65.0  444.0
2017  57  2 26 0300  -18.6  982.2    4.3  197.0   65.0  444.0
2017  57  2 26 0400  -19.1  982.1    4.7  200.0   67.0  444.0
2017  57  2 26 0500  -20.3  982.1    3.3  184.0   71.1  444.0
2017  57  2 26 0600  -21.3  982.4    2.8  189.0   72.0  444.0
2017  57  2 26 0700  444.0  982.6    3.2  200.0   73.0  444.0
2017  57  2 26 0800  444.0  982.7    3.5  182.0   74.0  444.0
2017  57  2 26 0900  -24.5  982.5    3.3  178.0   76.0  444.0
2017  57  2 26 1000  -26.1  982.7    2.1  164.0   76.3  444.0
2017  57  2 26 1100  444.0  982.7    3.1  180.0   80.0  444.0
2017  57  2 26 1200  444.0  982.5    3.7  177.0   79.0  444.0
2017  57  2 26 1300  -29.2  982.3    3.2  193.0   77.0  444.0
2017  57  2 26 1400  -29.3  982.3    2.8  198.0   78.0  444.0
2017  57  2 26 1500  -28.5  981.8    2.7  196.0   75.0  444.0
2017  57  2 26 1600  -28.6  981.5    2.0  219.0   72.8  444.0
2017  57  2 26 1700  444.0  981.4    3.6  210.0   76.3  444.0
2017  57  2 26 1800  -27.4  981.4    3.6  206.0   74.0  444.0
2017  57  2 26 1900  -26.9  981.4    2.6  202.0   74.0  444.0
2017  57  2 26 2000  -26.5  981.3    3.4  211.0   72.6  444.0
2017  57  2 26 2100  -25.1  981.1    4.1  214.0   71.0  444.0
2017  57  2 26 2200  -24.2  980.8    4.1  203.0   70.0  444.0
2017  57  2 26 2300  -23.8  980.6    3.8  228.0   71.0  444.0
2017  58  2 27 0000  -22.3  980.3    3.9  219.0   71.0  444.0
2017  58  2 27 0100  -20.1  979.6    6.1  206.0   69.9  444.0
2017  58  2 27 0200  -18.4  979.1    7.5  195.0   67.0  444.0
2017  58  2 27 0300  -16.5  978.4   12.2  196.0   64.2  444.0
2017  58  2 27 0400  -17.5  978.2   10.5  199.0   67.0  444.0
2017  58  2 27 0500  -18.2  978.1    8.2  207.0   67.3  444.0
2017  58  2 27 0600  -19.3  977.9    5.7  224.0   71.5  444.0
2017  58  2 27 0700  -19.4  977.4    7.3  214.0   72.0  444.0
2017  58  2 27 0800  -20.1  977.1    7.3  210.0   73.4  444.0
2017  58  2 27 0900  -20.4  976.7    8.0  205.0   73.0  444.0
2017  58  2 27 1000  -20.1  976.4    7.8  214.0   72.0  444.0
2017  58  2 27 1100  -18.9  976.4    7.7  216.0   74.0  444.0
2017  58  2 27 1200  -17.7  976.2    7.6  224.0   75.0  444.0
2017  58  2 27 1300  -17.5  976.2    7.2  221.0   75.1  444.0
2017  58  2 27 1400  -18.3  975.9    6.3  228.0   77.0  444.0
2017  58  2 27 1500  -18.6  975.6    6.4  224.0   77.7  444.0
2017  58  2 27 1600  -18.9  975.7    7.0  221.0   78.0  444.0
2017  58  2 27 1700  -18.4  975.9    8.2  220.0   76.0  444.0
2017  58  2 27 1800  -18.5  976.5    7.2  207.0   76.9  444.0
2017  58  2 27 1900  -17.1  977.5    6.4  202.0   76.0  444.0
2017  58  2 27 2000  -16.4  978.3    5.5  197.0   75.2  444.0
2017  58  2 27 2100  -16.6  979.6    3.1  154.0   78.0  444.0
2017  58  2 27 2200  -18.1  980.9    3.6  104.0   76.0  444.0
2017  58  2 27 2300  -18.1  982.7    5.1   95.0   77.0  444.0
2017  59  2 28 0000  -15.8  984.2    6.4  100.0   84.0  444.0
2017  59  2 28 0100  -12.9  985.1    6.8   96.0   84.9  444.0
2017  59  2 28 0200  -18.0  988.1   13.2   91.0   81.0  444.0
2017  59  2 28 0300  -20.5  990.1   14.1   93.0   78.8  444.0
2017  59  2 28 0400  -22.1  991.9   12.4   91.0   78.4  444.0
2017  59  2 28 0500  -22.0  993.4   11.6   96.0   78.0  444.0
2017  59  2 28 0600  -21.9  994.8   10.5  100.0   78.4  444.0
2017  59  2 28 0700  -21.6  996.7    7.7  121.0   79.0  444.0
2017  59  2 28 0800  -21.0  997.5    6.9  129.0   78.0  444.0
2017  59  2 28 0900  -20.7  998.1    6.8  138.0   78.0  444.0
2017  59  2 28 1000  -21.0  998.5    6.4  154.0   79.0  444.0
2017  59  2 28 1100  -21.5  998.7    5.0  142.0   80.9  444.0
2017  59  2 28 1200  444.0  998.8    6.4  149.0   81.0  444.0
2017  59  2 28 1300  -19.5  999.2    6.8  143.0   81.8  444.0
2017  59  2 28 1400  -18.6  999.3    7.3  136.0   83.0  444.0
2017  59  2 28 1500  -18.4  999.7    5.8  152.0   83.0  444.0
2017  59  2 28 1600  -17.9 1000.0    4.6  152.0   83.4  444.0
2017  59  2 28 1700  -18.0 1000.3    3.9  135.0   83.0  444.0
2017  59  2 28 1800  -18.6 1000.5    5.4  142.0   82.0  444.0
2017  59  2 28 1900  -19.5 1000.8    6.0  134.0   79.0  444.0
2017  59  2 28 2000  -19.2 1001.0    4.3  151.0   81.0  444.0
2017  59  2 28 2100  -17.6 1001.2    5.0  162.0   81.0  444.0
2017  59  2 28 2200  -16.8 1001.5    4.3  145.0   80.0  444.0
2017  59  2 28 2300  -16.8 1001.4    4.5  165.0   79.8  444.0
