Year: 2018  Month: 03  ID: MLN  ARGOS:  8934  Name: Marilyn             
Lat: 79.93S  Lon: 165.56E  Elev:   62m
2018  60  3  1 0000  -16.7  978.6    5.8  136.0   81.0  444.0
2018  60  3  1 0100  -17.5  979.1    5.4  146.0   79.0  444.0
2018  60  3  1 0200  -16.8  979.2    4.6  150.0   81.0  444.0
2018  60  3  1 0300  -17.1  979.4    4.2  154.0   79.0  444.0
2018  60  3  1 0400  -18.5  979.5    3.6  167.0   77.6  444.0
2018  60  3  1 0500  -20.9  979.5    3.0  153.0   78.0  444.0
2018  60  3  1 0600  444.0  979.8    2.3  172.0   80.0  444.0
2018  60  3  1 0700  -24.2  980.0    3.2  164.0   78.0  444.0
2018  60  3  1 0800  -24.2  980.1    2.4  147.0   78.0  444.0
2018  60  3  1 0900  444.0  980.3    3.0  157.0   77.2  444.0
2018  60  3  1 1000  -22.7  980.6    2.8  162.0   82.0  444.0
2018  60  3  1 1100  -20.6  980.9    3.6  142.0   83.0  444.0
2018  60  3  1 1200  -21.6  981.1    2.2  155.0   81.0  444.0
2018  60  3  1 1300  444.0  981.0    1.7  171.0   79.0  444.0
2018  60  3  1 1400  444.0  981.0    2.5  182.0   78.7  444.0
2018  60  3  1 1500  444.0  981.0    0.2  227.0   79.0  444.0
2018  60  3  1 1600  444.0  980.8    0.0    0.0   78.0  444.0
2018  60  3  1 1700  444.0  980.8    1.5  267.0   77.0  444.0
2018  60  3  1 1800  444.0  980.8    1.6  206.0   77.0  444.0
2018  60  3  1 1900  444.0  980.9    0.7  203.0   77.6  444.0
2018  60  3  1 2000  -23.6  980.8    1.7  209.0   78.0  444.0
2018  60  3  1 2100  -21.5  980.7    2.5  206.0   79.0  444.0
2018  60  3  1 2200  -19.9  980.7    2.4  200.0   80.0  444.0
2018  60  3  1 2300  444.0  980.8    3.5  177.0   80.8  444.0
2018  61  3  2 0000  -18.7  980.9    2.5  172.0   81.0  444.0
2018  61  3  2 0100  -18.0  981.0    2.0  186.0   80.0  444.0
2018  61  3  2 0200  -19.0  980.8    2.5  189.0   79.0  444.0
2018  61  3  2 0300  -19.1  980.5    3.0  194.0   78.0  444.0
2018  61  3  2 0400  -19.3  980.4    2.8  205.0   76.5  444.0
2018  61  3  2 0500  -19.0  980.4    3.6  212.0   73.0  444.0
2018  61  3  2 0600  -18.7  980.2    4.9  192.0   71.0  444.0
2018  61  3  2 0700  -18.4  980.3    6.0  189.0   68.9  444.0
2018  61  3  2 0800  -19.2  980.5    4.9  202.0   70.0  444.0
2018  61  3  2 0900  -20.4  980.5    4.6  213.0   71.0  444.0
2018  61  3  2 1000  -20.0  980.6    5.4  200.0   70.0  444.0
2018  61  3  2 1100  -21.5  980.7    4.7  206.0   69.4  444.0
2018  61  3  2 1200  -21.1  980.7    5.1  207.0   70.0  444.0
2018  61  3  2 1300  -22.5  980.7    4.7  206.0   70.0  444.0
2018  61  3  2 1400  -23.9  980.9    3.5  200.0   74.0  444.0
2018  61  3  2 1500  -25.3  981.0    5.0  184.0   73.0  444.0
2018  61  3  2 1600  444.0  981.4    2.7  192.0   79.1  444.0
2018  61  3  2 1700  444.0  981.5    3.6  152.0   82.0  444.0
2018  61  3  2 1800  -23.0  981.5    3.9  152.0   81.0  444.0
2018  61  3  2 1900  -22.5  981.7    4.2  148.0   81.0  444.0
2018  61  3  2 2000  -21.4  981.9    3.3  172.0   81.0  444.0
2018  61  3  2 2100  -19.8  982.1    4.5  156.0   82.3  444.0
2018  61  3  2 2200  -19.3  982.4    4.0  145.0   82.0  444.0
2018  61  3  2 2300  -18.9  982.6    4.7  152.0   82.0  444.0
2018  62  3  3 0000  -18.9  982.8    5.9  152.0   81.0  444.0
2018  62  3  3 0100  -18.9  983.1    5.4  153.0   80.0  444.0
2018  62  3  3 0200  -18.6  983.3    4.7  149.0   78.7  444.0
2018  62  3  3 0300  -18.6  983.1    4.8  145.0   78.5  444.0
2018  62  3  3 0400  -18.4  983.3    4.2  140.0   81.0  444.0
2018  62  3  3 0500  -18.4  983.3    3.0  146.0   79.0  444.0
2018  62  3  3 0600  -18.4  983.5    3.4  183.0   80.0  444.0
2018  62  3  3 0700  -18.4  983.5    4.1  185.0   80.0  444.0
2018  62  3  3 0800  -18.8  983.7    4.3  177.0   77.5  444.0
2018  62  3  3 0900  -19.0  983.6    5.1  184.0   76.0  444.0
2018  62  3  3 1000  -20.9  983.7    5.0  189.0   68.0  444.0
2018  62  3  3 1100  -25.1  983.7    3.7  210.0   69.0  444.0
2018  62  3  3 1200  444.0  983.8    4.5  208.0   71.0  444.0
2018  62  3  3 1300  444.0  984.0    5.5  203.0   71.0  444.0
2018  62  3  3 1400  444.0  984.0    5.1  199.0   71.0  444.0
2018  62  3  3 1500  444.0  983.8    4.0  208.0   77.0  444.0
2018  62  3  3 1600  -28.1  983.5    2.7  198.0   79.0  444.0
2018  62  3  3 1700  444.0  983.3    4.3  229.0   76.0  444.0
2018  62  3  3 1800  444.0  983.0    4.6  209.0   75.0  444.0
2018  62  3  3 1900  -28.9  982.9    4.4  214.0   76.0  444.0
2018  62  3  3 2000  -28.4  982.7    5.6  218.0   74.0  444.0
2018  62  3  3 2100  -28.2  982.7    5.2  218.0   73.0  444.0
2018  62  3  3 2200  -24.8  982.5    8.0  208.0   71.0  444.0
2018  62  3  3 2300  -25.1  982.6    6.8  215.0   70.0  444.0
2018  63  3  4 0000  -22.8  982.7    8.6  222.0   72.0  444.0
2018  63  3  4 0100  -23.1  982.9    6.5  233.0   71.5  444.0
2018  63  3  4 0200  -24.5  983.0    5.1  249.0   70.8  444.0
2018  63  3  4 0300  -25.8  983.1    3.1  254.0   71.0  444.0
2018  63  3  4 0400  -26.8  983.0    4.3  295.0   72.0  444.0
2018  63  3  4 0500  -26.4  983.1    4.5  288.0   71.0  444.0
2018  63  3  4 0600  -27.0  983.4    3.5  301.0   70.1  444.0
2018  63  3  4 0700  444.0  983.7    4.0  299.0   70.9  444.0
2018  63  3  4 0800  -30.3  983.7    3.9  293.0   73.0  444.0
2018  63  3  4 0900  -29.6  984.1    4.2  274.0   72.4  444.0
2018  63  3  4 1000  -30.0  984.1    3.3  253.0   74.0  444.0
2018  63  3  4 1100  -32.9  984.6    3.7  217.0   75.0  444.0
2018  63  3  4 1200  -31.6  985.4    1.6  205.0   75.7  444.0
2018  63  3  4 1300  -31.3  986.0    3.8  218.0   75.0  444.0
2018  63  3  4 1400  -28.9  986.5    3.6  178.0   70.5  444.0
2018  63  3  4 1500  -28.6  986.4    4.2  207.0   71.0  444.0
2018  63  3  4 1600  -26.5  987.0    2.7  200.0   68.0  444.0
2018  63  3  4 1700  -28.4  987.4    2.4  242.0   70.0  444.0
2018  63  3  4 1800  -27.2  987.9    2.9  242.0   71.0  444.0
2018  63  3  4 1900  -25.8  988.2    2.8  230.0   72.4  444.0
2018  63  3  4 2000  -25.5  988.6    3.2  242.0   71.0  444.0
2018  63  3  4 2100  -23.7  988.7    3.4  202.0   63.0  444.0
2018  63  3  4 2200  -22.2  988.9    2.4  178.0   62.0  444.0
2018  63  3  4 2300  -23.4  989.3    4.4  193.0   68.0  444.0
2018  64  3  5 0000  -23.5  989.3    1.8  203.0   69.4  444.0
2018  64  3  5 0100  -20.6  989.1    3.2  174.0   72.0  444.0
2018  64  3  5 0200  -20.3  988.8    3.9  164.0   76.0  444.0
2018  64  3  5 0300  -21.2  988.4    3.8  197.0   78.0  444.0
2018  64  3  5 0400  -21.4  988.1    3.9  188.0   78.0  444.0
2018  64  3  5 0500  -20.3  988.1    1.8  161.0   79.5  444.0
2018  64  3  5 0600  -20.4  988.0    2.8  136.0   79.0  444.0
2018  64  3  5 0700  -21.3  988.4    3.0  143.0   77.2  444.0
2018  64  3  5 0800  -26.5  988.8    4.8  206.0   77.0  444.0
2018  64  3  5 0900  -28.9  989.1    3.6  209.0   76.0  444.0
2018  64  3  5 1000  -30.2  989.2    3.3  200.0   77.7  444.0
2018  64  3  5 1100  -30.1  989.7    4.9  210.0   78.0  444.0
2018  64  3  5 1200  -30.6  990.1    4.1  224.0   77.3  444.0
2018  64  3  5 1300  -30.7  990.3    3.6  222.0   76.0  444.0
2018  64  3  5 1400  -28.8  990.4    4.0  203.0   77.0  444.0
2018  64  3  5 1500  -24.4  990.3    4.9  188.0   79.1  444.0
2018  64  3  5 1600  -24.7  990.6    4.1  205.0   79.0  444.0
2018  64  3  5 1700  -24.2  990.5    3.8  174.0   78.9  444.0
2018  64  3  5 1800  -25.2  990.5    4.9  176.0   78.0  444.0
2018  64  3  5 1900  -25.4  990.7    4.2  180.0   78.0  444.0
2018  64  3  5 2000  -25.4  990.5    4.9  180.0   78.1  444.0
2018  64  3  5 2100  -25.4  990.4    5.6  174.0   78.0  444.0
2018  64  3  5 2200  -25.7  990.3    4.7  167.0   77.4  444.0
2018  64  3  5 2300  -25.5  990.4    5.2  168.0   77.0  444.0
2018  65  3  6 0000  -25.7  990.0    4.2  163.0   76.0  444.0
2018  65  3  6 0100  -26.2  989.6    3.0  165.0   74.0  444.0
2018  65  3  6 0200  -25.9  989.3    3.0  170.0   73.0  444.0
2018  65  3  6 0300  -26.3  988.7    3.6  152.0   74.4  444.0
2018  65  3  6 0400  -25.8  988.3    3.9  157.0   77.0  444.0
2018  65  3  6 0500  -24.5  987.9    3.3  160.0   75.0  444.0
2018  65  3  6 0600  -27.4  987.6    3.0  158.0   73.0  444.0
2018  65  3  6 0700  -28.1  987.3    3.2  156.0   76.0  444.0
2018  65  3  6 0800  -28.0  986.9    3.3  157.0   76.3  444.0
2018  65  3  6 0900  -24.4  986.3    4.4  122.0   79.0  444.0
2018  65  3  6 1000  -25.2  985.9    2.8  155.0   79.1  444.0
2018  65  3  6 1100  -27.3  985.7    3.1  174.0   77.0  444.0
2018  65  3  6 1200  -31.1  985.3    2.9  181.0   75.0  444.0
2018  65  3  6 1300  -33.4  984.8    2.9  175.0   73.7  444.0
2018  65  3  6 1400  -33.6  984.5    2.5  184.0   73.9  444.0
2018  65  3  6 1500  -32.4  983.8    3.1  189.0   74.3  444.0
2018  65  3  6 1600  -34.4  983.5    3.4  194.0   73.0  444.0
2018  65  3  6 1700  -33.8  983.0    2.2  182.0   73.0  444.0
2018  65  3  6 1800  -34.8  982.7    2.3  192.0   72.4  444.0
2018  65  3  6 1900  -31.5  982.3    2.3  171.0   74.0  444.0
2018  65  3  6 2000  444.0  981.8    0.1  176.0   75.9  444.0
2018  65  3  6 2100  -29.6  981.5    1.9  176.0   76.0  444.0
2018  65  3  6 2200  -27.2  980.8    1.3  154.0   76.0  444.0
2018  65  3  6 2300  -26.2  980.1    1.4  222.0   76.0  444.0
2018  66  3  7 0000  -24.7  979.9    1.9  153.0   78.0  444.0
2018  66  3  7 0100  -24.2  979.3    1.6  127.0   77.4  444.0
2018  66  3  7 0200  -24.7  979.0    2.3  156.0   77.0  444.0
2018  66  3  7 0300  -25.8  978.6    3.7  152.0   76.0  444.0
2018  66  3  7 0400  -26.1  978.0    4.5  147.0   77.0  444.0
2018  66  3  7 0500  -26.1  977.5    4.6  131.0   77.0  444.0
2018  66  3  7 0600  -26.2  977.0    4.9  140.0   77.2  444.0
2018  66  3  7 0700  -26.0  976.8    5.4  146.0   78.0  444.0
2018  66  3  7 0800  -26.1  976.5    4.5  135.0   77.8  444.0
2018  66  3  7 0900  -26.0  976.0    3.4  131.0   78.0  444.0
2018  66  3  7 1000  -25.8  975.5    3.0  141.0   78.0  444.0
2018  66  3  7 1100  -26.6  974.9    0.5  187.0   77.0  444.0
2018  66  3  7 1200  -27.5  974.3    2.0  163.0   77.0  444.0
2018  66  3  7 1300  -27.3  974.3    4.4  180.0   77.1  444.0
2018  66  3  7 1400  -31.8  973.2    4.4  223.0   73.0  444.0
2018  66  3  7 1500  -31.1  971.9    7.2  184.0   75.0  444.0
2018  66  3  7 1600  -28.8  971.9   10.2  178.0   77.0  444.0
2018  66  3  7 1700  -31.5  971.6    6.6  201.0   74.0  444.0
2018  66  3  7 1800  -34.0  971.0    5.4  205.0   72.5  444.0
2018  66  3  7 1900  -34.2  970.6    4.9  209.0   71.0  444.0
2018  66  3  7 2000  -32.1  970.1    6.1  200.0   71.0  444.0
2018  66  3  7 2100  -31.5  969.8    7.4  200.0   71.0  444.0
2018  66  3  7 2200  -30.0  969.4    8.0  209.0   72.0  444.0
2018  66  3  7 2300  -30.0  969.0    7.7  214.0   71.7  444.0
2018  67  3  8 0000  -29.4  968.8    6.6  204.0   72.0  444.0
2018  67  3  8 0100  -28.7  968.6    7.3  216.0   72.0  444.0
2018  67  3  8 0200  -28.1  968.3    6.2  221.0   72.8  444.0
2018  67  3  8 0300  -27.2  968.0    5.9  215.0   73.0  444.0
2018  67  3  8 0400  -27.5  967.5    6.4  220.0   74.0  444.0
2018  67  3  8 0500  -27.8  967.4    4.7  219.0   74.0  444.0
2018  67  3  8 0600  -27.4  967.3    6.1  220.0   75.0  444.0
2018  67  3  8 0700  -28.6  967.4    5.4  219.0   74.0  444.0
2018  67  3  8 0800  -30.3  967.4    5.4  244.0   74.0  444.0
2018  67  3  8 0900  -32.0  967.7    4.7  244.0   73.0  444.0
2018  67  3  8 1000  -30.7  967.5    5.5  230.0   74.0  444.0
2018  67  3  8 1100  -32.8  967.7    4.7  227.0   73.0  444.0
2018  67  3  8 1200  -33.0  967.6    4.6  232.0   73.0  444.0
2018  67  3  8 1300  -34.5  967.5    4.5  242.0   72.0  444.0
2018  67  3  8 1400  -35.2  967.5    5.0  223.0   72.0  444.0
2018  67  3  8 1500  -34.9  967.5    4.8  229.0   72.0  444.0
2018  67  3  8 1600  -34.6  967.5    5.3  242.0   72.2  444.0
2018  67  3  8 1700  -32.3  967.5    6.3  235.0   74.0  444.0
2018  67  3  8 1800  -31.4  967.7    6.3  231.0   73.0  444.0
2018  67  3  8 1900  -29.4  967.9    6.4  248.0   73.0  444.0
2018  67  3  8 2000  -30.9  968.0    6.7  235.0   72.0  444.0
2018  67  3  8 2100  -27.2  968.4    6.7  259.0   74.3  444.0
2018  67  3  8 2200  -27.3  968.9    6.1  259.0   72.0  444.0
2018  67  3  8 2300  -25.7  969.4    5.7  262.0   72.0  444.0
2018  68  3  9 0000  -24.1  969.9    6.2  256.0   72.2  444.0
2018  68  3  9 0100  -24.4  970.3    4.1  234.0   75.0  444.0
2018  68  3  9 0200  -25.0  971.3    4.2  293.0   74.0  444.0
2018  68  3  9 0300  -26.4  971.7    2.8  224.0   74.0  444.0
2018  68  3  9 0400  -25.3  972.4    1.6  246.0   74.0  444.0
2018  68  3  9 0500  -26.0  973.0    2.4  246.0   77.1  444.0
2018  68  3  9 0600  -19.4  974.0    3.3  177.0   81.2  444.0
2018  68  3  9 0700  -20.6  974.8    3.8  115.0   81.0  444.0
2018  68  3  9 0800  -22.6  975.5    3.5  127.0   80.0  444.0
2018  68  3  9 0900  -23.8  976.5    2.8  134.0   79.0  444.0
2018  68  3  9 1000  -23.6  977.2    5.6  119.0   80.0  444.0
2018  68  3  9 1100  -24.5  978.2    5.7  116.0   79.0  444.0
2018  68  3  9 1200  -24.2  979.0    5.9  114.0   79.0  444.0
2018  68  3  9 1300  -24.4  979.6    5.2  111.0   79.0  444.0
2018  68  3  9 1400  -25.9  980.0    3.0  129.0   78.0  444.0
2018  68  3  9 1500  -26.5  980.3    3.3  139.0   77.0  444.0
2018  68  3  9 1600  -27.6  980.3    3.7  159.0   77.0  444.0
2018  68  3  9 1700  -26.3  980.4    3.8  172.0   78.4  444.0
2018  68  3  9 1800  -26.7  980.8    4.1  172.0   76.9  444.0
2018  68  3  9 1900  -23.6  981.0    4.4  166.0   81.0  444.0
2018  68  3  9 2000  -20.9  981.2    4.8  152.0   82.0  444.0
2018  68  3  9 2100  -19.5  981.2    4.8  145.0   82.0  444.0
2018  68  3  9 2200  -23.0  980.9    4.1  165.0   75.6  444.0
2018  68  3  9 2300  -21.8  980.9    5.8  162.0   74.0  444.0
2018  69  3 10 0000  -21.7  981.0    5.6  161.0   74.0  444.0
2018  69  3 10 0100  -21.6  981.0    4.9  161.0   72.4  444.0
2018  69  3 10 0200  -21.6  980.8    5.6  163.0   75.0  444.0
2018  69  3 10 0300  -20.7  980.4    5.5  176.0   76.6  444.0
2018  69  3 10 0400  -20.5  980.4    4.9  169.0   75.9  444.0
2018  69  3 10 0500  -19.4  980.3    5.3  146.0   68.2  444.0
2018  69  3 10 0600  -19.6  980.4    1.7  166.0   61.0  444.0
2018  69  3 10 0700  444.0  980.5    0.4  189.0   64.0  444.0
2018  69  3 10 0800  444.0  980.5    0.0    0.0   70.0  444.0
2018  69  3 10 0900  -20.4  980.5    3.0  198.0   75.0  444.0
2018  69  3 10 1000  -24.1  980.1    4.2  221.0   82.3  444.0
2018  69  3 10 1100  -23.3  980.2    2.8  190.0   81.6  444.0
2018  69  3 10 1200  -24.3  980.5    2.7  184.0   82.0  444.0
2018  69  3 10 1300  444.0  980.9    4.1  139.0   78.0  444.0
2018  69  3 10 1400  444.0  981.2    2.2  144.0   75.5  444.0
2018  69  3 10 1500  -31.3  981.6    2.2  149.0   73.9  444.0
2018  69  3 10 1600  -36.2  982.2    2.3  144.0   71.8  444.0
2018  69  3 10 1700  -29.0  982.8    5.5  164.0   75.0  444.0
2018  69  3 10 1800  -25.0  983.2    8.2  158.0   78.0  444.0
2018  69  3 10 1900  -23.2  983.4    9.6  159.0   76.5  444.0
2018  69  3 10 2000  -23.2  983.9    9.4  156.0   74.9  444.0
2018  69  3 10 2100  -22.7  984.3    8.5  154.0   72.3  444.0
2018  69  3 10 2200  -22.8  984.8    8.2  154.0   74.9  444.0
2018  69  3 10 2300  -22.1  985.0    9.7  158.0   75.0  444.0
2018  70  3 11 0000  -22.4  984.9   10.1  161.0   79.0  444.0
2018  70  3 11 0100  -22.4  985.0   10.3  169.0   72.0  444.0
2018  70  3 11 0200  -22.2  984.7   10.2  169.0   73.5  444.0
2018  70  3 11 0300  -22.2  984.2   10.9  174.0   76.0  444.0
2018  70  3 11 0400  -21.9  984.3   12.0  168.0   76.0  444.0
2018  70  3 11 0500  -21.4  983.9   12.6  187.0   77.0  444.0
2018  70  3 11 0600  -20.8  984.5   10.7  185.0   77.0  444.0
2018  70  3 11 0700  -20.5  984.5   12.2  186.0   76.8  444.0
2018  70  3 11 0800  -19.9  984.6   10.9  186.0   79.0  444.0
2018  70  3 11 0900  -19.5  984.2   10.8  190.0   83.0  444.0
2018  70  3 11 1000  -18.8  984.2    8.6  186.0   83.0  444.0
2018  70  3 11 1100  -18.6  984.2    9.5  178.0   83.0  444.0
2018  70  3 11 1200  -18.1  984.0    6.2  192.0   84.2  444.0
2018  70  3 11 1300  -16.3  983.4    7.5  162.0   85.0  444.0
2018  70  3 11 1400  -13.4  982.9   10.2  117.0   86.9  444.0
2018  70  3 11 1500  -13.3  982.7    6.0  126.0   89.0  444.0
2018  70  3 11 1600  -13.2  983.0    9.1   98.0   87.0  444.0
2018  70  3 11 1700  -13.9  983.3    7.9   94.0   86.0  444.0
2018  70  3 11 1800  444.0  983.9    7.7  103.0   87.0  444.0
2018  70  3 11 1900  -17.8  984.4    8.7   94.0   82.6  444.0
2018  70  3 11 2000  -17.7  984.7    8.3  103.0   81.0  444.0
2018  70  3 11 2100  -18.2  985.1    5.9  106.0   82.0  444.0
2018  70  3 11 2200  -16.3  985.1    6.1  128.0   81.0  444.0
2018  70  3 11 2300  -14.8  984.9    4.4  148.0   81.0  444.0
2018  71  3 12 0000  -10.9  984.0   10.7  118.0   83.8  444.0
2018  71  3 12 0100  -12.5  984.2    7.4  108.0   83.0  444.0
2018  71  3 12 0200  -11.2  984.1    9.9  101.0   84.0  444.0
2018  71  3 12 0300  -12.5  984.4    8.6   87.0   82.0  444.0
2018  71  3 12 0400  444.0  984.5    7.5  100.0   84.0  444.0
2018  71  3 12 0500  444.0  984.8    9.5  101.0   85.0  444.0
2018  71  3 12 0600  444.0  985.1    7.7  117.0   85.0  444.0
2018  71  3 12 0700  444.0  984.8    8.7  114.0   81.0  444.0
2018  71  3 12 0800  444.0  984.7   12.4  113.0   86.0  444.0
2018  71  3 12 0900  444.0  984.6   12.3  116.0   84.8  444.0
2018  71  3 12 1000  444.0  984.7   12.4  109.0   87.0  444.0
2018  71  3 12 1100  444.0  985.2   11.7  109.0   86.0  444.0
2018  71  3 12 1200  444.0  985.3   12.0  108.0   85.0  444.0
2018  71  3 12 1300  444.0  985.3   12.0  113.0   86.0  444.0
2018  71  3 12 1400  444.0  985.5   12.1  116.0   84.0  444.0
2018  71  3 12 1500  444.0  985.5   12.8  120.0   83.0  444.0
2018  71  3 12 1600  444.0  986.0   11.8  121.0   78.0  444.0
2018  71  3 12 1700  444.0  986.1   10.9  133.0   80.0  444.0
2018  71  3 12 1800  444.0  986.5    9.4  132.0   78.0  444.0
2018  71  3 12 1900  444.0  986.4    8.0  146.0   76.0  444.0
2018  71  3 12 2000  444.0  986.4   10.3  147.0   80.0  444.0
2018  71  3 12 2100  444.0  986.3   10.6  156.0   82.0  444.0
2018  71  3 12 2200  444.0  987.2   11.4  146.0   81.6  444.0
2018  71  3 12 2300  444.0  986.9   11.7  154.0   79.0  444.0
2018  72  3 13 0000  444.0  986.5   10.3  160.0   81.0  444.0
2018  72  3 13 0100  444.0  985.8    9.4  153.0   78.0  444.0
2018  72  3 13 0200  444.0  986.0   10.1  132.0   80.0  444.0
2018  72  3 13 0300  444.0  986.8    9.3  114.0   79.0  444.0
2018  72  3 13 0400  444.0  987.4    5.9   90.0   80.0  444.0
2018  72  3 13 0500  -16.2  988.1    6.3  102.0   80.0  444.0
2018  72  3 13 0600  -17.4  988.2    6.0   92.0   78.0  444.0
2018  72  3 13 0700  -17.9  988.2    4.7  114.0   79.0  444.0
2018  72  3 13 0800  -18.6  988.2    4.4  118.0   79.0  444.0
2018  72  3 13 0900  -19.8  988.3    3.5  144.0   82.0  444.0
2018  72  3 13 1000  -20.6  988.3    2.7  135.0   81.3  444.0
2018  72  3 13 1100  -20.1  988.1    3.9  140.0   81.0  444.0
2018  72  3 13 1200  -19.2  987.7    5.7  145.0   78.0  444.0
2018  72  3 13 1300  -19.4  987.3    4.9  146.0   77.0  444.0
2018  72  3 13 1400  -18.2  987.1    8.2  142.0   77.0  444.0
2018  72  3 13 1500  -18.3  987.0    7.3  145.0   77.0  444.0
2018  72  3 13 1600  -18.3  986.7    6.6  153.0   76.0  444.0
2018  72  3 13 1700  -18.2  986.7    7.0  147.0   75.0  444.0
2018  72  3 13 1800  -18.5  986.5    8.0  152.0   78.0  444.0
2018  72  3 13 1900  -18.8  986.6    7.8  150.0   76.0  444.0
2018  72  3 13 2000  -19.6  986.6    7.0  145.0   75.0  444.0
2018  72  3 13 2100  -19.2  986.8    6.7  149.0   74.0  444.0
2018  72  3 13 2200  -19.4  986.8    5.3  149.0   72.0  444.0
2018  72  3 13 2300  -20.0  986.5    6.5  149.0   73.0  444.0
2018  73  3 14 0000  -19.4  986.3    6.5  150.0   73.0  444.0
2018  73  3 14 0100  -18.8  986.1    7.8  148.0   73.0  444.0
2018  73  3 14 0200  -17.7  986.0    7.0  141.0   74.0  444.0
2018  73  3 14 0300  -17.3  986.0    6.9  133.0   73.0  444.0
2018  73  3 14 0400  -17.2  986.1    7.9  130.0   72.0  444.0
2018  73  3 14 0500  -18.8  986.4    6.2  135.0   71.0  444.0
2018  73  3 14 0600  -19.7  986.4    5.7  142.0   72.0  444.0
2018  73  3 14 0700  -19.8  986.3    6.2  157.0   71.0  444.0
2018  73  3 14 0800  444.0  986.4    5.5  150.0   73.0  444.0
2018  73  3 14 0900  -21.4  986.5    5.9  143.0   74.0  444.0
2018  73  3 14 1000  -22.5  986.5    5.3  147.0   74.0  444.0
2018  73  3 14 1100  -23.7  986.3    4.6  154.0   72.0  444.0
2018  73  3 14 1200  -26.5  986.2    4.1  161.0   74.0  444.0
2018  73  3 14 1300  -26.9  986.3    4.4  156.0   72.0  444.0
2018  73  3 14 1400  -26.6  985.9    4.4  155.0   71.0  444.0
2018  73  3 14 1500  -25.8  985.8    5.4  141.0   71.0  444.0
2018  73  3 14 1600  -26.6  985.5    5.3  151.0   73.4  444.0
2018  73  3 14 1700  -25.6  985.4    6.7  137.0   75.0  444.0
2018  73  3 14 1800  -24.9  985.3    6.0  139.0   72.0  444.0
2018  73  3 14 1900  -25.8  985.4    5.7  148.0   70.0  444.0
2018  73  3 14 2000  -27.0  985.2    5.5  157.0   72.0  444.0
2018  73  3 14 2100  -26.1  984.6    6.9  161.0   70.6  444.0
2018  73  3 14 2200  -25.1  984.4    6.7  153.0   67.4  444.0
2018  73  3 14 2300  -24.2  983.8    7.4  152.0   68.0  444.0
2018  74  3 15 0000  -22.8  983.0    9.0  163.0   69.0  444.0
2018  74  3 15 0100  -21.7  982.3    9.6  158.0   71.0  444.0
2018  74  3 15 0200  -21.4  981.4   10.2  156.0   70.0  444.0
2018  74  3 15 0300  -21.1  980.7   10.2  156.0   70.8  444.0
2018  74  3 15 0400  -21.4  979.6   10.5  163.0   70.5  444.0
2018  74  3 15 0500  -22.4  979.2    6.0  144.0   71.0  444.0
2018  74  3 15 0600  -25.5  978.4    5.0  164.0   71.0  444.0
2018  74  3 15 0700  444.0  977.6    6.2  160.0   70.0  444.0
2018  74  3 15 0800  -26.1  977.1    5.5  160.0   70.7  444.0
2018  74  3 15 0900  444.0  976.2    6.3  165.0   70.7  444.0
2018  74  3 15 1000  444.0  975.5    7.1  167.0   72.0  444.0
2018  74  3 15 1100  444.0  974.7    8.2  170.0   70.0  444.0
2018  74  3 15 1200  -24.7  973.8    8.5  182.0   71.0  444.0
2018  74  3 15 1300  -24.1  972.8    9.7  178.0   72.9  444.0
2018  74  3 15 1400  -23.5  972.0   11.3  172.0   73.3  444.0
2018  74  3 15 1500  444.0  971.4   10.6  180.0   74.0  444.0
2018  74  3 15 1600  -24.6  970.5    9.6  191.0   74.0  444.0
2018  74  3 15 1700  444.0  969.8    8.9  190.0   73.0  444.0
2018  74  3 15 1800  444.0  969.1   10.2  194.0   74.0  444.0
2018  74  3 15 1900  -25.9  968.8    8.6  182.0   72.5  444.0
2018  74  3 15 2000  -26.2  968.3    7.1  188.0   68.0  444.0
2018  74  3 15 2100  -27.3  967.9    5.4  198.0   71.0  444.0
2018  74  3 15 2200  444.0  967.8    6.2  200.0   69.0  444.0
2018  74  3 15 2300  -26.7  967.8    7.2  205.0   68.0  444.0
2018  75  3 16 0000  -26.9  967.6    6.9  204.0   69.0  444.0
2018  75  3 16 0100  -27.1  967.7    6.0  218.0   68.9  444.0
2018  75  3 16 0200  -27.3  967.8    5.7  215.0   68.0  444.0
2018  75  3 16 0300  -26.9  967.6    5.9  218.0   70.8  444.0
2018  75  3 16 0400  -25.9  967.5    5.7  215.0   69.0  444.0
2018  75  3 16 0500  -27.1  967.7    6.1  218.0   73.0  444.0
2018  75  3 16 0600  -26.8  968.0    7.1  216.0   72.5  444.0
2018  75  3 16 0700  444.0  968.0    7.1  220.0   71.3  444.0
2018  75  3 16 0800  -28.1  968.3    6.1  213.0   73.0  444.0
2018  75  3 16 0900  -28.5  968.6    6.3  214.0   73.0  444.0
2018  75  3 16 1000  -26.7  968.6    7.3  214.0   69.0  444.0
2018  75  3 16 1100  -27.4  969.3    6.9  218.0   69.8  444.0
2018  75  3 16 1200  -28.7  969.5    5.7  214.0   70.0  444.0
2018  75  3 16 1300  -29.0  969.8    4.7  210.0   71.0  444.0
2018  75  3 16 1400  -30.0  969.7    4.5  221.0   71.0  444.0
2018  75  3 16 1500  -30.2  969.7    4.3  228.0   72.0  444.0
2018  75  3 16 1600  -30.3  970.1    1.4  198.0   73.0  444.0
2018  75  3 16 1700  444.0  969.8    2.6  234.0   74.0  444.0
2018  75  3 16 1800  -31.2  969.7    4.3  206.0   73.0  444.0
2018  75  3 16 1900  -28.6  969.4    4.1  202.0   72.0  444.0
2018  75  3 16 2000  -26.9  968.9    4.7  194.0   67.0  444.0
2018  75  3 16 2100  -25.5  968.4    3.8  181.0   66.0  444.0
2018  75  3 16 2200  -26.5  968.0    3.8  177.0   70.0  444.0
2018  75  3 16 2300  -26.8  967.1    6.0  161.0   74.0  444.0
2018  76  3 17 0000  -26.0  966.7    5.3  154.0   72.0  444.0
2018  76  3 17 0100  -23.9  965.8    6.4  156.0   69.8  444.0
2018  76  3 17 0200  -22.5  964.9    6.6  163.0   69.0  444.0
2018  76  3 17 0300  -20.4  964.1    8.5  153.0   68.0  444.0
2018  76  3 17 0400  -17.9  962.7   10.6  148.0   82.0  444.0
2018  76  3 17 0500  -18.3  961.8   10.9  106.0   82.0  444.0
2018  76  3 17 0600  -19.5  962.1   11.7  105.0   82.0  444.0
2018  76  3 17 0700  -19.4  962.2   11.5  105.0   82.0  444.0
2018  76  3 17 0800  -19.4  962.6   12.2  103.0   83.0  444.0
2018  76  3 17 0900  -19.3  962.6   10.9  118.0   83.0  444.0
2018  76  3 17 1000  -18.5  961.9   10.1  128.0   84.0  444.0
2018  76  3 17 1100  -18.0  961.1    9.8  148.0   84.0  444.0
2018  76  3 17 1200  -16.7  959.9    9.3  138.0   85.0  444.0
2018  76  3 17 1300  -15.9  958.9    9.1  143.0   86.0  444.0
2018  76  3 17 1400  -13.8  958.0    9.8  139.0   88.0  444.0
2018  76  3 17 1500  444.0  957.3   11.7  141.0   90.0  444.0
2018  76  3 17 1600  -11.3  956.6   10.6  146.0   90.0  444.0
2018  76  3 17 1700  -10.8  956.0    9.7  144.0   90.0  444.0
2018  76  3 17 1800  -10.7  955.7    9.3  145.0   90.0  444.0
2018  76  3 17 1900  -11.0  955.6    8.2  154.0   90.0  444.0
2018  76  3 17 2000  444.0  955.8    8.0  158.0   90.0  444.0
2018  76  3 17 2100  444.0  955.9    7.9  162.0   83.0  444.0
2018  76  3 17 2200  444.0  956.1    8.4  185.0   82.0  444.0
2018  76  3 17 2300  444.0  956.7    8.7  190.0   82.0  444.0
2018  77  3 18 0000  444.0  957.8    9.3  185.0   76.0  444.0
2018  77  3 18 0100  444.0  958.8    5.9  173.0   80.0  444.0
2018  77  3 18 0200  444.0  959.7    7.8  189.0   80.0  444.0
2018  77  3 18 0300  444.0  960.2    7.6  199.0   82.0  444.0
2018  77  3 18 0400  444.0  961.6    6.1  184.0   84.3  444.0
2018  77  3 18 0500  -14.2  962.8    8.7  171.0   84.0  444.0
2018  77  3 18 0600  -14.5  964.2    7.8  180.0   85.0  444.0
2018  77  3 18 0700  -13.6  965.4    9.4  174.0   87.0  444.0
2018  77  3 18 0800  -12.8  966.9    9.1  174.0   88.0  444.0
2018  77  3 18 0900  -12.7  968.2    7.8  187.0   88.9  444.0
2018  77  3 18 1000  -12.2  969.6    8.2  168.0   89.0  444.0
2018  77  3 18 1100  -12.5  971.4    5.8  178.0   88.0  444.0
2018  77  3 18 1200  -12.9  973.1    5.5  197.0   89.0  444.0
2018  77  3 18 1300  -14.1  974.7    7.9  187.0   86.0  444.0
2018  77  3 18 1400  -15.4  976.2    8.6  181.0   85.4  444.0
2018  77  3 18 1500  -16.3  977.7    7.5  215.0   86.0  444.0
2018  77  3 18 1600  -16.8  978.7    9.3  204.0   85.0  444.0
2018  77  3 18 1700  -16.9  980.2   10.5  203.0   84.0  444.0
2018  77  3 18 1800  -16.7  981.7   12.0  194.0   83.0  444.0
2018  77  3 18 1900  -18.0  983.3   10.5  217.0   83.0  444.0
2018  77  3 18 2000  -18.5  985.0   11.3  209.0   83.0  444.0
2018  77  3 18 2100  -20.0  986.6    9.4  209.0   81.0  444.0
2018  77  3 18 2200  -20.7  988.1    8.8  209.0   79.0  444.0
2018  77  3 18 2300  -21.2  989.8    7.6  220.0   79.0  444.0
2018  78  3 19 0000  -21.1  990.9    8.0  202.0   75.0  444.0
2018  78  3 19 0100  -22.3  991.4    6.4  189.0   75.0  444.0
2018  78  3 19 0200  -22.8  992.0    5.5  200.0   73.4  444.0
2018  78  3 19 0300  -22.8  993.2    7.5  198.0   74.0  444.0
2018  78  3 19 0400  -23.3  993.3    5.2  166.0   72.0  444.0
2018  78  3 19 0500  -23.9  993.6    3.6  186.0   74.0  444.0
2018  78  3 19 0600  -22.5  994.6    5.4  193.0   71.6  444.0
2018  78  3 19 0700  -20.9  994.7    8.0  188.0   72.0  444.0
2018  78  3 19 0800  -20.1  994.5    8.4  178.0   75.0  444.0
2018  78  3 19 0900  -20.0  995.4    6.0  196.0   75.0  444.0
2018  78  3 19 1000  -20.1  995.8    4.3  220.0   75.0  444.0
2018  78  3 19 1100  -19.3  995.9    7.5  200.0   76.2  444.0
2018  78  3 19 1200  -18.2  995.8    7.0  192.0   75.0  444.0
2018  78  3 19 1300  -18.9  995.8    4.9  204.0   77.0  444.0
2018  78  3 19 1400  -19.4  995.8    4.5  222.0   73.0  444.0
2018  78  3 19 1500  -19.1  995.2    5.5  227.0   78.0  444.0
2018  78  3 19 1600  -18.6  995.0    5.2  207.0   81.8  444.0
2018  78  3 19 1700  -18.7  994.9    4.4  211.0   83.0  444.0
2018  78  3 19 1800  -20.4  994.5    3.6  211.0   82.0  444.0
2018  78  3 19 1900  -22.7  994.3    3.4  229.0   83.0  444.0
2018  78  3 19 2000  -23.8  993.9    1.7  223.0   82.0  444.0
2018  78  3 19 2100  -23.9  993.5    2.6  227.0   82.1  444.0
2018  78  3 19 2200  -21.4  993.0    3.6  206.0   80.8  444.0
2018  78  3 19 2300  -19.5  992.5    3.7  204.0   79.0  444.0
2018  79  3 20 0000  -19.9  991.9    4.1  176.0   75.0  444.0
2018  79  3 20 0100  -21.5  991.7    2.2  220.0   73.9  444.0
2018  79  3 20 0200  -22.2  991.1    0.8  160.0   75.3  444.0
2018  79  3 20 0300  -23.5  990.8    2.3  237.0   79.0  444.0
2018  79  3 20 0400  -24.7  990.3    1.5  225.0   74.3  444.0
2018  79  3 20 0500  -25.3  989.9    3.8  221.0   76.0  444.0
2018  79  3 20 0600  444.0  989.5    3.3  217.0   78.0  444.0
2018  79  3 20 0700  -28.5  989.0    3.1  192.0   76.0  444.0
2018  79  3 20 0800  -28.3  988.4    1.9  167.0   78.0  444.0
2018  79  3 20 0900  -27.6  987.9    3.6  156.0   76.1  444.0
2018  79  3 20 1000  -27.8  987.5    1.4  184.0   78.0  444.0
2018  79  3 20 1100  -26.8  986.7    2.4  199.0   73.0  444.0
2018  79  3 20 1200  -30.0  985.9    4.3  176.0   76.0  444.0
2018  79  3 20 1300  444.0  985.6    1.2  267.0   75.0  444.0
2018  79  3 20 1400  444.0  985.0    1.6  215.0   74.7  444.0
2018  79  3 20 1500  -27.3  984.2    3.2  199.0   75.0  444.0
2018  79  3 20 1600  -27.9  983.7    2.7  210.0   78.0  444.0
2018  79  3 20 1700  -24.0  983.1    2.9  157.0   82.0  444.0
2018  79  3 20 1800  -21.8  982.8    2.4  158.0   79.0  444.0
2018  79  3 20 1900  -21.0  982.4    3.8  163.0   79.1  444.0
2018  79  3 20 2000  -20.7  982.2    3.9  175.0   77.6  444.0
2018  79  3 20 2100  -20.5  981.8    5.3  181.0   77.0  444.0
2018  79  3 20 2200  -20.5  981.2    5.3  169.0   78.0  444.0
2018  79  3 20 2300  -20.3  980.8    5.7  161.0   77.0  444.0
2018  80  3 21 0000  -20.2  980.6    6.4  154.0   78.0  444.0
2018  80  3 21 0100  -20.2  980.2    6.0  157.0   77.6  444.0
2018  80  3 21 0200  -20.2  979.5    5.6  156.0   79.3  444.0
2018  80  3 21 0300  -20.0  979.0    5.6  163.0   78.0  444.0
2018  80  3 21 0400  -20.1  978.4    6.0  166.0   74.0  444.0
2018  80  3 21 0500  -21.3  978.0    4.3  167.0   72.8  444.0
2018  80  3 21 0600  -22.6  977.9    4.1  181.0   72.0  444.0
2018  80  3 21 0700  -21.6  977.8    5.9  181.0   70.1  444.0
2018  80  3 21 0800  -22.4  977.8    7.7  203.0   69.0  444.0
2018  80  3 21 0900  -23.2  977.1    7.0  199.0   67.0  444.0
2018  80  3 21 1000  -24.3  976.6    6.3  192.0   69.0  444.0
2018  80  3 21 1100  -27.2  976.6    4.9  189.0   72.0  444.0
2018  80  3 21 1200  444.0  976.8    3.9  177.0   73.5  444.0
2018  80  3 21 1300  -26.2  977.1    4.2  206.0   74.0  444.0
2018  80  3 21 1400  -24.2  977.1    2.8  157.0   80.0  444.0
2018  80  3 21 1500  -23.0  977.1    2.6  152.0   81.0  444.0
2018  80  3 21 1600  -22.4  977.1    2.9  145.0   81.0  444.0
2018  80  3 21 1700  -22.3  977.2    3.8  140.0   81.2  444.0
2018  80  3 21 1800  -22.3  977.5    3.7  137.0   81.0  444.0
2018  80  3 21 1900  -22.4  977.8    5.2  116.0   81.0  444.0
2018  80  3 21 2000  -22.4  978.1    4.7  112.0   80.0  444.0
2018  80  3 21 2100  -23.1  978.4    3.3  123.0   79.0  444.0
2018  80  3 21 2200  -23.5  978.7    4.0  144.0   78.8  444.0
2018  80  3 21 2300  -23.7  979.0    3.2  118.0   78.2  444.0
2018  81  3 22 0000  -24.1  979.3    3.8  168.0   78.0  444.0
2018  81  3 22 0100  -24.1  979.2    3.2  174.0   77.0  444.0
2018  81  3 22 0200  -23.8  979.0    3.1  175.0   76.0  444.0
2018  81  3 22 0300  -23.8  979.0    2.6  197.0   76.0  444.0
2018  81  3 22 0400  -23.9  978.8    3.6  195.0   75.0  444.0
2018  81  3 22 0500  -23.6  978.7    6.0  178.0   76.7  444.0
2018  81  3 22 0600  -23.3  978.7    6.1  197.0   74.8  444.0
2018  81  3 22 0700  -23.3  978.7    6.0  197.0   73.0  444.0
2018  81  3 22 0800  -23.6  978.7    7.7  192.0   75.0  444.0
2018  81  3 22 0900  -25.1  978.3    6.8  203.0   73.0  444.0
2018  81  3 22 1000  -24.7  977.8    7.4  202.0   73.5  444.0
2018  81  3 22 1100  -24.3  977.4    8.7  204.0   75.7  444.0
2018  81  3 22 1200  -23.7  976.9    9.5  205.0   77.0  444.0
2018  81  3 22 1300  -23.3  977.0    9.2  195.0   78.0  444.0
2018  81  3 22 1400  -22.1  976.1    9.9  197.0   79.0  444.0
2018  81  3 22 1500  -23.0  975.1    9.6  200.0   77.8  444.0
2018  81  3 22 1600  -21.7  974.7    8.7  209.0   79.0  444.0
2018  81  3 22 1700  -19.2  974.4    7.4  194.0   82.0  444.0
2018  81  3 22 1800  -19.4  973.3    4.2  199.0   84.0  444.0
2018  81  3 22 1900  -21.9  972.5    3.0  160.0   83.0  444.0
2018  81  3 22 2000  -23.0  971.9    3.3  138.0   81.2  444.0
2018  81  3 22 2100  -23.3  971.5    3.5  142.0   80.0  444.0
2018  81  3 22 2200  -21.4  971.3    4.6  139.0   74.0  444.0
2018  81  3 22 2300  -21.3  970.9    2.0  136.0   71.0  444.0
2018  82  3 23 0000  -19.4  970.8    6.0  142.0   72.0  444.0
2018  82  3 23 0100  -21.8  970.8    4.0  154.0   76.0  444.0
2018  82  3 23 0200  -22.4  970.6    5.6  150.0   76.0  444.0
2018  82  3 23 0300  -21.8  971.2    5.5  139.0   73.6  444.0
2018  82  3 23 0400  -23.2  971.9    4.4  156.0   74.3  444.0
2018  82  3 23 0500  -23.7  972.5    3.7  148.0   74.0  444.0
2018  82  3 23 0600  -23.9  973.4    4.7  161.0   78.0  444.0
2018  82  3 23 0700  -23.1  974.3    5.1  144.0   75.0  444.0
2018  82  3 23 0800  -22.7  975.0    6.6  156.0   73.8  444.0
2018  82  3 23 0900  -23.6  976.2    4.7  154.0   73.4  444.0
2018  82  3 23 1000  -22.0  976.8    7.8  135.0   74.0  444.0
2018  82  3 23 1100  -22.9  977.5    9.1  140.0   77.0  444.0
2018  82  3 23 1200  -21.6  978.1    8.6  133.0   74.0  444.0
2018  82  3 23 1300  -22.6  978.7    7.2  138.0   72.8  444.0
2018  82  3 23 1400  -22.3  979.0    6.9  148.0   73.0  444.0
2018  82  3 23 1500  -19.9  978.9    6.5  167.0   72.0  444.0
2018  82  3 23 1600  -17.3  978.5    8.0  169.0   69.0  444.0
2018  82  3 23 1700  -15.3  977.5   10.1  172.0   67.0  444.0
2018  82  3 23 1800  444.0  977.6   11.6  158.0   69.0  444.0
2018  82  3 23 1900  444.0  978.2    8.3  138.0   71.0  444.0
2018  82  3 23 2000  444.0  978.7    5.9  140.0   73.0  444.0
2018  82  3 23 2100  444.0  978.7    6.8  150.0   74.0  444.0
2018  82  3 23 2200  444.0  979.0    8.0  142.0   68.0  444.0
2018  82  3 23 2300  444.0  979.2    8.6  113.0   67.0  444.0
2018  83  3 24 0000  444.0  979.9    7.7  123.0   67.0  444.0
2018  83  3 24 0100  444.0  980.3    5.3  155.0   71.0  444.0
2018  83  3 24 0200  444.0  981.5    5.1  149.0   74.5  444.0
2018  83  3 24 0300  444.0  981.8    7.8  147.0   69.0  444.0
2018  83  3 24 0400  444.0  982.0    7.4  136.0   71.0  444.0
2018  83  3 24 0500  -14.2  982.3    5.8  163.0   77.3  444.0
2018  83  3 24 0600  444.0  982.8    6.8  146.0   71.0  444.0
2018  83  3 24 0700  -11.1  983.8    7.4  116.0   65.0  444.0
2018  83  3 24 0800  -10.8  984.1    8.2   91.0   70.0  444.0
2018  83  3 24 0900  -11.9  985.0    9.6  133.0   75.0  444.0
2018  83  3 24 1000  -11.7  984.8    9.9  135.0   80.4  444.0
2018  83  3 24 1100  -11.8  984.4   10.4  138.0   76.0  444.0
2018  83  3 24 1200  -10.6  983.3   10.4  141.0   66.0  444.0
2018  83  3 24 1300  444.0  982.5   12.4  159.0   73.0  444.0
2018  83  3 24 1400  444.0  981.3   15.3  161.0   87.0  444.0
2018  83  3 24 1500  444.0  980.7   13.9  150.0   84.0  444.0
2018  83  3 24 1600   -8.4  980.8   12.3  115.0   85.0  444.0
2018  83  3 24 1700   -9.8  981.0   13.4   96.0   86.0  444.0
2018  83  3 24 1800  -12.1  981.7   13.5   95.0   84.0  444.0
2018  83  3 24 1900  444.0  982.4   11.0  107.0   84.0  444.0
2018  83  3 24 2000  444.0  982.2   10.5  112.0   84.0  444.0
2018  83  3 24 2100  444.0  982.6   12.0  112.0   84.0  444.0
2018  83  3 24 2200  444.0  982.8   10.3   99.0   81.0  444.0
2018  83  3 24 2300  444.0  983.0   12.2  114.0   78.0  444.0
2018  84  3 25 0000  -14.4  983.2   10.2  115.0   78.3  444.0
2018  84  3 25 0100  -12.9  983.8    8.9  119.0   74.0  444.0
2018  84  3 25 0200  -15.8  983.9    8.1  151.0   75.0  444.0
2018  84  3 25 0300  -14.8  983.8    7.3  133.0   72.2  444.0
2018  84  3 25 0400  444.0  984.4    9.7  123.0   72.0  444.0
2018  84  3 25 0500  -16.0  984.7    8.1  147.0   74.0  444.0
2018  84  3 25 0600  -18.0  984.5    8.8  165.0   75.0  444.0
2018  84  3 25 0700  -17.5  984.4   10.9  164.0   75.0  444.0
2018  84  3 25 0800  -17.0  984.5   10.5  159.0   71.5  444.0
2018  84  3 25 0900  -16.9  984.0   11.0  163.0   64.0  444.0
2018  84  3 25 1000  -18.5  983.7    8.2  169.0   68.0  444.0
2018  84  3 25 1100  -18.8  983.3    9.1  171.0   70.0  444.0
2018  84  3 25 1200  -19.1  983.0    9.0  185.0   70.0  444.0
2018  84  3 25 1300  -21.4  982.6    8.2  200.0   74.3  444.0
2018  84  3 25 1400  -19.7  982.3   10.1  186.0   72.0  444.0
2018  84  3 25 1500  -19.6  981.8   12.2  196.0   70.6  444.0
2018  84  3 25 1600  -20.9  981.4    9.9  208.0   70.0  444.0
2018  84  3 25 1700  -20.1  981.0   11.3  198.0   64.0  444.0
2018  84  3 25 1800  -22.4  980.4   11.1  212.0   77.3  444.0
2018  84  3 25 1900  -22.2  980.4   10.9  215.0   76.0  444.0
2018  84  3 25 2000  -23.0  980.3   11.3  209.0   78.6  444.0
2018  84  3 25 2100  -23.1  980.5    8.6  212.0   77.0  444.0
2018  84  3 25 2200  -22.9  980.6    9.2  213.0   77.0  444.0
2018  84  3 25 2300  -23.1  981.0    7.2  199.0   75.7  444.0
2018  85  3 26 0000  -23.4  980.9    5.4  212.0   74.8  444.0
2018  85  3 26 0100  -22.5  981.2    3.6  182.0   70.0  444.0
2018  85  3 26 0200  -24.5  981.4    5.7  119.0   74.0  444.0
2018  85  3 26 0300  -25.6  982.4    5.5  134.0   76.0  444.0
2018  85  3 26 0400  -24.9  983.0    5.9  149.0   75.2  444.0
2018  85  3 26 0500  -23.6  983.7    5.7  149.0   73.4  444.0
2018  85  3 26 0600  -23.5  984.3    5.5  143.0   72.7  444.0
2018  85  3 26 0700  -24.2  984.8    6.1  154.0   73.0  444.0
2018  85  3 26 0800  -24.7  985.6    5.4  158.0   71.6  444.0
2018  85  3 26 0900  -25.2  986.2    5.4  152.0   71.0  444.0
2018  85  3 26 1000  444.0  986.7    5.0  149.0   73.0  444.0
2018  85  3 26 1100  -26.4  987.2    5.1  156.0   71.5  444.0
2018  85  3 26 1200  -27.8  987.9    5.8  152.0   72.0  444.0
2018  85  3 26 1300  -24.5  988.7    6.8  146.0   69.7  444.0
2018  85  3 26 1400  -24.3  989.2    6.7  150.0   69.0  444.0
2018  85  3 26 1500  -24.7  989.7    6.3  156.0   72.0  444.0
2018  85  3 26 1600  -24.7  990.1    6.0  153.0   70.2  444.0
2018  85  3 26 1700  444.0  990.4    5.1  160.0   71.0  444.0
2018  85  3 26 1800  -26.2  991.0    4.4  142.0   70.3  444.0
2018  85  3 26 1900  -24.7  991.0    7.4  169.0   67.0  444.0
2018  85  3 26 2000  -24.3  991.4    7.8  166.0   66.0  444.0
2018  85  3 26 2100  -24.6  991.8    5.9  154.0   66.7  444.0
2018  85  3 26 2200  -24.4  992.2    5.1  156.0   65.5  444.0
2018  85  3 26 2300  -23.7  992.1    7.1  169.0   64.9  444.0
2018  86  3 27 0000  -23.4  992.4    7.8  167.0   67.0  444.0
2018  86  3 27 0100  -22.7  992.7   10.1  173.0   68.0  444.0
2018  86  3 27 0200  -22.4  992.9   10.2  176.0   68.0  444.0
2018  86  3 27 0300  -22.4  993.0    9.2  181.0   65.0  444.0
2018  86  3 27 0400  -23.1  992.5    8.8  185.0   67.8  444.0
2018  86  3 27 0500  -23.2  992.7    8.8  182.0   68.0  444.0
2018  86  3 27 0600  -23.8  992.8    7.5  190.0   70.1  444.0
2018  86  3 27 0700  -23.7  992.8    8.4  194.0   69.0  444.0
2018  86  3 27 0800  -23.1  992.6    9.8  186.0   67.0  444.0
2018  86  3 27 0900  -22.2  992.1   12.6  176.0   67.9  444.0
2018  86  3 27 1000  -21.6  992.3   11.8  170.0   71.0  444.0
2018  86  3 27 1100  -20.4  991.9   13.8  177.0   62.5  444.0
2018  86  3 27 1200  -20.7  992.0   14.0  176.0   64.0  444.0
2018  86  3 27 1300  -20.7  992.1   14.9  178.0   69.0  444.0
2018  86  3 27 1400  -20.8  991.8   15.2  177.0   68.8  444.0
2018  86  3 27 1500  -20.9  991.7   14.5  182.0   71.0  444.0
2018  86  3 27 1600  -21.4  991.8   12.1  193.0   70.8  444.0
2018  86  3 27 1700  -21.4  992.1   11.2  180.0   73.0  444.0
2018  86  3 27 1800  -21.5  992.4   11.4  195.0   73.0  444.0
2018  86  3 27 1900  -21.6  992.3   11.4  198.0   72.2  444.0
2018  86  3 27 2000  -22.9  992.7    7.6  195.0   74.0  444.0
2018  86  3 27 2100  -24.9  992.8    6.9  151.0   72.4  444.0
2018  86  3 27 2200  -26.0  993.2    8.0  149.0   72.0  444.0
2018  86  3 27 2300  -24.5  994.1    8.5  144.0   69.0  444.0
2018  87  3 28 0000  -24.4  995.0    6.8  151.0   69.0  444.0
2018  87  3 28 0100  -24.2  995.7    7.1  163.0   69.0  444.0
2018  87  3 28 0200  -22.8  995.6   10.3  165.0   71.2  444.0
2018  87  3 28 0300  -21.8  996.0   10.9  162.0   69.0  444.0
2018  87  3 28 0400  -21.3  995.8   12.4  159.0   71.1  444.0
2018  87  3 28 0500  -20.9  995.7   12.7  179.0   65.0  444.0
2018  87  3 28 0600  -21.1  995.0   14.0  182.0   65.0  444.0
2018  87  3 28 0700  -21.6  995.5   11.4  178.0   66.3  444.0
2018  87  3 28 0800  -21.4  995.3   13.4  174.0   66.0  444.0
2018  87  3 28 0900  -21.8  995.5   11.1  196.0   65.2  444.0
2018  87  3 28 1000  -21.6  995.2   13.7  194.0   70.0  444.0
2018  87  3 28 1100  -22.1  994.8   16.0  184.0   71.0  444.0
2018  87  3 28 1200  -21.9  995.2   14.3  186.0   73.0  444.0
2018  87  3 28 1300  -21.5  995.2   14.3  188.0   68.0  444.0
2018  87  3 28 1400  -21.5  995.1   15.2  182.0   62.5  444.0
2018  87  3 28 1500  -22.2  995.1   13.2  184.0   65.0  444.0
2018  87  3 28 1600  -23.2  995.3   11.1  191.0   69.0  444.0
2018  87  3 28 1700  -23.5  995.7    9.9  190.0   71.0  444.0
2018  87  3 28 1800  -23.8  996.1    9.5  190.0   69.0  444.0
2018  87  3 28 1900  -23.6  996.0   10.1  198.0   70.8  444.0
2018  87  3 28 2000  -23.5  996.5   11.1  194.0   70.0  444.0
2018  87  3 28 2100  -23.2  996.7   10.5  195.0   68.0  444.0
2018  87  3 28 2200  -23.2  996.7    9.8  196.0   66.0  444.0
2018  87  3 28 2300  -22.3  997.2   12.6  189.0   66.0  444.0
2018  88  3 29 0000  -21.9  997.2   13.0  186.0   63.1  444.0
2018  88  3 29 0100  -22.0  997.4   11.4  192.0   63.0  444.0
2018  88  3 29 0200  -22.2  997.6   10.2  189.0   66.0  444.0
2018  88  3 29 0300  -22.0  997.7    9.0  191.0   67.7  444.0
2018  88  3 29 0400  -22.4  997.9    9.1  194.0   69.0  444.0
2018  88  3 29 0500  -23.0  998.2    7.6  194.0   71.0  444.0
2018  88  3 29 0600  -23.3  998.2    7.8  196.0   70.0  444.0
2018  88  3 29 0700  -22.7  998.4    9.4  186.0   67.0  444.0
2018  88  3 29 0800  -22.8  998.4    8.9  192.0   66.0  444.0
2018  88  3 29 0900  -22.4  998.6    9.4  191.0   65.0  444.0
2018  88  3 29 1000  -22.3  998.8    8.9  194.0   64.0  444.0
2018  88  3 29 1100  -23.2  998.5    8.7  198.0   65.0  444.0
2018  88  3 29 1200  -22.4  998.5   10.3  190.0   64.2  444.0
2018  88  3 29 1300  -22.3  998.4   10.4  195.0   64.0  444.0
2018  88  3 29 1400  -22.2  998.4   10.1  192.0   66.0  444.0
2018  88  3 29 1500  -20.8  998.2   11.6  189.0   65.0  444.0
2018  88  3 29 1600  -20.9  997.5   12.2  189.0   67.0  444.0
2018  88  3 29 1700  -20.1  997.6   12.1  188.0   65.5  444.0
2018  88  3 29 1800  -19.7  997.6   11.2  186.0   66.0  444.0
2018  88  3 29 1900  -19.2  997.4   10.9  183.0   66.0  444.0
2018  88  3 29 2000  -18.8  997.3   10.3  186.0   67.0  444.0
2018  88  3 29 2100  -18.5  997.1    9.5  185.0   65.0  444.0
2018  88  3 29 2200  -18.2  997.0    9.1  186.0   61.0  444.0
2018  88  3 29 2300  -18.3  996.4   11.3  185.0   59.0  444.0
2018  89  3 30 0000  -18.3  996.3   11.1  187.0   61.0  444.0
2018  89  3 30 0100  -18.3  995.9    8.7  183.0   63.5  444.0
2018  89  3 30 0200  -17.7  994.8   13.0  180.0   66.0  444.0
2018  89  3 30 0300  -18.2  995.0   10.7  185.0   66.0  444.0
2018  89  3 30 0400  -20.4  995.0    4.0  186.0   65.0  444.0
2018  89  3 30 0500  -18.1  994.3   10.6  185.0   62.0  444.0
2018  89  3 30 0600  -18.6  994.3    9.6  186.0   64.0  444.0
2018  89  3 30 0700  -18.7  994.3    9.4  181.0   65.0  444.0
2018  89  3 30 0800  -18.9  994.4    9.1  180.0   68.0  444.0
2018  89  3 30 0900  -19.9  994.6    7.4  171.0   70.0  444.0
2018  89  3 30 1000  -19.8  994.0    9.3  179.0   67.0  444.0
2018  89  3 30 1100  -20.3  994.0    9.2  189.0   67.0  444.0
2018  89  3 30 1200  -20.1  994.0    9.9  172.0   66.0  444.0
2018  89  3 30 1300  -20.9  994.4    7.2  163.0   66.0  444.0
2018  89  3 30 1400  -21.9  994.2    4.8  179.0   68.0  444.0
2018  89  3 30 1500  -21.9  993.6    4.5  211.0   69.0  444.0
2018  89  3 30 1600  -24.7  993.8    4.5  173.0   71.0  444.0
2018  89  3 30 1700  444.0  994.3    2.5  154.0   74.0  444.0
2018  89  3 30 1800  -28.2  995.0    1.8  126.0   74.0  444.0
2018  89  3 30 1900  -28.1  995.2    2.3  173.0   73.7  444.0
2018  89  3 30 2000  -28.1  995.4    3.5  187.0   76.0  444.0
2018  89  3 30 2100  -27.9  995.8    3.2  194.0   74.0  444.0
2018  89  3 30 2200  -27.2  996.2    3.9  177.0   72.0  444.0
2018  89  3 30 2300  -29.5  996.5    3.7  156.0   75.4  444.0
2018  90  3 31 0000  -25.8  996.7    5.0  154.0   70.0  444.0
2018  90  3 31 0100  -24.5  997.1    5.9  159.0   69.0  444.0
2018  90  3 31 0200  -23.1  997.2    6.9  159.0   68.0  444.0
2018  90  3 31 0300  -23.0  997.2    6.8  162.0   69.0  444.0
2018  90  3 31 0400  -22.4  997.1    7.9  166.0   69.4  444.0
2018  90  3 31 0500  -22.3  997.2    8.2  156.0   71.0  444.0
2018  90  3 31 0600  -21.5  997.1   10.0  160.0   70.0  444.0
2018  90  3 31 0700  -21.2  997.3   10.8  156.0   67.4  444.0
2018  90  3 31 0800  -21.7  997.4   11.4  157.0   72.0  444.0
2018  90  3 31 0900  -21.0  997.3   12.0  162.0   77.0  444.0
2018  90  3 31 1000  -20.7  997.3   11.6  160.0   77.0  444.0
2018  90  3 31 1100  -20.8  997.5   10.6  159.0   77.0  444.0
2018  90  3 31 1200  -21.2  997.4   11.0  158.0   76.7  444.0
2018  90  3 31 1300  -21.1  997.5   11.1  157.0   77.0  444.0
2018  90  3 31 1400  -20.7  997.4   10.6  154.0   77.0  444.0
2018  90  3 31 1500  -20.8  997.1   11.3  160.0   78.0  444.0
2018  90  3 31 1600  -20.9  996.6   11.9  158.0   78.2  444.0
2018  90  3 31 1700  -21.2  996.8   10.7  152.0   77.6  444.0
2018  90  3 31 1800  -21.3  996.3   10.8  159.0   77.0  444.0
2018  90  3 31 1900  -21.5  996.3   10.8  157.0   77.0  444.0
2018  90  3 31 2000  -20.8  995.9   10.7  159.0   77.0  444.0
2018  90  3 31 2100  -20.9  996.3    8.4  140.0   76.7  444.0
2018  90  3 31 2200  -22.0  996.3    5.4  145.0   76.6  444.0
2018  90  3 31 2300  -21.5  996.0    8.4  167.0   76.0  444.0
