Year: 2018  Month: 04  ID: MLN  ARGOS:  8934  Name: Marilyn             
Lat: 79.93S  Lon: 165.56E  Elev:   62m
2018  91  4  1 0000  -21.8  996.1    5.8  168.0   75.0  444.0
2018  91  4  1 0100  -21.6  995.8    6.0  173.0   74.0  444.0
2018  91  4  1 0200  -22.4  995.7    4.8  200.0   74.5  444.0
2018  91  4  1 0300  -22.4  995.2    6.1  190.0   74.0  444.0
2018  91  4  1 0400  -22.7  995.1    5.9  197.0   75.0  444.0
2018  91  4  1 0500  -21.6  995.0    6.7  196.0   74.0  444.0
2018  91  4  1 0600  -22.4  995.0    5.5  206.0   76.0  444.0
2018  91  4  1 0700  -22.7  994.6    7.3  215.0   80.0  444.0
2018  91  4  1 0800  -22.5  994.7    7.5  217.0   79.0  444.0
2018  91  4  1 0900  -22.9  994.6    5.9  213.0   79.0  444.0
2018  91  4  1 1000  -23.3  994.6    6.2  209.0   78.9  444.0
2018  91  4  1 1100  -24.0  994.6    6.7  207.0   78.0  444.0
2018  91  4  1 1200  -24.6  994.6    6.9  209.0   78.0  444.0
2018  91  4  1 1300  -25.0  994.6    6.8  206.0   78.0  444.0
2018  91  4  1 1400  -26.1  995.0    6.1  205.0   78.0  444.0
2018  91  4  1 1500  -26.3  995.1    6.2  203.0   78.0  444.0
2018  91  4  1 1600  -27.0  995.0    5.2  188.0   78.0  444.0
2018  91  4  1 1700  -26.6  995.0    6.8  197.0   78.0  444.0
2018  91  4  1 1800  -27.2  995.2    4.3  195.0   77.0  444.0
2018  91  4  1 1900  -28.1  995.5    4.1  194.0   76.0  444.0
2018  91  4  1 2000  444.0  995.7    3.9  172.0   76.5  444.0
2018  91  4  1 2100  444.0  995.8    3.8  168.0   76.1  444.0
2018  91  4  1 2200  -26.6  996.1    2.7  146.0   77.0  444.0
2018  91  4  1 2300  -25.4  996.6    3.8  143.0   78.0  444.0
2018  92  4  2 0000  -25.2  996.8    3.4  134.0   76.0  444.0
2018  92  4  2 0100  -25.1  997.2    3.0  138.0   75.7  444.0
2018  92  4  2 0200  -24.8  997.6    2.3  128.0   75.1  444.0
2018  92  4  2 0300  -27.0  997.7    2.4  183.0   76.0  444.0
2018  92  4  2 0400  -25.9  997.7    1.3  126.0   79.0  444.0
2018  92  4  2 0500  -24.2  998.2    1.7  163.0   79.0  444.0
2018  92  4  2 0600  -23.4  998.5    2.0  148.0   80.0  444.0
2018  92  4  2 0700  -22.8  998.9    2.0  140.0   80.0  444.0
2018  92  4  2 0800  -22.5  999.3    2.9  133.0   80.5  444.0
2018  92  4  2 0900  -22.0  999.5    2.2  126.0   80.1  444.0
2018  92  4  2 1000  -21.8  999.8    1.6  108.0   79.0  444.0
2018  92  4  2 1100  -22.0 1000.0    2.2  192.0   79.0  444.0
2018  92  4  2 1200  -21.8  999.9    2.0  168.0   79.0  444.0
2018  92  4  2 1300  -22.1 1000.1    3.0  204.0   79.4  444.0
2018  92  4  2 1400  -21.9 1000.1    2.4  194.0   79.1  444.0
2018  92  4  2 1500  -21.7 1000.1    1.2  198.0   79.0  444.0
2018  92  4  2 1600  -21.6 1000.0    2.7  215.0   79.0  444.0
2018  92  4  2 1700  -20.9  999.9    4.2  206.0   79.0  444.0
2018  92  4  2 1800  -20.7  999.9    5.4  224.0   75.2  444.0
2018  92  4  2 1900  -22.8  999.8    7.5  218.0   77.6  444.0
2018  92  4  2 2000  -23.8  999.8    6.5  210.0   78.0  444.0
2018  92  4  2 2100  -24.4  999.5    4.8  211.0   78.0  444.0
2018  92  4  2 2200  -24.8  999.5    4.7  232.0   77.0  444.0
2018  92  4  2 2300  -26.3  999.6    5.7  217.0   74.6  444.0
2018  93  4  3 0000  -27.9  999.1    3.9  209.0   72.9  444.0
2018  93  4  3 0100  -28.7  998.9    4.6  202.0   73.0  444.0
2018  93  4  3 0200  -29.7  998.5    2.9  218.0   73.0  444.0
2018  93  4  3 0300  -29.9  997.9    4.6  220.0   73.1  444.0
2018  93  4  3 0400  -29.3  997.5    5.3  212.0   73.0  444.0
2018  93  4  3 0500  -30.2  996.6    4.8  210.0   70.0  444.0
2018  93  4  3 0600  -28.7  996.5    5.9  202.0   73.0  444.0
2018  93  4  3 0700  -28.7  996.5    6.1  223.0   70.0  444.0
2018  93  4  3 0800  -26.6  995.8    5.3  209.0   69.0  444.0
2018  93  4  3 0900  -28.6  995.3    4.7  201.0   74.0  444.0
2018  93  4  3 1000  -27.4  994.9    6.9  207.0   73.0  444.0
2018  93  4  3 1100  -30.5  994.4    5.4  208.0   74.4  444.0
2018  93  4  3 1200  -27.9  993.7    8.7  218.0   73.0  444.0
2018  93  4  3 1300  -27.9  993.4    8.5  221.0   73.0  444.0
2018  93  4  3 1400  -28.9  992.8    9.3  212.0   75.0  444.0
2018  93  4  3 1500  -28.5  992.5    8.6  212.0   73.0  444.0
2018  93  4  3 1600  -27.5  991.8   10.6  202.0   73.0  444.0
2018  93  4  3 1700  -28.3  991.5    9.0  204.0   74.0  444.0
2018  93  4  3 1800  -29.1  991.6    6.7  214.0   73.0  444.0
2018  93  4  3 1900  -27.0  991.2    7.6  214.0   66.0  444.0
2018  93  4  3 2000  -25.4  991.1    9.1  206.0   65.0  444.0
2018  93  4  3 2100  -27.4  990.8    7.0  219.0   67.0  444.0
2018  93  4  3 2200  -26.3  990.6    8.2  206.0   66.0  444.0
2018  93  4  3 2300  -27.4  990.5    7.0  228.0   65.0  444.0
2018  94  4  4 0000  -26.6  990.2    7.6  205.0   65.0  444.0
2018  94  4  4 0100  -26.3  990.0    7.3  218.0   65.8  444.0
2018  94  4  4 0200  -23.3  989.9    9.6  185.0   72.0  444.0
2018  94  4  4 0300  -22.8  989.8    6.9  189.0   72.0  444.0
2018  94  4  4 0400  -24.2  989.7    7.6  191.0   72.0  444.0
2018  94  4  4 0500  -25.5  989.7    6.9  192.0   72.0  444.0
2018  94  4  4 0600  -27.0  989.5    6.1  203.0   73.0  444.0
2018  94  4  4 0700  -27.4  989.5    5.5  196.0   73.0  444.0
2018  94  4  4 0800  -28.2  989.6    4.4  193.0   74.0  444.0
2018  94  4  4 0900  -27.7  990.1    3.9  195.0   75.0  444.0
2018  94  4  4 1000  -26.7  989.7    5.8  205.0   75.0  444.0
2018  94  4  4 1100  -27.9  989.6    6.9  207.0   76.0  444.0
2018  94  4  4 1200  -27.4  989.6    5.8  182.0   72.0  444.0
2018  94  4  4 1300  -26.5  989.7    6.9  176.0   70.4  444.0
2018  94  4  4 1400  -30.3  989.7    6.2  194.0   70.0  444.0
2018  94  4  4 1500  -30.4  989.6    6.3  208.0   69.0  444.0
2018  94  4  4 1600  -27.8  988.8    8.4  206.0   71.0  444.0
2018  94  4  4 1700  -28.3  988.9    7.8  203.0   73.0  444.0
2018  94  4  4 1800  -28.8  989.4    6.0  184.0   73.5  444.0
2018  94  4  4 1900  -29.0  989.7    5.8  207.0   75.0  444.0
2018  94  4  4 2000  -25.6  989.3    9.1  188.0   75.0  444.0
2018  94  4  4 2100  -27.5  989.2    9.0  191.0   75.0  444.0
2018  94  4  4 2200  -24.6  989.6    9.1  188.0   78.0  444.0
2018  94  4  4 2300  -23.5  989.6    7.0  168.0   78.8  444.0
2018  95  4  5 0000  -23.4  989.4    5.2  166.0   78.0  444.0
2018  95  4  5 0100  -22.3  989.4    7.8  152.0   80.0  444.0
2018  95  4  5 0200  -22.0  989.5    5.3  134.0   80.0  444.0
2018  95  4  5 0300  -21.3  989.6    6.7  154.0   80.0  444.0
2018  95  4  5 0400  -21.6  990.1    5.0  117.0   78.8  444.0
2018  95  4  5 0500  -21.6  990.1    5.2  145.0   81.0  444.0
2018  95  4  5 0600  -22.5  990.3    5.9  156.0   80.5  444.0
2018  95  4  5 0700  -23.3  990.2    6.3  166.0   80.0  444.0
2018  95  4  5 0800  -21.2  990.0    7.5  168.0   81.0  444.0
2018  95  4  5 0900  -22.4  990.6    9.2  129.0   80.0  444.0
2018  95  4  5 1000  -24.7  990.6    7.5  121.0   78.0  444.0
2018  95  4  5 1100  -24.4  990.6    6.3  116.0   78.2  444.0
2018  95  4  5 1200  -25.6  990.7    7.1  127.0   77.0  444.0
2018  95  4  5 1300  -27.0  990.6    4.1  163.0   77.0  444.0
2018  95  4  5 1400  -26.9  989.9    4.9  187.0   77.0  444.0
2018  95  4  5 1500  -26.4  989.2    7.1  173.0   78.0  444.0
2018  95  4  5 1600  -23.8  988.8    9.4  170.0   79.1  444.0
2018  95  4  5 1700  -24.0  988.7   10.6  163.0   79.0  444.0
2018  95  4  5 1800  -24.7  988.2   10.6  171.0   79.0  444.0
2018  95  4  5 1900  -23.7  987.8    9.0  167.0   79.5  444.0
2018  95  4  5 2000  -23.1  987.5    9.5  166.0   79.0  444.0
2018  95  4  5 2100  -22.8  986.9    9.3  163.0   80.0  444.0
2018  95  4  5 2200  -23.1  986.6   10.2  159.0   80.0  444.0
2018  95  4  5 2300  -22.7  986.3   10.6  164.0   81.0  444.0
2018  96  4  6 0000  -21.6  986.3    8.5  166.0   81.0  444.0
2018  96  4  6 0100  -20.3  985.7   10.1  171.0   82.0  444.0
2018  96  4  6 0200  -20.4  985.5    8.3  101.0   81.8  444.0
2018  96  4  6 0300  -19.5  985.1    9.0  160.0   82.0  444.0
2018  96  4  6 0400  -19.2  984.7    8.4  173.0   83.0  444.0
2018  96  4  6 0500  -18.2  984.4    4.9  140.0   83.0  444.0
2018  96  4  6 0600  -18.2  984.5    5.1  165.0   84.0  444.0
2018  96  4  6 0700  -18.2  983.9    3.1  156.0   83.0  444.0
2018  96  4  6 0800  -18.5  983.9    2.3  151.0   82.0  444.0
2018  96  4  6 0900  -22.0  984.0    3.1   81.0   78.9  444.0
2018  96  4  6 1000  -23.3  984.0    1.3  163.0   80.0  444.0
2018  96  4  6 1100  -22.9  983.9    2.1  169.0   79.0  444.0
2018  96  4  6 1200  -24.0  983.6    1.7  170.0   80.0  444.0
2018  96  4  6 1300  -22.6  983.6    0.7  172.0   80.0  444.0
2018  96  4  6 1400  -22.0  983.3    2.8  177.0   80.4  444.0
2018  96  4  6 1500  -23.0  983.3    3.2  176.0   80.9  444.0
2018  96  4  6 1600  -26.3  983.3    3.3  180.0   78.8  444.0
2018  96  4  6 1700  -25.9  983.2    3.5  173.0   78.0  444.0
2018  96  4  6 1800  -24.6  983.0    4.1  174.0   80.0  444.0
2018  96  4  6 1900  -23.0  982.7    3.8  182.0   80.8  444.0
2018  96  4  6 2000  -20.4  982.5    5.0  182.0   82.7  444.0
2018  96  4  6 2100  -18.6  982.5    5.0  178.0   84.0  444.0
2018  96  4  6 2200  -17.7  982.4    6.7  173.0   84.0  444.0
2018  96  4  6 2300  -19.4  982.3    5.1  173.0   82.0  444.0
2018  97  4  7 0000  -18.3  982.1    5.1  152.0   83.9  444.0
2018  97  4  7 0100  -17.5  982.0    6.5  169.0   84.2  444.0
2018  97  4  7 0200  -17.2  981.6    5.5  176.0   85.0  444.0
2018  97  4  7 0300  -16.9  981.5    3.7  176.0   84.0  444.0
2018  97  4  7 0400  -16.7  981.1    5.2  176.0   85.0  444.0
2018  97  4  7 0500  -17.2  981.2    3.3  168.0   85.0  444.0
2018  97  4  7 0600  -18.0  981.4    4.5  134.0   84.0  444.0
2018  97  4  7 0700  -18.7  981.7    3.4  132.0   84.0  444.0
2018  97  4  7 0800  -18.2  982.1    4.6  145.0   84.0  444.0
2018  97  4  7 0900  -18.4  982.5    4.8  133.0   84.0  444.0
2018  97  4  7 1000  -19.1  983.0    4.5  130.0   84.0  444.0
2018  97  4  7 1100  -20.0  983.4    4.3  129.0   83.0  444.0
2018  97  4  7 1200  -20.8  983.8    3.5  135.0   82.0  444.0
2018  97  4  7 1300  -20.2  984.4    4.6  116.0   83.1  444.0
2018  97  4  7 1400  -19.8  985.0    4.3  116.0   83.0  444.0
2018  97  4  7 1500  -20.2  985.6    4.5  129.0   83.0  444.0
2018  97  4  7 1600  -21.0  986.1    5.2  119.0   82.0  444.0
2018  97  4  7 1700  -21.1  986.7    5.9  113.0   82.0  444.0
2018  97  4  7 1800  -21.7  987.1    4.8  113.0   81.5  444.0
2018  97  4  7 1900  -22.0  987.2    4.4  113.0   82.0  444.0
2018  97  4  7 2000  -22.2  987.8    3.9  133.0   81.0  444.0
2018  97  4  7 2100  -22.4  988.1    3.5  144.0   81.0  444.0
2018  97  4  7 2200  -22.1  988.4    3.5  147.0   81.2  444.0
2018  97  4  7 2300  -21.5  988.1    4.1  146.0   81.9  444.0
2018  98  4  8 0000  -20.2  988.4    3.7  134.0   82.0  444.0
2018  98  4  8 0100  -21.4  988.5    2.7  175.0   81.0  444.0
2018  98  4  8 0200  -22.0  988.6    3.1  176.0   81.0  444.0
2018  98  4  8 0300  -20.8  988.6    4.7  159.0   82.0  444.0
2018  98  4  8 0400  -20.9  988.8    4.8  138.0   82.0  444.0
2018  98  4  8 0500  -22.2  988.7    4.5  144.0   81.0  444.0
2018  98  4  8 0600  -21.6  988.7    4.2  153.0   80.0  444.0
2018  98  4  8 0700  -21.3  988.3    5.0  194.0   79.0  444.0
2018  98  4  8 0800  -18.1  987.8    6.5  190.0   78.0  444.0
2018  98  4  8 0900  -19.8  988.0    5.2  144.0   79.0  444.0
2018  98  4  8 1000  -21.6  988.2    5.7  144.0   77.0  444.0
2018  98  4  8 1100  -22.5  988.7    4.2  150.0   77.0  444.0
2018  98  4  8 1200  -22.8  988.8    4.4  146.0   78.0  444.0
2018  98  4  8 1300  -23.2  989.0    4.3  147.0   76.0  444.0
2018  98  4  8 1400  -21.4  989.0    3.7  162.0   77.0  444.0
2018  98  4  8 1500  -21.1  989.1    4.5  153.0   78.0  444.0
2018  98  4  8 1600  -20.3  989.5    4.8  153.0   75.0  444.0
2018  98  4  8 1700  -21.1  989.6    4.1  150.0   74.0  444.0
2018  98  4  8 1800  -21.6  989.6    3.6  175.0   78.0  444.0
2018  98  4  8 1900  -21.1  989.9    2.7  153.0   80.0  444.0
2018  98  4  8 2000  -21.0  989.9    2.9  152.0   80.0  444.0
2018  98  4  8 2100  -21.3  990.1    2.5  120.0   80.1  444.0
2018  98  4  8 2200  -21.2  990.3    0.9  142.0   79.0  444.0
2018  98  4  8 2300  -21.7  990.7    2.3  191.0   78.0  444.0
2018  99  4  9 0000  -21.8  990.6    2.9  175.0   77.1  444.0
2018  99  4  9 0100  -22.1  991.0    2.8  178.0   75.0  444.0
2018  99  4  9 0200  -20.8  991.2    3.0  173.0   71.0  444.0
2018  99  4  9 0300  -21.1  991.1    3.8  182.0   79.0  444.0
2018  99  4  9 0400  -20.3  991.3    4.2  172.0   77.0  444.0
2018  99  4  9 0500  -18.7  991.4    5.5  167.0   73.0  444.0
2018  99  4  9 0600  -17.7  991.1    7.4  157.0   70.0  444.0
2018  99  4  9 0700  -18.8  991.8    4.6  136.0   69.0  444.0
2018  99  4  9 0800  -20.4  991.8    3.9   97.0   73.0  444.0
2018  99  4  9 0900  -19.3  991.7    2.6  174.0   76.0  444.0
2018  99  4  9 1000  -21.7  991.3    6.2  223.0   73.0  444.0
2018  99  4  9 1100  -24.4  992.0    3.5  217.0   77.0  444.0
2018  99  4  9 1200  -24.8  991.9    0.5  246.0   79.4  444.0
2018  99  4  9 1300  -25.8  992.0    1.7   25.0   78.0  444.0
2018  99  4  9 1400  -27.0  992.6    1.1   67.0   77.0  444.0
2018  99  4  9 1500  -27.9  993.3    3.9  149.0   76.8  444.0
2018  99  4  9 1600  -30.0  993.8    3.6  136.0   75.0  444.0
2018  99  4  9 1700  -29.8  993.9    2.8  167.0   75.5  444.0
2018  99  4  9 1800  -28.7  994.2    2.2  149.0   76.0  444.0
2018  99  4  9 1900  -28.3  994.2    3.4  140.0   76.0  444.0
2018  99  4  9 2000  -30.8  994.5    4.8  156.0   75.0  444.0
2018  99  4  9 2100  444.0  994.8    3.7  140.0   74.2  444.0
2018  99  4  9 2200  -31.1  995.1    4.7  174.0   75.1  444.0
2018  99  4  9 2300  -30.7  995.5    4.7  174.0   75.0  444.0
2018 100  4 10 0000  -30.1  995.3    4.4  198.0   75.0  444.0
2018 100  4 10 0100  -32.1  994.6    5.2  220.0   73.0  444.0
2018 100  4 10 0200  -31.2  994.3    6.7  204.0   75.0  444.0
2018 100  4 10 0300  -26.5  993.7    8.7  197.0   78.0  444.0
2018 100  4 10 0400  -25.5  992.7   10.6  196.0   78.0  444.0
2018 100  4 10 0500  -25.0  992.5    8.8  179.0   79.0  444.0
2018 100  4 10 0600  -24.8  992.3   11.0  182.0   79.0  444.0
2018 100  4 10 0700  -25.1  992.1   12.5  185.0   79.0  444.0
2018 100  4 10 0800  -25.6  991.4   11.9  181.0   78.0  444.0
2018 100  4 10 0900  -26.0  990.9    9.6  173.0   78.0  444.0
2018 100  4 10 1000  -26.8  990.6   11.2  168.0   77.2  444.0
2018 100  4 10 1100  -27.8  990.1   12.2  164.0   77.0  444.0
2018 100  4 10 1200  -27.8  989.9   12.6  175.0   77.0  444.0
2018 100  4 10 1300  -28.3  988.6   11.4  172.0   76.0  444.0
2018 100  4 10 1400  -28.0  987.2   12.5  178.0   76.4  444.0
2018 100  4 10 1500  -27.1  986.2   13.4  184.0   77.0  444.0
2018 100  4 10 1600  -25.6  986.0   11.3  191.0   78.0  444.0
2018 100  4 10 1700  -24.1  986.1   12.2  163.0   79.0  444.0
2018 100  4 10 1800  -23.8  986.4   11.5  164.0   80.0  444.0
2018 100  4 10 1900  -22.9  987.1    8.8  154.0   79.9  444.0
2018 100  4 10 2000  -22.8  987.7    6.7  150.0   79.7  444.0
2018 100  4 10 2100  -23.2  987.7    5.9  164.0   80.0  444.0
2018 100  4 10 2200  -22.4  987.3    8.4  164.0   81.0  444.0
2018 100  4 10 2300  -22.2  987.4    9.7  168.0   80.0  444.0
2018 101  4 11 0000  -22.0  987.6    9.7  184.0   80.0  444.0
2018 101  4 11 0100  -23.4  987.2    8.9  195.0   79.0  444.0
2018 101  4 11 0200  -23.5  987.1    8.0  172.0   80.0  444.0
2018 101  4 11 0300  -21.8  987.4    8.1  188.0   80.7  444.0
2018 101  4 11 0400  -21.7  987.2   11.5  164.0   81.0  444.0
2018 101  4 11 0500  -24.0  987.6   10.4  171.0   79.0  444.0
2018 101  4 11 0600  -24.6  987.8   10.4  176.0   79.0  444.0
2018 101  4 11 0700  -23.8  987.9   12.5  179.0   79.0  444.0
2018 101  4 11 0800  -24.3  988.4   14.1  182.0   78.3  444.0
2018 101  4 11 0900  -26.3  988.9    7.7  206.0   75.0  444.0
2018 101  4 11 1000  -27.2  988.7    8.8  202.0   76.0  444.0
2018 101  4 11 1100  -27.5  988.5    8.7  200.0   78.0  444.0
2018 101  4 11 1200  -25.3  988.2   13.9  183.0   78.0  444.0
2018 101  4 11 1300  -25.5  988.2   14.8  181.0   77.7  444.0
2018 101  4 11 1400  -26.4  988.0   13.7  184.0   77.0  444.0
2018 101  4 11 1500  -27.0  988.0   12.0  187.0   76.6  444.0
2018 101  4 11 1600  -27.0  987.5   15.3  180.0   76.0  444.0
2018 101  4 11 1700  -27.9  987.2   14.4  178.0   76.0  444.0
2018 101  4 11 1800  -28.2  987.0   14.8  175.0   75.6  444.0
2018 101  4 11 1900  -28.5  987.2   14.8  180.0   75.0  444.0
2018 101  4 11 2000  -28.7  986.5   14.9  172.0   75.4  444.0
2018 101  4 11 2100  -28.5  986.5   14.0  186.0   75.0  444.0
2018 101  4 11 2200  -28.3  986.2   13.5  187.0   76.0  444.0
2018 101  4 11 2300  -28.3  986.3   15.2  196.0   76.0  444.0
2018 102  4 12 0000  -28.4  985.9   13.6  188.0   76.0  444.0
2018 102  4 12 0100  -28.6  986.0   15.4  184.0   75.1  444.0
2018 102  4 12 0200  -28.6  986.4   11.2  203.0   74.0  444.0
2018 102  4 12 0300  -27.9  985.5   15.1  184.0   75.0  444.0
2018 102  4 12 0400  -29.4  985.8   11.4  205.0   74.0  444.0
2018 102  4 12 0500  -28.1  985.2   12.8  197.0   74.0  444.0
2018 102  4 12 0600  -28.8  985.4    9.9  196.0   73.7  444.0
2018 102  4 12 0700  -28.5  984.8   10.4  200.0   72.1  444.0
2018 102  4 12 0800  -28.9  985.0   10.4  205.0   70.0  444.0
2018 102  4 12 0900  -29.1  984.9   10.3  197.0   70.0  444.0
2018 102  4 12 1000  -29.1  984.1   10.3  197.0   70.0  444.0
2018 102  4 12 1100  -29.6  984.4    8.8  198.0   69.4  444.0
2018 102  4 12 1200  -28.9  983.6   10.6  198.0   72.2  444.0
2018 102  4 12 1300  -28.5  983.1   12.9  184.0   74.0  444.0
2018 102  4 12 1400  -28.4  983.2   11.1  187.0   73.0  444.0
2018 102  4 12 1500  -27.8  983.1   11.1  181.0   74.0  444.0
2018 102  4 12 1600  -27.9  982.9   10.7  199.0   72.6  444.0
2018 102  4 12 1700  -28.6  982.5    9.0  190.0   72.2  444.0
2018 102  4 12 1800  -28.4  982.3    9.2  180.0   74.0  444.0
2018 102  4 12 1900  -29.2  982.3    7.0  176.0   74.0  444.0
2018 102  4 12 2000  -28.2  982.3    7.9  174.0   74.0  444.0
2018 102  4 12 2100  -27.3  982.1    8.9  167.0   73.8  444.0
2018 102  4 12 2200  -27.2  982.0    7.5  171.0   73.4  444.0
2018 102  4 12 2300  -26.7  982.0    8.4  179.0   75.0  444.0
2018 103  4 13 0000  -26.1  981.8   10.8  180.0   75.9  444.0
2018 103  4 13 0100  -26.4  981.3    9.5  180.0   76.0  444.0
2018 103  4 13 0200  -26.5  980.8    9.1  171.0   76.0  444.0
2018 103  4 13 0300  -26.2  980.8    8.6  165.0   76.0  444.0
2018 103  4 13 0400  -26.8  980.7    5.9  150.0   75.3  444.0
2018 103  4 13 0500  -27.5  980.2    5.1  168.0   75.0  444.0
2018 103  4 13 0600  -29.5  980.2    3.7  159.0   74.0  444.0
2018 103  4 13 0700  -29.6  979.8    6.7  178.0   74.0  444.0
2018 103  4 13 0800  -30.3  979.5    6.9  165.0   73.0  444.0
2018 103  4 13 0900  -31.2  979.4    6.4  174.0   73.6  444.0
2018 103  4 13 1000  -31.8  978.9    5.4  174.0   71.1  444.0
2018 103  4 13 1100  -34.1  978.3    5.0  174.0   72.0  444.0
2018 103  4 13 1200  -35.9  978.4    6.2  149.0   71.0  444.0
2018 103  4 13 1300  -37.1  978.0    3.8  162.0   71.0  444.0
2018 103  4 13 1400  -38.4  977.8    2.2  151.0   69.8  444.0
2018 103  4 13 1500  -40.1  977.8    4.0  164.0   68.9  444.0
2018 103  4 13 1600  -40.7  977.4    4.3  145.0   69.0  444.0
2018 103  4 13 1700  -39.5  977.6    5.2  144.0   69.0  444.0
2018 103  4 13 1800  -40.2  977.6    4.6  126.0   69.0  444.0
2018 103  4 13 1900  -40.5  977.7    4.5  144.0   68.5  444.0
2018 103  4 13 2000  -40.1  977.7    3.8  149.0   68.9  444.0
2018 103  4 13 2100  -40.6  977.6    1.7  167.0   68.0  444.0
2018 103  4 13 2200  -40.5  977.7    3.9  164.0   69.0  444.0
2018 103  4 13 2300  -40.3  977.5    3.0  157.0   68.0  444.0
2018 104  4 14 0000  -41.3  977.2    3.5  213.0   67.0  444.0
2018 104  4 14 0100  -36.0  976.3    3.1  216.0   74.0  444.0
2018 104  4 14 0200  -35.7  975.9   10.8  150.0   71.0  444.0
2018 104  4 14 0300  -30.9  974.3    9.7  194.0   74.2  444.0
2018 104  4 14 0400  -31.5  975.2   11.1  166.0   74.0  444.0
2018 104  4 14 0500  -31.3  975.0   13.2  181.0   73.0  444.0
2018 104  4 14 0600  -31.8  974.9   13.0  179.0   73.0  444.0
2018 104  4 14 0700  -32.1  975.3    8.4  178.0   73.0  444.0
2018 104  4 14 0800  -32.3  975.6   11.9  172.0   73.0  444.0
2018 104  4 14 0900  -31.2  976.0   11.9  178.0   74.0  444.0
2018 104  4 14 1000  -30.6  976.3   10.5  169.0   74.0  444.0
2018 104  4 14 1100  -30.8  976.9    9.7  177.0   74.2  444.0
2018 104  4 14 1200  -30.6  976.9   11.8  178.0   74.0  444.0
2018 104  4 14 1300  -29.8  976.9   11.9  183.0   75.0  444.0
2018 104  4 14 1400  -29.6  976.9    9.8  187.0   75.0  444.0
2018 104  4 14 1500  -29.3  977.4   10.8  188.0   74.8  444.0
2018 104  4 14 1600  -29.5  976.8   12.6  191.0   74.8  444.0
2018 104  4 14 1700  -29.5  977.4   12.8  187.0   75.0  444.0
2018 104  4 14 1800  -28.7  977.5   16.7  177.0   75.0  444.0
2018 104  4 14 1900  -29.6  977.3   12.9  194.0   74.0  444.0
2018 104  4 14 2000  -29.8  977.7   11.2  202.0   75.0  444.0
2018 104  4 14 2100  -29.1  978.1   13.0  169.0   75.0  444.0
2018 104  4 14 2200  -29.6  977.3   12.4  200.0   74.5  444.0
2018 104  4 14 2300  -28.9  977.1   15.9  190.0   74.0  444.0
2018 105  4 15 0000  -29.8  977.2   11.7  198.0   74.0  444.0
2018 105  4 15 0100  -29.4  977.2   11.8  198.0   72.8  444.0
2018 105  4 15 0200  -30.2  976.7   11.1  202.0   73.0  444.0
2018 105  4 15 0300  -30.6  976.1   14.1  190.0   73.5  444.0
2018 105  4 15 0400  -30.1  975.7   11.1  191.0   75.9  444.0
2018 105  4 15 0500  -29.1  975.3   14.5  206.0   74.0  444.0
2018 105  4 15 0600  -30.2  976.0   11.0  203.0   72.0  444.0
2018 105  4 15 0700  -30.4  976.4   10.5  210.0   74.0  444.0
2018 105  4 15 0800  -29.5  976.3   11.7  208.0   75.0  444.0
2018 105  4 15 0900  -29.9  975.9   11.7  201.0   74.4  444.0
2018 105  4 15 1000  -27.2  976.1   14.5  200.0   74.0  444.0
2018 105  4 15 1100  -26.8  976.7   14.5  193.0   76.0  444.0
2018 105  4 15 1200  -26.6  976.7   15.9  190.0   76.0  444.0
2018 105  4 15 1300  -26.3  977.0   16.1  191.0   76.0  444.0
2018 105  4 15 1400  -25.6  976.6   17.5  191.0   76.6  444.0
2018 105  4 15 1500  -25.7  977.1   16.0  188.0   77.0  444.0
2018 105  4 15 1600  -25.3  977.1   14.5  190.0   77.0  444.0
2018 105  4 15 1700  -24.1  977.7   14.3  190.0   78.0  444.0
2018 105  4 15 1800  -24.6  977.9   15.3  187.0   77.0  444.0
2018 105  4 15 1900  -23.7  978.4   17.8  188.0   77.6  444.0
2018 105  4 15 2000  -23.8  979.3   16.1  184.0   78.0  444.0
2018 105  4 15 2100  -23.6  980.4   15.6  185.0   78.2  444.0
2018 105  4 15 2200  -23.6  981.4   16.9  176.0   78.0  444.0
2018 105  4 15 2300  -23.1  982.9   17.4  184.0   78.0  444.0
2018 106  4 16 0000  -23.9  983.3   17.1  183.0   77.0  444.0
2018 106  4 16 0100  -23.4  984.7   17.0  177.0   78.0  444.0
2018 106  4 16 0200  -22.4  985.6   16.6  180.0   77.0  444.0
2018 106  4 16 0300  -22.8  986.6   16.5  175.0   77.0  444.0
2018 106  4 16 0400  -23.5  987.5   16.0  179.0   75.0  444.0
2018 106  4 16 0500  -24.2  987.7   16.6  187.0   77.0  444.0
2018 106  4 16 0600  -23.8  988.1   17.5  185.0   77.0  444.0
2018 106  4 16 0700  -23.9  989.2   16.7  182.0   77.6  444.0
2018 106  4 16 0800  -23.4  990.4   13.8  183.0   76.0  444.0
2018 106  4 16 0900  -24.2  991.9   12.7  178.0   73.9  444.0
2018 106  4 16 1000  -24.8  992.5   11.1  196.0   75.0  444.0
2018 106  4 16 1100  -23.6  992.6   13.2  195.0   74.0  444.0
2018 106  4 16 1200  -24.4  992.6   12.8  198.0   75.3  444.0
2018 106  4 16 1300  -23.1  992.8   16.3  180.0   76.7  444.0
2018 106  4 16 1400  -23.5  993.0   14.7  181.0   76.3  444.0
2018 106  4 16 1500  -23.0  992.8   18.2  178.0   77.0  444.0
2018 106  4 16 1600  -23.4  993.7   16.3  180.0   76.0  444.0
2018 106  4 16 1700  -24.1  994.1   15.0  182.0   74.6  444.0
2018 106  4 16 1800  -24.9  994.1   12.7  179.0   73.0  444.0
2018 106  4 16 1900  -24.8  993.8   13.4  177.0   73.6  444.0
2018 106  4 16 2000  -24.3  993.7   14.6  175.0   74.0  444.0
2018 106  4 16 2100  -23.6  993.5   13.4  177.0   76.0  444.0
2018 106  4 16 2200  -24.0  993.5   13.3  190.0   75.7  444.0
2018 106  4 16 2300  -24.2  993.5    8.8  190.0   69.0  444.0
2018 107  4 17 0000  -26.1  993.6    6.8  212.0   71.0  444.0
2018 107  4 17 0100  -25.8  993.1    8.6  209.0   72.4  444.0
2018 107  4 17 0200  -24.0  992.0   14.9  194.0   77.2  444.0
2018 107  4 17 0300  -23.1  992.0   15.0  193.0   76.0  444.0
2018 107  4 17 0400  -22.0  990.4   22.2  178.0   79.0  444.0
2018 107  4 17 0500  -22.6  990.2   20.4  190.0   77.5  444.0
2018 107  4 17 0600  -22.0  990.1   24.0  178.0   79.7  444.0
2018 107  4 17 0700  -24.0  989.6   21.2  182.0   78.4  444.0
2018 107  4 17 0800  -24.7  989.7   20.8  179.0   78.0  444.0
2018 107  4 17 0900  -24.4  989.4   23.8  178.0   78.0  444.0
2018 107  4 17 1000  -24.9  989.3   20.2  180.0   78.1  444.0
2018 107  4 17 1100  -24.6  989.9   21.5  181.0   78.1  444.0
2018 107  4 17 1200  -24.6  988.2   22.0  177.0   78.0  444.0
2018 107  4 17 1300  -24.7  988.4   20.9  185.0   78.0  444.0
2018 107  4 17 1400  -24.0  989.1   21.5  178.0   79.0  444.0
2018 107  4 17 1500  -24.0  987.6   21.6  171.0   78.6  444.0
2018 107  4 17 1600  -24.3  987.5   22.7  180.0   79.0  444.0
2018 107  4 17 1700  -24.2  989.0   22.2  177.0   78.2  444.0
2018 107  4 17 1800  -25.2  989.4   19.6  172.0   77.0  444.0
2018 107  4 17 1900  -25.7  989.6   14.7  194.0   78.0  444.0
2018 107  4 17 2000  -24.6  986.8   18.9  174.0   78.4  444.0
2018 107  4 17 2100  -24.5  987.6   17.6  179.0   78.0  444.0
2018 107  4 17 2200  -24.1  987.3   19.2  181.0   78.5  444.0
2018 107  4 17 2300  -23.1  987.3   19.5  180.0   79.0  444.0
2018 108  4 18 0000  -23.1  988.1   14.1  185.0   78.0  444.0
2018 108  4 18 0100  -21.6  986.1   19.5  175.0   79.0  444.0
2018 108  4 18 0200  -20.9  985.8   16.2  173.0   80.0  444.0
2018 108  4 18 0300  -21.9  985.3   15.0  184.0   78.4  444.0
2018 108  4 18 0400  -22.4  983.3   18.7  184.0   78.0  444.0
2018 108  4 18 0500  -22.4  983.8   17.0  190.0   78.0  444.0
2018 108  4 18 0600  -22.4  983.3   16.9  177.0   78.0  444.0
2018 108  4 18 0700  -22.4  982.9   19.2  179.0   78.0  444.0
2018 108  4 18 0800  -21.3  984.1   15.8  182.0   75.2  444.0
2018 108  4 18 0900  -24.4  984.0   14.8  176.0   75.9  444.0
2018 108  4 18 1000  -25.5  984.7   14.6  161.0   75.0  444.0
2018 108  4 18 1100  -26.3  986.5   10.8  176.0   73.0  444.0
2018 108  4 18 1200  -29.2  986.6    8.0  170.0   74.0  444.0
2018 108  4 18 1300  -31.6  988.0    9.2  151.0   74.2  444.0
2018 108  4 18 1400  -30.0  989.4    6.0  171.0   72.0  444.0
2018 108  4 18 1500  -30.8  990.1    7.8  142.0   70.0  444.0
2018 108  4 18 1600  -32.0  990.6    6.0  160.0   71.0  444.0
2018 108  4 18 1700  -35.0  992.1    6.7  139.0   71.0  444.0
2018 108  4 18 1800  -35.7  992.8    8.4  130.0   71.0  444.0
2018 108  4 18 1900  -37.1  993.9    6.6  154.0   70.0  444.0
2018 108  4 18 2000  -37.2  994.8    7.8  130.0   70.5  444.0
2018 108  4 18 2100  -37.8  995.8    5.3  132.0   70.0  444.0
2018 108  4 18 2200  -38.6  997.2    4.2  144.0   70.0  444.0
2018 108  4 18 2300  -38.3  997.3    6.0  152.0   70.0  444.0
2018 109  4 19 0000  -37.5  997.8    5.9  151.0   70.0  444.0
2018 109  4 19 0100  -36.1  998.8    4.5  157.0   71.0  444.0
2018 109  4 19 0200  -34.9  999.3    4.9  182.0   71.0  444.0
2018 109  4 19 0300  -33.9  999.2    6.7  159.0   71.0  444.0
2018 109  4 19 0400  -32.2  999.1    7.8  163.0   70.5  444.0
2018 109  4 19 0500  -31.7  998.9    7.5  164.0   68.0  444.0
2018 109  4 19 0600  -31.5  999.3    8.1  170.0   70.0  444.0
2018 109  4 19 0700  -31.1  999.6    7.2  170.0   69.0  444.0
2018 109  4 19 0800  -30.9  999.0    7.7  178.0   70.0  444.0
2018 109  4 19 0900  -30.6  999.2    7.8  176.0   69.0  444.0
2018 109  4 19 1000  -31.4  999.1    6.6  184.0   69.0  444.0
2018 109  4 19 1100  -31.2  998.9    8.5  184.0   70.0  444.0
2018 109  4 19 1200  -31.2  998.7    7.3  180.0   69.0  444.0
2018 109  4 19 1300  -32.1  998.5    5.9  181.0   69.1  444.0
2018 109  4 19 1400  -31.9  998.2    6.4  187.0   69.0  444.0
2018 109  4 19 1500  -32.3  998.2    5.9  194.0   69.0  444.0
2018 109  4 19 1600  -32.3  997.4    6.7  188.0   70.0  444.0
2018 109  4 19 1700  -32.7  997.5    4.8  182.0   70.0  444.0
2018 109  4 19 1800  -32.8  996.9    5.7  191.0   70.0  444.0
2018 109  4 19 1900  -32.1  996.6    5.9  188.0   70.0  444.0
2018 109  4 19 2000  -31.7  996.3    6.3  182.0   71.0  444.0
2018 109  4 19 2100  -31.5  996.5    5.7  178.0   70.0  444.0
2018 109  4 19 2200  -32.0  995.8    6.1  192.0   69.0  444.0
2018 109  4 19 2300  -32.8  995.6    5.2  187.0   69.0  444.0
2018 110  4 20 0000  -32.4  994.9    6.3  194.0   69.0  444.0
2018 110  4 20 0100  -32.4  994.9    5.5  184.0   68.0  444.0
2018 110  4 20 0200  -31.7  994.5    5.6  172.0   68.6  444.0
2018 110  4 20 0300  -30.9  994.4    4.6  164.0   67.3  444.0
2018 110  4 20 0400  -30.2  994.0    4.9  171.0   67.0  444.0
2018 110  4 20 0500  -28.4  993.1    9.4  179.0   70.0  444.0
2018 110  4 20 0600  -28.1  993.3    9.2  186.0   66.6  444.0
2018 110  4 20 0700  -30.1  992.7    6.5  196.0   71.0  444.0
2018 110  4 20 0800  -30.6  992.2    7.1  203.0   66.0  444.0
2018 110  4 20 0900  -30.8  991.8    7.8  191.0   66.0  444.0
2018 110  4 20 1000  -31.2  991.6    7.0  200.0   65.0  444.0
2018 110  4 20 1100  -31.1  991.1    8.6  202.0   65.9  444.0
2018 110  4 20 1200  -28.5  990.5   10.6  189.0   67.0  444.0
2018 110  4 20 1300  -29.1  990.4    9.7  190.0   65.0  444.0
2018 110  4 20 1400  -30.2  990.2    9.3  199.0   65.0  444.0
2018 110  4 20 1500  -29.1  989.8   10.2  198.0   63.0  444.0
2018 110  4 20 1600  -30.2  989.3    8.7  199.0   63.5  444.0
2018 110  4 20 1700  -29.9  989.2    7.6  187.0   67.0  444.0
2018 110  4 20 1800  -30.9  988.9    6.9  208.0   66.0  444.0
2018 110  4 20 1900  -31.1  988.7    6.3  188.0   65.2  444.0
2018 110  4 20 2000  -33.6  988.8    4.6  193.0   68.0  444.0
2018 110  4 20 2100  -33.1  988.6    4.6  198.0   66.0  444.0
2018 110  4 20 2200  -35.5  988.2    3.8  190.0   69.0  444.0
2018 110  4 20 2300  -37.4  988.4    3.8  167.0   72.0  444.0
2018 111  4 21 0000  -37.4  988.2    3.8  202.0   70.0  444.0
2018 111  4 21 0100  -36.4  988.1    4.0  184.0   70.0  444.0
2018 111  4 21 0200  -34.2  987.8    5.1  201.0   69.0  444.0
2018 111  4 21 0300  -33.0  987.6    6.0  192.0   67.0  444.0
2018 111  4 21 0400  -32.6  987.3    5.9  195.0   68.1  444.0
2018 111  4 21 0500  -33.2  987.4    5.6  183.0   68.0  444.0
2018 111  4 21 0600  -36.3  987.6    4.6  182.0   69.0  444.0
2018 111  4 21 0700  -36.5  987.8    3.9  204.0   69.1  444.0
2018 111  4 21 0800  -35.8  987.4    5.4  184.0   69.0  444.0
2018 111  4 21 0900  -31.5  987.3    9.4  180.0   71.0  444.0
2018 111  4 21 1000  -31.0  987.3    8.1  190.0   68.0  444.0
2018 111  4 21 1100  -30.7  987.2   10.2  184.0   69.0  444.0
2018 111  4 21 1200  -31.2  986.7    8.5  197.0   66.0  444.0
2018 111  4 21 1300  -31.3  986.4    8.4  195.0   68.0  444.0
2018 111  4 21 1400  -30.5  986.1   11.0  180.0   70.0  444.0
2018 111  4 21 1500  -31.1  986.0    8.1  194.0   66.0  444.0
2018 111  4 21 1600  -33.5  985.9    7.4  211.0   64.0  444.0
2018 111  4 21 1700  -34.4  985.5    6.2  202.0   65.0  444.0
2018 111  4 21 1800  -34.7  985.0    8.7  194.0   71.0  444.0
2018 111  4 21 1900  -32.0  985.0    9.5  197.0   71.0  444.0
2018 111  4 21 2000  -33.1  985.2    6.7  210.0   72.0  444.0
2018 111  4 21 2100  -35.1  985.2    5.7  216.0   71.0  444.0
2018 111  4 21 2200  -35.4  985.3    6.1  214.0   72.0  444.0
2018 111  4 21 2300  -35.1  985.0    6.7  202.0   71.0  444.0
2018 112  4 22 0000  -35.4  985.0    6.8  318.0   71.1  444.0
2018 112  4 22 0100  -33.6  985.4    7.6  232.0   69.0  444.0
2018 112  4 22 0200  -35.4  985.6    6.6  259.0   67.0  444.0
2018 112  4 22 0300  -34.5  985.6    6.6  243.0   66.0  444.0
2018 112  4 22 0400  -33.8  985.7    7.6  237.0   67.1  444.0
2018 112  4 22 0500  -35.3  985.8    6.3  247.0   68.3  444.0
2018 112  4 22 0600  -34.5  986.6    5.2  237.0   66.0  444.0
2018 112  4 22 0700  -34.8  987.0    6.3  236.0   66.0  444.0
2018 112  4 22 0800  -34.9  987.5    6.5  235.0   68.0  444.0
2018 112  4 22 0900  -32.6  988.0    8.1  223.0   71.0  444.0
2018 112  4 22 1000  -32.8  988.5    7.2  231.0   69.4  444.0
2018 112  4 22 1100  -33.7  988.9    7.7  227.0   70.0  444.0
2018 112  4 22 1200  -31.5  989.4    8.0  218.0   70.0  444.0
2018 112  4 22 1300  -32.0  989.8    7.1  226.0   68.0  444.0
2018 112  4 22 1400  -33.4  990.2    6.5  218.0   68.0  444.0
2018 112  4 22 1500  -33.5  990.3    6.4  211.0   67.6  444.0
2018 112  4 22 1600  -31.8  990.4    7.8  197.0   69.4  444.0
2018 112  4 22 1700  -34.6  991.2    5.5  182.0   70.0  444.0
2018 112  4 22 1800  -34.1  991.4    6.4  179.0   72.0  444.0
2018 112  4 22 1900  -34.8  991.3    4.6  178.0   71.0  444.0
2018 112  4 22 2000  -36.6  991.6    3.0  176.0   69.5  444.0
2018 112  4 22 2100  -39.3  992.3    5.8  152.0   69.0  444.0
2018 112  4 22 2200  -42.5  993.0    4.7  155.0   67.0  444.0
2018 112  4 22 2300  -42.4  992.6    6.4  156.0   67.0  444.0
2018 113  4 23 0000  -41.9  993.0    5.5  151.0   67.0  444.0
2018 113  4 23 0100  -42.0  993.0    5.2  149.0   67.0  444.0
2018 113  4 23 0200  -41.8  992.8    5.0  153.0   67.0  444.0
2018 113  4 23 0300  -42.8  993.2    4.2  150.0   66.7  444.0
2018 113  4 23 0400  -42.0  993.4    5.1  144.0   67.0  444.0
2018 113  4 23 0500  -41.4  993.3    4.5  134.0   67.0  444.0
2018 113  4 23 0600  -41.1  993.2    5.2  170.0   68.0  444.0
2018 113  4 23 0700  -36.5  993.1    4.3  168.0   70.0  444.0
2018 113  4 23 0800  -34.4  992.6    6.1  165.0   71.4  444.0
2018 113  4 23 0900  -37.1  992.1    4.6  195.0   70.0  444.0
2018 113  4 23 1000  -37.0  991.5    4.0  189.0   69.5  444.0
2018 113  4 23 1100  -37.6  990.7    5.8  199.0   70.0  444.0
2018 113  4 23 1200  -35.6  990.1    5.4  182.0   71.0  444.0
2018 113  4 23 1300  -32.6  989.4    7.5  172.0   73.0  444.0
2018 113  4 23 1400  -32.6  988.6    7.1  167.0   72.4  444.0
2018 113  4 23 1500  -33.1  988.2    5.9  164.0   72.1  444.0
2018 113  4 23 1600  -33.7  987.5    6.2  177.0   72.0  444.0
2018 113  4 23 1700  -32.7  987.0    5.9  174.0   72.0  444.0
2018 113  4 23 1800  -32.0  986.1    7.1  176.0   73.0  444.0
2018 113  4 23 1900  -31.8  985.4    8.9  165.0   73.0  444.0
2018 113  4 23 2000  -31.8  984.8    9.3  172.0   73.0  444.0
2018 113  4 23 2100  -31.5  984.0   10.1  178.0   73.0  444.0
2018 113  4 23 2200  -31.1  983.2    9.8  181.0   74.0  444.0
2018 113  4 23 2300  -31.2  981.9    9.5  182.0   73.0  444.0
2018 114  4 24 0000  -30.2  980.8   11.4  180.0   74.2  444.0
2018 114  4 24 0100  -29.1  980.0   11.7  178.0   74.4  444.0
2018 114  4 24 0200  -28.4  979.2   11.2  175.0   75.0  444.0
2018 114  4 24 0300  -28.3  978.3   10.2  182.0   74.8  444.0
2018 114  4 24 0400  -28.6  977.2   11.2  181.0   74.5  444.0
2018 114  4 24 0500  -29.8  976.2   11.1  180.0   74.0  444.0
2018 114  4 24 0600  -29.8  975.2   12.2  175.0   74.0  444.0
2018 114  4 24 0700  -30.2  974.3   10.7  182.0   74.0  444.0
2018 114  4 24 0800  -29.0  973.0   11.9  175.0   74.8  444.0
2018 114  4 24 0900  -28.1  972.0   12.1  191.0   75.0  444.0
2018 114  4 24 1000  -27.1  971.0   12.4  190.0   76.0  444.0
2018 114  4 24 1100  -26.1  969.7   14.5  183.0   77.0  444.0
2018 114  4 24 1200  -25.7  968.1   12.3  180.0   77.0  444.0
2018 114  4 24 1300  -24.9  966.6   14.0  169.0   77.9  444.0
2018 114  4 24 1400  -24.7  965.1   14.7  171.0   78.0  444.0
2018 114  4 24 1500  -23.3  964.0   13.7  169.0   79.0  444.0
2018 114  4 24 1600  -22.2  962.4   13.3  170.0   80.0  444.0
2018 114  4 24 1700  -19.9  961.3   11.7  162.0   82.1  444.0
2018 114  4 24 1800  -17.6  960.5   10.1  155.0   83.7  444.0
2018 114  4 24 1900  -16.3  960.3    7.0  160.0   86.0  444.0
2018 114  4 24 2000  -14.6  960.1    6.8  163.0   87.0  444.0
2018 114  4 24 2100  -13.5  959.6    6.6  153.0   87.0  444.0
2018 114  4 24 2200  -11.8  958.9    8.4  130.0   89.0  444.0
2018 114  4 24 2300  -14.8  958.4    9.6  200.0   87.1  444.0
2018 115  4 25 0000  -13.8  957.6    9.9  155.0   88.0  444.0
2018 115  4 25 0100  -15.1  956.5   11.0  166.0   86.0  444.0
2018 115  4 25 0200  -14.9  955.5   11.0  164.0   86.4  444.0
2018 115  4 25 0300  -14.5  954.9   10.8  164.0   86.0  444.0
2018 115  4 25 0400  -14.6  955.5    9.6  149.0   86.9  444.0
2018 115  4 25 0500  -14.5  954.7    8.5  167.0   87.3  444.0
2018 115  4 25 0600  -13.8  954.2    9.3  166.0   87.8  444.0
2018 115  4 25 0700  -12.3  953.8   12.8  162.0   89.0  444.0
2018 115  4 25 0800  -14.1  953.3   14.8  160.0   87.0  444.0
2018 115  4 25 0900  -13.9  953.2   15.6  160.0   87.4  444.0
2018 115  4 25 1000  -12.6  954.2   11.6  101.0   88.5  444.0
2018 115  4 25 1100  -12.7  955.2   12.4   98.0   88.9  444.0
2018 115  4 25 1200  -10.8  955.9   11.9  119.0   91.0  444.0
2018 115  4 25 1300   -9.9  956.5   12.5  114.0   91.0  444.0
2018 115  4 25 1400  -10.8  957.5   11.9  108.0   90.0  444.0
2018 115  4 25 1500  -10.7  957.9   11.4  107.0   90.6  444.0
2018 115  4 25 1600  -10.8  958.0   11.1  108.0   90.4  444.0
2018 115  4 25 1700  -10.9  958.5   11.1  108.0   90.0  444.0
2018 115  4 25 1800  -10.3  959.3   12.0  111.0   91.0  444.0
2018 115  4 25 1900  -10.7  959.6   12.0  104.0   90.2  444.0
2018 115  4 25 2000  -10.1  960.1   11.5  112.0   91.0  444.0
2018 115  4 25 2100  -10.2  960.6   12.7  104.0   91.0  444.0
2018 115  4 25 2200  -10.7  961.0   13.0  105.0   90.0  444.0
2018 115  4 25 2300  -10.4  962.0   12.3  104.0   90.0  444.0
2018 116  4 26 0000  -11.7  962.5   13.5  106.0   88.9  444.0
2018 116  4 26 0100  -15.9  964.3   11.5   91.0   86.0  444.0
2018 116  4 26 0200  -17.4  965.7   10.5   92.0   85.0  444.0
2018 116  4 26 0300  -18.0  968.0   12.1   84.0   84.0  444.0
2018 116  4 26 0400  -19.1  971.0   10.0   88.0   83.6  444.0
2018 116  4 26 0500  -18.4  973.9    9.7   91.0   84.1  444.0
2018 116  4 26 0600  -18.0  976.2    8.8   96.0   84.0  444.0
2018 116  4 26 0700  -18.0  978.0    8.4  103.0   84.0  444.0
2018 116  4 26 0800  -18.4  979.1    6.8   93.0   83.0  444.0
2018 116  4 26 0900  -18.8  980.0    7.0  102.0   84.0  444.0
2018 116  4 26 1000  -19.1  980.9    5.1  118.0   83.0  444.0
2018 116  4 26 1100  -20.0  981.3    3.9  129.0   82.0  444.0
2018 116  4 26 1200  -21.5  981.7    3.7  137.0   82.2  444.0
2018 116  4 26 1300  -23.4  982.1    2.8  160.0   80.1  444.0
2018 116  4 26 1400  -26.0  981.9    2.2  164.0   79.0  444.0
2018 116  4 26 1500  -25.9  981.9    3.3  158.0   79.0  444.0
2018 116  4 26 1600  -23.9  981.8    4.5  144.0   81.0  444.0
2018 116  4 26 1700  -22.7  981.8    4.2  144.0   81.1  444.0
2018 116  4 26 1800  -25.4  981.6    3.8  163.0   78.0  444.0
2018 116  4 26 1900  -26.9  981.6    4.3  168.0   78.0  444.0
2018 116  4 26 2000  -28.3  981.3    3.0  175.0   76.0  444.0
2018 116  4 26 2100  -28.9  980.8    2.9  157.0   76.0  444.0
2018 116  4 26 2200  -29.7  980.5    3.7  156.0   75.8  444.0
2018 116  4 26 2300  -30.5  980.2    3.3  166.0   75.3  444.0
2018 117  4 27 0000  -29.6  980.2    3.3  174.0   76.0  444.0
2018 117  4 27 0100  -29.3  979.8    2.4  170.0   76.0  444.0
2018 117  4 27 0200  -27.2  979.5    4.0  190.0   78.0  444.0
2018 117  4 27 0300  -27.1  979.4    8.1  217.0   76.3  444.0
2018 117  4 27 0400  -27.9  978.9    6.9  201.0   76.9  444.0
2018 117  4 27 0500  -29.0  978.8    5.0  192.0   75.8  444.0
2018 117  4 27 0600  -30.6  978.9    4.3  203.0   75.0  444.0
2018 117  4 27 0700  -29.8  979.0    5.1  204.0   75.0  444.0
2018 117  4 27 0800  -29.0  978.9    6.3  203.0   76.0  444.0
2018 117  4 27 0900  -28.6  979.1    5.6  202.0   76.0  444.0
2018 117  4 27 1000  -29.3  978.7    5.4  199.0   75.9  444.0
2018 117  4 27 1100  -28.2  978.3    5.4  189.0   77.0  444.0
2018 117  4 27 1200  -26.9  978.0    6.5  188.0   78.0  444.0
2018 117  4 27 1300  -24.8  977.6    7.0  174.0   79.0  444.0
2018 117  4 27 1400  -25.1  977.0    7.9  177.0   79.0  444.0
2018 117  4 27 1500  -25.0  976.8    8.1  173.0   79.0  444.0
2018 117  4 27 1600  -25.3  976.6    9.0  170.0   79.0  444.0
2018 117  4 27 1700  -24.9  976.5    8.7  173.0   79.0  444.0
2018 117  4 27 1800  -24.7  975.7   10.2  177.0   79.0  444.0
2018 117  4 27 1900  -25.4  975.3    9.5  177.0   78.0  444.0
2018 117  4 27 2000  -25.1  975.1   10.1  172.0   78.6  444.0
2018 117  4 27 2100  -25.8  974.5   10.2  179.0   78.2  444.0
2018 117  4 27 2200  -25.4  973.8   12.5  185.0   78.2  444.0
2018 117  4 27 2300  -25.8  973.7   10.3  185.0   78.0  444.0
2018 118  4 28 0000  -25.8  973.0   11.2  191.0   78.0  444.0
2018 118  4 28 0100  -26.2  972.1   12.0  189.0   77.9  444.0
2018 118  4 28 0200  -25.9  972.2   11.9  182.0   77.9  444.0
2018 118  4 28 0300  -25.8  971.5    8.8  174.0   78.0  444.0
2018 118  4 28 0400  -25.0  970.9    9.6  184.0   79.0  444.0
2018 118  4 28 0500  -24.2  970.8   10.3  177.0   79.0  444.0
2018 118  4 28 0600  -23.7  970.4   11.3  166.0   79.4  444.0
2018 118  4 28 0700  -23.3  970.0   10.4  167.0   79.8  444.0
2018 118  4 28 0800  -22.8  969.8   10.5  163.0   80.0  444.0
2018 118  4 28 0900  -22.9  969.4   10.8  162.0   80.2  444.0
2018 118  4 28 1000  -23.1  969.7   11.3  163.0   80.0  444.0
2018 118  4 28 1100  -23.4  969.6   10.8  161.0   80.0  444.0
2018 118  4 28 1200  -23.5  969.5   10.8  162.0   80.0  444.0
2018 118  4 28 1300  -23.6  969.2   10.4  163.0   79.3  444.0
2018 118  4 28 1400  -24.0  968.9    9.6  161.0   79.2  444.0
2018 118  4 28 1500  -24.0  968.5    9.5  164.0   79.0  444.0
2018 118  4 28 1600  -24.5  968.4    9.4  164.0   78.0  444.0
2018 118  4 28 1700  -25.1  968.0    9.2  162.0   78.0  444.0
2018 118  4 28 1800  -25.4  967.8   10.1  169.0   77.5  444.0
2018 118  4 28 1900  -25.5  967.8    8.5  184.0   77.2  444.0
2018 118  4 28 2000  -26.1  967.4    8.6  177.0   77.0  444.0
2018 118  4 28 2100  -26.2  967.1    8.1  173.0   77.0  444.0
2018 118  4 28 2200  -26.4  966.9    8.2  174.0   77.0  444.0
2018 118  4 28 2300  -25.9  966.9    9.7  174.0   77.2  444.0
2018 119  4 29 0000  -25.4  967.0   11.1  175.0   77.0  444.0
2018 119  4 29 0100  -25.9  966.5    9.2  182.0   78.0  444.0
2018 119  4 29 0200  -26.6  966.5    7.7  182.0   76.0  444.0
2018 119  4 29 0300  -26.5  966.4    8.5  169.0   77.0  444.0
2018 119  4 29 0400  -26.3  966.7    9.7  158.0   77.0  444.0
2018 119  4 29 0500  -26.1  966.8    9.4  158.0   77.0  444.0
2018 119  4 29 0600  -26.3  967.1    8.3  159.0   76.0  444.0
2018 119  4 29 0700  -26.4  966.9    8.8  168.0   77.0  444.0
2018 119  4 29 0800  -25.8  967.1    9.7  165.0   77.0  444.0
2018 119  4 29 0900  -26.2  967.3    9.5  159.0   77.0  444.0
2018 119  4 29 1000  -26.3  967.7    8.8  161.0   78.0  444.0
2018 119  4 29 1100  -25.7  968.1    9.2  164.0   78.0  444.0
2018 119  4 29 1200  -25.7  968.6    9.6  163.0   77.7  444.0
2018 119  4 29 1300  -26.1  969.1   10.1  163.0   77.0  444.0
2018 119  4 29 1400  -26.3  969.7    9.8  159.0   77.0  444.0
2018 119  4 29 1500  -26.0  970.0   10.3  163.0   78.0  444.0
2018 119  4 29 1600  -26.6  970.5   10.4  163.0   77.0  444.0
2018 119  4 29 1700  -26.6  971.1   10.8  163.0   77.3  444.0
2018 119  4 29 1800  -27.0  972.0   10.5  162.0   77.0  444.0
2018 119  4 29 1900  -27.1  972.3    9.8  168.0   77.0  444.0
2018 119  4 29 2000  -27.4  973.1    9.4  168.0   76.0  444.0
2018 119  4 29 2100  -27.3  973.5    9.7  169.0   76.4  444.0
2018 119  4 29 2200  -27.8  974.0   10.1  172.0   75.8  444.0
2018 119  4 29 2300  -27.4  974.8   10.9  179.0   76.0  444.0
2018 120  4 30 0000  -27.3  975.2   11.2  171.0   76.0  444.0
2018 120  4 30 0100  -27.2  975.9   10.5  157.0   76.0  444.0
2018 120  4 30 0200  -27.4  976.2   10.2  164.0   76.0  444.0
2018 120  4 30 0300  -27.2  976.7    8.0  166.0   77.0  444.0
2018 120  4 30 0400  -27.2  977.2    8.0  165.0   76.8  444.0
2018 120  4 30 0500  -28.1  977.6    8.0  169.0   76.0  444.0
2018 120  4 30 0600  -27.6  978.0    6.9  184.0   76.3  444.0
2018 120  4 30 0700  -27.7  978.0    9.2  179.0   76.0  444.0
2018 120  4 30 0800  -27.7  978.5   10.4  183.0   76.0  444.0
2018 120  4 30 0900  -27.3  978.6   10.8  182.0   76.0  444.0
2018 120  4 30 1000  -27.4  978.7   10.7  188.0   75.0  444.0
2018 120  4 30 1100  -26.8  978.4   13.6  190.0   76.0  444.0
2018 120  4 30 1200  -27.5  978.8   10.3  196.0   73.0  444.0
2018 120  4 30 1300  -27.7  979.0    9.7  197.0   72.0  444.0
2018 120  4 30 1400  -27.6  979.2   10.1  192.0   73.6  444.0
2018 120  4 30 1500  -27.8  979.1   11.0  194.0   73.0  444.0
2018 120  4 30 1600  -28.2  979.3    9.6  190.0   72.7  444.0
2018 120  4 30 1700  -28.4  978.9    9.1  198.0   73.0  444.0
2018 120  4 30 1800  -27.1  978.7   11.2  186.0   73.0  444.0
2018 120  4 30 1900  -27.0  979.1    8.0  195.0   72.0  444.0
2018 120  4 30 2000  -26.8  979.0    7.5  198.0   72.0  444.0
2018 120  4 30 2100  -26.6  979.0    9.0  196.0   74.0  444.0
2018 120  4 30 2200  -25.8  978.9   10.8  190.0   74.0  444.0
2018 120  4 30 2300  -26.4  978.9    8.3  205.0   74.0  444.0
