Year: 2017  Month: 12  ID: MLN  ARGOS:  8934  Name: Marilyn             
Lat: 79.93S  Lon: 165.56E  Elev:   62m
2017 335 12  1 0000   -9.4  981.8    2.5  130.0   74.0  444.0
2017 335 12  1 0100   -9.1  981.8    4.0  126.0   75.0  444.0
2017 335 12  1 0200   -8.4  981.8    4.0  124.0   76.0  444.0
2017 335 12  1 0300   -8.1  981.7    4.1  111.0   76.7  444.0
2017 335 12  1 0400   -8.0  981.7    3.4   92.0   75.0  444.0
2017 335 12  1 0500   -7.9  981.5    2.3  111.0   77.0  444.0
2017 335 12  1 0600   -8.5  981.5    2.3  111.0   78.3  444.0
2017 335 12  1 0700   -9.4  981.6    2.1  119.0   79.0  444.0
2017 335 12  1 0800  -10.4  981.4    2.0  137.0   79.0  444.0
2017 335 12  1 0900  -10.7  981.0    2.4  140.0   78.0  444.0
2017 335 12  1 1000  -12.4  980.7    2.6  173.0   79.0  444.0
2017 335 12  1 1100  -13.6  980.6    3.2  163.0   80.0  444.0
2017 335 12  1 1200  -14.4  980.3    3.0  148.0   80.0  444.0
2017 335 12  1 1300  -13.6  980.0    3.3  150.0   77.0  444.0
2017 335 12  1 1400  -14.9  979.8    3.2  158.0   78.0  444.0
2017 335 12  1 1500  -14.4  979.7    3.1  148.0   76.0  444.0
2017 335 12  1 1600  -12.8  979.4    3.9  132.0   74.0  444.0
2017 335 12  1 1700  -12.4  979.5    3.6  127.0   74.0  444.0
2017 335 12  1 1800  -12.0  979.2    3.1  151.0   74.0  444.0
2017 335 12  1 1900  -11.8  979.1    3.5  164.0   75.0  444.0
2017 335 12  1 2000  -10.9  979.1    3.8  157.0   73.0  444.0
2017 335 12  1 2100  -10.6  979.0    3.5  139.0   75.0  444.0
2017 335 12  1 2200   -9.9  978.8    3.5  152.0   74.0  444.0
2017 335 12  1 2300   -9.1  978.6    3.2  145.0   75.0  444.0
2017 336 12  2 0000   -8.1  978.6    3.3  142.0   74.0  444.0
2017 336 12  2 0100   -6.9  978.5    2.7  154.0   70.8  444.0
2017 336 12  2 0200   -6.1  978.3    2.4  154.0   70.0  444.0
2017 336 12  2 0300   -6.5  978.2    2.5  174.0   75.0  444.0
2017 336 12  2 0400   -5.9  978.0    2.5  183.0   74.0  444.0
2017 336 12  2 0500   -6.0  977.9    3.2  202.0   77.0  444.0
2017 336 12  2 0600   -6.9  977.6    2.0  211.0   77.3  444.0
2017 336 12  2 0700   -7.3  977.6    3.9  196.0   74.0  444.0
2017 336 12  2 0800   -7.6  977.3    3.5  224.0   72.0  444.0
2017 336 12  2 0900   -7.1  976.9    4.6  204.0   63.0  444.0
2017 336 12  2 1000   -7.8  976.5    5.8  206.0   67.0  444.0
2017 336 12  2 1100   -7.9  976.3    6.0  185.0   63.0  444.0
2017 336 12  2 1200   -8.3  976.0    6.5  179.0   63.0  444.0
2017 336 12  2 1300   -8.6  975.6    6.2  189.0   65.0  444.0
2017 336 12  2 1400  -10.2  975.4    4.8  221.0   71.0  444.0
2017 336 12  2 1500  -12.0  975.3    4.5  223.0   71.0  444.0
2017 336 12  2 1600  -12.2  975.1    4.1  231.0   72.0  444.0
2017 336 12  2 1700  -12.3  975.0    4.1  226.0   71.0  444.0
2017 336 12  2 1800  -12.2  975.0    4.8  254.0   71.0  444.0
2017 336 12  2 1900  -10.8  975.0    5.9  220.0   73.0  444.0
2017 336 12  2 2000  -11.1  975.0    5.7  230.0   74.0  444.0
2017 336 12  2 2100   -9.7  975.0    6.3  218.0   68.0  444.0
2017 336 12  2 2200   -9.4  975.2    6.2  222.0   70.0  444.0
2017 336 12  2 2300   -8.7  975.2    6.9  213.0   66.0  444.0
2017 337 12  3 0000   -8.0  975.1    6.5  216.0   70.6  444.0
2017 337 12  3 0100   -7.6  975.2    6.1  204.0   73.0  444.0
2017 337 12  3 0200   -7.3  975.2    7.2  208.0   70.0  444.0
2017 337 12  3 0300   -7.0  975.2    6.1  199.0   69.8  444.0
2017 337 12  3 0400   -7.1  975.1    6.3  219.0   67.0  444.0
2017 337 12  3 0500   -7.0  975.0    5.1  217.0   67.0  444.0
2017 337 12  3 0600   -7.1  974.9    5.4  213.0   64.0  444.0
2017 337 12  3 0700   -7.8  974.9    4.0  222.0   69.7  444.0
2017 337 12  3 0800   -9.1  974.9    3.7  236.0   74.0  444.0
2017 337 12  3 0900   -9.1  974.8    3.2  222.0   68.0  444.0
2017 337 12  3 1000  -11.5  974.8    3.4  251.0   78.0  444.0
2017 337 12  3 1100  -12.4  974.7    3.4  247.0   76.0  444.0
2017 337 12  3 1200  -13.5  974.7    3.3  264.0   79.0  444.0
2017 337 12  3 1300  -14.5  974.7    3.4  273.0   81.0  444.0
2017 337 12  3 1400  -14.4  974.7    3.5  267.0   82.0  444.0
2017 337 12  3 1500  -15.6  974.6    2.1  258.0   80.0  444.0
2017 337 12  3 1600  -15.1  974.6    2.9  240.0   75.0  444.0
2017 337 12  3 1700  -14.7  974.5    3.0  252.0   74.2  444.0
2017 337 12  3 1800  -14.0  974.8    3.6  238.0   74.0  444.0
2017 337 12  3 1900  -12.1  974.9    3.3  223.0   69.0  444.0
2017 337 12  3 2000  -11.6  975.2    4.4  251.0   67.0  444.0
2017 337 12  3 2100  -11.1  975.2    2.8  233.0   70.0  444.0
2017 337 12  3 2200   -9.7  975.6    4.0  214.0   68.0  444.0
2017 337 12  3 2300   -8.7  975.8    2.9  215.0   67.0  444.0
2017 338 12  4 0000   -8.0  975.9    2.1  221.0   68.0  444.0
2017 338 12  4 0100   -7.8  976.0    2.3  193.0   70.8  444.0
2017 338 12  4 0200  444.0  976.0    1.2  172.0   75.0  444.0
2017 338 12  4 0300   -8.1  976.0    1.9  162.0   73.0  444.0
2017 338 12  4 0400  444.0  976.0    1.2  180.0   75.3  444.0
2017 338 12  4 0500  444.0  976.1    1.1  162.0   74.8  444.0
2017 338 12  4 0600   -8.5  976.2    1.6  210.0   77.0  444.0
2017 338 12  4 0700   -9.9  976.1    2.1  173.0   80.0  444.0
2017 338 12  4 0800  -10.2  976.0    2.0  185.0   80.0  444.0
2017 338 12  4 0900  -11.8  976.1    1.6  231.0   83.0  444.0
2017 338 12  4 1000  -12.8  976.2    2.1  221.0   83.0  444.0
2017 338 12  4 1100  -13.6  976.2    2.6  198.0   84.0  444.0
2017 338 12  4 1200  -14.3  976.2    2.3  203.0   84.0  444.0
2017 338 12  4 1300  -15.5  976.2    2.6  202.0   83.8  444.0
2017 338 12  4 1400  -14.4  976.3    2.5  212.0   86.0  444.0
2017 338 12  4 1500  -16.0  976.2    1.2  244.0   83.0  444.0
2017 338 12  4 1600  -16.7  976.3    1.4  228.0   82.0  444.0
2017 338 12  4 1700  -15.3  976.5    1.6  226.0   89.0  444.0
2017 338 12  4 1800  -14.6  976.6    1.8  150.0   84.9  444.0
2017 338 12  4 1900  -14.7  976.9    1.9  163.0   82.0  444.0
2017 338 12  4 2000  444.0  977.1    1.6  168.0   82.0  444.0
2017 338 12  4 2100  -14.6  977.4    1.9  104.0   83.0  444.0
2017 338 12  4 2200  -13.6  977.5    2.5   96.0   81.0  444.0
2017 338 12  4 2300  -12.6  977.6    2.4   89.0   80.2  444.0
2017 339 12  5 0000  -10.7  977.7    2.5   91.0   83.0  444.0
2017 339 12  5 0100  -12.1  977.9    2.2  105.0   81.6  444.0
2017 339 12  5 0200  -11.9  978.0    3.1  101.0   82.0  444.0
2017 339 12  5 0300  -10.8  978.0    2.3  105.0   82.0  444.0
2017 339 12  5 0400   -9.1  978.0    3.7   92.0   79.2  444.0
2017 339 12  5 0500   -8.5  978.1    3.3   76.0   84.0  444.0
2017 339 12  5 0600  -10.2  978.5    3.8   54.0   83.6  444.0
2017 339 12  5 0700  -10.9  978.7    3.4   55.0   84.8  444.0
2017 339 12  5 0800  -11.8  978.7    1.9   46.0   82.0  444.0
2017 339 12  5 0900  -11.6  978.7    0.7   45.0   81.0  444.0
2017 339 12  5 1000  -11.6  978.6    0.4  211.0   86.0  444.0
2017 339 12  5 1100  -13.1  978.5    1.4  185.0   84.5  444.0
2017 339 12  5 1200  444.0  978.3    0.1  187.0   84.6  444.0
2017 339 12  5 1300  444.0  978.1    0.0    0.0   84.0  444.0
2017 339 12  5 1400  -13.4  977.8    1.7  325.0   87.0  444.0
2017 339 12  5 1500  -13.5  977.6    2.0  343.0   88.0  444.0
2017 339 12  5 1600  -13.2  977.3    2.6  307.0   90.4  444.0
2017 339 12  5 1700  -12.8  977.2    3.3  313.0   89.0  444.0
2017 339 12  5 1800  -12.7  976.8    3.2  312.0   87.0  444.0
2017 339 12  5 1900  -12.3  976.5    3.7  314.0   85.0  444.0
2017 339 12  5 2000  -12.6  976.2    4.0  296.0   84.0  444.0
2017 339 12  5 2100  -12.2  976.1    4.1  290.0   84.0  444.0
2017 339 12  5 2200  -11.2  975.9    4.5  297.0   84.0  444.0
2017 339 12  5 2300  -10.8  975.5    4.8  288.0   83.0  444.0
2017 340 12  6 0000  -10.1  975.4    4.2  292.0   83.0  444.0
2017 340 12  6 0100  -10.0  975.0    5.1  294.0   83.0  444.0
2017 340 12  6 0200   -9.8  974.6    5.4  286.0   85.3  444.0
2017 340 12  6 0300   -9.1  974.3    4.7  288.0   84.0  444.0
2017 340 12  6 0400  -10.2  973.9    4.3  283.0   84.0  444.0
2017 340 12  6 0500   -9.9  973.6    4.0  273.0   83.0  444.0
2017 340 12  6 0600  -10.0  973.5    3.4  273.0   85.0  444.0
2017 340 12  6 0700  -10.0  973.3    3.1  274.0   83.0  444.0
2017 340 12  6 0800  -11.0  973.0    2.7  284.0   83.0  444.0
2017 340 12  6 0900  -11.8  972.7    2.4  280.0   82.6  444.0
2017 340 12  6 1000  -12.6  972.6    1.7  307.0   82.0  444.0
2017 340 12  6 1100  -13.7  972.5    1.9  301.0   83.0  444.0
2017 340 12  6 1200  -14.2  972.3    1.7  296.0   81.0  444.0
2017 340 12  6 1300  -14.6  972.2    1.4  301.0   84.0  444.0
2017 340 12  6 1400  -16.0  972.0    2.1  312.0   81.4  444.0
2017 340 12  6 1500  -16.1  972.1    1.9  303.0   82.0  444.0
2017 340 12  6 1600  -15.8  972.1    1.1  276.0   77.0  444.0
2017 340 12  6 1700  444.0  972.2    0.1  268.0   72.0  444.0
2017 340 12  6 1800  444.0  972.3    1.3  323.0   76.0  444.0
2017 340 12  6 1900  444.0  972.6    0.0    0.0   69.1  444.0
2017 340 12  6 2000  444.0  972.9    0.0    0.0   65.0  444.0
2017 340 12  6 2100  444.0  973.1    0.5   43.0   73.0  444.0
2017 340 12  6 2200  444.0  973.5    0.8   79.0   70.0  444.0
2017 340 12  6 2300  444.0  974.0    0.9   73.0   72.0  444.0
2017 341 12  7 0000  -11.2  974.4    1.1   58.0   73.6  444.0
2017 341 12  7 0100  -10.4  974.8    1.7   54.0   74.9  444.0
2017 341 12  7 0200   -9.9  975.0    2.6   28.0   81.0  444.0
2017 341 12  7 0300   -9.7  975.5    3.5   29.0   81.0  444.0
2017 341 12  7 0400   -9.4  976.0    4.1   47.0   80.6  444.0
2017 341 12  7 0500   -8.6  976.2    4.3   41.0   81.6  444.0
2017 341 12  7 0600   -8.4  976.5    2.3   49.0   85.0  444.0
2017 341 12  7 0700   -8.4  976.9    2.4   72.0   85.0  444.0
2017 341 12  7 0800   -8.8  977.1    1.9   85.0   85.0  444.0
2017 341 12  7 0900   -9.2  977.4    2.6   96.0   86.9  444.0
2017 341 12  7 1000   -9.6  977.6    2.3  125.0   88.0  444.0
2017 341 12  7 1100  -10.1  977.6    2.4  137.0   87.0  444.0
2017 341 12  7 1200  -11.3  977.6    1.9  151.0   87.0  444.0
2017 341 12  7 1300  -12.0  977.5    2.2  155.0   88.0  444.0
2017 341 12  7 1400  -12.7  977.4    2.4  158.0   87.6  444.0
2017 341 12  7 1500  -11.9  977.5    1.8  157.0   87.0  444.0
2017 341 12  7 1600  -10.8  977.3    3.3  155.0   84.0  444.0
2017 341 12  7 1700  -12.3  977.1    2.4  172.0   84.0  444.0
2017 341 12  7 1800  -13.5  977.1    2.6  160.0   85.3  444.0
2017 341 12  7 1900  -12.6  976.9    2.2  178.0   85.5  444.0
2017 341 12  7 2000  -11.8  976.8    2.4  173.0   85.0  444.0
2017 341 12  7 2100  -11.4  976.8    2.1  151.0   84.0  444.0
2017 341 12  7 2200  -10.4  976.7    2.5  148.0   83.0  444.0
2017 341 12  7 2300   -9.6  976.6    2.4  151.0   82.8  444.0
2017 342 12  8 0000   -9.0  976.3    1.9  146.0   81.6  444.0
2017 342 12  8 0100   -8.9  976.2    3.0  113.0   80.0  444.0
2017 342 12  8 0200   -9.0  976.0    3.2  109.0   79.0  444.0
2017 342 12  8 0300   -8.9  975.8    2.7  108.0   77.0  444.0
2017 342 12  8 0400   -9.1  975.8    3.3   88.0   77.0  444.0
2017 342 12  8 0500  -10.3  975.9    3.3   62.0   79.8  444.0
2017 342 12  8 0600  -11.1  975.8    2.5   81.0   81.0  444.0
2017 342 12  8 0700  -11.8  975.8    3.1   86.0   82.0  444.0
2017 342 12  8 0800  -12.0  975.9    3.1   96.0   84.0  444.0
2017 342 12  8 0900  -12.5  975.7    2.5   63.0   86.0  444.0
2017 342 12  8 1000  -12.8  975.7    2.6   73.0   84.3  444.0
2017 342 12  8 1100  -12.9  975.5    2.4   66.0   84.9  444.0
2017 342 12  8 1200  -13.5  975.3    2.1   54.0   86.1  444.0
2017 342 12  8 1300  -13.1  975.1    1.8   63.0   85.0  444.0
2017 342 12  8 1400  -12.9  975.0    0.9   59.0   84.0  444.0
2017 342 12  8 1500  -13.2  974.9    0.9   83.0   85.0  444.0
2017 342 12  8 1600  -13.3  974.8    1.5   66.0   85.0  444.0
2017 342 12  8 1700  -13.1  974.8    1.3   59.0   83.7  444.0
2017 342 12  8 1800  -13.3  974.8    2.0   91.0   83.0  444.0
2017 342 12  8 1900  -13.3  975.0    2.0   92.0   82.0  444.0
2017 342 12  8 2000  -12.7  974.9    1.5   33.0   81.0  444.0
2017 342 12  8 2100  -12.9  974.7    1.8   12.0   81.0  444.0
2017 342 12  8 2200  -12.0  974.9    0.6  324.0   78.0  444.0
2017 342 12  8 2300  -11.6  975.0    0.6  323.0   76.0  444.0
2017 343 12  9 0000  444.0  975.0    0.1  324.0   73.0  444.0
2017 343 12  9 0100  444.0  974.9    0.7   33.0   77.0  444.0
2017 343 12  9 0200  444.0  974.8    0.9   17.0   77.0  444.0
2017 343 12  9 0300  444.0  974.8    1.1   44.0   78.2  444.0
2017 343 12  9 0400  444.0  974.8    1.0   58.0   78.0  444.0
2017 343 12  9 0500  444.0  975.0    1.4   74.0   78.0  444.0
2017 343 12  9 0600  444.0  975.0    0.5   58.0   78.0  444.0
2017 343 12  9 0700  444.0  975.2    1.1  167.0   82.2  444.0
2017 343 12  9 0800  444.0  975.3    0.0    0.0   75.3  444.0
2017 343 12  9 0900  444.0  975.1    0.0    0.0   77.0  444.0
2017 343 12  9 1000  444.0  975.4    0.7  170.0   83.0  444.0
2017 343 12  9 1100  -12.1  975.5    1.0   71.0   83.0  444.0
2017 343 12  9 1200  -12.3  975.7    1.1   35.0   85.0  444.0
2017 343 12  9 1300  -12.3  976.0    1.9   82.0   84.1  444.0
2017 343 12  9 1400  -12.3  976.1    3.5  100.0   86.0  444.0
2017 343 12  9 1500  -12.3  976.4    4.1  105.0   86.0  444.0
2017 343 12  9 1600  -12.5  976.5    4.7  112.0   86.0  444.0
2017 343 12  9 1700  -12.0  976.7    5.1   98.0   87.0  444.0
2017 343 12  9 1800  -11.8  977.0    5.0  115.0   87.7  444.0
2017 343 12  9 1900  -11.5  977.3    5.6  117.0   87.0  444.0
2017 343 12  9 2000  -11.1  977.4    5.4  109.0   86.0  444.0
2017 343 12  9 2100  -10.8  977.8    5.8   94.0   84.0  444.0
2017 343 12  9 2200  -10.5  978.2    6.1   91.0   80.0  444.0
2017 343 12  9 2300  -10.4  978.5    6.2   80.0   83.0  444.0
2017 344 12 10 0000  -10.4  978.9    6.0   80.0   82.0  444.0
2017 344 12 10 0100  -10.3  979.3    5.6   77.0   81.1  444.0
2017 344 12 10 0200  -10.0  979.4    5.0   77.0   80.0  444.0
2017 344 12 10 0300   -9.8  979.6    4.2   79.0   78.0  444.0
2017 344 12 10 0400   -9.6  979.7    3.6   78.0   76.0  444.0
2017 344 12 10 0500   -9.4  979.9    2.7   91.0   75.5  444.0
2017 344 12 10 0600   -9.3  980.0    1.8  116.0   75.1  444.0
2017 344 12 10 0700   -9.9  979.9    3.2  134.0   75.0  444.0
2017 344 12 10 0800  -11.0  979.9    1.7  148.0   75.0  444.0
2017 344 12 10 0900  -12.5  979.8    1.6  175.0   76.0  444.0
2017 344 12 10 1000  -12.8  979.6    1.8  202.0   79.0  444.0
2017 344 12 10 1100  -14.1  979.3    2.3  202.0   83.5  444.0
2017 344 12 10 1200  -13.9  979.2    1.6  207.0   83.0  444.0
2017 344 12 10 1300  -14.9  978.7    2.6  219.0   84.0  444.0
2017 344 12 10 1400  -14.9  978.3    2.8  204.0   86.0  444.0
2017 344 12 10 1500  -14.2  978.0    3.0  194.0   86.0  444.0
2017 344 12 10 1600  -13.4  977.4    4.3  194.0   87.0  444.0
2017 344 12 10 1700  -13.4  977.1    3.9  186.0   85.0  444.0
2017 344 12 10 1800  -11.3  977.1    3.7  176.0   83.0  444.0
2017 344 12 10 1900   -9.9  977.4    3.5  157.0   81.0  444.0
2017 344 12 10 2000   -8.1  976.8    5.3  159.0   75.0  444.0
2017 344 12 10 2100   -6.6  976.4    6.2  166.0   71.0  444.0
2017 344 12 10 2200   -5.4  976.4    6.8  139.0   69.5  444.0
2017 344 12 10 2300   -5.0  976.5    8.2  116.0   78.0  444.0
2017 345 12 11 0000   -4.3  976.9    8.7  102.0   78.0  444.0
2017 345 12 11 0100   -4.0  977.1    8.8  104.0   79.0  444.0
2017 345 12 11 0200   -3.4  977.2   10.1  103.0   79.0  444.0
2017 345 12 11 0300   -4.1  977.7    9.8   99.0   80.1  444.0
2017 345 12 11 0400   -5.4  978.5    6.8   89.0   82.0  444.0
2017 345 12 11 0500   -5.0  978.8    7.0   93.0   83.0  444.0
2017 345 12 11 0600   -5.1  979.3    8.2   88.0   79.0  444.0
2017 345 12 11 0700   -5.0  979.4    6.5  125.0   86.1  444.0
2017 345 12 11 0800   -4.6  979.5    9.4  115.0   84.1  444.0
2017 345 12 11 0900   -5.8  979.8    6.1   99.0   86.0  444.0
2017 345 12 11 1000   -8.4  980.2    9.8   99.0   82.0  444.0
2017 345 12 11 1100   -8.4  980.7    8.4   97.0   89.0  444.0
2017 345 12 11 1200   -8.4  981.5    9.0   90.0   88.0  444.0
2017 345 12 11 1300   -9.8  982.4    8.7   89.0   88.0  444.0
2017 345 12 11 1400  -10.3  983.0    6.0  100.0   88.0  444.0
2017 345 12 11 1500  -10.1  983.4    6.9   94.0   87.0  444.0
2017 345 12 11 1600  -10.3  983.9    5.7   93.0   86.0  444.0
2017 345 12 11 1700  -10.0  984.4    4.7   90.0   85.0  444.0
2017 345 12 11 1800  -10.1  984.8    5.1  120.0   86.0  444.0
2017 345 12 11 1900   -9.7  985.0    4.8  121.0   85.5  444.0
2017 345 12 11 2000   -9.0  984.9    3.8  122.0   85.0  444.0
2017 345 12 11 2100   -8.7  984.8    3.9  134.0   85.0  444.0
2017 345 12 11 2200   -7.9  984.8    3.1  131.0   82.0  444.0
2017 345 12 11 2300   -7.1  984.6    2.2  170.0   79.0  444.0
2017 346 12 12 0000   -6.7  984.2    3.7  173.0   83.3  444.0
2017 346 12 12 0100   -5.4  983.8    4.2  151.0   87.0  444.0
2017 346 12 12 0200   -5.2  983.6    4.5  185.0   85.0  444.0
2017 346 12 12 0300   -4.7  982.9    4.0  162.0   82.0  444.0
2017 346 12 12 0400   -4.2  982.5    6.3  130.0   79.8  444.0
2017 346 12 12 0500   -4.5  982.4    4.8  117.0   80.0  444.0
2017 346 12 12 0600   -4.5  982.5    4.8  142.0   78.0  444.0
2017 346 12 12 0700   -4.4  982.5    6.5  127.0   77.0  444.0
2017 346 12 12 0800   -5.3  982.6    7.0  121.0   77.4  444.0
2017 346 12 12 0900   -5.6  982.6    6.3  129.0   75.0  444.0
2017 346 12 12 1000   -6.6  982.7    6.1  133.0   75.0  444.0
2017 346 12 12 1100   -6.0  982.4    6.2  127.0   69.0  444.0
2017 346 12 12 1200   -7.1  982.4    5.4  138.0   76.0  444.0
2017 346 12 12 1300   -7.1  982.5    6.4  132.0   77.1  444.0
2017 346 12 12 1400   -6.0  982.4    6.5   98.0   78.0  444.0
2017 346 12 12 1500   -5.9  982.2    6.9  114.0   82.0  444.0
2017 346 12 12 1600   -6.4  982.1    9.6  126.0   83.0  444.0
2017 346 12 12 1700   -6.0  982.3   10.2  105.0   89.0  444.0
2017 346 12 12 1800   -6.0  982.5   10.0  102.0   89.0  444.0
2017 346 12 12 1900   -6.1  983.0    8.6  100.0   87.0  444.0
2017 346 12 12 2000   -6.6  983.5    8.7   99.0   85.0  444.0
2017 346 12 12 2100   -7.1  984.0    8.5   88.0   84.0  444.0
2017 346 12 12 2200   -7.7  984.5    9.2   92.0   82.6  444.0
2017 346 12 12 2300   -7.8  985.4    7.4   82.0   83.0  444.0
2017 347 12 13 0000   -7.3  986.3    6.8   90.0   83.0  444.0
2017 347 12 13 0100   -6.9  986.8    7.6   89.0   83.0  444.0
2017 347 12 13 0200   -6.9  987.6    6.7  104.0   87.0  444.0
2017 347 12 13 0300   -6.6  988.1    6.5   95.0   86.0  444.0
2017 347 12 13 0400   -6.6  988.6    7.1   85.0   83.7  444.0
2017 347 12 13 0500   -6.6  989.3    5.8   99.0   85.0  444.0
2017 347 12 13 0600   -6.2  989.7    5.0   92.0   84.0  444.0
2017 347 12 13 0700   -6.2  990.1    3.5   87.0   84.0  444.0
2017 347 12 13 0800   -6.2  990.4    4.3   84.0   86.0  444.0
2017 347 12 13 0900   -6.5  990.7    2.9   25.0   88.0  444.0
2017 347 12 13 1000   -6.4  990.8    1.1   64.0   86.5  444.0
2017 347 12 13 1100   -6.4  990.8    0.7  126.0   87.5  444.0
2017 347 12 13 1200   -6.8  991.0    2.0  176.0   90.0  444.0
2017 347 12 13 1300   -6.5  990.8    1.0  167.0   90.0  444.0
2017 347 12 13 1400   -6.7  990.9    2.0  170.0   91.0  444.0
2017 347 12 13 1500   -6.6  990.6    2.9  141.0   90.0  444.0
2017 347 12 13 1600   -6.7  990.4    3.2  112.0   88.6  444.0
2017 347 12 13 1700   -6.8  990.3    2.4  124.0   89.0  444.0
2017 347 12 13 1800   -6.8  990.3    2.5  103.0   86.0  444.0
2017 347 12 13 1900   -6.7  990.5    1.9   99.0   86.0  444.0
2017 347 12 13 2000   -6.8  990.4    2.0  115.0   87.0  444.0
2017 347 12 13 2100   -6.8  990.4    1.9  115.0   85.0  444.0
2017 347 12 13 2200   -6.9  990.5    2.1  146.0   86.0  444.0
2017 347 12 13 2300   -7.0  990.4    1.5  124.0   87.0  444.0
2017 348 12 14 0000   -6.8  990.4    1.3  157.0   86.0  444.0
2017 348 12 14 0100   -6.7  990.3    1.6  124.0   86.0  444.0
2017 348 12 14 0200   -6.6  990.2    1.2   97.0   82.2  444.0
2017 348 12 14 0300   -7.3  990.3    1.9  125.0   89.7  444.0
2017 348 12 14 0400   -7.5  990.2    1.6  127.0   91.0  444.0
2017 348 12 14 0500   -7.7  990.0    1.8  127.0   93.0  444.0
2017 348 12 14 0600   -8.1  990.1    1.9  108.0   92.0  444.0
2017 348 12 14 0700   -7.9  990.1    2.3  123.0   92.5  444.0
2017 348 12 14 0800   -7.7  989.9    1.0  189.0   92.0  444.0
2017 348 12 14 0900   -7.8  989.7    1.7  190.0   92.1  444.0
2017 348 12 14 1000   -7.4  989.6    2.3  190.0   93.0  444.0
2017 348 12 14 1100   -7.4  989.4    3.3  192.0   93.0  444.0
2017 348 12 14 1200   -8.1  989.1    3.9  208.0   92.5  444.0
2017 348 12 14 1300   -8.4  989.0    2.0  216.0   91.0  444.0
2017 348 12 14 1400   -9.2  988.9    2.6  244.0   91.0  444.0
2017 348 12 14 1500   -9.3  988.5    3.3  236.0   90.0  444.0
2017 348 12 14 1600   -8.4  988.2    3.4  227.0   89.0  444.0
2017 348 12 14 1700   -8.1  988.0    2.7  219.0   88.0  444.0
2017 348 12 14 1800   -7.7  987.9    3.3  220.0   88.0  444.0
2017 348 12 14 1900   -6.4  987.9    3.4  227.0   87.5  444.0
2017 348 12 14 2000   -5.6  988.1    1.4  247.0   86.0  444.0
2017 348 12 14 2100   -6.1  987.9    1.7  208.0   84.0  444.0
2017 348 12 14 2200   -5.6  987.8    1.2  186.0   83.0  444.0
2017 348 12 14 2300   -6.1  987.9    2.0  120.0   83.0  444.0
2017 349 12 15 0000   -5.5  988.2    2.0  122.0   80.4  444.0
2017 349 12 15 0100   -5.4  988.2    2.1  137.0   81.0  444.0
2017 349 12 15 0200   -3.7  988.2    3.0  136.0   80.0  444.0
2017 349 12 15 0300   -4.0  988.3    3.9  133.0   80.0  444.0
2017 349 12 15 0400   -3.5  988.3    3.5  146.0   78.0  444.0
2017 349 12 15 0500   -3.7  988.5    4.5  138.0   74.0  444.0
2017 349 12 15 0600   -4.8  988.6    3.4  135.0   84.0  444.0
2017 349 12 15 0700   -4.9  988.6    2.3  113.0   81.0  444.0
2017 349 12 15 0800   -6.3  988.7    2.7  107.0   86.0  444.0
2017 349 12 15 0900   -9.1  988.9    1.8   55.0   94.0  444.0
2017 349 12 15 1000   -7.9  989.2    1.9   72.0   93.0  444.0
2017 349 12 15 1100   -7.7  989.2    2.8   80.0   93.0  444.0
2017 349 12 15 1200   -8.2  989.6    1.8   86.0   93.3  444.0
2017 349 12 15 1300   -8.7  989.9    1.0  106.0   93.0  444.0
2017 349 12 15 1400   -8.6  989.9    2.1  116.0   93.0  444.0
2017 349 12 15 1500   -8.5  990.0    1.7  138.0   93.0  444.0
2017 349 12 15 1600   -8.7  990.0    2.1  135.0   92.0  444.0
2017 349 12 15 1700   -8.7  990.1    1.7  159.0   92.0  444.0
2017 349 12 15 1800  -10.1  990.1    2.0  163.0   90.0  444.0
2017 349 12 15 1900  -10.6  990.2    2.2  179.0   89.0  444.0
2017 349 12 15 2000  -10.7  990.2    2.4  182.0   89.0  444.0
2017 349 12 15 2100   -9.6  990.2    2.2  169.0   87.0  444.0
2017 349 12 15 2200   -8.2  990.0    2.4  169.0   87.7  444.0
2017 349 12 15 2300   -7.3  989.9    2.6  168.0   88.0  444.0
2017 350 12 16 0000   -6.5  989.9    2.9  161.0   89.0  444.0
2017 350 12 16 0100   -6.1  989.8    3.1  152.0   88.7  444.0
2017 350 12 16 0200   -5.2  989.7    2.3  169.0   89.0  444.0
2017 350 12 16 0300   -4.8  989.4    1.9  164.0   88.0  444.0
2017 350 12 16 0400  444.0  988.9    1.1  193.0   87.0  444.0
2017 350 12 16 0500  444.0  988.4    1.4  220.0   87.0  444.0
2017 350 12 16 0600   -5.0  988.1    2.1  216.0   88.0  444.0
2017 350 12 16 0700  444.0  987.5    0.0    0.0   86.0  444.0
2017 350 12 16 0800  444.0  987.0    1.2  344.0   87.0  444.0
2017 350 12 16 0900   -7.4  986.6    1.9  290.0   86.0  444.0
2017 350 12 16 1000   -8.0  986.2    1.8  288.0   85.0  444.0
2017 350 12 16 1100   -7.6  985.8    2.1  309.0   85.0  444.0
2017 350 12 16 1200   -9.3  985.4    2.8  285.0   86.0  444.0
2017 350 12 16 1300   -7.9  985.1    2.8  281.0   87.0  444.0
2017 350 12 16 1400   -8.6  984.5    1.7  291.0   86.0  444.0
2017 350 12 16 1500   -7.8  984.1    1.4  318.0   84.8  444.0
2017 350 12 16 1600   -9.8  983.7    2.2  312.0   83.0  444.0
2017 350 12 16 1700  -10.6  983.2    2.6  294.0   81.0  444.0
2017 350 12 16 1800   -9.3  982.8    3.6  289.0   74.0  444.0
2017 350 12 16 1900   -8.5  982.4    3.7  296.0   72.0  444.0
2017 350 12 16 2000   -7.4  982.2    2.5  285.0   71.3  444.0
2017 350 12 16 2100   -7.0  981.7    1.6  281.0   73.0  444.0
2017 350 12 16 2200   -5.9  981.5    0.9  325.0   71.0  444.0
2017 350 12 16 2300   -6.0  981.1    2.6  270.0   71.0  444.0
2017 351 12 17 0000   -5.6  980.7    2.3  275.0   72.0  444.0
2017 351 12 17 0100   -5.2  980.4    2.1  223.0   76.0  444.0
2017 351 12 17 0200   -5.0  980.1    1.9  223.0   75.8  444.0
2017 351 12 17 0300   -4.7  979.7    1.7  227.0   75.0  444.0
2017 351 12 17 0400   -5.0  979.3    1.9  209.0   74.0  444.0
2017 351 12 17 0500  444.0  979.1    0.8  221.0   73.0  444.0
2017 351 12 17 0600  444.0  978.7    0.0    0.0   59.0  444.0
2017 351 12 17 0700  444.0  978.5    1.0  240.0   77.4  444.0
2017 351 12 17 0800  444.0  978.3    1.2  254.0   81.0  444.0
2017 351 12 17 0900  444.0  978.0    0.6  181.0   83.0  444.0
2017 351 12 17 1000  444.0  977.6    0.6  151.0   86.0  444.0
2017 351 12 17 1100  444.0  977.6    0.4  169.0   88.0  444.0
2017 351 12 17 1200  444.0  977.2    1.4  186.0   90.7  444.0
2017 351 12 17 1300  444.0  977.2    0.0    0.0   90.0  444.0
2017 351 12 17 1400  444.0  977.0    0.4  307.0   92.0  444.0
2017 351 12 17 1500  444.0  976.8    0.9  273.0   88.0  444.0
2017 351 12 17 1600  444.0  976.6    0.3  252.0   82.4  444.0
2017 351 12 17 1700  444.0  976.5    0.9  322.0   86.0  444.0
2017 351 12 17 1800  444.0  976.5    1.3  287.0   84.0  444.0
2017 351 12 17 1900  -10.3  976.6    1.4  319.0   82.0  444.0
2017 351 12 17 2000   -8.6  976.7    2.0  278.0   84.0  444.0
2017 351 12 17 2100   -8.5  976.8    2.4  317.0   81.0  444.0
2017 351 12 17 2200   -7.6  977.0    1.9  322.0   79.0  444.0
2017 351 12 17 2300   -5.6  977.1    1.9  326.0   76.0  444.0
2017 352 12 18 0000  444.0  977.3    0.7  278.0   74.0  444.0
2017 352 12 18 0100   -5.3  977.6    1.7  243.0   71.0  444.0
2017 352 12 18 0200   -5.8  977.8    1.2  148.0   73.0  444.0
2017 352 12 18 0300   -6.6  978.0    2.1  120.0   77.0  444.0
2017 352 12 18 0400   -6.9  978.0    3.2  109.0   80.1  444.0
2017 352 12 18 0500   -8.1  978.4    4.5  120.0   86.0  444.0
2017 352 12 18 0600   -7.9  978.8    4.1  121.0   85.0  444.0
2017 352 12 18 0700   -8.4  979.2    3.9  109.0   86.0  444.0
2017 352 12 18 0800   -8.4  979.5    3.8  110.0   89.0  444.0
2017 352 12 18 0900   -8.9  980.0    3.6  133.0   92.0  444.0
2017 352 12 18 1000   -8.7  980.2    3.7  120.0   90.7  444.0
2017 352 12 18 1100   -8.6  980.5    2.4  127.0   92.0  444.0
2017 352 12 18 1200   -8.7  980.7    3.2  168.0   90.0  444.0
2017 352 12 18 1300   -9.4  981.0    2.7  168.0   91.0  444.0
2017 352 12 18 1400   -9.4  981.1    2.1  120.0   92.0  444.0
2017 352 12 18 1500   -9.1  981.3    2.7  123.0   91.0  444.0
2017 352 12 18 1600   -9.1  981.4    2.9  129.0   94.0  444.0
2017 352 12 18 1700   -9.2  981.6    3.7  140.0   90.0  444.0
2017 352 12 18 1800   -8.8  981.8    3.6  117.0   88.0  444.0
2017 352 12 18 1900   -8.5  981.9    2.1  146.0   90.0  444.0
2017 352 12 18 2000   -8.6  982.2    3.1  118.0   90.4  444.0
2017 352 12 18 2100   -8.3  982.3    3.1  145.0   86.0  444.0
2017 352 12 18 2200   -8.2  982.5    2.6  161.0   90.0  444.0
2017 352 12 18 2300   -7.6  982.6    2.6  218.0   89.0  444.0
2017 353 12 19 0000   -6.6  982.6    4.3  172.0   86.0  444.0
2017 353 12 19 0100   -6.3  982.5    4.6  189.0   83.4  444.0
2017 353 12 19 0200   -6.3  982.6    3.9  186.0   82.3  444.0
2017 353 12 19 0300   -6.3  982.4    3.7  176.0   83.0  444.0
2017 353 12 19 0400   -6.3  982.2    3.5  168.0   83.0  444.0
2017 353 12 19 0500   -6.3  981.9    2.9  176.0   84.0  444.0
2017 353 12 19 0600   -6.3  982.0    2.7  151.0   85.0  444.0
2017 353 12 19 0700   -6.1  982.0    2.3  158.0   83.0  444.0
2017 353 12 19 0800   -6.6  982.2    1.8  183.0   82.2  444.0
2017 353 12 19 0900   -7.3  982.3    1.7  155.0   83.0  444.0
2017 353 12 19 1000  444.0  982.4    1.0  174.0   81.0  444.0
2017 353 12 19 1100  444.0  982.4    1.7  180.0   89.0  444.0
2017 353 12 19 1200  -10.1  982.4    1.8  175.0   90.0  444.0
2017 353 12 19 1300  -11.7  982.5    1.7  167.0   87.7  444.0
2017 353 12 19 1400  -12.6  982.5    1.9  157.0   88.0  444.0
2017 353 12 19 1500  444.0  982.4    2.8  139.0   93.0  444.0
2017 353 12 19 1600   -8.9  982.6    1.9  141.0   88.0  444.0
2017 353 12 19 1700   -8.3  982.9    2.3  142.0   87.0  444.0
2017 353 12 19 1800  -10.1  983.1    3.2  148.0   87.6  444.0
2017 353 12 19 1900  -10.4  983.4    3.1  159.0   85.0  444.0
2017 353 12 19 2000   -9.0  983.7    4.6  128.0   85.0  444.0
2017 353 12 19 2100   -8.8  984.1    5.9  122.0   85.0  444.0
2017 353 12 19 2200   -8.8  984.5    5.6  120.0   84.0  444.0
2017 353 12 19 2300   -8.7  984.8    5.4  124.0   79.6  444.0
2017 354 12 20 0000   -8.7  985.1    5.7  127.0   81.0  444.0
2017 354 12 20 0100   -8.5  985.2    6.1  128.0   80.1  444.0
2017 354 12 20 0200   -8.4  985.3    6.6  136.0   81.0  444.0
2017 354 12 20 0300   -8.8  985.5    6.4  132.0   82.6  444.0
2017 354 12 20 0400   -8.9  985.6    7.3  132.0   79.6  444.0
2017 354 12 20 0500   -8.8  985.7    6.6  128.0   80.0  444.0
2017 354 12 20 0600   -8.9  985.9    6.3  131.0   80.8  444.0
2017 354 12 20 0700   -9.0  986.3    7.0  149.0   81.0  444.0
2017 354 12 20 0800   -9.1  986.5    6.6  150.0   82.0  444.0
2017 354 12 20 0900   -9.3  986.4    6.5  156.0   83.0  444.0
2017 354 12 20 1000   -9.8  986.5    6.9  167.0   83.0  444.0
2017 354 12 20 1100  -10.2  986.6    6.9  168.0   84.7  444.0
2017 354 12 20 1200  -10.5  986.8    7.5  161.0   86.0  444.0
2017 354 12 20 1300  -10.2  986.9    7.9  156.0   86.0  444.0
2017 354 12 20 1400   -9.3  986.7    8.9  152.0   85.0  444.0
2017 354 12 20 1500  -10.7  986.7    5.3  172.0   83.0  444.0
2017 354 12 20 1600  -11.4  986.7    5.4  181.0   85.5  444.0
2017 354 12 20 1700  -11.7  986.7    5.4  163.0   84.0  444.0
2017 354 12 20 1800  -11.9  986.6    5.1  192.0   85.0  444.0
2017 354 12 20 1900  -10.9  986.7    5.1  198.0   83.0  444.0
2017 354 12 20 2000  -10.1  986.7    6.5  199.0   81.8  444.0
2017 354 12 20 2100   -9.1  986.7    5.9  192.0   81.6  444.0
2017 354 12 20 2200   -8.2  986.5    6.0  172.0   81.0  444.0
2017 354 12 20 2300   -8.3  986.3    5.7  166.0   80.4  444.0
2017 355 12 21 0000   -7.9  986.2    5.5  163.0   79.0  444.0
2017 355 12 21 0100   -7.9  985.9    5.1  151.0   78.7  444.0
2017 355 12 21 0200   -7.8  985.7    4.4  158.0   80.0  444.0
2017 355 12 21 0300   -7.7  985.4    3.6  170.0   80.0  444.0
2017 355 12 21 0400   -7.8  984.9    2.3  177.0   81.7  444.0
2017 355 12 21 0500   -6.7  984.7    2.6  207.0   77.0  444.0
2017 355 12 21 0600   -7.2  984.3    2.2  223.0   79.0  444.0
2017 355 12 21 0700   -6.6  984.0    1.6  245.0   73.0  444.0
2017 355 12 21 0800  444.0  983.6    1.0  272.0   75.0  444.0
2017 355 12 21 0900   -8.2  983.1    1.4  294.0   85.3  444.0
2017 355 12 21 1000   -8.3  982.8    1.2  335.0   86.0  444.0
2017 355 12 21 1100   -8.7  982.6    1.6  338.0   86.0  444.0
2017 355 12 21 1200   -9.0  982.3    1.9  354.0   84.0  444.0
2017 355 12 21 1300   -9.4  981.9    1.9   56.0   86.0  444.0
2017 355 12 21 1400   -9.1  981.5    2.7   29.0   81.8  444.0
2017 355 12 21 1500   -8.9  981.1    2.4   33.0   83.0  444.0
2017 355 12 21 1600   -9.3  981.0    2.5   87.0   77.0  444.0
2017 355 12 21 1700   -9.5  981.0    3.1   74.0   86.0  444.0
2017 355 12 21 1800   -9.7  981.2    2.9   71.0   85.9  444.0
2017 355 12 21 1900   -9.7  981.4    2.3   62.0   84.0  444.0
2017 355 12 21 2000   -9.6  981.6    1.7  103.0   80.0  444.0
2017 355 12 21 2100   -8.9  981.7    2.4  108.0   78.0  444.0
2017 355 12 21 2200   -7.2  982.1    2.6  118.0   77.0  444.0
2017 355 12 21 2300   -6.9  982.2    3.3  119.0   78.1  444.0
2017 356 12 22 0000   -6.9  982.6    3.6  138.0   77.0  444.0
2017 356 12 22 0100   -7.0  982.8    3.8  142.0   82.0  444.0
2017 356 12 22 0200   -7.3  983.1    3.9  151.0   82.5  444.0
2017 356 12 22 0300   -6.8  983.3    3.0  189.0   77.0  444.0
2017 356 12 22 0400   -7.1  983.3    3.7  221.0   79.0  444.0
2017 356 12 22 0500   -7.4  983.6    4.2  164.0   81.0  444.0
2017 356 12 22 0600   -7.3  984.3    1.8  164.0   83.0  444.0
2017 356 12 22 0700   -8.3  984.7    3.3  168.0   84.0  444.0
2017 356 12 22 0800   -8.2  985.0    2.3  191.0   86.0  444.0
2017 356 12 22 0900   -8.4  985.5    1.6  194.0   87.0  444.0
2017 356 12 22 1000  444.0  985.8    0.0    0.0   83.0  444.0
2017 356 12 22 1100   -8.6  985.9    1.8   64.0   89.0  444.0
2017 356 12 22 1200   -8.7  986.3    1.8   63.0   91.0  444.0
2017 356 12 22 1300   -8.8  986.4    1.9   39.0   90.0  444.0
2017 356 12 22 1400   -8.6  986.4    1.8  336.0   90.0  444.0
2017 356 12 22 1500   -8.9  986.8    2.7  283.0   89.1  444.0
2017 356 12 22 1600   -9.1  987.1    2.1  272.0   88.0  444.0
2017 356 12 22 1700   -8.6  987.4    2.0  301.0   84.0  444.0
2017 356 12 22 1800   -9.1  987.7    1.5    2.0   86.0  444.0
2017 356 12 22 1900   -8.2  987.9    1.4  324.0   79.0  444.0
2017 356 12 22 2000   -7.8  987.9    1.6  348.0   76.0  444.0
2017 356 12 22 2100  444.0  988.0    0.6   31.0   74.0  444.0
2017 356 12 22 2200  444.0  988.1    0.9   19.0   76.0  444.0
2017 356 12 22 2300   -8.0  988.0    1.9   65.0   76.0  444.0
2017 357 12 23 0000   -7.6  987.8    1.3  104.0   74.0  444.0
2017 357 12 23 0100   -7.7  987.5    1.6  135.0   77.0  444.0
2017 357 12 23 0200   -7.4  987.2    1.4  185.0   78.0  444.0
2017 357 12 23 0300   -8.0  986.6    2.6  206.0   78.0  444.0
2017 357 12 23 0400   -8.1  986.2    3.4  205.0   79.9  444.0
2017 357 12 23 0500   -7.4  985.7    3.0  206.0   84.0  444.0
2017 357 12 23 0600   -7.8  985.2    2.8  227.0   87.0  444.0
2017 357 12 23 0700   -8.0  984.6    1.9  231.0   87.0  444.0
2017 357 12 23 0800   -8.1  984.0    2.3  263.0   88.3  444.0
2017 357 12 23 0900   -8.4  983.4    3.1  253.0   89.2  444.0
2017 357 12 23 1000   -8.5  982.8    3.4  251.0   86.0  444.0
2017 357 12 23 1100   -8.5  982.1    3.5  255.0   85.0  444.0
2017 357 12 23 1200   -8.5  981.5    4.3  248.0   84.0  444.0
2017 357 12 23 1300   -8.6  980.9    4.3  242.0   82.0  444.0
2017 357 12 23 1400   -9.2  980.3    4.0  237.0   84.2  444.0
2017 357 12 23 1500   -8.8  979.7    1.7  262.0   84.0  444.0
2017 357 12 23 1600   -8.1  979.3    1.5  198.0   79.0  444.0
2017 357 12 23 1700   -8.2  979.0    2.4  204.0   78.0  444.0
2017 357 12 23 1800   -8.1  978.6    2.7  235.0   80.0  444.0
2017 357 12 23 1900   -7.8  978.5    2.6  198.0   85.0  444.0
2017 357 12 23 2000   -8.9  978.3    2.0  119.0   85.0  444.0
2017 357 12 23 2100  444.0  978.0    0.6  251.0   85.0  444.0
2017 357 12 23 2200   -9.0  977.9    1.8  175.0   82.0  444.0
2017 357 12 23 2300   -7.7  977.9    1.6  171.0   81.0  444.0
2017 358 12 24 0000  444.0  977.9    1.2  207.0   79.0  444.0
2017 358 12 24 0100  444.0  978.0    0.0    0.0   70.4  444.0
2017 358 12 24 0200   -6.2  978.2    1.1   39.0   81.0  444.0
2017 358 12 24 0300   -6.8  978.2    2.9   14.0   82.0  444.0
2017 358 12 24 0400   -6.2  978.7    1.2  346.0   77.0  444.0
2017 358 12 24 0500   -8.1  978.9    4.3  117.0   85.0  444.0
2017 358 12 24 0600   -8.6  979.5    4.5  105.0   86.0  444.0
2017 358 12 24 0700   -8.5  980.0    4.6  106.0   88.0  444.0
2017 358 12 24 0800   -8.3  980.2    5.4  119.0   89.0  444.0
2017 358 12 24 0900   -7.5  980.3    5.1   87.0   87.0  444.0
2017 358 12 24 1000   -7.3  980.8    2.5  146.0   90.0  444.0
2017 358 12 24 1100   -7.1  981.1    2.1  115.0   89.0  444.0
2017 358 12 24 1200  444.0  981.4    0.4  206.0   90.0  444.0
2017 358 12 24 1300  444.0  981.8    0.0    0.0   87.0  444.0
2017 358 12 24 1400  -12.4  982.0    1.7  350.0   87.0  444.0
2017 358 12 24 1500  444.0  982.1    0.0    0.0   88.0  444.0
2017 358 12 24 1600  -14.7  982.5    1.0   84.0   87.0  444.0
2017 358 12 24 1700  -13.2  982.7    1.2   56.0   87.0  444.0
2017 358 12 24 1800  -13.0  983.1    1.3   45.0   86.2  444.0
2017 358 12 24 1900  -11.0  983.3    0.8  121.0   88.0  444.0
2017 358 12 24 2000   -9.5  983.7    1.2   92.0   87.0  444.0
2017 358 12 24 2100   -9.6  983.7    2.3  128.0   89.0  444.0
2017 358 12 24 2200  444.0  983.8    0.7   66.0   87.4  444.0
2017 358 12 24 2300   -8.3  983.9    1.4  166.0   86.0  444.0
2017 359 12 25 0000   -7.8  984.0    1.0  171.0   87.0  444.0
2017 359 12 25 0100   -6.9  983.9    2.0  151.0   88.0  444.0
2017 359 12 25 0200   -6.4  983.9    1.5  155.0   88.0  444.0
2017 359 12 25 0300   -6.8  983.7    3.6  143.0   87.0  444.0
2017 359 12 25 0400   -6.8  983.5    2.8  162.0   87.0  444.0
2017 359 12 25 0500   -6.8  983.5    2.8  181.0   89.0  444.0
2017 359 12 25 0600   -7.0  983.4    3.3  192.0   90.0  444.0
2017 359 12 25 0700   -7.1  983.2    5.2  198.0   88.0  444.0
2017 359 12 25 0800   -6.9  983.0    3.8  187.0   85.0  444.0
2017 359 12 25 0900   -7.2  982.7    3.0  212.0   86.0  444.0
2017 359 12 25 1000   -9.1  982.6    1.8  219.0   87.0  444.0
2017 359 12 25 1100   -9.8  982.4    3.0  254.0   90.0  444.0
2017 359 12 25 1200   -9.2  982.1    3.2  270.0   90.0  444.0
2017 359 12 25 1300   -8.8  981.7    2.4  257.0   89.0  444.0
2017 359 12 25 1400   -8.7  981.4    2.8  271.0   84.6  444.0
2017 359 12 25 1500   -9.7  980.9    4.7  268.0   81.0  444.0
2017 359 12 25 1600  -11.1  980.4    4.9  265.0   79.0  444.0
2017 359 12 25 1700  -13.1  980.2    4.2  277.0   79.0  444.0
2017 359 12 25 1800  -12.9  979.9    3.8  264.0   77.0  444.0
2017 359 12 25 1900  -12.5  979.6    4.7  268.0   77.2  444.0
2017 359 12 25 2000   -8.9  979.2    6.3  254.0   66.0  444.0
2017 359 12 25 2100  -10.4  978.9    4.0  254.0   71.0  444.0
2017 359 12 25 2200  -10.2  978.7    5.7  234.0   76.0  444.0
2017 359 12 25 2300   -8.8  978.7    4.6  216.0   72.0  444.0
2017 360 12 26 0000   -7.9  978.6    4.2  257.0   72.6  444.0
2017 360 12 26 0100   -7.5  978.4    3.9  261.0   71.0  444.0
2017 360 12 26 0200   -6.9  978.0    3.9  270.0   71.0  444.0
2017 360 12 26 0300   -6.6  977.5    3.8  275.0   73.0  444.0
2017 360 12 26 0400   -6.3  977.3    3.3  278.0   71.4  444.0
2017 360 12 26 0500   -6.7  977.1    3.8  304.0   77.0  444.0
2017 360 12 26 0600   -7.3  976.6    2.6  337.0   82.0  444.0
2017 360 12 26 0700  444.0  976.3    2.5  341.0   86.0  444.0
2017 360 12 26 0800   -7.2  976.0    2.8  318.0   86.0  444.0
2017 360 12 26 0900   -8.2  976.0    2.8  296.0   84.0  444.0
2017 360 12 26 1000   -9.1  976.0    1.9  314.0   84.0  444.0
2017 360 12 26 1100  -10.4  976.0    2.5  337.0   86.0  444.0
2017 360 12 26 1200  -11.4  976.1    3.4  329.0   85.6  444.0
2017 360 12 26 1300  -11.3  976.0    3.5  320.0   84.0  444.0
2017 360 12 26 1400  -12.9  976.1    3.5  327.0   83.0  444.0
2017 360 12 26 1500  -13.4  976.4    3.3  319.0   85.0  444.0
2017 360 12 26 1600  -12.8  976.5    2.9  323.0   82.0  444.0
2017 360 12 26 1700  -11.0  977.0    3.9    0.0   81.8  444.0
2017 360 12 26 1800  -11.5  977.4    3.6  328.0   83.0  444.0
2017 360 12 26 1900  -10.7  977.9    3.7  326.0   81.0  444.0
2017 360 12 26 2000  -10.2  978.5    3.5  338.0   81.0  444.0
2017 360 12 26 2100   -9.3  978.9    2.6  332.0   79.9  444.0
2017 360 12 26 2200   -8.7  979.4    2.6  353.0   80.2  444.0
2017 360 12 26 2300   -8.2  980.0    3.0  338.0   80.0  444.0
2017 361 12 27 0000   -7.3  980.5    1.9  355.0   79.0  444.0
2017 361 12 27 0100   -6.5  981.0    2.9  334.0   78.7  444.0
2017 361 12 27 0200   -5.5  981.4    1.4   51.0   78.0  444.0
2017 361 12 27 0300   -5.2  981.7    2.1   31.0   77.1  444.0
2017 361 12 27 0400   -4.9  981.9    3.2   61.0   82.0  444.0
2017 361 12 27 0500   -3.7  982.2    1.7    8.0   78.0  444.0
2017 361 12 27 0600   -4.6  982.6    3.0   40.0   88.0  444.0
2017 361 12 27 0700   -4.2  982.8    2.3   74.0   88.0  444.0
2017 361 12 27 0800   -4.4  982.9    3.1   86.0   88.0  444.0
2017 361 12 27 0900   -4.6  983.1    2.8   68.0   91.0  444.0
2017 361 12 27 1000   -5.1  983.2    2.4  100.0   93.0  444.0
2017 361 12 27 1100   -5.4  983.3    1.0   77.0   91.0  444.0
2017 361 12 27 1200   -5.6  983.6    2.0  109.0   93.0  444.0
2017 361 12 27 1300   -5.9  983.5    1.5   79.0   92.0  444.0
2017 361 12 27 1400   -6.3  983.3    1.2   95.0   94.0  444.0
2017 361 12 27 1500   -6.4  983.3    1.1   10.0   95.0  444.0
2017 361 12 27 1600  444.0  983.2    0.4  183.0   91.0  444.0
2017 361 12 27 1700  444.0  983.2    0.9   88.0   90.0  444.0
2017 361 12 27 1800  444.0  983.2    0.4   34.0   90.1  444.0
2017 361 12 27 1900   -5.5  983.3    1.7   42.0   88.0  444.0
2017 361 12 27 2000   -5.1  983.2    1.8   35.0   91.0  444.0
2017 361 12 27 2100   -4.9  983.2    2.6   95.0   87.0  444.0
2017 361 12 27 2200   -5.2  983.3    2.8   87.0   83.2  444.0
2017 361 12 27 2300   -5.2  983.1    2.9   93.0   90.0  444.0
2017 362 12 28 0000   -5.8  983.0    3.5    5.0   93.0  444.0
2017 362 12 28 0100   -6.0  982.9    2.0  356.0   91.0  444.0
2017 362 12 28 0200   -6.2  982.6    2.0    4.0   89.0  444.0
2017 362 12 28 0300   -6.9  982.4    3.2   56.0   91.0  444.0
2017 362 12 28 0400   -7.9  982.2    3.0   59.0   89.0  444.0
2017 362 12 28 0500   -9.7  982.0    3.9   51.0   90.0  444.0
2017 362 12 28 0600   -9.6  981.9    2.3   66.0   89.0  444.0
2017 362 12 28 0700   -9.5  981.8    1.5   34.0   89.0  444.0
2017 362 12 28 0800   -9.3  981.6    1.6   51.0   91.3  444.0
2017 362 12 28 0900   -9.1  981.3    1.8   57.0   92.0  444.0
2017 362 12 28 1000   -9.2  981.1    1.7   81.0   91.9  444.0
2017 362 12 28 1100   -9.6  980.9    1.2   79.0   91.0  444.0
2017 362 12 28 1200   -9.1  980.6    0.6   94.0   92.0  444.0
2017 362 12 28 1300   -9.0  980.5    0.3  356.0   91.3  444.0
2017 362 12 28 1400   -8.7  980.3    0.3  210.0   92.0  444.0
2017 362 12 28 1500   -8.5  979.9    1.0  185.0   91.9  444.0
2017 362 12 28 1600   -8.0  979.7    0.7  178.0   92.0  444.0
2017 362 12 28 1700   -7.2  979.4    1.0  186.0   92.0  444.0
2017 362 12 28 1800   -6.4  979.4    0.4  110.0   91.0  444.0
2017 362 12 28 1900   -7.1  979.4    2.3  110.0   92.0  444.0
2017 362 12 28 2000   -7.3  979.5    2.1  118.0   92.0  444.0
2017 362 12 28 2100   -6.7  979.5    1.9  127.0   91.0  444.0
2017 362 12 28 2200   -5.8  979.5    1.4  112.0   89.0  444.0
2017 362 12 28 2300   -5.1  979.6    1.1   92.0   89.0  444.0
2017 363 12 29 0000  444.0  979.7    1.3   97.0   88.0  444.0
2017 363 12 29 0100  444.0  979.6    0.6  121.0   86.8  444.0
2017 363 12 29 0200  444.0  979.6    0.0    0.0   86.0  444.0
2017 363 12 29 0300  444.0  979.5    0.7  159.0   83.6  444.0
2017 363 12 29 0400   -5.3  979.3    0.7  221.0   78.0  444.0
2017 363 12 29 0500   -5.3  979.4    1.5  239.0   80.0  444.0
2017 363 12 29 0600   -7.2  979.4    2.0  269.0   83.4  444.0
2017 363 12 29 0700   -6.7  979.5    2.1  288.0   79.8  444.0
2017 363 12 29 0800   -7.2  979.7    1.5  277.0   85.7  444.0
2017 363 12 29 0900   -7.5  979.5    2.0  277.0   86.0  444.0
2017 363 12 29 1000   -8.3  979.4    2.2  265.0   88.0  444.0
2017 363 12 29 1100   -8.2  979.5    1.9  263.0   85.0  444.0
2017 363 12 29 1200   -8.5  979.3    2.0  271.0   85.9  444.0
2017 363 12 29 1300   -8.6  979.4    1.0  275.0   86.1  444.0
2017 363 12 29 1400   -8.8  979.3    1.2    0.0   86.0  444.0
2017 363 12 29 1500   -8.9  979.1    2.0  297.0   88.0  444.0
2017 363 12 29 1600   -8.6  979.1    1.1  337.0   87.2  444.0
2017 363 12 29 1700   -8.6  979.2    1.5  311.0   87.6  444.0
2017 363 12 29 1800   -8.5  979.1    0.6  303.0   85.5  444.0
2017 363 12 29 1900   -7.3  979.2    0.4   77.0   82.0  444.0
2017 363 12 29 2000   -7.8  979.5    1.6   69.0   85.0  444.0
2017 363 12 29 2100   -7.7  979.9    3.2   79.0   86.0  444.0
2017 363 12 29 2200   -7.6  980.2    3.7   87.0   84.0  444.0
2017 363 12 29 2300   -7.1  980.6    3.3   93.0   82.6  444.0
2017 364 12 30 0000   -7.1  981.0    3.4  118.0   85.0  444.0
2017 364 12 30 0100   -6.7  981.3    3.2   93.0   83.0  444.0
2017 364 12 30 0200   -6.5  981.5    2.9   65.0   86.0  444.0
2017 364 12 30 0300   -6.4  981.7    2.3   81.0   83.0  444.0
2017 364 12 30 0400   -6.5  981.9    2.9   90.0   79.9  444.0
2017 364 12 30 0500   -6.6  982.2    2.7  116.0   84.0  444.0
2017 364 12 30 0600   -6.2  982.3    2.5  131.0   84.4  444.0
2017 364 12 30 0700   -6.1  982.4    4.4  126.0   83.0  444.0
2017 364 12 30 0800   -7.0  982.8    3.1  136.0   85.0  444.0
2017 364 12 30 0900   -8.1  982.9    2.5  149.0   84.6  444.0
2017 364 12 30 1000  444.0  983.0    2.5  152.0   82.0  444.0
2017 364 12 30 1100  -11.1  983.0    2.3  154.0   88.7  444.0
2017 364 12 30 1200   -7.8  983.2    3.6  132.0   87.0  444.0
2017 364 12 30 1300  -10.5  983.4    2.2  164.0   87.0  444.0
2017 364 12 30 1400  -12.3  983.4    3.5  176.0   87.3  444.0
2017 364 12 30 1500  -12.8  983.5    2.7  135.0   87.0  444.0
2017 364 12 30 1600  -12.8  983.4    3.6  155.0   86.6  444.0
2017 364 12 30 1700  -10.8  983.5    4.0  159.0   82.0  444.0
2017 364 12 30 1800   -8.9  983.5    4.6  137.0   79.0  444.0
2017 364 12 30 1900  444.0  983.7    3.8  173.0   81.5  444.0
2017 364 12 30 2000   -5.8  983.6    6.1  161.0   75.0  444.0
2017 364 12 30 2100   -4.2  983.5    6.8  146.0   69.6  444.0
2017 364 12 30 2200   -3.8  983.3    7.2  142.0   68.0  444.0
2017 364 12 30 2300   -3.7  983.3    5.4  156.0   76.0  444.0
2017 365 12 31 0000   -3.4  983.6    4.9  147.0   74.0  444.0
2017 365 12 31 0100   -3.3  983.6    4.2  134.0   74.0  444.0
2017 365 12 31 0200   -3.1  983.6    3.8  130.0   72.0  444.0
2017 365 12 31 0300   -3.1  983.3    3.2  134.0   73.0  444.0
2017 365 12 31 0400   -4.8  983.3    3.3  159.0   74.8  444.0
2017 365 12 31 0500   -4.2  983.2    3.3  145.0   75.0  444.0
2017 365 12 31 0600   -4.9  983.2    2.9  119.0   77.0  444.0
2017 365 12 31 0700   -5.4  983.3    2.9  128.0   78.2  444.0
2017 365 12 31 0800   -6.3  983.2    3.2  125.0   79.0  444.0
2017 365 12 31 0900   -8.1  983.1    2.6  155.0   81.9  444.0
2017 365 12 31 1000   -7.9  982.9    2.5  122.0   81.0  444.0
2017 365 12 31 1100   -8.1  982.6    1.3  126.0   82.0  444.0
2017 365 12 31 1200   -8.1  982.4    1.5  145.0   86.0  444.0
2017 365 12 31 1300  -10.7  982.1    2.8  213.0   89.0  444.0
2017 365 12 31 1400  -11.5  981.8    3.1  221.0   84.7  444.0
2017 365 12 31 1500  -10.5  981.4    1.5  236.0   83.0  444.0
2017 365 12 31 1600   -9.1  980.9    2.8  246.0   83.0  444.0
2017 365 12 31 1700  -10.4  980.7    2.6  235.0   84.0  444.0
2017 365 12 31 1800  -10.1  980.5    2.2  218.0   81.0  444.0
2017 365 12 31 1900  444.0  980.5    2.0  318.0   80.9  444.0
2017 365 12 31 2000  -11.0  980.5    2.3  317.0   80.0  444.0
2017 365 12 31 2100   -8.1  980.4    2.7  273.0   72.0  444.0
2017 365 12 31 2200   -6.1  980.3    3.2  250.0   70.0  444.0
2017 365 12 31 2300   -5.4  980.5    3.2  262.0   77.0  444.0
