Year: 2023  Month: 08  ID: MLN  ARGOS:  8934  Name: Marilyn             
Lat: 79.90S  Lon: 165.86E  Elev:   62m
2023 213  8  1 0000  -53.3  988.1  444.0  444.0   61.0  444.0
2023 213  8  1 0100  -50.3  987.0  444.0  444.0   63.0  444.0
2023 213  8  1 0200  -51.9  986.5  444.0  444.0   61.0  444.0
2023 213  8  1 0300  -51.2  986.0  444.0  444.0   63.0  444.0
2023 213  8  1 0400  -52.8  985.2  444.0  444.0   61.0  444.0
2023 213  8  1 0500  -51.7  984.8  444.0  444.0   62.0  444.0
2023 213  8  1 0600  -51.0  984.2  444.0  444.0   63.0  444.0
2023 213  8  1 0700  -51.0  983.6  444.0  444.0   63.0  444.0
2023 213  8  1 0800  -49.3  983.4  444.0  444.0   64.1  444.0
2023 213  8  1 0900  -44.5  983.2  444.0  444.0   69.0  444.0
2023 213  8  1 1000  -39.2  983.0  444.0  444.0   72.0  444.0
2023 213  8  1 1100  -40.5  982.4  444.0  444.0   71.0  444.0
2023 213  8  1 1200  -38.8  981.7  444.0  444.0   74.0  444.0
2023 213  8  1 1300  -35.2  981.4    4.7  206.0   77.0  444.0
2023 213  8  1 1400  -37.4  981.1    0.0    0.0   74.0  444.0
2023 213  8  1 1500  -37.8  980.8    1.7  200.0   75.0  444.0
2023 213  8  1 1600  -38.5  981.0    0.0    0.0   73.0  444.0
2023 213  8  1 1700  -38.2  980.7    1.2  209.0   74.0  444.0
2023 213  8  1 1800  -35.5  980.8    5.5  187.0   78.0  444.0
2023 213  8  1 1900  -35.8  980.8    4.5  194.0   77.0  444.0
2023 213  8  1 2000  -33.9  980.9    3.4  203.0   78.0  444.0
2023 213  8  1 2100  -35.6  980.7    1.3  215.0   76.0  444.0
2023 213  8  1 2200  -36.4  980.5    0.1  228.0   76.0  444.0
2023 213  8  1 2300  -36.7  980.8    0.8  234.0   75.0  444.0
2023 214  8  2 0000  -36.9  981.0    3.3  227.0   75.0  444.0
2023 214  8  2 0100  -36.8  980.9    3.3  235.0   75.0  444.0
2023 214  8  2 0200  -36.0  980.7    4.6  229.0   77.0  444.0
2023 214  8  2 0300  -36.7  980.9    4.3  230.0   75.0  444.0
2023 214  8  2 0400  -36.1  981.1    4.8  216.0   76.4  444.0
2023 214  8  2 0500  -33.9  980.8    8.1  195.0   81.0  444.0
2023 214  8  2 0600  -32.8  980.6    7.8  190.0   80.0  444.0
2023 214  8  2 0700  -34.4  980.6    6.9  208.0   78.0  444.0
2023 214  8  2 0800  -36.8  981.2    3.7  190.0   75.0  444.0
2023 214  8  2 0900  -38.7  981.4    4.6  216.0   74.0  444.0
2023 214  8  2 1000  -39.9  981.2    4.0  192.0   73.0  444.0
2023 214  8  2 1100  -39.5  981.4    3.5  154.0   73.0  444.0
2023 214  8  2 1200  -40.5  981.3    3.7  201.0   72.0  444.0
2023 214  8  2 1300  -38.3  981.4    2.4  197.0   74.0  444.0
2023 214  8  2 1400  -37.7  981.9    1.3  235.0   74.6  444.0
2023 214  8  2 1500  -36.8  981.5    2.2  241.0   76.0  444.0
2023 214  8  2 1600  -36.1  981.6    2.1  254.0   76.0  444.0
2023 214  8  2 1700  -35.3  981.6    2.3  227.0   77.0  444.0
2023 214  8  2 1800  -35.3  981.0    2.0  212.0   77.0  444.0
2023 214  8  2 1900  -35.0  981.0    0.4  153.0   77.0  444.0
2023 214  8  2 2000  -35.2  981.0    0.9  341.0   77.0  444.0
2023 214  8  2 2100  -35.1  981.2    1.5   22.0   77.0  444.0
2023 214  8  2 2200  -35.9  981.1    1.3  314.0   76.0  444.0
2023 214  8  2 2300  -35.1  981.3    1.5  242.0   77.0  444.0
2023 215  8  3 0000  -35.4  981.1    1.4   98.0   76.9  444.0
2023 215  8  3 0100  -35.9  981.1    2.1  147.0   76.0  444.0
2023 215  8  3 0200  -36.3  981.3    3.2  135.0   76.0  444.0
2023 215  8  3 0300  -37.5  981.3    5.0  108.0   74.4  444.0
2023 215  8  3 0400  -37.9  981.7    5.5  104.0   75.0  444.0
2023 215  8  3 0500  -36.1  981.8    6.4  118.0   77.0  444.0
2023 215  8  3 0600  -40.1  982.4    8.8  100.0   71.0  444.0
2023 215  8  3 0700  -41.8  983.1    8.9  103.0   71.0  444.0
2023 215  8  3 0800  -41.1  983.5    9.4  107.0   71.0  444.0
2023 215  8  3 0900  -41.3  983.7   11.2   97.0   71.0  444.0
2023 215  8  3 1000  -42.5  984.4   10.1   99.0   70.0  444.0
2023 215  8  3 1100  -43.7  984.4    8.8   96.0   69.0  444.0
2023 215  8  3 1200  -44.5  984.3    8.1  105.0   68.0  444.0
2023 215  8  3 1300  -44.9  984.0    7.6  111.0   68.0  444.0
2023 215  8  3 1400  -44.2  983.9    7.7  115.0   68.0  444.0
2023 215  8  3 1500  -43.4  983.5    7.0  132.0   69.0  444.0
2023 215  8  3 1600  -42.0  982.3    8.1  136.0   71.0  444.0
2023 215  8  3 1700  -39.6  981.8    8.3  134.0   73.0  444.0
2023 215  8  3 1800  -39.0  981.4    8.7  130.0   73.0  444.0
2023 215  8  3 1900  -39.5  980.6    7.8  140.0   73.0  444.0
2023 215  8  3 2000  -38.7  979.1    8.8  166.0   74.0  444.0
2023 215  8  3 2100  -35.7  977.9   11.1  158.0   77.0  444.0
2023 215  8  3 2200  -34.7  977.1   11.3  160.0   78.0  444.0
2023 215  8  3 2300  -34.0  976.3   11.8  162.0   78.0  444.0
2023 216  8  4 0000  -33.9  974.9   12.3  163.0   78.0  444.0
2023 216  8  4 0100  -34.0  973.2   13.4  166.0   78.0  444.0
2023 216  8  4 0200  -33.1  972.1   14.5  162.0   79.6  444.0
2023 216  8  4 0300  -32.1  971.0   15.1  160.0   81.0  444.0
2023 216  8  4 0400  -32.7  970.2   15.5  161.0   79.9  444.0
2023 216  8  4 0500  -32.6  969.2   16.0  165.0   80.0  444.0
2023 216  8  4 0600  -32.1  968.5   15.5  167.0   81.0  444.0
2023 216  8  4 0700  -32.0  967.8   15.0  179.0   81.0  444.0
2023 216  8  4 0800  -31.8  966.9   15.2  195.0   81.0  444.0
2023 216  8  4 0900  -31.6  965.7   20.7  192.0   81.0  444.0
2023 216  8  4 1000  -30.9  965.7   19.6  192.0   82.0  444.0
2023 216  8  4 1100  -31.8  965.3   16.4  191.0   80.0  444.0
2023 216  8  4 1200  -32.8  964.5   15.9  201.0   80.0  444.0
2023 216  8  4 1300  -33.6  964.3   13.5  212.0   79.0  444.0
2023 216  8  4 1400  -33.0  963.3   13.1  216.0   78.5  444.0
2023 216  8  4 1500  -34.0  963.0   12.7  217.0   78.0  444.0
2023 216  8  4 1600  -32.6  962.0   13.1  215.0   79.0  444.0
2023 216  8  4 1700  -33.4  961.4   12.8  223.0   79.0  444.0
2023 216  8  4 1800  -33.7  960.9   13.1  224.0   79.0  444.0
2023 216  8  4 1900  -32.6  960.7   13.1  221.0   80.0  444.0
2023 216  8  4 2000  -32.8  960.4   11.9  214.0   80.0  444.0
2023 216  8  4 2100  -33.4  960.5    9.5  224.0   79.0  444.0
2023 216  8  4 2200  -32.8  960.8    9.5  226.0   80.0  444.0
2023 216  8  4 2300  -31.9  960.2   11.9  224.0   80.0  444.0
2023 217  8  5 0000  -32.2  960.7   10.4  230.0   80.9  444.0
2023 217  8  5 0100  -32.6  961.2   10.6  213.0   80.0  444.0
2023 217  8  5 0200  -31.4  961.0   15.2  209.0   82.0  444.0
2023 217  8  5 0300  -30.9  961.1   18.5  203.0   81.0  444.0
2023 217  8  5 0400  -31.7  962.5   14.2  187.0   81.0  444.0
2023 217  8  5 0500  -31.6  962.8   18.2  177.0   80.7  444.0
2023 217  8  5 0600  -29.6  963.7   16.0  166.0   84.0  444.0
2023 217  8  5 0700  -30.1  964.7   13.9  178.0   82.0  444.0
2023 217  8  5 0800  -31.1  964.3   17.5  167.0   81.0  444.0
2023 217  8  5 0900  -31.8  966.0   15.7  156.0   81.0  444.0
2023 217  8  5 1000  -32.2  966.6   15.9  162.0   79.8  444.0
2023 217  8  5 1100  -32.8  967.8   13.5  165.0   79.0  444.0
2023 217  8  5 1200  -32.7  968.0   16.1  166.0   79.0  444.0
2023 217  8  5 1300  -32.3  968.8   14.5  160.0   80.0  444.0
2023 217  8  5 1400  -32.4  969.1   12.6  160.0   80.0  444.0
2023 217  8  5 1500  -32.1  969.3   11.9  156.0   80.3  444.0
2023 217  8  5 1600  -33.3  969.4   11.3  165.0   79.0  444.0
2023 217  8  5 1700  -33.3  970.0   12.9  160.0   78.0  444.0
2023 217  8  5 1800  -34.3  970.0   10.5  160.0   77.0  444.0
2023 217  8  5 1900  -34.6  969.9   12.4  157.0   77.0  444.0
2023 217  8  5 2000  -34.5  970.0   12.5  157.0   76.0  444.0
2023 217  8  5 2100  -35.0  970.1   11.6  160.0   75.0  444.0
2023 217  8  5 2200  -35.7  970.1    9.3  174.0   74.0  444.0
2023 217  8  5 2300  -35.4  969.7    9.8  169.0   75.0  444.0
2023 218  8  6 0000  -36.3  969.8    9.1  180.0   75.0  444.0
2023 218  8  6 0100  -36.2  970.1   10.6  183.0   76.0  444.0
2023 218  8  6 0200  -35.8  970.8   11.6  188.0   76.0  444.0
2023 218  8  6 0300  -35.5  970.5   11.7  186.0   77.0  444.0
2023 218  8  6 0400  -34.8  970.6    9.1  184.0   78.0  444.0
2023 218  8  6 0500  -35.2  970.4   12.2  174.0   77.1  444.0
2023 218  8  6 0600  -34.8  971.0   11.9  169.0   77.0  444.0
2023 218  8  6 0700  -34.7  971.6   11.6  174.0   78.0  444.0
2023 218  8  6 0800  -35.5  971.8   10.7  161.0   77.0  444.0
2023 218  8  6 0900  -34.8  972.2   10.8  161.0   77.0  444.0
2023 218  8  6 1000  -34.5  972.4   10.7  151.0   78.0  444.0
2023 218  8  6 1100  -33.8  973.0   11.2  154.0   79.0  444.0
2023 218  8  6 1200  -33.9  973.1   12.6  151.0   78.0  444.0
2023 218  8  6 1300  -34.4  973.6   12.7  159.0   78.0  444.0
2023 218  8  6 1400  -34.5  974.1   11.7  156.0   78.0  444.0
2023 218  8  6 1500  -35.0  974.3   13.8  164.0   77.0  444.0
2023 218  8  6 1600  -35.7  974.4   13.2  169.0   76.0  444.0
2023 218  8  6 1700  -36.4  974.2   12.4  164.0   75.0  444.0
2023 218  8  6 1800  -37.1  974.8   11.6  164.0   74.0  444.0
2023 218  8  6 1900  -37.7  974.5   12.1  166.0   73.0  444.0
2023 218  8  6 2000  -38.3  974.9    9.9  161.0   73.0  444.0
2023 218  8  6 2100  -37.8  975.0   11.8  174.0   73.0  444.0
2023 218  8  6 2200  -37.4  975.5   10.9  183.0   73.0  444.0
2023 218  8  6 2300  -37.2  975.4   13.1  179.0   74.0  444.0
2023 219  8  7 0000  -37.5  975.7   12.1  180.0   73.0  444.0
2023 219  8  7 0100  -38.7  976.4    8.6  183.0   69.7  444.0
2023 219  8  7 0200  -38.4  976.6   11.6  178.0   72.0  444.0
2023 219  8  7 0300  -38.6  976.9   10.1  176.0   71.0  444.0
2023 219  8  7 0400  -39.2  977.4    7.8  191.0   71.0  444.0
2023 219  8  7 0500  -40.0  977.3    5.6  179.0   68.0  444.0
2023 219  8  7 0600  -39.4  976.8   12.4  175.0   70.5  444.0
2023 219  8  7 0700  -39.7  977.0    9.0  176.0   70.0  444.0
2023 219  8  7 0800  -42.0  978.1    7.8  220.0   66.3  444.0
2023 219  8  7 0900  -40.3  977.8    9.9  190.0   69.0  444.0
2023 219  8  7 1000  -39.2  977.6   14.9  182.0   72.0  444.0
2023 219  8  7 1100  -41.4  978.4    8.2  218.0   68.0  444.0
2023 219  8  7 1200  -41.1  978.2    8.7  205.0   68.0  444.0
2023 219  8  7 1300  -38.3  977.8   14.9  197.0   71.3  444.0
2023 219  8  7 1400  -38.5  977.3   14.5  201.0   72.0  444.0
2023 219  8  7 1500  -38.5  978.0   15.1  194.0   72.0  444.0
2023 219  8  7 1600  -39.3  977.8   13.1  202.0   71.0  444.0
2023 219  8  7 1700  -38.8  978.1   14.1  198.0   71.0  444.0
2023 219  8  7 1800  -39.5  978.2   11.4  201.0   69.0  444.0
2023 219  8  7 1900  -40.3  978.3    9.3  206.0   67.0  444.0
2023 219  8  7 2000  -40.1  978.4    9.1  198.0   67.0  444.0
2023 219  8  7 2100  -40.2  978.3    9.0  199.0   67.0  444.0
2023 219  8  7 2200  -40.4  978.3    7.9  190.0   64.0  444.0
2023 219  8  7 2300  -40.1  978.2    7.7  211.0   63.6  444.0
2023 220  8  8 0000  -42.2  978.3    7.7  213.0   67.0  444.0
2023 220  8  8 0100  -42.5  978.1    7.6  213.0   64.0  444.0
2023 220  8  8 0200  -41.7  977.8    7.2  221.0   64.7  444.0
2023 220  8  8 0300  -42.9  978.0    6.5  212.0   69.0  444.0
2023 220  8  8 0400  -42.6  978.2    5.2  213.0   63.0  444.0
2023 220  8  8 0500  -45.4  978.6    4.3  227.0   67.0  444.0
2023 220  8  8 0600  -45.6  978.4    5.4  246.0   67.0  444.0
2023 220  8  8 0700  -44.8  978.6    6.3  243.0   69.0  444.0
2023 220  8  8 0800  -44.6  978.9    4.7  250.0   68.0  444.0
2023 220  8  8 0900  -44.2  979.5    4.6  234.0   68.0  444.0
2023 220  8  8 1000  -44.1  979.5    5.6  250.0   68.7  444.0
2023 220  8  8 1100  -42.7  979.6    5.8  232.0   70.0  444.0
2023 220  8  8 1200  -42.2  979.4    5.9  220.0   67.0  444.0
2023 220  8  8 1300  -40.4  979.3    6.4  193.0   66.0  444.0
2023 220  8  8 1400  -44.5  979.8    4.1  147.0   66.0  444.0
2023 220  8  8 1500  -48.9  980.4    4.6  134.0   63.9  444.0
2023 220  8  8 1600  -45.8  980.3    6.1  128.0   67.0  444.0
2023 220  8  8 1700  -46.0  980.6    6.4  126.0   67.0  444.0
2023 220  8  8 1800  -46.8  981.4    5.7  122.0   66.0  444.0
2023 220  8  8 1900  -46.6  981.6    6.3  127.0   66.2  444.0
2023 220  8  8 2000  -46.1  981.9    6.4  129.0   66.7  444.0
2023 220  8  8 2100  -44.5  982.4    5.7  143.0   68.0  444.0
2023 220  8  8 2200  -43.1  982.4    5.5  138.0   69.0  444.0
2023 220  8  8 2300  -40.3  982.3    6.2  137.0   72.0  444.0
2023 221  8  9 0000  -41.0  982.4    6.1  130.0   71.0  444.0
2023 221  8  9 0100  -42.0  982.7    6.4  110.0   70.0  444.0
2023 221  8  9 0200  -42.7  982.6    5.1  120.0   69.0  444.0
2023 221  8  9 0300  -42.1  982.8    5.2  148.0   70.0  444.0
2023 221  8  9 0400  -42.1  983.0    5.9  156.0   70.0  444.0
2023 221  8  9 0500  -41.4  982.5    4.4  126.0   70.0  444.0
2023 221  8  9 0600  -42.0  982.0    4.0  120.0   69.6  444.0
2023 221  8  9 0700  -42.2  982.0    4.5  150.0   70.0  444.0
2023 221  8  9 0800  -42.7  981.8    3.3  195.0   69.5  444.0
2023 221  8  9 0900  -41.1  981.1    3.0  146.0   69.0  444.0
2023 221  8  9 1000  -43.6  980.7    3.3  179.0   67.0  444.0
2023 221  8  9 1100  -44.5  980.5    4.2  184.0   67.0  444.0
2023 221  8  9 1200  -44.1  979.9    4.3  205.0   67.0  444.0
2023 221  8  9 1300  -43.1  979.2    4.7  177.0   66.7  444.0
2023 221  8  9 1400  -42.9  978.8    5.2  182.0   67.0  444.0
2023 221  8  9 1500  -43.7  977.9    4.7  212.0   66.0  444.0
2023 221  8  9 1600  -43.0  977.3    4.0  176.0   67.0  444.0
2023 221  8  9 1700  -45.5  976.7    3.0  230.0   66.0  444.0
2023 221  8  9 1800  -43.8  976.0    4.1  189.0   66.3  444.0
2023 221  8  9 1900  -45.8  975.6    4.2  212.0   65.0  444.0
2023 221  8  9 2000  -46.7  975.0    3.9  207.0   68.0  444.0
2023 221  8  9 2100  -46.5  974.7    3.2  200.0   67.0  444.0
2023 221  8  9 2200  -44.6  974.1    3.9  186.0   71.0  444.0
2023 221  8  9 2300  -43.0  973.7    7.4  205.0   69.3  444.0
2023 222  8 10 0000  -42.2  973.8    8.9  202.0   70.0  444.0
2023 222  8 10 0100  -43.3  973.9    6.9  190.0   69.0  444.0
2023 222  8 10 0200  -42.1  974.0    8.1  201.0   70.0  444.0
2023 222  8 10 0300  -44.0  974.2    6.6  209.0   68.0  444.0
2023 222  8 10 0400  -42.3  974.3    7.8  213.0   69.9  444.0
2023 222  8 10 0500  -46.8  975.0    2.9  227.0   66.0  444.0
2023 222  8 10 0600  -47.0  975.1    6.5  247.0   66.1  444.0
2023 222  8 10 0700  -47.1  975.9    4.3  238.0   66.0  444.0
2023 222  8 10 0800  -47.6  976.4    5.6  224.0   66.0  444.0
2023 222  8 10 0900  -47.8  976.6    3.1  245.0   65.0  444.0
2023 222  8 10 1000  -46.1  976.9    2.9  251.0   67.0  444.0
2023 222  8 10 1100  -48.1  977.5    4.7  263.0   64.8  444.0
2023 222  8 10 1200  -48.4  978.0    4.3  283.0   65.0  444.0
2023 222  8 10 1300  -48.0  978.5    5.2  248.0   65.0  444.0
2023 222  8 10 1400  -48.3  979.3    5.7  244.0   65.0  444.0
2023 222  8 10 1500  -46.1  979.1    3.5  229.0   67.0  444.0
2023 222  8 10 1600  -45.3  979.3    4.7  255.0   67.3  444.0
2023 222  8 10 1700  -45.5  979.1    4.0  226.0   67.0  444.0
2023 222  8 10 1800  -41.5  979.6   10.1  184.0   70.0  444.0
2023 222  8 10 1900  -43.0  979.7    5.8  218.0   69.0  444.0
2023 222  8 10 2000  -44.8  979.7    5.1  214.0   68.0  444.0
2023 222  8 10 2100  -44.3  980.0    5.3  218.0   67.4  444.0
2023 222  8 10 2200  -45.3  979.8    5.4  219.0   67.0  444.0
2023 222  8 10 2300  -41.8  979.3   10.5  191.0   70.0  444.0
2023 223  8 11 0000  -43.8  980.3    5.7  227.0   68.0  444.0
2023 223  8 11 0100  -46.5  980.1    5.7  238.0   66.1  444.0
2023 223  8 11 0200  -47.6  979.8    4.8  244.0   65.4  444.0
2023 223  8 11 0300  -48.5  979.7    6.7  215.0   65.0  444.0
2023 223  8 11 0400  -45.6  979.2    6.0  228.0   67.0  444.0
2023 223  8 11 0500  -46.5  979.4    6.2  228.0   66.0  444.0
2023 223  8 11 0600  -46.5  978.9    6.6  213.0   66.3  444.0
2023 223  8 11 0700  -44.1  978.9    6.7  225.0   68.0  444.0
2023 223  8 11 0800  -46.0  978.7    6.1  218.0   66.0  444.0
2023 223  8 11 0900  -45.4  978.6    5.7  223.0   67.0  444.0
2023 223  8 11 1000  -44.3  977.9    6.9  196.0   68.0  444.0
2023 223  8 11 1100  -43.3  977.5    7.5  198.0   68.0  444.0
2023 223  8 11 1200  -43.9  977.6    5.7  192.0   68.0  444.0
2023 223  8 11 1300  -45.2  977.3    6.1  220.0   67.0  444.0
2023 223  8 11 1400  -46.0  977.3    4.9  236.0   66.0  444.0
2023 223  8 11 1500  -47.1  977.0    4.4  235.0   66.0  444.0
2023 223  8 11 1600  -45.3  976.8    5.6  231.0   67.0  444.0
2023 223  8 11 1700  -45.7  976.3    5.2  202.0   66.0  444.0
2023 223  8 11 1800  -45.1  976.1    7.3  219.0   67.0  444.0
2023 223  8 11 1900  -44.4  975.9    6.2  193.0   67.0  444.0
2023 223  8 11 2000  -43.4  976.0    7.9  199.0   69.0  444.0
2023 223  8 11 2100  -42.7  975.6    6.7  209.0   68.0  444.0
2023 223  8 11 2200  -42.8  975.9    7.4  204.0   69.0  444.0
2023 223  8 11 2300  -45.1  975.4    5.1  228.0   67.0  444.0
2023 224  8 12 0000  -43.0  975.6    6.7  200.0   68.0  444.0
2023 224  8 12 0100  -44.8  975.3    6.3  234.0   67.0  444.0
2023 224  8 12 0200  -44.8  974.9    6.8  226.0   67.0  444.0
2023 224  8 12 0300  -46.8  975.0    4.9  252.0   66.0  444.0
2023 224  8 12 0400  -46.5  974.7    5.3  251.0   66.0  444.0
2023 224  8 12 0500  -45.9  974.0    5.1  228.0   66.0  444.0
2023 224  8 12 0600  -46.8  974.5    5.6  263.0   66.0  444.0
2023 224  8 12 0700  -46.5  974.6    5.1  238.0   66.2  444.0
2023 224  8 12 0800  -45.1  974.8    5.2  240.0   67.9  444.0
2023 224  8 12 0900  -47.7  975.0    4.4  254.0   65.0  444.0
2023 224  8 12 1000  -49.4  975.3    4.0  249.0   64.0  444.0
2023 224  8 12 1100  -48.3  975.3    5.0  272.0   65.0  444.0
2023 224  8 12 1200  -47.8  975.1    4.1  261.0   65.3  444.0
2023 224  8 12 1300  -48.5  975.4    4.3  261.0   64.0  444.0
2023 224  8 12 1400  -48.3  975.5    4.3  266.0   65.0  444.0
2023 224  8 12 1500  -48.3  975.1    4.9  247.0   65.0  444.0
2023 224  8 12 1600  -50.5  976.2    3.2  244.0   63.0  444.0
2023 224  8 12 1700  -48.5  975.7    4.5  225.0   64.8  444.0
2023 224  8 12 1800  -50.1  976.6    4.4  252.0   63.0  444.0
2023 224  8 12 1900  -49.7  977.2    5.5  219.0   64.0  444.0
2023 224  8 12 2000  -56.9  977.7    7.2  145.0   58.0  444.0
2023 224  8 12 2100  -58.3  978.7    7.5  125.0   57.0  444.0
2023 224  8 12 2200  -57.5  979.5    6.2  110.0   57.3  444.0
2023 224  8 12 2300  -57.6  979.9    6.4  116.0   57.0  444.0
2023 225  8 13 0000  -57.6  980.4    6.8  114.0   57.0  444.0
2023 225  8 13 0100  -56.8  980.8    6.3  113.0   58.0  444.0
2023 225  8 13 0200  -56.0  981.0    6.6  116.0   58.0  444.0
2023 225  8 13 0300  -54.8  981.0    7.8  108.0   59.4  444.0
2023 225  8 13 0400  -53.2  981.1    7.0  124.0   61.0  444.0
2023 225  8 13 0500  -52.0  980.9    6.9  129.0   61.3  444.0
2023 225  8 13 0600  -50.9  981.3    8.0  129.0   62.0  444.0
2023 225  8 13 0700  -51.3  981.3    8.1  127.0   58.0  444.0
2023 225  8 13 0800  -51.4  981.4    6.6  137.0   62.0  444.0
2023 225  8 13 0900  -49.7  981.1    8.5  125.0   63.0  444.0
2023 225  8 13 1000  -50.2  981.1    8.6  134.0   63.0  444.0
2023 225  8 13 1100  -50.8  980.8    8.2  126.0   62.0  444.0
2023 225  8 13 1200  -51.6  980.8    8.9   60.0   62.0  444.0
2023 225  8 13 1300  -54.2  981.1    7.8  107.0   60.0  444.0
2023 225  8 13 1400  -53.8  981.1    7.2  115.0   60.0  444.0
2023 225  8 13 1500  -52.8  981.0    6.3  134.0   60.9  444.0
2023 225  8 13 1600  -53.0  980.1    6.0  146.0   61.0  444.0
2023 225  8 13 1700  -53.6  979.8    5.9  151.0   60.0  444.0
2023 225  8 13 1800  -54.0  978.7    4.2  174.0   60.0  444.0
2023 225  8 13 1900  -54.0  977.4    3.2  208.0   60.0  444.0
2023 225  8 13 2000  -49.6  976.1    5.7  167.0   63.4  444.0
2023 225  8 13 2100  -48.2  975.2    6.2  172.0   64.0  444.0
2023 225  8 13 2200  -43.8  973.9   11.2  180.0   68.0  444.0
2023 225  8 13 2300  -45.4  972.8    7.6  202.0   67.0  444.0
2023 226  8 14 0000  -44.0  971.5    9.8  198.0   67.0  444.0
2023 226  8 14 0100  -45.0  970.5    7.5  202.0   66.0  444.0
2023 226  8 14 0200  -50.1  969.3    3.1  235.0   63.0  444.0
2023 226  8 14 0300  -46.7  967.8    6.8  210.0   66.0  444.0
2023 226  8 14 0400  -45.0  966.6    7.8  219.0   67.0  444.0
2023 226  8 14 0500  -42.7  965.7    9.5  219.0   69.0  444.0
2023 226  8 14 0600  -42.5  964.6    8.2  217.0   68.0  444.0
2023 226  8 14 0700  -45.7  963.7    6.5  231.0   66.0  444.0
2023 226  8 14 0800  -39.8  962.8   11.9  192.0   72.0  444.0
2023 226  8 14 0900  -40.3  962.4    9.9  213.0   68.0  444.0
2023 226  8 14 1000  -42.8  962.3    7.2  217.0   65.0  444.0
2023 226  8 14 1100  -40.4  961.8    9.8  205.0   70.0  444.0
2023 226  8 14 1200  -39.5  961.4   10.0  208.0   70.0  444.0
2023 226  8 14 1300  -38.1  961.4    9.7  198.0   73.0  444.0
2023 226  8 14 1400  -35.4  961.0   13.2  198.0   76.0  444.0
2023 226  8 14 1500  -35.3  961.0   11.1  214.0   74.0  444.0
2023 226  8 14 1600  -34.5  961.1   10.3  200.0   75.0  444.0
2023 226  8 14 1700  -34.1  961.2   11.8  184.0   76.0  444.0
2023 226  8 14 1800  -33.9  961.0   12.3  185.0   77.0  444.0
2023 226  8 14 1900  -33.2  961.4   11.6  189.0   76.0  444.0
2023 226  8 14 2000  -32.4  962.0   13.3  192.0   77.0  444.0
2023 226  8 14 2100  -35.2  962.4    9.5  213.0   72.0  444.0
2023 226  8 14 2200  -35.8  962.6    9.0  210.0   72.0  444.0
2023 226  8 14 2300  -34.1  963.8    9.2  201.0   69.0  444.0
2023 227  8 15 0000  -33.3  963.9   10.2  192.0   71.8  444.0
2023 227  8 15 0100  -34.0  963.9    8.8  202.0   75.0  444.0
2023 227  8 15 0200  -39.0  965.0   11.7  168.0   72.0  444.0
2023 227  8 15 0300  -36.3  966.7    7.8  162.0   76.0  444.0
2023 227  8 15 0400  -37.1  968.0    8.3  137.0   75.0  444.0
2023 227  8 15 0500  -37.9  969.4    7.7  133.0   73.1  444.0
2023 227  8 15 0600  -40.5  971.8    5.2  134.0   71.0  444.0
2023 227  8 15 0700  -41.4  973.0    5.6  145.0   71.0  444.0
2023 227  8 15 0800  -41.2  974.5    4.6  160.0   71.0  444.0
2023 227  8 15 0900  -40.1  976.0    5.4  192.0   72.0  444.0
2023 227  8 15 1000  -37.9  976.7    6.6  186.0   72.0  444.0
2023 227  8 15 1100  -36.4  977.3    9.2  175.0   72.0  444.0
2023 227  8 15 1200  -36.2  977.7    8.1  187.0   69.0  444.0
2023 227  8 15 1300  -37.5  977.9    7.4  200.0   67.0  444.0
2023 227  8 15 1400  -37.5  978.3    6.2  200.0   65.0  444.0
2023 227  8 15 1500  -38.9  978.5    5.2  212.0   66.0  444.0
2023 227  8 15 1600  -37.4  978.3    7.5  204.0   69.0  444.0
2023 227  8 15 1700  -37.8  978.7    4.5  235.0   72.0  444.0
2023 227  8 15 1800  -34.8  978.5   10.5  199.0   75.0  444.0
2023 227  8 15 1900  -35.1  978.4   11.6  194.0   74.0  444.0
2023 227  8 15 2000  -35.6  978.2   11.0  210.0   73.0  444.0
2023 227  8 15 2100  -35.5  978.1   10.2  206.0   74.0  444.0
2023 227  8 15 2200  -35.5  977.9    9.8  207.0   74.4  444.0
2023 227  8 15 2300  -34.6  977.7   13.4  170.0   76.0  444.0
2023 228  8 16 0000  -35.0  977.9   12.8  188.0   75.0  444.0
2023 228  8 16 0100  -34.7  978.2   13.0  178.0   73.0  444.0
2023 228  8 16 0200  -35.6  978.5   10.5  211.0   72.0  444.0
2023 228  8 16 0300  -35.9  978.5    6.5  194.0   69.0  444.0
2023 228  8 16 0400  -38.0  977.9    8.9  215.0   69.0  444.0
2023 228  8 16 0500  -34.3  977.1   11.5  198.0   71.0  444.0
2023 228  8 16 0600  -33.8  975.9   10.2  216.0   68.0  444.0
2023 228  8 16 0700  -31.8  974.2   16.7  198.0   78.0  444.0
2023 228  8 16 0800  -31.3  973.6   15.1  197.0   75.8  444.0
2023 228  8 16 0900  -31.3  972.2   14.5  194.0   78.0  444.0
2023 228  8 16 1000  -31.0  970.5   15.3  190.0   79.0  444.0
2023 228  8 16 1100  -31.5  970.1   12.8  214.0   80.0  444.0
2023 228  8 16 1200  -32.0  968.7   11.9  183.0   81.0  444.0
2023 228  8 16 1300  -31.9  969.6   11.5  201.0   80.4  444.0
2023 228  8 16 1400  -31.9  968.1   15.2  179.0   80.0  444.0
2023 228  8 16 1500  -31.9  968.0   17.8  182.0   80.0  444.0
2023 228  8 16 1600  -32.2  967.1   16.2  178.0   79.0  444.0
2023 228  8 16 1700  -32.4  968.0   11.8  188.0   79.0  444.0
2023 228  8 16 1800  -32.9  967.5   10.3  190.0   79.0  444.0
2023 228  8 16 1900  -33.8  967.8   10.2  192.0   79.0  444.0
2023 228  8 16 2000  -34.4  969.0    7.7  170.0   79.0  444.0
2023 228  8 16 2100  -37.9  971.0    5.8  145.0   74.0  444.0
2023 228  8 16 2200  -44.1  972.8    6.8  137.0   68.0  444.0
2023 228  8 16 2300  -48.2  974.8    7.7  140.0   64.9  444.0
2023 229  8 17 0000  -48.5  976.3    7.5  145.0   65.0  444.0
2023 229  8 17 0100  -44.9  977.0    7.8  134.0   68.0  444.0
2023 229  8 17 0200  -45.6  976.8    9.6  109.0   67.0  444.0
2023 229  8 17 0300  -45.5  978.2    7.7  112.0   67.0  444.0
2023 229  8 17 0400  -45.4  979.2    7.3  117.0   67.0  444.0
2023 229  8 17 0500  -45.4  979.4    6.8  125.0   67.0  444.0
2023 229  8 17 0600  -44.5  979.9    6.9  117.0   68.0  444.0
2023 229  8 17 0700  -44.1  980.4    8.1  146.0   68.3  444.0
2023 229  8 17 0800  -43.4  979.7   10.3  135.0   69.0  444.0
2023 229  8 17 0900  -44.8  980.9   12.1  118.0   68.0  444.0
2023 229  8 17 1000  -45.3  981.9    8.2  120.0   67.0  444.0
2023 229  8 17 1100  -44.8  982.2    6.2  124.0   67.5  444.0
2023 229  8 17 1200  -43.2  982.2    8.0  129.0   69.0  444.0
2023 229  8 17 1300  -43.7  982.8    4.4  157.0   68.0  444.0
2023 229  8 17 1400  -42.3  982.5    7.3  159.0   70.0  444.0
2023 229  8 17 1500  -42.1  982.8    4.0  162.0   70.0  444.0
2023 229  8 17 1600  -39.0  982.7    5.0  148.0   73.0  444.0
2023 229  8 17 1700  -38.0  982.7    6.2  150.0   73.0  444.0
2023 229  8 17 1800  -37.9  982.0    6.4  180.0   70.0  444.0
2023 229  8 17 1900  -38.8  981.6    8.1  188.0   72.0  444.0
2023 229  8 17 2000  -39.0  981.2    9.2  194.0   72.0  444.0
2023 229  8 17 2100  -38.4  980.9   11.4  179.0   72.0  444.0
2023 229  8 17 2200  -40.0  981.3    9.2  202.0   69.0  444.0
2023 229  8 17 2300  -40.7  981.0   10.2  206.0   67.4  444.0
2023 230  8 18 0000  -40.8  981.2   10.4  206.0   66.0  444.0
2023 230  8 18 0100  -39.9  981.9    8.9  199.0   64.0  444.0
2023 230  8 18 0200  -38.8  981.7    8.9  202.0   63.0  444.0
2023 230  8 18 0300  -40.3  982.0    8.1  211.0   63.0  444.0
2023 230  8 18 0400  -41.6  982.2    9.3  213.0   66.8  444.0
2023 230  8 18 0500  -41.5  982.2    7.4  211.0   63.7  444.0
2023 230  8 18 0600  -41.0  981.9    8.2  216.0   63.0  444.0
2023 230  8 18 0700  -39.8  981.8    8.7  219.0   68.0  444.0
2023 230  8 18 0800  -41.2  982.3    7.7  212.0   66.9  444.0
2023 230  8 18 0900  -40.5  982.4    7.8  213.0   66.2  444.0
2023 230  8 18 1000  -38.8  983.0    8.9  210.0   64.0  444.0
2023 230  8 18 1100  -39.5  982.9    6.0  214.0   64.0  444.0
2023 230  8 18 1200  -38.2  982.4    7.9  204.0   61.0  444.0
2023 230  8 18 1300  -38.5  982.4    7.2  206.0   61.0  444.0
2023 230  8 18 1400  -39.8  982.7    5.8  194.0   63.0  444.0
2023 230  8 18 1500  -40.9  982.8    5.6  210.0   63.0  444.0
2023 230  8 18 1600  -41.6  982.5    5.5  210.0   65.0  444.0
2023 230  8 18 1700  -37.8  981.9    9.8  187.0   63.0  444.0
2023 230  8 18 1800  -40.1  982.0    5.8  214.0   60.0  444.0
2023 230  8 18 1900  -39.7  981.9    6.9  211.0   61.0  444.0
2023 230  8 18 2000  -42.7  982.3    5.0  242.0   61.0  444.0
2023 230  8 18 2100  -40.9  981.8    7.3  218.0   64.0  444.0
2023 230  8 18 2200  -42.3  981.8    6.7  221.0   65.0  444.0
2023 230  8 18 2300  -39.5  982.1    9.8  221.0   72.0  444.0
2023 231  8 19 0000  -39.1  982.1   10.2  207.0   72.0  444.0
2023 231  8 19 0100  -38.3  982.0   10.7  215.0   73.0  444.0
2023 231  8 19 0200  -39.5  982.4    7.2  223.0   72.0  444.0
2023 231  8 19 0300  -42.7  982.5    3.5  242.0   70.0  444.0
2023 231  8 19 0400  -43.9  982.3    4.2  247.0   69.0  444.0
2023 231  8 19 0500  -41.9  982.0    6.4  236.0   70.0  444.0
2023 231  8 19 0600  -43.7  981.7    4.0  239.0   69.0  444.0
2023 231  8 19 0700  -42.1  981.3    5.7  224.0   67.0  444.0
2023 231  8 19 0800  -42.6  981.4    5.8  197.0   65.0  444.0
2023 231  8 19 0900  -46.5  981.3    3.9  207.0   67.0  444.0
2023 231  8 19 1000  -49.1  981.1    4.6  176.0   65.0  444.0
2023 231  8 19 1100  -51.0  981.0    3.6  166.0   62.5  444.0
2023 231  8 19 1200  -51.4  981.1    3.6  200.0   62.0  444.0
2023 231  8 19 1300  -51.8  981.0    3.1  160.0   62.0  444.0
2023 231  8 19 1400  -52.6  981.6    3.3  196.0   61.0  444.0
2023 231  8 19 1500  -52.5  981.3    3.1  124.0   61.0  444.0
2023 231  8 19 1600  -53.0  981.9    2.9  161.0   60.3  444.0
2023 231  8 19 1700  -53.0  982.3    4.0  121.0   60.0  444.0
2023 231  8 19 1800  -53.5  983.1    0.7  129.0   60.0  444.0
2023 231  8 19 1900  -55.6  984.2    4.0   98.0   58.0  444.0
2023 231  8 19 2000  -56.5  984.6    4.1   89.0   57.0  444.0
2023 231  8 19 2100  -57.0  986.1    3.9  103.0   56.0  444.0
2023 231  8 19 2200  -57.4  987.2    5.9  115.0   56.0  444.0
2023 231  8 19 2300  -56.9  988.9    5.2  114.0   57.1  444.0
2023 232  8 20 0000  -55.9  989.2    5.4   93.0   58.0  444.0
2023 232  8 20 0100  -54.9  990.3    5.0  118.0   59.0  444.0
2023 232  8 20 0200  -54.7  991.6    5.4  118.0   59.0  444.0
2023 232  8 20 0300  -54.2  992.5    5.3  128.0   59.9  444.0
2023 232  8 20 0400  -53.1  993.9    4.7  141.0   61.0  444.0
2023 232  8 20 0500  -52.3  994.7    4.4  152.0   62.0  444.0
2023 232  8 20 0600  -52.2  995.1    4.9  162.0   62.0  444.0
2023 232  8 20 0700  -53.1  995.7    4.8  194.0   61.0  444.0
2023 232  8 20 0800  -51.6  996.1    5.3  157.0   62.0  444.0
2023 232  8 20 0900  -51.0  996.6    4.0  154.0   62.9  444.0
2023 232  8 20 1000  -52.4  997.2    3.8  189.0   61.0  444.0
2023 232  8 20 1100  -50.8  997.5    3.5  160.0   63.0  444.0
2023 232  8 20 1200  -50.9  997.5    4.3  160.0   63.0  444.0
2023 232  8 20 1300  -50.4  997.7    4.3  140.0   63.0  444.0
2023 232  8 20 1400  -51.1  997.7    3.7  132.0   63.0  444.0
2023 232  8 20 1500  -51.4  998.2    3.6  136.0   62.0  444.0
2023 232  8 20 1600  -52.1  998.2    3.4  145.0   62.0  444.0
2023 232  8 20 1700  -52.2  998.5    3.7  134.0   62.0  444.0
2023 232  8 20 1800  -52.2  998.3    3.6  151.0   61.0  444.0
2023 232  8 20 1900  -51.9  998.3    3.2  128.0   62.0  444.0
2023 232  8 20 2000  -51.9  998.2    1.7  130.0   62.0  444.0
2023 232  8 20 2100  -51.0  998.3    2.6  147.0   63.0  444.0
2023 232  8 20 2200  -51.2  998.2    3.7  151.0   62.0  444.0
2023 232  8 20 2300  -51.0  998.0    1.7  123.0   63.0  444.0
2023 233  8 21 0000  -51.2  997.5    1.1  213.0   63.0  444.0
2023 233  8 21 0100  -51.8  997.5    1.6  335.0   62.0  444.0
2023 233  8 21 0200  -53.1  996.9    1.9  254.0   61.1  444.0
2023 233  8 21 0300  -51.8  996.6    3.0  255.0   62.0  444.0
2023 233  8 21 0400  -53.9  996.2    2.4  274.0   60.0  444.0
2023 233  8 21 0500  -52.3  995.8    3.0  256.0   61.0  444.0
2023 233  8 21 0600  -49.6  995.6    4.3  241.0   64.0  444.0
2023 233  8 21 0700  -46.2  995.2    4.2  244.0   66.0  444.0
2023 233  8 21 0800  -46.0  995.3    3.8  266.0   66.0  444.0
2023 233  8 21 0900  -48.1  995.6    4.9  244.0   65.0  444.0
2023 233  8 21 1000  -48.0  995.6    4.6  252.0   65.0  444.0
2023 233  8 21 1100  -48.8  995.6    3.4  269.0   64.0  444.0
2023 233  8 21 1200  -49.7  995.8    2.2  247.0   63.0  444.0
2023 233  8 21 1300  -50.0  996.1    2.6  231.0   63.0  444.0
2023 233  8 21 1400  -48.9  995.7    3.4  226.0   64.0  444.0
2023 233  8 21 1500  -45.8  996.1    3.6  199.0   67.0  444.0
2023 233  8 21 1600  -47.0  996.3    2.5  191.0   66.0  444.0
2023 233  8 21 1700  -48.3  996.2    2.8  182.0   65.0  444.0
2023 233  8 21 1800  -47.4  996.1    3.6  251.0   65.0  444.0
2023 233  8 21 1900  -43.8  996.3    3.0  235.0   68.0  444.0
2023 233  8 21 2000  -48.1  996.6    2.0  289.0   64.3  444.0
2023 233  8 21 2100  -50.3  997.0    2.6  317.0   63.0  444.0
2023 233  8 21 2200  -48.2  997.2    2.6  307.0   65.0  444.0
2023 233  8 21 2300  -44.7  997.5    2.5  327.0   66.0  444.0
2023 234  8 22 0000  444.0  997.2    4.2  318.0   75.0  444.0
2023 234  8 22 0100  -51.2  998.0    2.7  301.0   62.0  444.0
2023 234  8 22 0200  -52.9  998.5    2.1  306.0   61.0  444.0
2023 234  8 22 0300  -54.5  998.6    2.6  311.0   60.0  444.0
2023 234  8 22 0400  -55.1  999.2    2.3  333.0   59.0  444.0
2023 234  8 22 0500  -55.4  999.9    0.8  283.0   59.0  444.0
2023 234  8 22 0600  -55.3 1000.0    0.6  280.0   59.0  444.0
2023 234  8 22 0700  -51.7 1000.6    0.5  206.0   62.0  444.0
2023 234  8 22 0800  -54.5 1001.5    0.6  128.0   59.0  444.0
2023 234  8 22 0900  -57.1 1002.3    3.0  109.0   57.0  444.0
2023 234  8 22 1000  -57.6 1002.8    3.0  105.0   56.9  444.0
2023 234  8 22 1100  -58.1 1003.5    3.5   84.0   56.6  444.0
2023 234  8 22 1200  -58.7 1003.6    2.2  101.0   56.0  444.0
2023 234  8 22 1300  -58.7 1004.4    2.5  126.0   56.0  444.0
2023 234  8 22 1400  -57.9 1004.7    2.6  123.0   57.0  444.0
2023 234  8 22 1500  -56.7 1005.2    2.6  125.0   57.6  444.0
2023 234  8 22 1600  -56.4 1005.4    3.2  151.0   58.0  444.0
2023 234  8 22 1700  -57.0 1005.9    3.4  148.0   57.0  444.0
2023 234  8 22 1800  -57.8 1005.7    2.1  194.0   57.0  444.0
2023 234  8 22 1900  -58.1 1006.0    2.8  182.0   57.0  444.0
2023 234  8 22 2000  -56.6 1005.9    1.7  167.0   57.5  444.0
2023 234  8 22 2100  -55.3 1005.5    2.1  182.0   59.0  444.0
2023 234  8 22 2200  -55.8 1005.1    1.5  202.0   58.0  444.0
2023 234  8 22 2300  -56.6 1004.7    1.7  277.0   58.0  444.0
2023 235  8 23 0000  -56.6 1004.2    1.4  269.0   58.0  444.0
2023 235  8 23 0100  -54.8 1003.4    2.0  274.0   59.0  444.0
2023 235  8 23 0200  -52.3 1002.5    3.8  228.0   61.0  444.0
2023 235  8 23 0300  -50.5 1001.8    4.0  232.0   63.0  444.0
2023 235  8 23 0400  -50.9 1001.1    3.8  234.0   62.0  444.0
2023 235  8 23 0500  -50.7 1000.4    3.6  228.0   62.0  444.0
2023 235  8 23 0600  -47.2  999.6    5.0  235.0   65.0  444.0
2023 235  8 23 0700  -47.5  998.8    4.3  233.0   64.9  444.0
2023 235  8 23 0800  -45.1  998.6    4.6  232.0   67.0  444.0
2023 235  8 23 0900  -47.0  998.5    3.3  247.0   66.0  444.0
2023 235  8 23 1000  -48.5  998.2    3.6  272.0   64.0  444.0
2023 235  8 23 1100  -46.9  998.2    4.3  251.0   65.0  444.0
2023 235  8 23 1200  -42.9  998.4    5.5  226.0   69.0  444.0
2023 235  8 23 1300  -51.6  999.5    3.7  173.0   62.0  444.0
2023 235  8 23 1400  -56.3 1000.4    5.8  146.0   58.0  444.0
2023 235  8 23 1500  -56.7 1001.2    5.7  126.0   58.0  444.0
2023 235  8 23 1600  -54.9 1001.9    4.3  119.0   59.0  444.0
2023 235  8 23 1700  -55.0 1003.2    5.9  110.0   59.0  444.0
2023 235  8 23 1800  -55.6 1004.5    5.2  136.0   58.0  444.0
2023 235  8 23 1900  -55.6 1004.6    4.8  124.0   59.0  444.0
2023 235  8 23 2000  -55.8 1005.7    4.1  110.0   58.3  444.0
2023 235  8 23 2100  -56.2 1006.0    4.4  113.0   58.0  444.0
2023 235  8 23 2200  -56.7 1007.6    3.2  223.0   58.0  444.0
2023 235  8 23 2300  -57.1 1007.7    3.8  187.0   57.0  444.0
2023 236  8 24 0000  -57.1 1007.8    2.8  160.0   57.0  444.0
2023 236  8 24 0100  -57.0 1008.1    1.6  172.0   57.2  444.0
2023 236  8 24 0200  -57.0 1008.0    4.2  198.0   59.8  444.0
2023 236  8 24 0300  -56.4 1007.9    2.7  171.0   58.0  444.0
2023 236  8 24 0400  -56.1 1007.7    1.5  227.0   58.0  444.0
2023 236  8 24 0500  -55.3 1007.4    2.8  184.0   59.0  444.0
2023 236  8 24 0600  -56.4 1007.4    0.6  309.0   58.0  444.0
2023 236  8 24 0700  -54.8 1007.5    1.6   33.0   63.0  444.0
2023 236  8 24 0800  -55.4 1007.5    0.3   60.0   59.0  444.0
2023 236  8 24 0900  -54.9 1007.4    1.6  299.0   59.0  444.0
2023 236  8 24 1000  -54.7 1008.1    0.0    0.0   59.0  444.0
2023 236  8 24 1100  -54.5 1008.3    0.4  251.0   59.0  444.0
2023 236  8 24 1200  -53.9 1008.2    1.0  292.0   60.0  444.0
2023 236  8 24 1300  -51.9 1008.5    2.8  295.0   61.0  444.0
2023 236  8 24 1400  -50.7 1008.5    1.7  237.0   62.0  444.0
2023 236  8 24 1500  -49.5 1008.1    2.4  219.0   63.0  444.0
2023 236  8 24 1600  -48.1 1008.3    2.3  203.0   64.0  444.0
2023 236  8 24 1700  -45.3 1007.7    3.4  230.0   67.0  444.0
2023 236  8 24 1800  -41.5 1007.3    4.9  208.0   70.0  444.0
2023 236  8 24 1900  -38.6 1007.2    6.0  210.0   73.0  444.0
2023 236  8 24 2000  -36.5 1007.1    7.2  191.0   75.0  444.0
2023 236  8 24 2100  -34.9 1007.2    7.2  189.0   77.0  444.0
2023 236  8 24 2200  -35.9 1007.3    6.8  203.0   75.0  444.0
2023 236  8 24 2300  -35.3 1007.0    7.5  205.0   76.0  444.0
2023 237  8 25 0000  -35.0 1007.3    7.1  199.0   77.0  444.0
2023 237  8 25 0100  -35.3 1007.3    6.9  200.0   76.0  444.0
2023 237  8 25 0200  -35.0 1007.2    6.3  200.0   77.0  444.0
2023 237  8 25 0300  -35.2 1007.7    4.3  185.0   76.2  444.0
2023 237  8 25 0400  -35.5 1007.8    3.2  182.0   76.0  444.0
2023 237  8 25 0500  -34.7 1007.8    5.5  210.0   77.0  444.0
2023 237  8 25 0600  -33.8 1007.2    6.9  210.0   78.0  444.0
2023 237  8 25 0700  -30.8 1007.4    8.9  209.0   82.0  444.0
2023 237  8 25 0800  -30.5 1007.7    7.2  174.0   81.5  444.0
2023 237  8 25 0900  -31.5 1007.4    8.1  202.0   81.0  444.0
2023 237  8 25 1000  -31.6 1007.2    9.4  210.0   80.0  444.0
2023 237  8 25 1100  -32.3 1007.0    8.3  206.0   80.0  444.0
2023 237  8 25 1200  -32.1 1007.0    8.1  208.0   81.0  444.0
2023 237  8 25 1300  -32.1 1005.6   10.1  220.0   81.0  444.0
2023 237  8 25 1400  -31.5 1005.2   11.1  213.0   79.0  444.0
2023 237  8 25 1500  -31.6 1005.4   10.8  205.0   79.0  444.0
2023 237  8 25 1600  -32.0 1005.3    8.9  202.0   75.0  444.0
2023 237  8 25 1700  -31.3 1005.0    8.6  207.0   74.0  444.0
2023 237  8 25 1800  -32.7 1004.7    6.4  214.0   71.0  444.0
2023 237  8 25 1900  -31.0 1004.6    5.1  213.0   72.0  444.0
2023 237  8 25 2000  -28.7 1003.9    7.7  211.0   73.0  444.0
2023 237  8 25 2100  -26.2 1003.7    9.2  210.0   77.0  444.0
2023 237  8 25 2200  -26.3 1003.3    6.5  206.0   72.0  444.0
2023 237  8 25 2300  -24.6 1003.2    8.0  206.0   77.0  444.0
2023 238  8 26 0000  -25.0 1003.2    7.7  210.0   77.0  444.0
2023 238  8 26 0100  -24.1 1003.0    7.4  196.0   79.4  444.0
2023 238  8 26 0200  -23.9 1002.7    6.9  187.0   83.0  444.0
2023 238  8 26 0300  -23.8 1002.6    5.5  198.0   90.1  444.0
2023 238  8 26 0400  -23.3 1002.2    6.4  153.0   93.2  444.0
2023 238  8 26 0500  -23.2 1001.8    5.9  153.0   93.0  444.0
2023 238  8 26 0600  -23.5 1001.4    5.3  139.0   94.0  444.0
2023 238  8 26 0700  -24.9 1001.5    5.5  136.0   94.0  444.0
2023 238  8 26 0800  -24.5 1000.7    5.0  131.0   92.8  444.0
2023 238  8 26 0900  -26.2 1001.2    2.8   83.0   90.0  444.0
2023 238  8 26 1000  -28.6 1000.3    3.3   99.0   87.0  444.0
2023 238  8 26 1100  -30.1  999.9    1.9   68.0   85.0  444.0
2023 238  8 26 1200  -32.4  999.9    1.7   52.0   82.0  444.0
2023 238  8 26 1300  -33.3  999.8    4.4  112.0   80.8  444.0
2023 238  8 26 1400  -34.5 1000.0    4.6   82.0   79.1  444.0
2023 238  8 26 1500  -36.6 1000.2    5.4   78.0   77.0  444.0
2023 238  8 26 1600  -37.4 1000.0    6.4   84.0   76.0  444.0
2023 238  8 26 1700  -38.8 1000.3    6.5   70.0   74.0  444.0
2023 238  8 26 1800  -39.6 1000.7    6.0   81.0   74.0  444.0
2023 238  8 26 1900  -39.9 1000.9    7.0   91.0   73.0  444.0
2023 238  8 26 2000  -39.6 1001.5    6.4   87.0   73.0  444.0
2023 238  8 26 2100  -39.6 1000.8    6.3   75.0   73.0  444.0
2023 238  8 26 2200  -39.7 1000.6    5.1   82.0   73.0  444.0
2023 238  8 26 2300  -39.4 1000.5    2.8   84.0   73.6  444.0
2023 239  8 27 0000  -39.5 1000.1    3.0  117.0   73.0  444.0
2023 239  8 27 0100  -39.5  999.5    2.4  139.0   73.4  444.0
2023 239  8 27 0200  -39.5  998.6    4.5  120.0   73.0  444.0
2023 239  8 27 0300  -39.3  998.0    4.4  107.0   74.0  444.0
2023 239  8 27 0400  -40.1  997.7    5.3   92.0   72.5  444.0
2023 239  8 27 0500  -40.5  997.2    3.9  106.0   72.0  444.0
2023 239  8 27 0600  -40.5  995.3    4.8  111.0   72.4  444.0
2023 239  8 27 0700  -40.3  994.7    3.7  112.0   72.6  444.0
2023 239  8 27 0800  -39.9  994.1    2.7  129.0   73.0  444.0
2023 239  8 27 0900  -39.0  993.3    2.8  149.0   73.8  444.0
2023 239  8 27 1000  -37.5  992.4    2.7  112.0   75.3  444.0
2023 239  8 27 1100  -36.8  991.5    1.0  122.0   75.9  444.0
2023 239  8 27 1200  -36.1  990.5    2.7  182.0   77.0  444.0
2023 239  8 27 1300  -35.1  989.8    3.0  189.0   78.0  444.0
2023 239  8 27 1400  -34.1  988.1    3.0  213.0   79.0  444.0
2023 239  8 27 1500  -32.8  986.9    3.5  218.0   80.0  444.0
2023 239  8 27 1600  -31.2  985.2    4.0  208.0   82.0  444.0
2023 239  8 27 1700  -29.6  984.0    4.0  219.0   85.0  444.0
2023 239  8 27 1800  -27.6  983.0    3.9  172.0   89.0  444.0
2023 239  8 27 1900  -25.3  982.2    4.1  122.0   90.4  444.0
2023 239  8 27 2000  -27.8  981.3    3.3  120.0   86.0  444.0
2023 239  8 27 2100  -27.4  980.7    3.4  135.0   88.1  444.0
2023 239  8 27 2200  -30.4  980.9    9.5   79.0   83.0  444.0
2023 239  8 27 2300  -34.5  982.0    8.9   78.0   79.0  444.0
2023 240  8 28 0000  -35.7  982.6    8.6   78.0   77.0  444.0
2023 240  8 28 0100  -35.8  983.0    8.7   78.0   77.0  444.0
2023 240  8 28 0200  -35.6  983.6    7.0   81.0   77.8  444.0
2023 240  8 28 0300  -35.1  984.5    8.1   84.0   78.0  444.0
2023 240  8 28 0400  -35.1  984.7    7.7   70.0   78.0  444.0
2023 240  8 28 0500  -35.4  985.1    6.4   81.0   77.6  444.0
2023 240  8 28 0600  -35.6  985.5    6.2   82.0   78.0  444.0
2023 240  8 28 0700  -36.0  986.3    6.8   80.0   76.9  444.0
2023 240  8 28 0800  -36.1  986.5    6.4   82.0   77.0  444.0
2023 240  8 28 0900  -36.0  986.5    5.5   95.0   77.0  444.0
2023 240  8 28 1000  -35.3  987.0    4.3   91.0   78.0  444.0
2023 240  8 28 1100  -34.5  987.2    3.9  115.0   79.0  444.0
2023 240  8 28 1200  -34.0  987.1    3.5  117.0   79.0  444.0
2023 240  8 28 1300  -33.0  987.2    3.7  158.0   80.0  444.0
2023 240  8 28 1400  -32.5  986.8    4.6  165.0   81.0  444.0
2023 240  8 28 1500  -31.4  986.8    4.8  140.0   82.0  444.0
2023 240  8 28 1600  -30.8  986.4    3.9  153.0   83.0  444.0
2023 240  8 28 1700  -29.6  985.9    4.4  158.0   85.0  444.0
2023 240  8 28 1800  -28.7  985.8    4.7  129.0   86.0  444.0
2023 240  8 28 1900  -28.5  985.8    4.2  120.0   86.0  444.0
2023 240  8 28 2000  -28.0  985.9    5.4  114.0   87.1  444.0
2023 240  8 28 2100  -28.5  986.1    6.0   83.0   86.0  444.0
2023 240  8 28 2200  -28.6  986.8    5.4   86.0   86.0  444.0
2023 240  8 28 2300  -28.4  987.2    3.1   76.0   86.0  444.0
2023 241  8 29 0000  -28.1  987.5    2.9  109.0   87.0  444.0
2023 241  8 29 0100  -27.4  987.4    4.7   88.0   88.0  444.0
2023 241  8 29 0200  -27.3  987.2    3.9  104.0   88.0  444.0
2023 241  8 29 0300  -27.0  987.5    2.7  117.0   88.0  444.0
2023 241  8 29 0400  -27.8  987.8    2.3  171.0   87.0  444.0
2023 241  8 29 0500  -27.9  988.0    3.1  121.0   86.0  444.0
2023 241  8 29 0600  -29.3  988.2    3.4  139.0   86.0  444.0
2023 241  8 29 0700  -27.3  988.4    3.2  128.0   88.0  444.0
2023 241  8 29 0800  -27.9  988.2    3.7  129.0   87.0  444.0
2023 241  8 29 0900  -27.9  988.3    3.9  150.0   87.0  444.0
2023 241  8 29 1000  -27.5  988.2    4.5  139.0   88.0  444.0
2023 241  8 29 1100  -27.8  987.8    3.4  170.0   88.0  444.0
2023 241  8 29 1200  -26.8  987.5    3.3  165.0   89.0  444.0
2023 241  8 29 1300  -26.2  987.3    3.9  113.0   89.7  444.0
2023 241  8 29 1400  -26.6  987.3    3.9  134.0   89.0  444.0
2023 241  8 29 1500  -27.5  987.0    3.3  133.0   88.0  444.0
2023 241  8 29 1600  -27.6  987.1    3.6  131.0   88.0  444.0
2023 241  8 29 1700  -28.2  986.9    2.6  139.0   87.0  444.0
2023 241  8 29 1800  -27.6  986.3    3.3  172.0   88.0  444.0
2023 241  8 29 1900  -27.5  986.6    3.8  148.0   88.0  444.0
2023 241  8 29 2000  -27.4  986.3    4.8   97.0   88.0  444.0
2023 241  8 29 2100  -29.2  987.0    4.7  103.0   86.0  444.0
2023 241  8 29 2200  -29.9  987.2    4.3  111.0   85.0  444.0
2023 241  8 29 2300  -29.6  987.6    4.3  160.0   81.0  444.0
2023 242  8 30 0000  -29.8  987.4    4.7   90.0   85.0  444.0
2023 242  8 30 0100  -29.9  988.1    3.1  102.0   84.0  444.0
2023 242  8 30 0200  -29.6  988.0    4.2   93.0   84.9  444.0
2023 242  8 30 0300  -29.3  988.3    3.2  101.0   85.0  444.0
2023 242  8 30 0400  -29.4  988.3    3.0  128.0   85.0  444.0
2023 242  8 30 0500  -29.7  988.6    2.4  126.0   84.7  444.0
2023 242  8 30 0600  -29.0  988.7    3.3  118.0   86.0  444.0
2023 242  8 30 0700  -29.0  988.7    4.9  119.0   86.0  444.0
2023 242  8 30 0800  -28.8  988.7    4.0  117.0   86.0  444.0
2023 242  8 30 0900  -27.9  988.6    3.4  117.0   87.0  444.0
2023 242  8 30 1000  -27.6  988.5    2.5  170.0   88.0  444.0
2023 242  8 30 1100  -27.4  988.2    2.7  164.0   88.0  444.0
2023 242  8 30 1200  -27.9  987.9    3.1  164.0   87.0  444.0
2023 242  8 30 1300  -29.9  987.7    3.6  151.0   85.0  444.0
2023 242  8 30 1400  -32.9  987.3    3.5  176.0   80.9  444.0
2023 242  8 30 1500  -33.5  987.2    3.7  192.0   81.0  444.0
2023 242  8 30 1600  -27.4  986.7    4.0  186.0   89.0  444.0
2023 242  8 30 1700  -26.2  986.3    4.5  149.0   90.0  444.0
2023 242  8 30 1800  -28.2  986.4    5.1  132.0   87.0  444.0
2023 242  8 30 1900  -28.1  986.4    4.9  130.0   88.0  444.0
2023 242  8 30 2000  -27.0  985.9    4.5  114.0   89.0  444.0
2023 242  8 30 2100  -26.8  985.7    5.6  127.0   89.0  444.0
2023 242  8 30 2200  -27.0  985.8    5.4  152.0   89.0  444.0
2023 242  8 30 2300  -26.0  985.9    6.0  151.0   90.0  444.0
2023 243  8 31 0000  -24.2  985.7    7.2  120.0   92.9  444.0
2023 243  8 31 0100  -25.0  985.9    6.5  117.0   91.0  444.0
2023 243  8 31 0200  -25.9  985.9    5.5  120.0   90.0  444.0
2023 243  8 31 0300  -25.4  986.1    7.2  122.0   91.0  444.0
2023 243  8 31 0400  -27.7  986.2    5.2  143.0   88.0  444.0
2023 243  8 31 0500  -27.4  986.3    5.3  133.0   89.0  444.0
2023 243  8 31 0600  -25.8  986.1    5.5  139.0   91.0  444.0
2023 243  8 31 0700  -25.4  986.1    6.7  153.0   91.0  444.0
2023 243  8 31 0800  -25.8  985.9    6.5  135.0   91.0  444.0
2023 243  8 31 0900  -26.7  986.0    4.1  142.0   89.0  444.0
2023 243  8 31 1000  -29.7  986.0    3.8  147.0   85.0  444.0
2023 243  8 31 1100  -31.0  985.8    4.5  149.0   83.0  444.0
2023 243  8 31 1200  -31.9  985.4    4.0  147.0   82.0  444.0
2023 243  8 31 1300  -32.3  985.1    4.7  132.0   82.0  444.0
2023 243  8 31 1400  -33.3  984.7    3.4  142.0   82.0  444.0
2023 243  8 31 1500  -30.6  984.5    6.9  155.0   84.0  444.0
2023 243  8 31 1600  -30.8  984.2    7.0  157.0   83.0  444.0
2023 243  8 31 1700  -30.9  983.7    7.1  152.0   84.0  444.0
2023 243  8 31 1800  -31.8  983.3    6.4  165.0   82.0  444.0
2023 243  8 31 1900  -32.7  982.9    5.6  182.0   81.0  444.0
2023 243  8 31 2000  -34.0  982.5    5.0  209.0   79.0  444.0
2023 243  8 31 2100  -32.2  981.9    6.4  176.0   83.0  444.0
2023 243  8 31 2200  -33.7  981.7    5.2  195.0   80.0  444.0
2023 243  8 31 2300  -31.5  981.3    6.8  179.0   82.5  444.0
