Year: 2020  Month: 08  ID: MLN  ARGOS:  8934  Name: Marilyn           
Lat: 79.93S  Lon: 165.56E  Elev:   62m                                
2020 214  8  1 0000  -38.4  992.7    4.7  444.0   69.7  444.0
2020 214  8  1 0100  -39.1  992.9    3.6  444.0   69.0  444.0
2020 214  8  1 0200  -40.0  992.8    2.9  444.0   69.0  444.0
2020 214  8  1 0300  -39.9  993.0    3.0  444.0   69.0  444.0
2020 214  8  1 0400  -41.3  993.1    2.0  444.0   68.0  444.0
2020 214  8  1 0500  -42.7  993.1    2.4  444.0   67.4  444.0
2020 214  8  1 0600  -44.0  993.3    1.6  444.0   67.0  444.0
2020 214  8  1 0700  -44.6  993.5    1.0  444.0   67.0  444.0
2020 214  8  1 0800  -45.9  993.5    1.1  444.0   66.0  444.0
2020 214  8  1 0900  -45.7  994.1    0.0  444.0   66.0  444.0
2020 214  8  1 1000  -45.8  994.4    0.0  444.0   66.0  444.0
2020 214  8  1 1100  -45.6  993.9    1.0  444.0   66.0  444.0
2020 214  8  1 1200  -44.6  994.0    0.9  444.0   67.0  444.0
2020 214  8  1 1300  -43.5  993.5    0.0  444.0   67.0  444.0
2020 214  8  1 1400  -43.9  993.2    0.0  444.0   67.4  444.0
2020 214  8  1 1500  -43.3  992.8    2.8  444.0   67.0  444.0
2020 214  8  1 1600  -39.6  992.2    7.2  444.0   69.0  444.0
2020 214  8  1 1700  -39.4  991.8    8.6  444.0   69.0  444.0
2020 214  8  1 1800  -40.0  991.8    8.2  444.0   69.0  444.0
2020 214  8  1 1900  -40.3  991.6    6.5  444.0   68.7  444.0
2020 214  8  1 2000  -37.5  991.0   11.6  444.0   70.0  444.0
2020 214  8  1 2100  -38.1  990.9   12.9  444.0   70.0  444.0
2020 214  8  1 2200  -38.5  990.7   10.3  444.0   70.0  444.0
2020 214  8  1 2300  -38.7  990.2   10.9  444.0   69.0  444.0
2020 215  8  2 0000  -38.5  988.9   13.9  444.0   70.0  444.0
2020 215  8  2 0100  -38.3  988.9   13.9  444.0   70.0  444.0
2020 215  8  2 0200  -38.9  988.2   12.5  444.0   69.0  444.0
2020 215  8  2 0300  -38.6  987.6   17.4  444.0   69.0  444.0
2020 215  8  2 0400  -38.8  987.1   16.4  444.0   69.3  444.0
2020 215  8  2 0500  -39.2  985.9   14.8  444.0   69.1  444.0
2020 215  8  2 0600  -39.0  985.2   14.3  444.0   69.0  444.0
2020 215  8  2 0700  -38.9  985.2   14.7  444.0   69.0  444.0
2020 215  8  2 0800  -38.3  984.8   14.0  444.0   70.0  444.0
2020 215  8  2 0900  -38.0  984.5   12.0  444.0   70.0  444.0
2020 215  8  2 1000  -38.0  984.2    9.9  444.0   70.0  444.0
2020 215  8  2 1100  -38.0  983.9   10.3  444.0   70.0  444.0
2020 215  8  2 1200  -38.3  983.4    8.6  444.0   70.0  444.0
2020 215  8  2 1300  -38.9  982.9    7.2  444.0   69.0  444.0
2020 215  8  2 1400  -38.8  982.1    8.8  444.0   69.0  444.0
2020 215  8  2 1500  -39.0  980.9    8.0  444.0   69.0  444.0
2020 215  8  2 1600  -39.7  979.9    8.6  444.0   69.0  444.0
2020 215  8  2 1700  -40.1  979.1    6.4  444.0   69.0  444.0
2020 215  8  2 1800  -41.4  978.0    5.2  444.0   68.0  444.0
2020 215  8  2 1900  -42.3  977.4    3.5  444.0   67.0  444.0
2020 215  8  2 2000  -43.0  976.9    2.0  444.0   67.0  444.0
2020 215  8  2 2100  -42.6  975.8    4.9  444.0   68.0  444.0
2020 215  8  2 2200  -41.2  975.0    7.6  444.0   68.2  444.0
2020 215  8  2 2300  -39.9  974.4    8.8  444.0   69.0  444.0
2020 216  8  3 0000  -37.9  973.3   11.0  444.0   70.0  444.0
2020 216  8  3 0100  -37.6  973.4    8.6  444.0   70.0  444.0
2020 216  8  3 0200  -36.8  972.9    7.2  444.0   71.0  444.0
2020 216  8  3 0300  -37.0  972.2    7.7  444.0   70.0  444.0
2020 216  8  3 0400  -36.6  971.8    8.3  444.0   70.4  444.0
2020 216  8  3 0500  -36.2  970.4    9.6  444.0   71.0  444.0
2020 216  8  3 0600  -36.2  968.9   11.2  444.0   71.0  444.0
2020 216  8  3 0700  -37.1  968.4   10.5  444.0   70.0  444.0
2020 216  8  3 0800  -38.3  968.6    6.5  444.0   70.0  444.0
2020 216  8  3 0900  -36.2  967.9    9.5  444.0   71.0  444.0
2020 216  8  3 1000  -34.7  967.5    8.8  444.0   72.0  444.0
2020 216  8  3 1100  -34.8  968.0    7.2  444.0   72.0  444.0
2020 216  8  3 1200  -35.0  967.6    5.4  444.0   72.0  444.0
2020 216  8  3 1300  -36.1  966.6    3.6  444.0   71.0  444.0
2020 216  8  3 1400  -35.0  966.1    5.9  444.0   72.0  444.0
2020 216  8  3 1500  -34.4  965.6    7.5  444.0   72.0  444.0
2020 216  8  3 1600  -34.8  965.1    5.7  444.0   72.0  444.0
2020 216  8  3 1700  -34.0  964.4    6.4  444.0   73.0  444.0
2020 216  8  3 1800  -33.3  963.3    6.8  444.0   73.0  444.0
2020 216  8  3 1900  -31.7  962.4    7.4  444.0   74.0  444.0
2020 216  8  3 2000  -30.4  962.1    5.7  444.0   74.7  444.0
2020 216  8  3 2100  -29.9  961.5    5.7  444.0   76.0  444.0
2020 216  8  3 2200  -30.1  961.5    5.3  444.0   75.0  444.0
2020 216  8  3 2300  -32.1  961.6    3.3  444.0   74.0  444.0
2020 217  8  4 0000  -33.7  961.8    3.1  444.0   73.0  444.0
2020 217  8  4 0100  -34.8  962.1    3.3  444.0   71.9  444.0
2020 217  8  4 0200  -37.3  963.2    1.3  444.0   70.0  444.0
2020 217  8  4 0300  -38.5  964.1    1.3  444.0   70.0  444.0
2020 217  8  4 0400  -40.8  965.2    1.7  444.0   69.0  444.0
2020 217  8  4 0500  -41.3  965.8    1.7  444.0   68.7  444.0
2020 217  8  4 0600  -40.1  966.3    5.6  444.0   69.0  444.0
2020 217  8  4 0700  -39.7  966.8    0.2  444.0   69.0  444.0
2020 217  8  4 0800  -40.1  967.2    0.1  444.0   69.0  444.0
2020 217  8  4 0900  -40.3  967.7    0.0  444.0   69.0  444.0
2020 217  8  4 1000  -40.4  968.2    0.7  444.0   68.7  444.0
2020 217  8  4 1100  -40.4  968.5    0.9  444.0   69.0  444.0
2020 217  8  4 1200  -39.8  968.3    0.8  444.0   70.0  444.0
2020 217  8  4 1300  -38.4  968.3    1.1  444.0   70.0  444.0
2020 217  8  4 1400  -37.2  967.7    0.9  444.0   71.1  444.0
2020 217  8  4 1500  -35.7  967.3    0.5  444.0   72.0  444.0
2020 217  8  4 1600  -33.9  966.9    0.1  444.0   73.0  444.0
2020 217  8  4 1700  -34.3  966.6    1.7  444.0   72.0  444.0
2020 217  8  4 1800  -34.3  966.8    1.3  444.0   73.0  444.0
2020 217  8  4 1900  -33.4  967.3    0.2  444.0   73.0  444.0
2020 217  8  4 2000  -33.4  967.6    0.6  444.0   74.0  444.0
2020 217  8  4 2100  444.0  968.0    0.3  444.0   72.0  444.0
2020 217  8  4 2200  -37.1  969.5    1.3  444.0   71.0  444.0
2020 217  8  4 2300  -37.3  970.8    2.7  444.0   71.2  444.0
2020 218  8  5 0000  -38.7  972.7    3.0  444.0   70.0  444.0
2020 218  8  5 0100  -40.2  974.1    4.2  444.0   69.0  444.0
2020 218  8  5 0200  -40.8  975.4    4.2  444.0   69.0  444.0
2020 218  8  5 0300  -41.5  977.0    3.0  444.0   68.0  444.0
2020 218  8  5 0400  -41.4  978.2    4.5  444.0   69.0  444.0
2020 218  8  5 0500  -39.7  979.3    5.1  444.0   69.0  444.0
2020 218  8  5 0600  -38.6  979.7    7.3  444.0   70.0  444.0
2020 218  8  5 0700  -39.9  980.1    7.0  444.0   69.1  444.0
2020 218  8  5 0800  -38.7  981.2    4.5  444.0   70.0  444.0
2020 218  8  5 0900  -37.1  981.6    4.7  444.0   71.0  444.0
2020 218  8  5 1000  -37.8  981.4    3.6  444.0   70.0  444.0
2020 218  8  5 1100  -38.7  980.7    4.4  444.0   70.0  444.0
2020 218  8  5 1200  -40.6  980.4    4.0  444.0   68.7  444.0
2020 218  8  5 1300  -40.2  979.8    3.3  444.0   69.1  444.0
2020 218  8  5 1400  -38.1  979.1    2.9  444.0   71.0  444.0
2020 218  8  5 1500  -34.6  978.3    5.2  444.0   73.0  444.0
2020 218  8  5 1600  -35.6  977.9    5.0  444.0   72.0  444.0
2020 218  8  5 1700  -33.5  977.3    5.6  444.0   73.5  444.0
2020 218  8  5 1800  -31.1  976.5    5.5  444.0   75.2  444.0
2020 218  8  5 1900  444.0  976.4    7.7  444.0   76.0  444.0
2020 218  8  5 2000  444.0  975.9    6.9  444.0   76.0  444.0
2020 218  8  5 2100  444.0  975.5    5.3  444.0   77.0  444.0
2020 218  8  5 2200  444.0  975.1   10.8  444.0   77.4  444.0
2020 218  8  5 2300  444.0  974.8    8.6  444.0   78.0  444.0
2020 219  8  6 0000  444.0  975.0   10.0  444.0   78.0  444.0
2020 219  8  6 0100  444.0  974.0   12.2  444.0   78.0  444.0
2020 219  8  6 0200  444.0  974.0   10.9  444.0   78.0  444.0
2020 219  8  6 0300  444.0  973.5    9.9  444.0   78.5  444.0
2020 219  8  6 0400  -24.8  973.3   12.3  444.0   79.0  444.0
2020 219  8  6 0500  -24.1  972.9   13.0  444.0   79.8  444.0
2020 219  8  6 0600  -25.7  972.6    8.7  444.0   78.0  444.0
2020 219  8  6 0700  -27.1  972.7    7.1  444.0   77.0  444.0
2020 219  8  6 0800  -24.5  973.0    9.3  444.0   79.0  444.0
2020 219  8  6 0900  -24.7  972.7    8.3  444.0   79.0  444.0
2020 219  8  6 1000  -24.8  972.9    9.2  444.0   78.9  444.0
2020 219  8  6 1100  -24.1  973.1    7.6  444.0   79.0  444.0
2020 219  8  6 1200  -24.7  973.0    7.0  444.0   79.0  444.0
2020 219  8  6 1300  -24.5  973.3    6.0  444.0   80.0  444.0
2020 219  8  6 1400  -26.7  973.2    5.3  444.0   78.0  444.0
2020 219  8  6 1500  -29.0  973.2    4.9  444.0   76.4  444.0
2020 219  8  6 1600  -30.8  973.9    4.8  444.0   75.0  444.0
2020 219  8  6 1700  444.0  974.3    4.2  444.0   76.0  444.0
2020 219  8  6 1800  444.0  974.6    4.6  444.0   77.0  444.0
2020 219  8  6 1900  -25.8  974.2    3.6  444.0   79.0  444.0
2020 219  8  6 2000  -26.3  974.5    3.2  444.0   78.6  444.0
2020 219  8  6 2100  -26.4  974.4    3.4  444.0   78.0  444.0
2020 219  8  6 2200  -28.1  973.7    4.7  444.0   77.0  444.0
2020 219  8  6 2300  -27.2  973.6    4.7  444.0   78.0  444.0
2020 220  8  7 0000  -25.9  973.4    5.4  444.0   80.0  444.0
2020 220  8  7 0100  444.0  973.2    5.4  444.0   80.2  444.0
2020 220  8  7 0200  444.0  972.4    6.3  444.0   80.0  444.0
2020 220  8  7 0300  444.0  972.1    7.7  444.0   79.5  444.0
2020 220  8  7 0400  444.0  971.9    6.6  444.0   78.0  444.0
2020 220  8  7 0500  -29.1  971.5    7.0  444.0   77.0  444.0
2020 220  8  7 0600  -27.9  971.2    6.0  444.0   76.6  444.0
2020 220  8  7 0700  -28.5  970.9    6.3  444.0   76.0  444.0
2020 220  8  7 0800  -27.8  971.2    5.9  444.0   75.4  444.0
2020 220  8  7 0900  -26.8  971.2    7.8  444.0   77.0  444.0
2020 220  8  7 1000  -25.9  971.0    8.2  444.0   78.0  444.0
2020 220  8  7 1100  444.0  971.3    7.7  444.0   78.0  444.0
2020 220  8  7 1200  444.0  971.4    7.2  444.0   79.0  444.0
2020 220  8  7 1300  444.0  971.4    8.3  444.0   78.7  444.0
2020 220  8  7 1400  444.0  971.4    7.5  444.0   78.0  444.0
2020 220  8  7 1500  444.0  971.6    6.4  444.0   75.0  444.0
2020 220  8  7 1600  444.0  972.4    4.0  444.0   75.0  444.0
2020 220  8  7 1700  444.0  973.1    3.3  444.0   76.0  444.0
2020 220  8  7 1800  -27.8  973.1    8.0  444.0   77.2  444.0
2020 220  8  7 1900  -27.1  973.2    8.0  444.0   77.0  444.0
2020 220  8  7 2000  -26.4  973.0    9.2  444.0   77.0  444.0
2020 220  8  7 2100  -25.9  972.8    9.8  444.0   78.0  444.0
2020 220  8  7 2200  444.0  972.1   11.0  444.0   78.0  444.0
2020 220  8  7 2300  444.0  971.8   10.9  444.0   77.5  444.0
2020 221  8  8 0000  -22.2  970.6   13.7  444.0   78.0  444.0
2020 221  8  8 0100  -21.8  970.5   14.2  444.0   77.0  444.0
2020 221  8  8 0200  -22.4  971.0   10.3  444.0   75.0  444.0
2020 221  8  8 0300  -22.2  970.8    8.5  444.0   78.0  444.0
2020 221  8  8 0400  -22.0  970.6    8.0  444.0   76.9  444.0
2020 221  8  8 0500  -21.9  970.8    7.2  444.0   77.0  444.0
2020 221  8  8 0600  -22.0  971.0    7.5  444.0   77.6  444.0
2020 221  8  8 0700  -22.1  971.0    7.3  444.0   75.0  444.0
2020 221  8  8 0800  -21.8  971.2    8.3  444.0   73.0  444.0
2020 221  8  8 0900  -22.1  971.3    8.8  444.0   77.0  444.0
2020 221  8  8 1000  -21.7  970.8   12.4  444.0   79.0  444.0
2020 221  8  8 1100  -21.8  971.5   13.0  444.0   79.6  444.0
2020 221  8  8 1200  -21.5  971.2   13.9  444.0   81.0  444.0
2020 221  8  8 1300  -22.1  970.9   12.8  444.0   81.0  444.0
2020 221  8  8 1400  -20.7  970.6   10.1  444.0   83.0  444.0
2020 221  8  8 1500  -18.0  970.2   10.1  444.0   85.0  444.0
2020 221  8  8 1600  -16.4  970.5   11.7  444.0   84.2  444.0
2020 221  8  8 1700  -15.8  970.6   14.6  444.0   86.0  444.0
2020 221  8  8 1800  -16.2  971.5   13.8  444.0   86.0  444.0
2020 221  8  8 1900  -20.6  972.8    7.1  444.0   82.0  444.0
2020 221  8  8 2000  -22.3  973.3    5.3  444.0   81.0  444.0
2020 221  8  8 2100  -23.3  974.0    4.6  444.0   80.0  444.0
2020 221  8  8 2200  -24.0  974.5    3.3  444.0   80.0  444.0
2020 221  8  8 2300  -23.5  974.6    0.0  444.0   81.3  444.0
2020 222  8  9 0000  -20.7  975.1    9.1  444.0   81.0  444.0
2020 222  8  9 0100  -24.2  976.6    7.1  444.0   78.0  444.0
2020 222  8  9 0200  -25.8  978.0    9.3  444.0   76.8  444.0
2020 222  8  9 0300  -32.1  979.5    8.0  444.0   74.0  444.0
2020 222  8  9 0400  444.0  981.0    8.4  444.0   73.3  444.0
2020 222  8  9 0500  444.0  982.3    8.4  444.0   72.0  444.0
2020 222  8  9 0600  444.0  982.9    8.6  444.0   72.0  444.0
2020 222  8  9 0700  444.0  983.6    8.7  444.0   73.2  444.0
2020 222  8  9 0800  444.0  984.5    9.6  444.0   74.0  444.0
2020 222  8  9 0900  444.0  985.5    9.5  444.0   74.7  444.0
2020 222  8  9 1000  -29.4  986.5    9.2  444.0   76.0  444.0
2020 222  8  9 1100  -28.7  986.8    8.6  444.0   77.0  444.0
2020 222  8  9 1200  -28.8  987.7    7.4  444.0   77.0  444.0
2020 222  8  9 1300  -29.5  987.9    6.0  444.0   76.0  444.0
2020 222  8  9 1400  -30.8  987.9    5.3  444.0   75.9  444.0
2020 222  8  9 1500  444.0  988.0    4.4  444.0   74.0  444.0
2020 222  8  9 1600  444.0  988.1    3.0  444.0   72.0  444.0
2020 222  8  9 1700  444.0  987.8    3.5  444.0   72.0  444.0
2020 222  8  9 1800  444.0  987.6    3.4  444.0   73.0  444.0
2020 222  8  9 1900  444.0  987.5    2.9  444.0   72.7  444.0
2020 222  8  9 2000  444.0  987.1    2.0  444.0   72.0  444.0
2020 222  8  9 2100  444.0  986.5    4.4  444.0   76.0  444.0
2020 222  8  9 2200  -25.9  986.4    7.8  444.0   79.0  444.0
2020 222  8  9 2300  -25.4  986.2    8.4  444.0   79.0  444.0
2020 223  8 10 0000  -25.2  986.3    9.3  444.0   79.4  444.0
2020 223  8 10 0100  -25.1  986.6    9.2  444.0   79.0  444.0
2020 223  8 10 0200  -25.2  986.4    9.6  444.0   79.0  444.0
2020 223  8 10 0300  -25.0  986.4    9.2  444.0   79.0  444.0
2020 223  8 10 0400  -25.0  986.1    9.1  444.0   79.0  444.0
2020 223  8 10 0500  -25.5  986.4    9.3  444.0   79.0  444.0
2020 223  8 10 0600  -25.6  986.6    9.6  444.0   79.0  444.0
2020 223  8 10 0700  -25.9  987.0    8.9  444.0   78.5  444.0
2020 223  8 10 0800  -26.2  987.3    9.1  444.0   78.0  444.0
2020 223  8 10 0900  -26.7  987.2    9.5  444.0   78.0  444.0
2020 223  8 10 1000  -26.6  987.3    9.9  444.0   78.0  444.0
2020 223  8 10 1100  -25.5  987.7    8.2  444.0   78.0  444.0
2020 223  8 10 1200  -25.7  988.0    9.4  444.0   77.9  444.0
2020 223  8 10 1300  -25.8  988.3    9.4  444.0   78.0  444.0
2020 223  8 10 1400  -26.8  989.4    6.8  444.0   74.0  444.0
2020 223  8 10 1500  -28.0  989.7    6.3  444.0   72.0  444.0
2020 223  8 10 1600  444.0  990.2    6.7  444.0   73.0  444.0
2020 223  8 10 1700  444.0  990.9    6.1  444.0   73.9  444.0
2020 223  8 10 1800  444.0  991.5    4.7  444.0   69.0  444.0
2020 223  8 10 1900  444.0  992.6    4.2  444.0   70.0  444.0
2020 223  8 10 2000  444.0  993.8    2.1  444.0   70.0  444.0
2020 223  8 10 2100  444.0  993.9    3.0  444.0   70.0  444.0
2020 223  8 10 2200  444.0  994.4    3.0  444.0   70.9  444.0
2020 223  8 10 2300  -40.0  995.1    0.7  444.0   70.5  444.0
2020 224  8 11 0000  -39.6  995.6    0.0  444.0   71.0  444.0
2020 224  8 11 0100  -40.2  996.0    0.6  444.0   70.0  444.0
2020 224  8 11 0200  -40.0  995.4    1.5  444.0   71.0  444.0
2020 224  8 11 0300  -39.0  994.7    2.0  444.0   71.0  444.0
2020 224  8 11 0400  -35.6  994.4    1.7  444.0   74.0  444.0
2020 224  8 11 0500  -26.9  994.4    7.1  444.0   78.0  444.0
2020 224  8 11 0600  -26.2  994.4    7.4  444.0   78.0  444.0
2020 224  8 11 0700  -26.1  994.0    5.6  444.0   78.0  444.0
2020 224  8 11 0800  -26.6  994.0    4.8  444.0   78.0  444.0
2020 224  8 11 0900  -29.5  993.8    4.6  444.0   76.0  444.0
2020 224  8 11 1000  444.0  993.2    5.5  444.0   76.0  444.0
2020 224  8 11 1100  444.0  992.9    7.5  444.0   76.0  444.0
2020 224  8 11 1200  -28.9  993.9    7.4  444.0   77.0  444.0
2020 224  8 11 1300  -28.5  993.8    7.7  444.0   77.0  444.0
2020 224  8 11 1400  -28.5  993.4    7.8  444.0   77.0  444.0
2020 224  8 11 1500  -28.0  993.5    7.6  444.0   77.0  444.0
2020 224  8 11 1600  -28.7  993.5    5.3  444.0   77.0  444.0
2020 224  8 11 1700  -28.1  992.9    7.3  444.0   77.0  444.0
2020 224  8 11 1800  -26.8  991.7   11.3  444.0   78.0  444.0
2020 224  8 11 1900  -25.8  991.4   11.4  444.0   79.0  444.0
2020 224  8 11 2000  -25.7  991.7   11.0  444.0   78.8  444.0
2020 224  8 11 2100  -25.3  991.1    9.6  444.0   78.7  444.0
2020 224  8 11 2200  -25.8  990.9   10.6  444.0   78.0  444.0
2020 224  8 11 2300  -26.0  990.1   12.0  444.0   78.0  444.0
2020 225  8 12 0000  -26.3  989.0   13.5  444.0   78.0  444.0
2020 225  8 12 0100  -25.9  988.4   13.7  444.0   78.0  444.0
2020 225  8 12 0200  444.0  987.7   11.7  444.0   78.0  444.0
2020 225  8 12 0300  444.0  986.3   10.2  444.0   79.0  444.0
2020 225  8 12 0400  444.0  985.2   10.4  444.0   78.0  444.0
2020 225  8 12 0500  -23.3  984.6   12.1  444.0   79.8  444.0
2020 225  8 12 0600  -22.8  983.8   14.5  444.0   80.0  444.0
2020 225  8 12 0700  -21.6  982.1   11.9  444.0   81.0  444.0
2020 225  8 12 0800  -21.0  980.8   12.6  444.0   81.0  444.0
2020 225  8 12 0900  -21.0  979.2   13.1  444.0   81.0  444.0
2020 225  8 12 1000  -20.3  978.8   13.4  444.0   82.0  444.0
2020 225  8 12 1100  -20.1  979.0   14.1  444.0   82.0  444.0
2020 225  8 12 1200  -19.4  977.9   12.7  444.0   82.0  444.0
2020 225  8 12 1300  -12.6  976.9   14.3  444.0   87.0  444.0
2020 225  8 12 1400  -13.1  977.1   13.4  444.0   87.5  444.0
2020 225  8 12 1500  -16.0  977.0   14.4  444.0   87.0  444.0
2020 225  8 12 1600  -15.8  976.6   15.3  444.0   87.0  444.0
2020 225  8 12 1700  -15.5  975.7   16.4  444.0   88.0  444.0
2020 225  8 12 1800  -14.5  975.0   15.0  444.0   89.0  444.0
2020 225  8 12 1900  -11.4  974.2   18.7  444.0   90.6  444.0
2020 225  8 12 2000  -10.9  974.5   18.1  444.0   91.0  444.0
2020 225  8 12 2100  -11.2  975.5   15.6  444.0   91.0  444.0
2020 225  8 12 2200  -11.4  976.1   13.0  444.0   91.0  444.0
2020 225  8 12 2300  -12.6  976.4   12.3  444.0   89.0  444.0
2020 226  8 13 0000  -13.4  977.7   10.0  444.0   88.3  444.0
2020 226  8 13 0100  -14.2  978.6    8.7  444.0   87.0  444.0
2020 226  8 13 0200  -15.4  980.0    8.4  444.0   87.0  444.0
2020 226  8 13 0300  -14.6  981.3    8.5  444.0   88.0  444.0
2020 226  8 13 0400  -14.1  982.1    7.7  444.0   89.0  444.0
2020 226  8 13 0500  -13.9  982.5    6.9  444.0   88.0  444.0
2020 226  8 13 0600  -13.9  982.9    6.8  444.0   88.0  444.0
2020 226  8 13 0700  -13.4  983.1    7.3  444.0   89.0  444.0
2020 226  8 13 0800  -14.6  983.0    9.8  444.0   87.0  444.0
2020 226  8 13 0900  -15.1  983.8    7.0  444.0   86.0  444.0
2020 226  8 13 1000  -15.1  984.2    5.7  444.0   87.0  444.0
2020 226  8 13 1100  -15.5  984.8    5.9  444.0   86.0  444.0
2020 226  8 13 1200  -16.5  985.2    6.1  444.0   85.0  444.0
2020 226  8 13 1300  -17.0  986.0    4.7  444.0   85.0  444.0
2020 226  8 13 1400  -16.9  986.4    5.3  444.0   86.0  444.0
2020 226  8 13 1500  -16.0  986.4    6.9  444.0   86.0  444.0
2020 226  8 13 1600  -15.9  986.5    9.2  444.0   87.0  444.0
2020 226  8 13 1700  -15.9  986.6    7.6  444.0   86.8  444.0
2020 226  8 13 1800  -16.3  987.0    6.4  444.0   86.0  444.0
2020 226  8 13 1900  -17.1  987.2    5.8  444.0   84.0  444.0
2020 226  8 13 2000  -17.3  987.5    6.0  444.0   83.0  444.0
2020 226  8 13 2100  -18.2  987.1    5.9  444.0   82.0  444.0
2020 226  8 13 2200  -20.5  987.0    6.2  444.0   82.3  444.0
2020 226  8 13 2300  -22.2  986.8    5.5  444.0   82.0  444.0
2020 227  8 14 0000  -24.1  986.7    3.3  444.0   81.0  444.0
2020 227  8 14 0100  -24.7  986.5    2.7  444.0   81.0  444.0
2020 227  8 14 0200  -24.8  986.1    4.3  444.0   80.0  444.0
2020 227  8 14 0300  -24.9  986.2    2.3  444.0   81.0  444.0
2020 227  8 14 0400  -18.8  986.0    6.4  444.0   85.0  444.0
2020 227  8 14 0500  -17.0  986.0    6.8  444.0   85.0  444.0
2020 227  8 14 0600  -17.0  986.6    6.8  444.0   84.0  444.0
2020 227  8 14 0700  -16.4  986.2    7.8  444.0   85.0  444.0
2020 227  8 14 0800  -16.5  986.2    6.5  444.0   81.0  444.0
2020 227  8 14 0900  -19.4  986.4    5.2  444.0   80.0  444.0
2020 227  8 14 1000  -21.7  985.5    4.9  444.0   85.0  444.0
2020 227  8 14 1100  -21.8  985.0    4.2  444.0   84.0  444.0
2020 227  8 14 1200  -15.9  983.9   11.0  444.0   87.0  444.0
2020 227  8 14 1300  -15.9  984.3    7.6  444.0   83.0  444.0
2020 227  8 14 1400  -16.2  984.5    6.9  444.0   75.0  444.0
2020 227  8 14 1500  -18.4  984.3    5.2  444.0   77.0  444.0
2020 227  8 14 1600  -19.2  984.6    5.1  444.0   80.0  444.0
2020 227  8 14 1700  -20.3  983.7    5.8  444.0   82.0  444.0
2020 227  8 14 1800  -19.6  983.7    8.8  444.0   83.0  444.0
2020 227  8 14 1900  -18.6  984.1    7.1  444.0   82.0  444.0
2020 227  8 14 2000  -18.9  985.1    6.2  444.0   80.0  444.0
2020 227  8 14 2100  -18.3  985.5    6.1  444.0   76.0  444.0
2020 227  8 14 2200  -18.7  986.0    6.0  444.0   78.0  444.0
2020 227  8 14 2300  -19.1  986.3    6.4  444.0   82.0  444.0
2020 228  8 15 0000  -17.8  986.6    7.2  444.0   82.0  444.0
2020 228  8 15 0100  -18.5  987.5    8.5  444.0   81.3  444.0
2020 228  8 15 0200  -19.0  988.1    7.9  444.0   80.0  444.0
2020 228  8 15 0300  -20.9  988.8    6.0  444.0   83.0  444.0
2020 228  8 15 0400  -22.5  989.1    5.7  444.0   79.2  444.0
2020 228  8 15 0500  -24.3  989.8    5.6  444.0   80.0  444.0
2020 228  8 15 0600  -25.6  990.6    4.4  444.0   79.0  444.0
2020 228  8 15 0700  -25.8  991.2    3.9  444.0   76.0  444.0
2020 228  8 15 0800  -24.6  991.8    6.1  444.0   78.0  444.0
2020 228  8 15 0900  -26.0  992.5    4.2  444.0   77.0  444.0
2020 228  8 15 1000  444.0  993.1    5.1  444.0   76.0  444.0
2020 228  8 15 1100  444.0  993.8    3.9  444.0   78.0  444.0
2020 228  8 15 1200  444.0  994.2    4.1  444.0   78.0  444.0
2020 228  8 15 1300  -27.0  994.3    6.1  444.0   79.0  444.0
2020 228  8 15 1400  444.0  994.7    5.6  444.0   80.0  444.0
2020 228  8 15 1500  -22.0  995.2    6.1  444.0   78.0  444.0
2020 228  8 15 1600  -21.8  995.8    4.7  444.0   77.0  444.0
2020 228  8 15 1700  -22.4  996.1    3.8  444.0   77.0  444.0
2020 228  8 15 1800  -22.7  996.2    4.0  444.0   77.0  444.0
2020 228  8 15 1900  -23.0  996.4    4.6  444.0   77.0  444.0
2020 228  8 15 2000  -23.3  996.6    5.6  444.0   76.0  444.0
2020 228  8 15 2100  -22.6  996.2    7.2  444.0   75.0  444.0
2020 228  8 15 2200  -22.9  996.8    4.6  444.0   75.0  444.0
2020 228  8 15 2300  -23.7  996.8    5.8  444.0   74.9  444.0
2020 229  8 16 0000  -24.8  996.7    5.4  444.0   75.0  444.0
2020 229  8 16 0100  -24.8  996.6    5.5  444.0   75.0  444.0
2020 229  8 16 0200  -26.1  996.5    4.5  444.0   73.3  444.0
2020 229  8 16 0300  444.0  996.8    0.8  444.0   77.0  444.0
2020 229  8 16 0400  444.0  996.6    2.5  444.0   79.0  444.0
2020 229  8 16 0500  -30.3  996.8    2.3  444.0   77.0  444.0
2020 229  8 16 0600  -28.7  996.8    5.3  444.0   76.0  444.0
2020 229  8 16 0700  -27.1  996.8    6.7  444.0   75.0  444.0
2020 229  8 16 0800  -27.4  996.8    6.7  444.0   75.0  444.0
2020 229  8 16 0900  -27.6  997.1    7.6  444.0   76.0  444.0
2020 229  8 16 1000  -28.1  997.4    6.7  444.0   76.0  444.0
2020 229  8 16 1100  -30.1  997.9    7.4  444.0   75.2  444.0
2020 229  8 16 1200  -31.4  998.0    6.5  444.0   75.0  444.0
2020 229  8 16 1300  -31.1  998.7    7.1  444.0   75.0  444.0
2020 229  8 16 1400  -29.9  999.2    7.6  444.0   76.0  444.0
2020 229  8 16 1500  -30.1  999.6    7.2  444.0   74.7  444.0
2020 229  8 16 1600  -30.4  999.9    7.1  444.0   74.0  444.0
2020 229  8 16 1700  -30.0 1000.0    8.2  444.0   73.0  444.0
2020 229  8 16 1800  -29.6 1000.5    7.9  444.0   72.0  444.0
2020 229  8 16 1900  -30.0 1000.7    7.5  444.0   72.0  444.0
2020 229  8 16 2000  -30.5 1001.4    7.3  444.0   71.9  444.0
2020 229  8 16 2100  -30.9 1001.7    6.5  444.0   72.0  444.0
2020 229  8 16 2200  -31.7 1002.1    6.2  444.0   72.0  444.0
2020 229  8 16 2300  -32.8 1002.6    5.7  444.0   72.0  444.0
2020 230  8 17 0000  -31.8 1003.1    6.6  444.0   74.0  444.0
2020 230  8 17 0100  -30.8 1003.3    6.5  444.0   72.8  444.0
2020 230  8 17 0200  -31.2 1003.5    6.4  444.0   71.8  444.0
2020 230  8 17 0300  -31.3 1003.6    4.9  444.0   73.0  444.0
2020 230  8 17 0400  -31.4 1003.7    5.7  444.0   72.0  444.0
2020 230  8 17 0500  -32.5 1003.9    5.0  444.0   72.0  444.0
2020 230  8 17 0600  -31.9 1003.9    3.7  444.0   72.0  444.0
2020 230  8 17 0700  -31.5 1003.7    3.6  444.0   72.0  444.0
2020 230  8 17 0800  -31.8 1004.5    3.7  444.0   72.1  444.0
2020 230  8 17 0900  -30.6 1003.6    5.3  444.0   75.0  444.0
2020 230  8 17 1000  -30.4 1002.9    6.8  444.0   75.0  444.0
2020 230  8 17 1100  -30.0 1002.4   10.4  444.0   76.0  444.0
2020 230  8 17 1200  -30.3 1001.4   10.9  444.0   75.0  444.0
2020 230  8 17 1300  -30.7 1001.6   12.0  444.0   75.0  444.0
2020 230  8 17 1400  -31.8 1001.5    7.6  444.0   74.0  444.0
2020 230  8 17 1500  -33.5 1001.0    6.8  444.0   73.0  444.0
2020 230  8 17 1600  -36.0 1000.3    5.0  444.0   72.0  444.0
2020 230  8 17 1700  -36.9 1000.4    4.9  444.0   72.0  444.0
2020 230  8 17 1800  -35.6  999.8    5.5  444.0   72.3  444.0
2020 230  8 17 1900  -35.8  999.1    5.6  444.0   72.0  444.0
2020 230  8 17 2000  -35.3  998.8    5.9  444.0   72.0  444.0
2020 230  8 17 2100  -35.9  998.6    6.0  444.0   72.0  444.0
2020 230  8 17 2200  -36.0  998.6    6.5  444.0   72.0  444.0
2020 230  8 17 2300  -35.5  998.1    6.1  444.0   72.0  444.0
2020 231  8 18 0000  -35.7  998.2    6.4  444.0   72.0  444.0
2020 231  8 18 0100  -35.9  998.2    6.6  444.0   72.0  444.0
2020 231  8 18 0200  -36.4  998.3    6.1  444.0   72.0  444.0
2020 231  8 18 0300  -34.4  997.7    5.2  444.0   73.0  444.0
2020 231  8 18 0400  -32.9  997.4    6.7  444.0   74.0  444.0
2020 231  8 18 0500  -32.1  996.6   11.1  444.0   74.0  444.0
2020 231  8 18 0600  -33.3  996.4    7.7  444.0   73.0  444.0
2020 231  8 18 0700  -34.0  996.2    6.2  444.0   73.0  444.0
2020 231  8 18 0800  -34.9  995.6    5.1  444.0   73.0  444.0
2020 231  8 18 0900  -36.7  995.8    4.1  444.0   72.0  444.0
2020 231  8 18 1000  -36.5  995.1    5.4  444.0   72.0  444.0
2020 231  8 18 1100  -34.3  994.9    8.1  444.0   72.7  444.0
2020 231  8 18 1200  -33.8  994.4    7.9  444.0   73.0  444.0
2020 231  8 18 1300  -33.3  993.6   11.1  444.0   73.0  444.0
2020 231  8 18 1400  -33.3  992.2   14.0  444.0   73.0  444.0
2020 231  8 18 1500  -33.8  991.9   10.7  444.0   73.0  444.0
2020 231  8 18 1600  -33.9  990.9    8.4  444.0   72.8  444.0
2020 231  8 18 1700  -33.7  990.9    8.6  444.0   73.0  444.0
2020 231  8 18 1800  -33.2  990.2   11.1  444.0   73.0  444.0
2020 231  8 18 1900  -33.3  989.6   12.0  444.0   73.0  444.0
2020 231  8 18 2000  -33.0  989.0   12.4  444.0   73.0  444.0
2020 231  8 18 2100  -33.1  988.3   13.2  444.0   73.0  444.0
2020 231  8 18 2200  -33.2  987.6   14.7  444.0   73.0  444.0
2020 231  8 18 2300  -31.8  986.6   15.8  444.0   74.0  444.0
2020 232  8 19 0000  -32.1  986.2   12.4  444.0   73.0  444.0
2020 232  8 19 0100  -31.5  985.7   14.8  444.0   74.0  444.0
2020 232  8 19 0200  -32.4  985.0   12.6  444.0   73.5  444.0
2020 232  8 19 0300  -32.3  984.1   10.5  444.0   74.0  444.0
2020 232  8 19 0400  -32.4  983.4    8.1  444.0   73.8  444.0
2020 232  8 19 0500  -31.6  982.4    9.0  444.0   74.0  444.0
2020 232  8 19 0600  -30.9  982.0    9.8  444.0   74.0  444.0
2020 232  8 19 0700  -30.4  982.0    8.9  444.0   74.8  444.0
2020 232  8 19 0800  -30.3  981.7    7.8  444.0   75.0  444.0
2020 232  8 19 0900  -30.2  981.2    9.2  444.0   74.8  444.0
2020 232  8 19 1000  -30.3  981.3    7.3  444.0   75.0  444.0
2020 232  8 19 1100  -31.0  980.9    7.4  444.0   74.0  444.0
2020 232  8 19 1200  -31.0  980.6    8.4  444.0   75.0  444.0
2020 232  8 19 1300  -30.4  980.4    9.2  444.0   75.0  444.0
2020 232  8 19 1400  -30.7  979.6   10.7  444.0   74.6  444.0
2020 232  8 19 1500  -30.9  979.3   12.3  444.0   75.0  444.0
2020 232  8 19 1600  -31.6  979.1   11.7  444.0   74.0  444.0
2020 232  8 19 1700  -31.0  979.4   10.1  444.0   75.0  444.0
2020 232  8 19 1800  -31.1  979.6    8.6  444.0   74.0  444.0
2020 232  8 19 1900  -31.8  979.6   10.8  444.0   74.0  444.0
2020 232  8 19 2000  -31.3  980.3    9.8  444.0   74.0  444.0
2020 232  8 19 2100  -31.1  980.5   10.9  444.0   75.0  444.0
2020 232  8 19 2200  -29.8  980.1   11.2  444.0   75.0  444.0
2020 232  8 19 2300  -28.5  979.9   11.6  444.0   76.0  444.0
2020 233  8 20 0000  -28.7  979.9    8.9  444.0   75.0  444.0
2020 233  8 20 0100  -29.5  980.0    8.4  444.0   74.0  444.0
2020 233  8 20 0200  -26.6  979.3   10.4  444.0   76.0  444.0
2020 233  8 20 0300  -24.8  979.4   11.3  444.0   77.0  444.0
2020 233  8 20 0400  -25.9  980.0   10.1  444.0   77.5  444.0
2020 233  8 20 0500  -27.9  980.1   10.1  444.0   76.3  444.0
2020 233  8 20 0600  -27.1  980.8    9.8  444.0   77.0  444.0
2020 233  8 20 0700  -25.6  980.5    9.1  444.0   78.0  444.0
2020 233  8 20 0800  -23.2  980.3   12.0  444.0   80.0  444.0
2020 233  8 20 0900  -23.3  980.6   12.1  444.0   79.8  444.0
2020 233  8 20 1000  -24.7  981.1   11.4  444.0   78.2  444.0
2020 233  8 20 1100  -25.2  981.8    9.9  444.0   78.0  444.0
2020 233  8 20 1200  -25.5  982.6    9.9  444.0   78.0  444.0
2020 233  8 20 1300  -25.5  983.2   10.2  444.0   78.0  444.0
2020 233  8 20 1400  -25.6  983.5   11.5  444.0   78.0  444.0
2020 233  8 20 1500  -26.2  984.1    9.1  444.0   77.5  444.0
2020 233  8 20 1600  -27.2  984.4    8.6  444.0   76.0  444.0
2020 233  8 20 1700  -28.8  984.1    9.4  444.0   74.6  444.0
2020 233  8 20 1800  444.0  985.0    6.5  444.0   74.0  444.0
2020 233  8 20 1900  444.0  985.3    5.3  444.0   75.0  444.0
2020 233  8 20 2000  444.0  985.9    4.0  444.0   74.2  444.0
2020 233  8 20 2100  444.0  985.8    5.6  444.0   76.0  444.0
2020 233  8 20 2200  444.0  985.9    7.4  444.0   76.0  444.0
2020 233  8 20 2300  444.0  986.2    6.4  444.0   77.0  444.0
2020 234  8 21 0000  444.0  986.6    9.6  444.0   77.0  444.0
2020 234  8 21 0100  444.0  987.5   10.1  444.0   76.0  444.0
2020 234  8 21 0200  444.0  988.1    8.9  444.0   75.0  444.0
2020 234  8 21 0300  444.0  988.0    6.2  444.0   73.8  444.0
2020 234  8 21 0400  444.0  987.8    2.0  444.0   75.0  444.0
2020 234  8 21 0500  444.0  987.5    6.8  444.0   74.0  444.0
2020 234  8 21 0600  444.0  987.2    4.5  444.0   75.0  444.0
2020 234  8 21 0700  444.0  987.3    3.8  444.0   74.7  444.0
2020 234  8 21 0800  444.0  987.6    4.2  444.0   73.6  444.0
2020 234  8 21 0900  444.0  987.9    1.7  444.0   72.0  444.0
2020 234  8 21 1000  444.0  987.6    2.7  444.0   71.0  444.0
2020 234  8 21 1100  -35.8  987.6    1.7  444.0   71.0  444.0
2020 234  8 21 1200  -36.9  987.9    0.0  444.0   72.0  444.0
2020 234  8 21 1300  -36.1  988.2    0.0  444.0   71.4  444.0
2020 234  8 21 1400  -35.7  988.1    0.0  444.0   71.0  444.0
2020 234  8 21 1500  -35.9  988.0    0.0  444.0   72.0  444.0
2020 234  8 21 1600  -36.0  987.9    0.0  444.0   72.0  444.0
2020 234  8 21 1700  -34.7  987.8    0.0  444.0   72.0  444.0
2020 234  8 21 1800  -34.0  987.4    0.0  444.0   73.1  444.0
2020 234  8 21 1900  -33.5  987.3    0.0  444.0   73.0  444.0
2020 234  8 21 2000  -33.0  987.0    0.0  444.0   73.0  444.0
2020 234  8 21 2100  -32.5  986.9    0.4  444.0   74.0  444.0
2020 234  8 21 2200  -31.2  985.8    0.0  444.0   77.0  444.0
2020 234  8 21 2300  -35.1  985.4    1.2  444.0   73.0  444.0
2020 235  8 22 0000  -37.0  984.7    0.0  444.0   72.0  444.0
2020 235  8 22 0100  -38.1  984.2    0.2  444.0   71.0  444.0
2020 235  8 22 0200  -35.1  983.7    1.3  444.0   73.0  444.0
2020 235  8 22 0300  -34.4  983.2    1.4  444.0   73.0  444.0
2020 235  8 22 0400  -35.5  982.5    0.0  444.0   73.0  444.0
2020 235  8 22 0500  -33.4  981.7    1.5  444.0   73.7  444.0
2020 235  8 22 0600  -32.1  980.8    5.2  444.0   75.0  444.0
2020 235  8 22 0700  -31.2  979.9    6.2  444.0   75.0  444.0
2020 235  8 22 0800  -34.1  979.4    2.6  444.0   73.0  444.0
2020 235  8 22 0900  -33.8  978.6    4.3  444.0   73.0  444.0
2020 235  8 22 1000  -32.9  977.6    5.1  444.0   74.0  444.0
2020 235  8 22 1100  -32.0  976.5    6.0  444.0   74.0  444.0
2020 235  8 22 1200  -29.8  975.1    8.4  444.0   76.0  444.0
2020 235  8 22 1300  -30.4  974.4    8.5  444.0   75.2  444.0
2020 235  8 22 1400  -30.0  973.9    9.6  444.0   75.0  444.0
2020 235  8 22 1500  -31.0  973.8    9.9  444.0   74.8  444.0
2020 235  8 22 1600  -30.7  973.0    9.7  444.0   75.0  444.0
2020 235  8 22 1700  -31.4  972.3    9.1  444.0   74.0  444.0
2020 235  8 22 1800  -32.0  971.5    6.0  444.0   74.0  444.0
2020 235  8 22 1900  -33.5  970.3    5.3  444.0   74.0  444.0
2020 235  8 22 2000  -30.8  969.1    6.1  444.0   75.0  444.0
2020 235  8 22 2100  -30.3  967.4    6.0  444.0   75.0  444.0
2020 235  8 22 2200  -29.9  965.7    6.5  444.0   76.0  444.0
2020 235  8 22 2300  -30.3  964.5    7.5  444.0   75.0  444.0
2020 236  8 23 0000  444.0  964.1   10.2  444.0   76.0  444.0
2020 236  8 23 0100  -28.0  962.9    9.4  444.0   75.6  444.0
2020 236  8 23 0200  -27.2  962.1    8.8  444.0   74.0  444.0
2020 236  8 23 0300  -25.4  960.8   11.1  444.0   78.0  444.0
2020 236  8 23 0400  444.0  960.1   10.8  444.0   79.0  444.0
2020 236  8 23 0500  -22.0  959.0   11.8  444.0   81.0  444.0
2020 236  8 23 0600  -20.8  957.8   13.1  444.0   82.0  444.0
2020 236  8 23 0700  -17.9  957.0   14.7  444.0   84.0  444.0
2020 236  8 23 0800  -17.4  955.1   14.3  444.0   84.7  444.0
2020 236  8 23 0900  -16.2  954.1   16.7  444.0   86.0  444.0
2020 236  8 23 1000  -15.5  953.5   18.7  444.0   87.0  444.0
2020 236  8 23 1100  -15.1  952.3   18.0  444.0   86.0  444.0
2020 236  8 23 1200  -14.8  952.2   16.7  444.0   87.0  444.0
2020 236  8 23 1300  -14.2  951.4   17.5  444.0   87.0  444.0
2020 236  8 23 1400  -14.0  950.9   16.3  444.0   87.0  444.0
2020 236  8 23 1500  -13.8  950.3   15.4  444.0   88.0  444.0
2020 236  8 23 1600  -13.4  949.1   16.2  444.0   88.3  444.0
2020 236  8 23 1700  -13.1  947.5   18.4  444.0   89.0  444.0
2020 236  8 23 1800  -12.9  945.7   23.8  444.0   89.0  444.0
2020 236  8 23 1900  -13.5  946.4   21.5  444.0   88.0  444.0
2020 236  8 23 2000  -13.9  947.5   18.9  444.0   88.0  444.0
2020 236  8 23 2100  -16.9  950.0    9.4  444.0   85.5  444.0
2020 236  8 23 2200  -18.5  953.3   11.9  444.0   84.0  444.0
2020 236  8 23 2300  -20.6  956.5   10.4  444.0   82.0  444.0
2020 237  8 24 0000  -20.8  959.1   10.1  444.0   82.0  444.0
2020 237  8 24 0100  -20.7  960.6    8.1  444.0   83.0  444.0
2020 237  8 24 0200  -20.4  962.6    6.8  444.0   83.0  444.0
2020 237  8 24 0300  -20.4  963.6    7.3  444.0   83.0  444.0
2020 237  8 24 0400  -21.1  964.6    3.7  444.0   82.0  444.0
2020 237  8 24 0500  -20.8  964.9    4.8  444.0   82.0  444.0
2020 237  8 24 0600  -18.9  964.9    8.2  444.0   84.5  444.0
2020 237  8 24 0700  -17.4  965.1    9.5  444.0   86.0  444.0
2020 237  8 24 0800  -16.1  964.4   13.5  444.0   87.0  444.0
2020 237  8 24 0900  -15.8  964.4   14.8  444.0   86.6  444.0
2020 237  8 24 1000  -16.0  963.4   17.4  444.0   86.0  444.0
2020 237  8 24 1100  -16.6  964.4   17.3  444.0   85.6  444.0
2020 237  8 24 1200  -17.0  965.5   14.9  444.0   86.0  444.0
2020 237  8 24 1300  -17.9  966.3   13.6  444.0   85.0  444.0
2020 237  8 24 1400  -20.0  967.4   13.2  444.0   83.0  444.0
2020 237  8 24 1500  -19.7  968.8   12.2  444.0   83.0  444.0
2020 237  8 24 1600  -22.5  971.0   12.3  444.0   81.0  444.0
2020 237  8 24 1700  -21.9  972.4   11.4  444.0   82.0  444.0
2020 237  8 24 1800  -22.2  973.8   13.1  444.0   81.0  444.0
2020 237  8 24 1900  -22.8  975.6    9.6  444.0   81.0  444.0
2020 237  8 24 2000  -22.6  976.6    7.8  444.0   81.0  444.0
2020 237  8 24 2100  -23.9  977.7    8.0  444.0   79.9  444.0
2020 237  8 24 2200  -24.5  978.3    8.0  444.0   78.0  444.0
2020 237  8 24 2300  -25.5  978.9    7.6  444.0   77.0  444.0
2020 238  8 25 0000  -26.4  979.9    5.4  444.0   77.0  444.0
2020 238  8 25 0100  -27.9  980.5    4.7  444.0   77.0  444.0
2020 238  8 25 0200  -27.2  980.6    6.3  444.0   76.0  444.0
2020 238  8 25 0300  444.0  980.9    4.9  444.0   79.0  444.0
2020 238  8 25 0400  444.0  981.3    4.5  444.0   78.0  444.0
2020 238  8 25 0500  444.0  981.8    4.1  444.0   78.0  444.0
2020 238  8 25 0600  444.0  982.3    4.2  444.0   79.0  444.0
2020 238  8 25 0700  444.0  982.6    6.4  444.0   78.0  444.0
2020 238  8 25 0800  -27.5  983.3    7.4  444.0   74.0  444.0
2020 238  8 25 0900  444.0  984.5    5.1  444.0   72.0  444.0
2020 238  8 25 1000  -30.7  985.0    4.5  444.0   73.0  444.0
2020 238  8 25 1100  -31.6  985.7    6.7  444.0   73.0  444.0
2020 238  8 25 1200  444.0  986.4    6.1  444.0   74.0  444.0
2020 238  8 25 1300  444.0  986.7    7.6  444.0   74.0  444.0
2020 238  8 25 1400  444.0  987.4    6.8  444.0   74.0  444.0
2020 238  8 25 1500  444.0  987.5    7.4  444.0   75.0  444.0
2020 238  8 25 1600  444.0  988.2    5.8  444.0   73.0  444.0
2020 238  8 25 1700  444.0  988.7    5.9  444.0   73.0  444.0
2020 238  8 25 1800  444.0  989.1    6.7  444.0   73.0  444.0
2020 238  8 25 1900  444.0  989.4    6.4  444.0   73.0  444.0
2020 238  8 25 2000  444.0  989.9    6.9  444.0   72.2  444.0
2020 238  8 25 2100  444.0  990.3    7.7  444.0   72.0  444.0
2020 238  8 25 2200  444.0  990.8    7.2  444.0   72.0  444.0
2020 238  8 25 2300  444.0  991.2    7.3  444.0   72.0  444.0
2020 239  8 26 0000  444.0  991.9    6.4  444.0   72.0  444.0
2020 239  8 26 0100  444.0  992.4    6.9  444.0   71.7  444.0
2020 239  8 26 0200  444.0  993.2    7.4  444.0   72.0  444.0
2020 239  8 26 0300  444.0  994.0    6.5  444.0   72.0  444.0
2020 239  8 26 0400  444.0  994.9    6.7  444.0   73.0  444.0
2020 239  8 26 0500  444.0  995.3    7.0  444.0   73.0  444.0
2020 239  8 26 0600  444.0  996.2    6.9  444.0   73.0  444.0
2020 239  8 26 0700  444.0  996.7    6.6  444.0   73.0  444.0
2020 239  8 26 0800  444.0  997.1    7.0  444.0   73.0  444.0
2020 239  8 26 0900  444.0  998.0    2.2  444.0   72.0  444.0
2020 239  8 26 1000  444.0  998.1    2.1  444.0   71.0  444.0
2020 239  8 26 1100  444.0  998.6    0.0  444.0   71.0  444.0
2020 239  8 26 1200  444.0  998.9    0.0  444.0   70.3  444.0
2020 239  8 26 1300  444.0  999.1    0.0  444.0   70.1  444.0
2020 239  8 26 1400  444.0  999.1    0.0  444.0   71.0  444.0
2020 239  8 26 1500  444.0  999.0    0.0  444.0   70.0  444.0
2020 239  8 26 1600  444.0  998.8    0.0  444.0   71.0  444.0
2020 239  8 26 1700  444.0  999.3    0.0  444.0   69.0  444.0
2020 239  8 26 1800  -42.7 1000.0    0.0  444.0   68.4  444.0
2020 239  8 26 1900  -43.0 1000.3    0.0  444.0   68.0  444.0
2020 239  8 26 2000  -43.5 1001.0    1.2  444.0   68.0  444.0
2020 239  8 26 2100  -43.5 1001.3    2.0  444.0   68.0  444.0
2020 239  8 26 2200  -44.3 1002.0    0.8  444.0   67.0  444.0
2020 239  8 26 2300  -44.1 1001.9    0.5  444.0   67.3  444.0
2020 240  8 27 0000  -44.5 1002.0    0.0  444.0   67.0  444.0
2020 240  8 27 0100  -44.5 1002.5    0.0  444.0   67.0  444.0
2020 240  8 27 0200  -45.0 1002.3    0.0  444.0   67.0  444.0
2020 240  8 27 0300  -44.3 1002.0    0.0  444.0   67.0  444.0
2020 240  8 27 0400  -40.8 1002.4    3.8  444.0   69.0  444.0
2020 240  8 27 0500  -40.7 1002.0    2.8  444.0   69.0  444.0
2020 240  8 27 0600  -39.8 1002.5    3.8  444.0   69.4  444.0
2020 240  8 27 0700  -39.1 1002.9    3.0  444.0   70.1  444.0
2020 240  8 27 0800  -37.7 1002.7    3.8  444.0   70.0  444.0
2020 240  8 27 0900  -37.5 1002.7    3.1  444.0   71.0  444.0
2020 240  8 27 1000  -37.7 1002.8    2.4  444.0   71.0  444.0
2020 240  8 27 1100  -36.5 1003.1    5.1  444.0   71.4  444.0
2020 240  8 27 1200  -38.6 1003.4    3.7  444.0   70.0  444.0
2020 240  8 27 1300  -38.0 1003.2    2.6  444.0   70.0  444.0
2020 240  8 27 1400  -37.9 1003.1    2.2  444.0   71.0  444.0
2020 240  8 27 1500  -38.3 1003.3    0.0  444.0   70.0  444.0
2020 240  8 27 1600  -37.0 1003.6    0.0  444.0   71.7  444.0
2020 240  8 27 1700  -38.0 1004.0    0.0  444.0   70.0  444.0
2020 240  8 27 1800  -38.6 1003.8    0.0  444.0   70.0  444.0
2020 240  8 27 1900  -39.1 1004.0    0.0  444.0   70.0  444.0
2020 240  8 27 2000  -39.5 1004.3    0.0  444.0   70.0  444.0
2020 240  8 27 2100  -39.5 1004.8    3.5  444.0   69.5  444.0
2020 240  8 27 2200  -39.6 1005.3    0.6  444.0   69.0  444.0
2020 240  8 27 2300  -39.5 1005.5  444.0  444.0   69.5  444.0
2020 241  8 28 0000  -38.8 1005.8  444.0  444.0   70.0  444.0
2020 241  8 28 0100  -38.2 1005.6  444.0  444.0   70.0  444.0
2020 241  8 28 0200  -37.9 1005.9  444.0  444.0   70.3  444.0
2020 241  8 28 0300  -37.9 1006.0  444.0  444.0   70.0  444.0
2020 241  8 28 0400  -37.7 1005.9  444.0  444.0   70.5  444.0
2020 241  8 28 0500  -37.6 1005.7  444.0  444.0   70.5  444.0
2020 241  8 28 0600  -37.4 1005.6  444.0  444.0   71.0  444.0
2020 241  8 28 0700  -37.5 1005.5  444.0  444.0   71.0  444.0
2020 241  8 28 0800  -37.5 1005.2  444.0  444.0   71.0  444.0
2020 241  8 28 0900  -37.2 1005.6  444.0  444.0   70.8  444.0
2020 241  8 28 1000  -36.3 1004.9  444.0  444.0   72.0  444.0
2020 241  8 28 1100  -34.1 1004.5    3.8  444.0   72.0  444.0
2020 241  8 28 1200  -35.1 1004.2    1.1  444.0   72.0  444.0
2020 241  8 28 1300  -32.6 1003.5    5.8  444.0   73.0  444.0
2020 241  8 28 1400  -32.9 1003.7    4.2  444.0   73.2  444.0
2020 241  8 28 1500  -30.3 1003.2    6.7  444.0   75.0  444.0
2020 241  8 28 1600  -31.4 1002.6    6.9  444.0   74.0  444.0
2020 241  8 28 1700  -33.3 1002.4    4.1  444.0   73.0  444.0
2020 241  8 28 1800  -34.0 1002.1    3.7  444.0   73.0  444.0
2020 241  8 28 1900  -33.9 1001.9    4.8  444.0   73.0  444.0
2020 241  8 28 2000  -33.7 1001.8    2.5  444.0   73.0  444.0
2020 241  8 28 2100  -33.4 1001.7    4.1  444.0   73.0  444.0
2020 241  8 28 2200  -32.9 1001.0    4.5  444.0   73.0  444.0
2020 241  8 28 2300  -34.1 1001.1    4.2  444.0   72.0  444.0
2020 242  8 29 0000  -36.6 1001.1    3.5  444.0   71.0  444.0
2020 242  8 29 0100  -37.7 1000.7    0.3  444.0   70.0  444.0
2020 242  8 29 0200  -38.6 1000.3    3.8  444.0   70.0  444.0
2020 242  8 29 0300  -39.0 1000.1    3.2  444.0   70.0  444.0
2020 242  8 29 0400  -37.7  999.0    1.9  444.0   71.0  444.0
2020 242  8 29 0500  -39.7  998.9    1.6  444.0   69.0  444.0
2020 242  8 29 0600  -39.6  998.2    0.0  444.0   70.0  444.0
2020 242  8 29 0700  -37.2  997.6    2.9  444.0   71.1  444.0
2020 242  8 29 0800  -36.7  996.8    3.3  444.0   71.3  444.0
2020 242  8 29 0900  -36.8  996.6    3.5  444.0   71.0  444.0
2020 242  8 29 1000  -36.6  995.8    2.5  444.0   71.0  444.0
2020 242  8 29 1100  -38.1  994.9    0.7  444.0   70.0  444.0
2020 242  8 29 1200  -38.8  994.5    1.1  444.0   69.9  444.0
2020 242  8 29 1300  -38.8  993.8    4.1  444.0   70.0  444.0
2020 242  8 29 1400  -39.7  993.3    2.5  444.0   69.0  444.0
2020 242  8 29 1500  -35.4  992.2    5.5  444.0   72.0  444.0
2020 242  8 29 1600  -35.0  991.1    6.5  444.0   72.0  444.0
2020 242  8 29 1700  -35.0  990.6    5.9  444.0   72.0  444.0
2020 242  8 29 1800  -37.6  990.5    1.9  444.0   70.0  444.0
2020 242  8 29 1900  -37.3  990.1    3.6  444.0   71.0  444.0
2020 242  8 29 2000  -35.4  989.8    2.7  444.0   72.0  444.0
2020 242  8 29 2100  -33.6  989.1    1.0  444.0   73.0  444.0
2020 242  8 29 2200  444.0  988.8    0.3  444.0   73.9  444.0
2020 242  8 29 2300  -31.2  988.1    4.3  444.0   74.0  444.0
2020 243  8 30 0000  -30.7  987.5    5.3  444.0   74.6  444.0
2020 243  8 30 0100  -31.4  986.3    4.4  444.0   74.0  444.0
2020 243  8 30 0200  -32.6  985.4    4.5  444.0   73.0  444.0
2020 243  8 30 0300  -32.6  984.7    5.5  444.0   73.5  444.0
2020 243  8 30 0400  -33.3  984.4    4.7  444.0   73.0  444.0
2020 243  8 30 0500  -32.4  984.1    4.4  444.0   73.7  444.0
2020 243  8 30 0600  -32.0  984.0    5.8  444.0   73.0  444.0
2020 243  8 30 0700  -30.6  984.2    5.5  444.0   73.0  444.0
2020 243  8 30 0800  -30.8  984.1    5.8  444.0   73.0  444.0
2020 243  8 30 0900  -30.2  984.4    5.9  444.0   73.0  444.0
2020 243  8 30 1000  -30.6  983.5    4.2  444.0   74.2  444.0
2020 243  8 30 1100  -29.1  983.4    6.8  444.0   75.0  444.0
2020 243  8 30 1200  -29.1  982.4    8.4  444.0   75.0  444.0
2020 243  8 30 1300  -30.6  982.6    6.0  444.0   74.0  444.0
2020 243  8 30 1400  -30.6  982.4    7.0  444.0   73.0  444.0
2020 243  8 30 1500  -29.5  982.1    9.1  444.0   75.0  444.0
2020 243  8 30 1600  -29.1  981.5    8.6  444.0   76.0  444.0
2020 243  8 30 1700  -28.9  980.8   12.9  444.0   76.0  444.0
2020 243  8 30 1800  -29.1  980.5   13.6  444.0   76.0  444.0
2020 243  8 30 1900  -29.3  980.6   12.2  444.0   76.0  444.0
2020 243  8 30 2000  -30.0  981.1    9.3  444.0   75.2  444.0
2020 243  8 30 2100  -29.7  981.0   10.2  444.0   75.0  444.0
2020 243  8 30 2200  -30.2  980.5   10.3  444.0   75.0  444.0
2020 243  8 30 2300  -29.8  980.0   12.3  444.0   75.0  444.0
2020 244  8 31 0000  -28.1  979.1   13.5  444.0   76.0  444.0
2020 244  8 31 0100  -27.7  977.7   15.8  444.0   76.6  444.0
2020 244  8 31 0200  -27.0  976.6   15.0  444.0   77.0  444.0
2020 244  8 31 0300  -25.5  976.1   15.1  444.0   78.0  444.0
2020 244  8 31 0400  -23.1  974.6   13.7  444.0   80.0  444.0
2020 244  8 31 0500  -19.1  973.3   16.6  444.0   83.0  444.0
2020 244  8 31 0600  -18.3  971.8   16.2  444.0   84.0  444.0
2020 244  8 31 0700  -17.4  970.9   16.7  444.0   85.0  444.0
2020 244  8 31 0800  -17.2  970.0   13.8  444.0   85.0  444.0
2020 244  8 31 0900  -16.7  969.5   13.9  444.0   85.0  444.0
2020 244  8 31 1000  -16.3  969.4   12.5  444.0   86.0  444.0
2020 244  8 31 1100  -15.9  969.7   11.9  444.0   87.0  444.0
2020 244  8 31 1200  -15.4  969.9   10.4  444.0   87.0  444.0
2020 244  8 31 1300  -14.8  970.1   10.9  444.0   88.0  444.0
2020 244  8 31 1400  -14.5  970.1   11.1  444.0   88.0  444.0
2020 244  8 31 1500  -14.1  970.4   11.3  444.0   88.0  444.0
2020 244  8 31 1600  -13.6  970.3   12.1  444.0   89.0  444.0
2020 244  8 31 1700  -13.5  970.4   13.7  444.0   88.7  444.0
2020 244  8 31 1800  -13.2  970.7   13.5  444.0   89.0  444.0
2020 244  8 31 1900  -12.9  971.1   12.8  444.0   89.0  444.0
2020 244  8 31 2000  -12.6  971.7   12.4  444.0   90.0  444.0
2020 244  8 31 2100  -12.6  972.3   12.6  444.0   90.0  444.0
2020 244  8 31 2200  -12.8  972.8   12.5  444.0   89.6  444.0
2020 244  8 31 2300  -12.7  972.7   14.3  444.0   90.0  444.0
