Year: 2023  Month: 09  ID: MLN  ARGOS:  8934  Name: Marilyn             
Lat: 79.90S  Lon: 165.86E  Elev:   62m
2023 244  9  1 0000  -30.0  980.5    9.5  170.0   84.0  444.0
2023 244  9  1 0100  -29.6  980.0    7.5  176.0   82.0  444.0
2023 244  9  1 0200  -31.3  979.7    6.8  179.0   82.0  444.0
2023 244  9  1 0300  -32.0  979.1    7.5  207.0   82.0  444.0
2023 244  9  1 0400  -33.0  978.8    6.1  218.0   80.0  444.0
2023 244  9  1 0500  -34.2  978.4    6.9  207.0   79.9  444.0
2023 244  9  1 0600  -33.0  977.7    6.2  185.0   81.0  444.0
2023 244  9  1 0700  -34.6  977.4    5.2  200.0   78.0  444.0
2023 244  9  1 0800  -36.2  977.0    5.0  222.0   77.0  444.0
2023 244  9  1 0900  -35.7  976.7    5.3  228.0   78.0  444.0
2023 244  9  1 1000  -30.3  976.4    9.1  182.0   84.2  444.0
2023 244  9  1 1100  -29.9  976.0   10.9  191.0   85.0  444.0
2023 244  9  1 1200  -30.3  975.6   10.7  187.0   84.0  444.0
2023 244  9  1 1300  -30.9  975.8    8.8  205.0   83.0  444.0
2023 244  9  1 1400  -31.3  976.1    8.4  206.0   82.4  444.0
2023 244  9  1 1500  -32.0  976.2    7.9  215.0   81.7  444.0
2023 244  9  1 1600  -31.9  976.2    7.7  190.0   82.0  444.0
2023 244  9  1 1700  -33.5  976.7    6.6  199.0   80.0  444.0
2023 244  9  1 1800  -34.0  977.2    6.0  191.0   80.0  444.0
2023 244  9  1 1900  -35.6  977.5    5.2  215.0   78.0  444.0
2023 244  9  1 2000  -35.5  978.1    5.9  138.0   78.1  444.0
2023 244  9  1 2100  -32.8  978.6    6.0  146.0   81.0  444.0
2023 244  9  1 2200  -33.4  979.2    6.4  145.0   80.0  444.0
2023 244  9  1 2300  -34.0  979.7    6.1  157.0   80.0  444.0
2023 245  9  2 0000  -33.8  980.6    4.7  153.0   80.0  444.0
2023 245  9  2 0100  -33.8  980.8    4.5  168.0   79.4  444.0
2023 245  9  2 0200  -33.7  981.9    2.9  123.0   80.0  444.0
2023 245  9  2 0300  -33.2  982.3    4.4  162.0   80.0  444.0
2023 245  9  2 0400  -33.4  982.6    6.2  172.0   80.0  444.0
2023 245  9  2 0500  -33.3  982.9    7.4  145.0   80.0  444.0
2023 245  9  2 0600  -33.2  983.3    6.5  157.0   81.0  444.0
2023 245  9  2 0700  -34.4  984.2    3.1  166.0   78.9  444.0
2023 245  9  2 0800  -34.5  984.3    3.6  144.0   78.7  444.0
2023 245  9  2 0900  -34.4  984.5    5.6  151.0   79.0  444.0
2023 245  9  2 1000  -36.6  985.4    4.9  122.0   76.0  444.0
2023 245  9  2 1100  -38.6  985.3    4.4  171.0   74.0  444.0
2023 245  9  2 1200  -39.1  985.6    4.2  154.0   74.0  444.0
2023 245  9  2 1300  -39.0  985.7    3.8  149.0   74.3  444.0
2023 245  9  2 1400  -37.8  985.8    5.4  159.0   75.0  444.0
2023 245  9  2 1500  -36.7  985.9    6.1  158.0   77.0  444.0
2023 245  9  2 1600  -34.4  985.7    7.3  156.0   79.0  444.0
2023 245  9  2 1700  -33.5  985.5    8.4  154.0   80.0  444.0
2023 245  9  2 1800  -34.1  985.3    9.2  158.0   79.1  444.0
2023 245  9  2 1900  -33.4  985.2   10.4  162.0   80.0  444.0
2023 245  9  2 2000  -33.4  984.9   11.7  162.0   80.0  444.0
2023 245  9  2 2100  -33.6  985.1   12.3  160.0   80.0  444.0
2023 245  9  2 2200  -33.0  985.7   11.6  154.0   80.0  444.0
2023 245  9  2 2300  -32.8  985.6   12.1  154.0   80.4  444.0
2023 246  9  3 0000  -32.6  985.7   11.2  152.0   81.0  444.0
2023 246  9  3 0100  -32.5  985.6   11.3  145.0   81.0  444.0
2023 246  9  3 0200  -33.3  985.6    9.4  147.0   79.6  444.0
2023 246  9  3 0300  -33.7  985.5    9.5  148.0   79.0  444.0
2023 246  9  3 0400  -34.3  985.3   10.4  149.0   78.8  444.0
2023 246  9  3 0500  -34.5  985.3    7.6  149.0   79.0  444.0
2023 246  9  3 0600  -33.5  984.6   10.4  160.0   80.0  444.0
2023 246  9  3 0700  -33.2  984.5   12.8  171.0   80.0  444.0
2023 246  9  3 0800  -33.0  984.0   10.0  176.0   80.0  444.0
2023 246  9  3 0900  -33.3  983.0   13.3  180.0   80.0  444.0
2023 246  9  3 1000  -33.6  982.2   11.6  185.0   79.0  444.0
2023 246  9  3 1100  -33.7  982.2   11.5  182.0   79.0  444.0
2023 246  9  3 1200  -33.7  981.7   12.1  181.0   79.0  444.0
2023 246  9  3 1300  -33.5  981.1   14.8  181.0   80.0  444.0
2023 246  9  3 1400  -33.1  980.5   14.8  176.0   80.0  444.0
2023 246  9  3 1500  -33.4  980.6   12.7  180.0   80.0  444.0
2023 246  9  3 1600  -33.6  980.4   12.1  177.0   79.0  444.0
2023 246  9  3 1700  -33.5  980.3   11.0  176.0   79.0  444.0
2023 246  9  3 1800  -32.9  980.0   12.3  177.0   80.0  444.0
2023 246  9  3 1900  -33.0  979.9   13.6  177.0   80.0  444.0
2023 246  9  3 2000  -32.7  979.5   15.4  176.0   81.0  444.0
2023 246  9  3 2100  -32.7  979.5   13.8  171.0   80.0  444.0
2023 246  9  3 2200  -32.4  979.2   14.5  176.0   81.0  444.0
2023 246  9  3 2300  -33.0  979.7   11.0  162.0   80.0  444.0
2023 247  9  4 0000  -33.1  980.1   11.1  158.0   80.0  444.0
2023 247  9  4 0100  -33.5  980.2   10.1  163.0   79.0  444.0
2023 247  9  4 0200  -33.1  980.4   11.9  162.0   80.0  444.0
2023 247  9  4 0300  -32.8  980.6   12.1  165.0   80.0  444.0
2023 247  9  4 0400  -32.5  980.6   13.7  158.0   81.0  444.0
2023 247  9  4 0500  -32.2  980.5   15.8  166.0   81.0  444.0
2023 247  9  4 0600  -31.7  980.5   16.8  165.0   81.0  444.0
2023 247  9  4 0700  -31.9  979.9   17.0  163.0   81.0  444.0
2023 247  9  4 0800  -32.8  980.2   16.7  165.0   80.0  444.0
2023 247  9  4 0900  -33.1  980.3   16.8  177.0   80.0  444.0
2023 247  9  4 1000  -33.6  980.3   16.6  180.0   79.0  444.0
2023 247  9  4 1100  -33.7  980.0   15.2  172.0   79.0  444.0
2023 247  9  4 1200  -33.5  980.0   15.5  177.0   79.0  444.0
2023 247  9  4 1300  -33.6  979.9   15.6  173.0   79.0  444.0
2023 247  9  4 1400  -33.2  979.3   19.1  172.0   80.0  444.0
2023 247  9  4 1500  -32.0  979.9   19.6  169.0   81.0  444.0
2023 247  9  4 1600  -32.0  979.3   17.2  175.0   80.0  444.0
2023 247  9  4 1700  -31.6  979.3   17.7  175.0   81.0  444.0
2023 247  9  4 1800  -32.2  979.4   15.6  177.0   81.0  444.0
2023 247  9  4 1900  -32.4  979.0   16.9  179.0   80.0  444.0
2023 247  9  4 2000  -32.1  979.0   16.9  179.0   81.0  444.0
2023 247  9  4 2100  -32.4  979.5   16.7  183.0   80.0  444.0
2023 247  9  4 2200  -32.3  978.7   18.1  181.0   80.0  444.0
2023 247  9  4 2300  -33.8  979.0   18.9  176.0   78.0  444.0
2023 248  9  5 0000  -34.2  979.7   16.8  184.0   78.0  444.0
2023 248  9  5 0100  -34.2  979.9   16.4  181.0   78.0  444.0
2023 248  9  5 0200  -33.6  980.0   16.9  175.0   78.0  444.0
2023 248  9  5 0300  -34.0  981.0   15.7  174.0   78.0  444.0
2023 248  9  5 0400  -32.7  981.9   16.4  173.0   79.0  444.0
2023 248  9  5 0500  -33.3  982.7   16.0  176.0   78.0  444.0
2023 248  9  5 0600  -33.7  983.3   13.4  181.0   77.0  444.0
2023 248  9  5 0700  -34.0  983.4   10.8  189.0   77.0  444.0
2023 248  9  5 0800  -33.6  983.3   14.3  178.0   77.0  444.0
2023 248  9  5 0900  -33.6  983.9   13.6  185.0   77.0  444.0
2023 248  9  5 1000  -32.8  983.5   14.5  177.0   78.0  444.0
2023 248  9  5 1100  -32.5  983.4   15.6  177.0   78.0  444.0
2023 248  9  5 1200  -33.0  983.6   13.7  189.0   77.0  444.0
2023 248  9  5 1300  -32.5  983.3   13.9  184.0   79.0  444.0
2023 248  9  5 1400  -32.4  982.7   14.8  183.0   80.0  444.0
2023 248  9  5 1500  -32.4  982.2   13.4  185.0   79.0  444.0
2023 248  9  5 1600  -32.7  982.1   14.8  176.0   78.9  444.0
2023 248  9  5 1700  -32.4  980.9   17.4  181.0   78.9  444.0
2023 248  9  5 1800  -32.3  980.9   17.1  175.0   79.0  444.0
2023 248  9  5 1900  -32.2  980.1   18.1  176.0   78.0  444.0
2023 248  9  5 2000  -32.0  979.8   15.5  184.0   77.0  444.0
2023 248  9  5 2100  -31.9  978.8   14.8  186.0   77.0  444.0
2023 248  9  5 2200  -32.2  977.9   13.1  203.0   75.4  444.0
2023 248  9  5 2300  -32.3  977.1   12.4  208.0   72.0  444.0
2023 249  9  6 0000  -32.2  976.1   12.3  207.0   75.0  444.0
2023 249  9  6 0100  -32.1  975.1   12.7  206.0   73.0  444.0
2023 249  9  6 0200  -32.1  974.4   11.0  212.0   72.0  444.0
2023 249  9  6 0300  -31.2  973.4   12.6  195.0   77.0  444.0
2023 249  9  6 0400  -33.0  972.8   11.5  214.0   73.0  444.0
2023 249  9  6 0500  -33.3  972.1   12.0  208.0   73.6  444.0
2023 249  9  6 0600  -33.4  972.1    9.7  212.0   71.0  444.0
2023 249  9  6 0700  -33.0  971.2   10.7  206.0   70.0  444.0
2023 249  9  6 0800  -33.1  970.9    9.7  216.0   71.0  444.0
2023 249  9  6 0900  -32.3  970.3   12.1  203.0   71.0  444.0
2023 249  9  6 1000  -32.9  970.0   10.4  207.0   68.5  444.0
2023 249  9  6 1100  -33.0  969.8   11.2  203.0   70.0  444.0
2023 249  9  6 1200  -33.8  969.7    9.0  210.0   67.0  444.0
2023 249  9  6 1300  -34.1  969.6    9.0  227.0   68.0  444.0
2023 249  9  6 1400  -34.7  969.6    8.1  205.0   75.0  444.0
2023 249  9  6 1500  -35.7  969.3    7.3  220.0   73.0  444.0
2023 249  9  6 1600  -34.8  969.7    9.8  211.0   68.0  444.0
2023 249  9  6 1700  -34.7  969.9    9.3  213.0   69.0  444.0
2023 249  9  6 1800  -35.6  970.3    9.1  209.0   68.0  444.0
2023 249  9  6 1900  -34.6  970.9    9.4  207.0   67.0  444.0
2023 249  9  6 2000  -34.7  971.5    8.9  220.0   71.0  444.0
2023 249  9  6 2100  -34.9  972.1    8.3  229.0   74.5  444.0
2023 249  9  6 2200  -34.9  972.8    7.9  222.0   74.0  444.0
2023 249  9  6 2300  -32.7  973.2   10.8  219.0   73.0  444.0
2023 250  9  7 0000  -33.5  973.3    9.3  224.0   77.0  444.0
2023 250  9  7 0100  -33.2  973.6   12.2  217.0   79.0  444.0
2023 250  9  7 0200  -34.1  973.7   11.5  213.0   77.4  444.0
2023 250  9  7 0300  -33.9  973.7   11.6  213.0   77.7  444.0
2023 250  9  7 0400  -34.1  973.6   12.0  212.0   78.0  444.0
2023 250  9  7 0500  -34.8  973.6   11.2  214.0   78.0  444.0
2023 250  9  7 0600  -34.5  973.5   10.8  225.0   78.0  444.0
2023 250  9  7 0700  -34.2  973.3   12.6  222.0   78.3  444.0
2023 250  9  7 0800  -34.7  973.7   12.0  223.0   77.0  444.0
2023 250  9  7 0900  -34.7  973.9   13.2  226.0   78.0  444.0
2023 250  9  7 1000  -34.1  974.7   13.6  226.0   78.0  444.0
2023 250  9  7 1100  -34.8  974.9   11.3  229.0   77.0  444.0
2023 250  9  7 1200  -34.3  975.1   14.2  235.0   78.0  444.0
2023 250  9  7 1300  -33.5  975.6   13.4  229.0   78.0  444.0
2023 250  9  7 1400  -34.2  976.4   11.9  231.0   77.0  444.0
2023 250  9  7 1500  -34.2  976.7   14.6  234.0   77.0  444.0
2023 250  9  7 1600  -35.8  978.2   10.9  223.0   76.0  444.0
2023 250  9  7 1700  -34.6  979.2   10.0  225.0   77.0  444.0
2023 250  9  7 1800  -33.8  979.9    8.3  224.0   78.0  444.0
2023 250  9  7 1900  -33.0  980.5    7.0  218.0   79.0  444.0
2023 250  9  7 2000  -34.5  981.4    5.7  143.0   77.0  444.0
2023 250  9  7 2100  -35.5  982.0    9.2  118.0   76.0  444.0
2023 250  9  7 2200  -38.8  983.1    9.6   97.0   73.0  444.0
2023 250  9  7 2300  -41.4  984.2    9.7   92.0   70.7  444.0
2023 251  9  8 0000  -42.2  985.3   10.7   91.0   70.0  444.0
2023 251  9  8 0100  -40.2  986.2    9.8   95.0   72.0  444.0
2023 251  9  8 0200  -39.6  987.0    8.9  103.0   72.0  444.0
2023 251  9  8 0300  -37.5  987.3    9.2  111.0   75.0  444.0
2023 251  9  8 0400  -35.4  987.0    7.3  111.0   77.0  444.0
2023 251  9  8 0500  -33.6  986.2    7.1  130.0   79.0  444.0
2023 251  9  8 0600  -31.7  985.7    9.2  105.0   81.0  444.0
2023 251  9  8 0700  -31.4  986.3   10.5   92.0   81.2  444.0
2023 251  9  8 0800  -29.6  985.3    8.4  129.0   84.0  444.0
2023 251  9  8 0900  -26.3  984.5   10.1  136.0   89.0  444.0
2023 251  9  8 1000  -24.0  983.3   11.1  124.0   93.0  444.0
2023 251  9  8 1100  -22.5  982.5   11.0  128.0   94.0  444.0
2023 251  9  8 1200  -20.9  981.8   11.9  128.0   97.0  444.0
2023 251  9  8 1300  -20.2  980.9   11.7  116.0   98.0  444.0
2023 251  9  8 1400  -19.7  980.5   12.2  106.0  100.0  444.0
2023 251  9  8 1500  -18.8  979.8   12.0  118.0   99.9  444.0
2023 251  9  8 1600  -18.4  978.7   15.0  101.0  100.0  444.0
2023 251  9  8 1700  -18.2  978.4   13.7  109.0  100.0  444.0
2023 251  9  8 1800  -18.2  978.0   13.3   96.0  100.0  444.0
2023 251  9  8 1900  -18.4  978.3    9.3  108.0  100.0  444.0
2023 251  9  8 2000  -17.0  977.5   11.8  101.0  100.0  444.0
2023 251  9  8 2100  -20.0  977.8    9.0   81.0   98.6  444.0
2023 251  9  8 2200  -20.5  978.1   10.6   83.0   98.0  444.0
2023 251  9  8 2300  -20.2  978.6   10.3   87.0   99.0  444.0
2023 252  9  9 0000  -19.9  978.8   11.0   87.0   99.0  444.0
2023 252  9  9 0100  -19.5  979.6   10.6   76.0   99.0  444.0
2023 252  9  9 0200  -19.5  980.5    9.1   83.0   99.0  444.0
2023 252  9  9 0300  -19.4  981.4    8.3  100.0  100.0  444.0
2023 252  9  9 0400  -19.5  982.1    9.0   89.0   99.0  444.0
2023 252  9  9 0500  -19.5  982.9    7.5  101.0  100.0  444.0
2023 252  9  9 0600  -19.1  983.6    7.5  110.0  100.0  444.0
2023 252  9  9 0700  -18.8  984.3    7.3  106.0  100.0  444.0
2023 252  9  9 0800  -18.2  985.4    6.7  119.0   99.9  444.0
2023 252  9  9 0900  -18.0  986.3    6.6  114.0  100.0  444.0
2023 252  9  9 1000  -18.1  987.3    6.8  117.0  100.1  444.0
2023 252  9  9 1100  -18.5  988.3    6.6  124.0  100.0  444.0
2023 252  9  9 1200  -18.1  989.0    7.6  130.0  100.0  444.0
2023 252  9  9 1300  -17.1  989.6    8.3  118.0  100.0  444.0
2023 252  9  9 1400  -17.8  990.5    7.1  103.0  100.0  444.0
2023 252  9  9 1500  -19.1  991.4    5.8  117.0  100.0  444.0
2023 252  9  9 1600  -18.7  992.2    6.6  108.0  100.0  444.0
2023 252  9  9 1700  -19.6  993.1    5.3  122.0  100.0  444.0
2023 252  9  9 1800  -19.1  993.6    5.6  126.0  100.0  444.0
2023 252  9  9 1900  -19.1  994.3    5.7  129.0  100.0  444.0
2023 252  9  9 2000  -18.2  995.0    6.0  127.0  100.0  444.0
2023 252  9  9 2100  -17.6  995.5    6.1  120.0  100.0  444.0
2023 252  9  9 2200  -17.5  996.0    6.1  110.0  100.0  444.0
2023 252  9  9 2300  -18.0  996.7    6.6  122.0  100.0  444.0
2023 253  9 10 0000  -17.6  997.0    6.3  116.0  100.0  444.0
2023 253  9 10 0100  -17.8  997.4    6.2  132.0  100.0  444.0
2023 253  9 10 0200  -17.5  997.5    6.5  130.0  100.0  444.0
2023 253  9 10 0300  -17.6  997.6    5.5  120.0  100.0  444.0
2023 253  9 10 0400  -19.1  997.5    5.4  125.0   99.0  444.0
2023 253  9 10 0500  -20.6  997.6    4.4  139.0   99.0  444.0
2023 253  9 10 0600  -18.3  997.3    5.9  119.0  100.0  444.0
2023 253  9 10 0700  -17.9  997.0    6.1  108.0  100.0  444.0
2023 253  9 10 0800  -17.9  996.8    5.8  109.0  100.0  444.0
2023 253  9 10 0900  -18.2  997.0    5.7  136.0  100.0  444.0
2023 253  9 10 1000  -18.5  996.5    5.8  144.0  100.0  444.0
2023 253  9 10 1100  -18.8  995.7    6.5  162.0  100.0  444.0
2023 253  9 10 1200  -18.9  995.5    6.2  154.0  100.0  444.0
2023 253  9 10 1300  -18.9  994.1    6.0  166.0   98.8  444.0
2023 253  9 10 1400  -19.2  993.1    5.4  166.0   99.0  444.0
2023 253  9 10 1500  -19.3  992.0    5.5  164.0   97.0  444.0
2023 253  9 10 1600  -19.5  991.2    4.6  201.0   97.0  444.0
2023 253  9 10 1700  -18.7  989.3    7.8  198.0   98.0  444.0
2023 253  9 10 1800  -18.6  987.7    9.1  199.0  100.1  444.0
2023 253  9 10 1900  -17.8  986.5    6.8  186.0  100.0  444.0
2023 253  9 10 2000  -16.0  985.0    9.4  148.0  100.0  444.0
2023 253  9 10 2100  -15.3  984.8    6.3  152.0  100.0  444.0
2023 253  9 10 2200  -15.6  983.8    8.7  181.0  100.0  444.0
2023 253  9 10 2300  -16.0  983.0    7.2  112.0   99.9  444.0
2023 254  9 11 0000  -19.7  983.0    8.6  124.0   96.0  444.0
2023 254  9 11 0100  -20.3  982.9    7.4   89.0   97.0  444.0
2023 254  9 11 0200  -22.4  983.5    9.8   68.0   91.8  444.0
2023 254  9 11 0300  -23.4  984.0    8.4   84.0   91.0  444.0
2023 254  9 11 0400  -23.9  984.4    9.1   91.0   89.6  444.0
2023 254  9 11 0500  -24.1  984.8    7.9   98.0   89.0  444.0
2023 254  9 11 0600  -24.1  985.0    7.5   84.0   90.0  444.0
2023 254  9 11 0700  -23.8  985.2    4.4   86.0   90.0  444.0
2023 254  9 11 0800  -22.6  985.0    5.1  110.0   93.2  444.0
2023 254  9 11 0900  -21.5  985.1    6.2  121.0   94.6  444.0
2023 254  9 11 1000  -20.4  985.0    5.4  116.0   97.0  444.0
2023 254  9 11 1100  -19.1  984.5    3.9  124.0  100.0  444.0
2023 254  9 11 1200  -18.4  984.5    2.8  141.0  100.0  444.0
2023 254  9 11 1300  -18.6  984.5    2.5  168.0  100.0  444.0
2023 254  9 11 1400  -19.4  984.4    2.4  163.0  100.0  444.0
2023 254  9 11 1500  -18.9  984.2    1.9  159.0  100.0  444.0
2023 254  9 11 1600  -18.1  984.1    1.3  170.0  100.0  444.0
2023 254  9 11 1700  444.0  984.7    0.8  240.0   99.0  444.0
2023 254  9 11 1800  444.0  985.3    0.9  240.0  100.0  444.0
2023 254  9 11 1900  -19.1  986.0    1.1  160.0   99.0  444.0
2023 254  9 11 2000  -18.6  986.5    2.8   76.0  100.0  444.0
2023 254  9 11 2100  -18.6  987.3    2.1  148.0  100.0  444.0
2023 254  9 11 2200  -17.2  987.8    2.8   90.0  100.0  444.0
2023 254  9 11 2300  -17.5  988.4    3.3   55.0  100.0  444.0
2023 255  9 12 0000  -18.8  989.4    2.3   49.0  100.0  444.0
2023 255  9 12 0100  -19.9  989.8    3.2   94.0   98.0  444.0
2023 255  9 12 0200  -20.2  990.4    3.9   63.0   99.0  444.0
2023 255  9 12 0300  -19.8  991.2    3.5   88.0   99.0  444.0
2023 255  9 12 0400  -20.1  991.7    5.6  112.0   98.0  444.0
2023 255  9 12 0500  -21.4  991.6    7.0  101.0   96.0  444.0
2023 255  9 12 0600  -21.8  991.5    6.4  113.0   96.0  444.0
2023 255  9 12 0700  -20.8  992.0    5.7  102.0   97.0  444.0
2023 255  9 12 0800  -23.2  991.9    5.9  139.0   91.0  444.0
2023 255  9 12 0900  -20.9  992.2    7.1  131.0   98.0  444.0
2023 255  9 12 1000  -19.8  991.8    6.8  133.0  100.0  444.0
2023 255  9 12 1100  -19.4  991.4    6.8  136.0   99.8  444.0
2023 255  9 12 1200  -19.8  990.9    6.9  140.0   99.0  444.0
2023 255  9 12 1300  -19.7  991.1    7.1  110.0   99.0  444.0
2023 255  9 12 1400  -20.2  990.9    6.4  119.0   98.5  444.0
2023 255  9 12 1500  -20.6  990.8    7.8  117.0   98.0  444.0
2023 255  9 12 1600  -20.5  991.0    7.3  136.0   98.0  444.0
2023 255  9 12 1700  -20.0  991.3    9.3  134.0   99.0  444.0
2023 255  9 12 1800  -21.4  991.5   10.4  139.0   96.0  444.0
2023 255  9 12 1900  -21.9  991.7   11.1  143.0   95.5  444.0
2023 255  9 12 2000  -22.3  991.6   11.7  142.0   95.0  444.0
2023 255  9 12 2100  -22.0  991.4   12.1  138.0   96.0  444.0
2023 255  9 12 2200  -21.9  991.3   11.7  136.0   95.0  444.0
2023 255  9 12 2300  -20.9  991.2   10.3  136.0   98.0  444.0
2023 256  9 13 0000  -19.3  991.3   10.7  137.0   99.2  444.0
2023 256  9 13 0100  -18.4  991.1   10.6  134.0  100.0  444.0
2023 256  9 13 0200  -16.0  990.3   11.8  122.0  100.0  444.0
2023 256  9 13 0300  -15.2  990.1   13.4  108.0  100.0  444.0
2023 256  9 13 0400  -14.6  990.2   14.2  107.0  100.0  444.0
2023 256  9 13 0500  -14.4  990.7   13.3  105.0  100.1  444.0
2023 256  9 13 0600  -13.8  991.3   13.4   98.0  100.1  444.0
2023 256  9 13 0700  -13.1  992.1   13.0   97.0  100.0  444.0
2023 256  9 13 0800  -12.7  992.9   12.3  102.0  100.0  444.0
2023 256  9 13 0900  -12.6  993.1   11.6  104.0  100.0  444.0
2023 256  9 13 1000  -13.0  993.8   10.8   98.0  100.0  444.0
2023 256  9 13 1100  -13.0  994.5   10.1  102.0  100.0  444.0
2023 256  9 13 1200  -12.9  995.0   11.1  102.0  100.0  444.0
2023 256  9 13 1300  -13.1  995.5   10.2  123.0  100.0  444.0
2023 256  9 13 1400  -12.5  995.8   10.0  126.0  100.0  444.0
2023 256  9 13 1500  -12.3  995.7    9.2  125.0  100.1  444.0
2023 256  9 13 1600  -12.2  995.7    8.6  127.0  100.0  444.0
2023 256  9 13 1700  -14.2  995.6    7.4  148.0  100.0  444.0
2023 256  9 13 1800  -14.9  995.4    8.1  146.0   98.0  444.0
2023 256  9 13 1900  -15.1  995.3    7.8  149.0   97.0  444.0
2023 256  9 13 2000  -16.0  995.3    7.5  151.0   95.0  444.0
2023 256  9 13 2100  -16.5  994.9    8.7  153.0   97.0  444.0
2023 256  9 13 2200  -17.7  994.7    7.7  154.0   94.0  444.0
2023 256  9 13 2300  -18.4  994.2    7.7  155.0   93.0  444.0
2023 257  9 14 0000  -19.1  994.0    9.8  167.0   94.0  444.0
2023 257  9 14 0100  -19.6  993.0   10.2  163.0   94.0  444.0
2023 257  9 14 0200  -20.6  991.9    6.8  185.0   93.0  444.0
2023 257  9 14 0300  -21.7  990.2    6.7  194.0   93.0  444.0
2023 257  9 14 0400  -23.8  989.8    6.3  157.0   91.0  444.0
2023 257  9 14 0500  -22.3  988.9    8.2  151.0   92.2  444.0
2023 257  9 14 0600  -23.3  988.5    5.9  170.0   93.0  444.0
2023 257  9 14 0700  -22.9  987.5   10.3  171.0   93.0  444.0
2023 257  9 14 0800  -23.4  987.4   10.4  178.0   91.0  444.0
2023 257  9 14 0900  -24.4  986.1    7.8  183.0   91.0  444.0
2023 257  9 14 1000  -27.3  985.7    6.5  110.0   86.0  444.0
2023 257  9 14 1100  -29.6  986.7    5.8  128.0   83.0  444.0
2023 257  9 14 1200  -29.4  987.4    5.6  151.0   84.0  444.0
2023 257  9 14 1300  -28.8  987.7    6.4  147.0   85.0  444.0
2023 257  9 14 1400  -28.7  988.1    5.0  165.0   85.0  444.0
2023 257  9 14 1500  -29.0  988.5    5.6  167.0   85.0  444.0
2023 257  9 14 1600  -28.2  988.9    5.2  151.0   84.1  444.0
2023 257  9 14 1700  -25.5  989.2    6.3  160.0   90.0  444.0
2023 257  9 14 1800  -27.8  989.3    4.9  155.0   85.0  444.0
2023 257  9 14 1900  -30.0  989.1    3.1  123.0   83.0  444.0
2023 257  9 14 2000  -30.3  988.9    4.3  208.0   84.0  444.0
2023 257  9 14 2100  -29.7  988.9    4.9  167.0   84.0  444.0
2023 257  9 14 2200  -29.8  989.5    5.2  124.0   81.0  444.0
2023 257  9 14 2300  -28.8  989.3    3.5  144.0   81.0  444.0
2023 258  9 15 0000  -30.2  988.7    4.1  172.0   81.0  444.0
2023 258  9 15 0100  -28.5  988.3    4.2  171.0   83.0  444.0
2023 258  9 15 0200  -27.7  987.5    3.8  180.0   82.0  444.0
2023 258  9 15 0300  -27.9  986.7    4.6  182.0   84.0  444.0
2023 258  9 15 0400  -21.3  985.6    9.3  158.0   93.0  444.0
2023 258  9 15 0500  -21.3  985.0    7.5  167.0   89.0  444.0
2023 258  9 15 0600  -21.7  983.3   10.9  188.0   92.0  444.0
2023 258  9 15 0700  -22.7  982.7    6.5  176.0   90.6  444.0
2023 258  9 15 0800  -23.9  982.0    5.8  185.0   92.0  444.0
2023 258  9 15 0900  -25.4  981.6    4.3  178.0   90.0  444.0
2023 258  9 15 1000  -26.3  980.2    4.3  188.0   88.0  444.0
2023 258  9 15 1100  -25.3  979.4    6.3  179.0   88.0  444.0
2023 258  9 15 1200  -29.6  979.2    3.9  198.0   79.2  444.0
2023 258  9 15 1300  -30.1  978.3    4.7  197.0   85.0  444.0
2023 258  9 15 1400  -30.4  977.4    5.3  188.0   83.0  444.0
2023 258  9 15 1500  -29.5  976.9    5.0  190.0   83.0  444.0
2023 258  9 15 1600  -28.1  976.3    5.8  204.0   86.0  444.0
2023 258  9 15 1700  -28.0  975.8    5.5  175.0   85.0  444.0
2023 258  9 15 1800  -30.1  974.9    4.5  216.0   83.0  444.0
2023 258  9 15 1900  -32.3  974.6    1.8  161.0   80.0  444.0
2023 258  9 15 2000  -35.1  974.6    3.5  183.0   77.0  444.0
2023 258  9 15 2100  -35.7  974.8    3.0  131.0   75.0  444.0
2023 258  9 15 2200  -35.1  974.5    3.4  188.0   76.0  444.0
2023 258  9 15 2300  -30.3  974.0    5.3  134.0   80.0  444.0
2023 259  9 16 0000  -30.4  973.7    5.1  153.0   78.0  444.0
2023 259  9 16 0100  -28.6  973.1    7.2  144.0   82.0  444.0
2023 259  9 16 0200  -25.6  973.3    7.6  162.0   90.0  444.0
2023 259  9 16 0300  -22.6  972.3   10.9  156.0   90.0  444.0
2023 259  9 16 0400  -20.5  972.2   11.1  160.0   95.0  444.0
2023 259  9 16 0500  -19.5  971.9   12.0  160.0   97.5  444.0
2023 259  9 16 0600  -19.1  971.0   13.1  158.0   97.0  444.0
2023 259  9 16 0700  -19.1  970.7   11.6  154.0   96.0  444.0
2023 259  9 16 0800  -19.2  971.1    9.6  157.0   94.0  444.0
2023 259  9 16 0900  -19.2  971.8    7.6  147.0   92.0  444.0
2023 259  9 16 1000  -18.6  971.5    7.7  156.0   88.1  444.0
2023 259  9 16 1100  -18.7  971.4    9.2  167.0   93.0  444.0
2023 259  9 16 1200  -18.8  972.3   10.0  143.0   95.0  444.0
2023 259  9 16 1300  -19.2  971.8   10.8  158.0   98.0  444.0
2023 259  9 16 1400  -19.9  971.4   12.6  154.0   96.0  444.0
2023 259  9 16 1500  -19.6  971.9   13.4  134.0   96.3  444.0
2023 259  9 16 1600  -20.5  971.2   11.8  144.0   95.0  444.0
2023 259  9 16 1700  -20.3  970.5   10.9  158.0   94.0  444.0
2023 259  9 16 1800  -17.8  969.5   13.3  148.0  100.0  444.0
2023 259  9 16 1900  -14.5  969.3   12.9  119.0  100.0  444.0
2023 259  9 16 2000  -13.5  968.9   12.9  101.0  100.0  444.0
2023 259  9 16 2100  -13.5  969.7   11.1   98.0  100.0  444.0
2023 259  9 16 2200  -14.1  970.3    9.1  120.0  100.0  444.0
2023 259  9 16 2300  -13.4  969.8   12.3  106.0  100.0  444.0
2023 260  9 17 0000  -13.0  970.0   11.6  104.0  100.0  444.0
2023 260  9 17 0100  -13.2  969.7   10.6  120.0  100.0  444.0
2023 260  9 17 0200  -15.4  969.6   11.4  142.0  100.0  444.0
2023 260  9 17 0300  -17.1  969.4   10.8  162.0  100.0  444.0
2023 260  9 17 0400  -18.7  969.0   12.1  173.0   99.0  444.0
2023 260  9 17 0500  -19.9  967.9   11.7  173.0   95.9  444.0
2023 260  9 17 0600  -21.5  966.3   13.0  175.0   92.0  444.0
2023 260  9 17 0700  -20.7  965.2   14.7  177.0   94.0  444.0
2023 260  9 17 0800  -19.9  964.0   15.6  172.0   95.8  444.0
2023 260  9 17 0900  -20.8  963.4   15.1  183.0   94.0  444.0
2023 260  9 17 1000  -21.4  962.4   15.2  185.0   93.0  444.0
2023 260  9 17 1100  -21.2  961.8   14.2  187.0   94.0  444.0
2023 260  9 17 1200  -21.3  961.5   14.2  183.0   93.0  444.0
2023 260  9 17 1300  -21.6  961.3   12.4  189.0   89.2  444.0
2023 260  9 17 1400  -21.9  961.0   10.9  200.0   91.0  444.0
2023 260  9 17 1500  -22.6  962.0    7.5  212.0   86.0  444.0
2023 260  9 17 1600  -21.6  962.0    8.9  190.0   80.0  444.0
2023 260  9 17 1700  -21.4  961.5    7.8  206.0   77.0  444.0
2023 260  9 17 1800  -22.7  961.7    5.9  180.0   89.4  444.0
2023 260  9 17 1900  -25.0  962.5    5.9  141.0   89.0  444.0
2023 260  9 17 2000  -24.2  963.5    6.4  142.0   87.0  444.0
2023 260  9 17 2100  -22.0  963.8    7.6  158.0   86.0  444.0
2023 260  9 17 2200  -21.3  964.1    8.8  158.0   90.0  444.0
2023 260  9 17 2300  -19.8  963.9   10.0  175.0   89.9  444.0
2023 261  9 18 0000  -19.4  964.5   10.4  158.0   92.0  444.0
2023 261  9 18 0100  -19.1  964.9   11.1  148.0   92.0  444.0
2023 261  9 18 0200  -19.1  965.3   10.2  150.0   93.0  444.0
2023 261  9 18 0300  -18.9  965.5   11.5  153.0   96.0  444.0
2023 261  9 18 0400  -18.9  966.2   10.8  158.0   96.0  444.0
2023 261  9 18 0500  -19.4  966.5   10.5  154.0   95.9  444.0
2023 261  9 18 0600  -18.9  966.8   11.4  150.0   97.9  444.0
2023 261  9 18 0700  -18.6  967.4   10.6  151.0   98.0  444.0
2023 261  9 18 0800  -18.2  968.0   10.9  152.0  100.0  444.0
2023 261  9 18 0900  -17.6  968.3   10.6  153.0   99.9  444.0
2023 261  9 18 1000  -17.3  969.0   10.4  152.0  100.0  444.0
2023 261  9 18 1100  -18.5  969.5   10.4  159.0  100.1  444.0
2023 261  9 18 1200  -18.0  969.6   10.9  154.0  100.0  444.0
2023 261  9 18 1300  -17.6  970.0   10.3  155.0  100.0  444.0
2023 261  9 18 1400  -16.7  970.2    9.3  144.0  100.1  444.0
2023 261  9 18 1500  -14.0  970.8    9.4  133.0  100.0  444.0
2023 261  9 18 1600  -14.1  971.4    9.1  135.0  100.0  444.0
2023 261  9 18 1700  -14.2  971.7    8.4  133.0  100.0  444.0
2023 261  9 18 1800  -14.3  972.1    9.8  116.0  100.0  444.0
2023 261  9 18 1900  -14.7  972.5    9.5  106.0  100.0  444.0
2023 261  9 18 2000  -15.3  973.3    7.5   99.0  100.0  444.0
2023 261  9 18 2100  -16.3  973.7    5.6   96.0  100.0  444.0
2023 261  9 18 2200  -17.5  974.1    6.9   89.0  100.0  444.0
2023 261  9 18 2300  -17.2  974.8    6.7  147.0  100.0  444.0
2023 262  9 19 0000  -16.3  974.7    5.0  136.0  100.0  444.0
2023 262  9 19 0100  -15.8  974.4    7.8  131.0  100.0  444.0
2023 262  9 19 0200  -16.9  974.2   10.1  143.0  100.0  444.0
2023 262  9 19 0300  -15.3  974.2    9.1  106.0  100.1  444.0
2023 262  9 19 0400  -18.6  974.3   10.4  134.0   98.0  444.0
2023 262  9 19 0500  -17.3  973.8    8.8  130.0  100.0  444.0
2023 262  9 19 0600  -19.5  973.9    8.8  152.0   99.0  444.0
2023 262  9 19 0700  -20.0  973.8   10.6  159.0   98.1  444.0
2023 262  9 19 0800  -19.6  973.5    8.2  153.0   99.2  444.0
2023 262  9 19 0900  -19.5  972.9    8.0  164.0   99.0  444.0
2023 262  9 19 1000  -20.5  972.5    8.2  171.0   96.0  444.0
2023 262  9 19 1100  -21.8  971.9    7.5  180.0   90.0  444.0
2023 262  9 19 1200  -21.8  971.4    7.6  189.0   90.0  444.0
2023 262  9 19 1300  -21.9  970.7    8.3  195.0   88.0  444.0
2023 262  9 19 1400  -21.1  970.2   10.3  197.0   88.0  444.0
2023 262  9 19 1500  -21.0  969.5   11.6  188.0   92.0  444.0
2023 262  9 19 1600  -21.0  969.2   10.8  174.0   89.0  444.0
2023 262  9 19 1700  -21.3  968.6   10.1  174.0   90.0  444.0
2023 262  9 19 1800  -20.8  967.7   13.1  174.0   91.9  444.0
2023 262  9 19 1900  -22.6  967.3   12.0  169.0   91.0  444.0
2023 262  9 19 2000  -24.3  967.1    6.5  173.0   90.0  444.0
2023 262  9 19 2100  -25.8  967.5    9.8  133.0   85.0  444.0
2023 262  9 19 2200  -25.7  967.8    8.1  148.0   85.0  444.0
2023 262  9 19 2300  -24.2  967.8    8.0  163.0   87.4  444.0
2023 263  9 20 0000  -22.7  967.2    9.0  168.0   90.0  444.0
2023 263  9 20 0100  -22.1  966.4    9.6  170.0   91.0  444.0
2023 263  9 20 0200  -22.2  965.8    9.1  170.0   90.0  444.0
2023 263  9 20 0300  -22.8  965.3   10.1  168.0   91.0  444.0
2023 263  9 20 0400  -22.1  965.0   10.3  168.0   91.3  444.0
2023 263  9 20 0500  -21.7  964.3   10.8  181.0   90.0  444.0
2023 263  9 20 0600  -22.2  963.4   10.8  188.0   88.5  444.0
2023 263  9 20 0700  -21.5  962.7    9.6  188.0   94.0  444.0
2023 263  9 20 0800  -20.1  962.4    7.1  189.0   94.0  444.0
2023 263  9 20 0900  -18.2  962.0    8.0  148.0  100.1  444.0
2023 263  9 20 1000  -17.9  962.1    6.8  146.0  100.0  444.0
2023 263  9 20 1100  -17.5  962.0    4.8  135.0  100.0  444.0
2023 263  9 20 1200  -17.5  961.7    3.7  171.0  100.0  444.0
2023 263  9 20 1300  -15.7  961.2    5.2  152.0  100.0  444.0
2023 263  9 20 1400  -14.4  960.4    6.2  155.0  100.0  444.0
2023 263  9 20 1500  -12.7  960.2    6.6  145.0  100.0  444.0
2023 263  9 20 1600  -12.4  960.1    6.6  139.0  100.0  444.0
2023 263  9 20 1700  -10.8  959.8    7.4  130.0  100.0  444.0
2023 263  9 20 1800  -10.2  959.4    8.3  135.0  100.0  444.0
2023 263  9 20 1900   -9.9  959.7    8.6  126.0  100.0  444.0
2023 263  9 20 2000  -10.4  959.7    9.1  140.0  100.0  444.0
2023 263  9 20 2100  -11.6  959.5    8.8  146.0  100.0  444.0
2023 263  9 20 2200  -11.9  959.7    9.5  154.0  100.0  444.0
2023 263  9 20 2300  -11.7  960.1    9.1  152.0  100.0  444.0
2023 264  9 21 0000  -11.1  960.0    9.5  151.0  100.0  444.0
2023 264  9 21 0100  -10.6  960.1    9.1  140.0  100.0  444.0
2023 264  9 21 0200  -10.1  960.3    7.7  145.0  100.0  444.0
2023 264  9 21 0300   -9.3  960.1    8.9  132.0  100.0  444.0
2023 264  9 21 0400   -9.2  960.3    9.8  127.0  100.0  444.0
2023 264  9 21 0500   -8.6  960.4   11.9  124.0  100.0  444.0
2023 264  9 21 0600   -8.2  960.2   12.5  125.0  100.0  444.0
2023 264  9 21 0700   -8.1  959.8   14.2  111.0  100.0  444.0
2023 264  9 21 0800   -8.5  959.6   12.8  109.0  100.0  444.0
2023 264  9 21 0900  -10.1  960.3   12.3   83.0  100.0  444.0
2023 264  9 21 1000  -11.8  962.1   10.8   73.0  100.0  444.0
2023 264  9 21 1100  -16.1  965.5   13.0   54.0  100.0  444.0
2023 264  9 21 1200  -15.1  968.5   11.4   67.0  100.0  444.0
2023 264  9 21 1300  -14.2  970.4   11.1   77.0  100.0  444.0
2023 264  9 21 1400  -13.8  972.4    9.7   82.0  100.0  444.0
2023 264  9 21 1500  -13.5  973.5    8.4   92.0  100.0  444.0
2023 264  9 21 1600  -13.4  973.8    9.6  100.0  100.0  444.0
2023 264  9 21 1700  -13.5  974.2    7.9  106.0  100.0  444.0
2023 264  9 21 1800  -14.0  974.2    8.5  103.0  100.0  444.0
2023 264  9 21 1900  -14.1  974.1    7.7  102.0  100.0  444.0
2023 264  9 21 2000  -13.9  974.2    8.9  110.0  100.0  444.0
2023 264  9 21 2100  -13.8  974.2   10.1  115.0  100.0  444.0
2023 264  9 21 2200  -14.1  974.1    7.7  120.0  100.0  444.0
2023 264  9 21 2300  -15.4  974.1    7.8  128.0  100.2  444.0
2023 265  9 22 0000  -16.0  973.4    7.4  129.0  100.0  444.0
2023 265  9 22 0100  -16.6  973.1    7.5  118.0   98.0  444.0
2023 265  9 22 0200  -18.5  973.0    5.6  127.0   93.0  444.0
2023 265  9 22 0300  -18.4  972.4    4.7  144.0   83.0  444.0
2023 265  9 22 0400  -19.3  971.8    6.3  161.0   94.0  444.0
2023 265  9 22 0500  -20.1  971.1    5.6  143.0   89.0  444.0
2023 265  9 22 0600  -21.5  970.7    5.4  140.0   92.0  444.0
2023 265  9 22 0700  -22.0  970.1    6.6  166.0   87.0  444.0
2023 265  9 22 0800  -22.0  969.9    7.5  166.0   89.0  444.0
2023 265  9 22 0900  -21.4  969.8    8.0  174.0   86.0  444.0
2023 265  9 22 1000  -19.8  968.8   10.7  172.0   88.8  444.0
2023 265  9 22 1100  -20.5  968.6    8.5  177.0   91.0  444.0
2023 265  9 22 1200  -21.5  968.8    6.8  178.0   91.0  444.0
2023 265  9 22 1300  -21.0  968.6    8.8  194.0   92.0  444.0
2023 265  9 22 1400  -19.9  968.3   10.4  198.0   88.0  444.0
2023 265  9 22 1500  -22.5  967.9    7.7  216.0   85.0  444.0
2023 265  9 22 1600  -23.5  967.7    7.2  212.0   86.3  444.0
2023 265  9 22 1700  -23.3  967.9    6.9  211.0   85.0  444.0
2023 265  9 22 1800  -22.7  968.4    5.7  209.0   82.0  444.0
2023 265  9 22 1900  -22.8  968.1    5.6  212.0   81.0  444.0
2023 265  9 22 2000  -24.5  968.8    4.0  203.0   83.0  444.0
2023 265  9 22 2100  -24.3  968.9    4.4  197.0   86.2  444.0
2023 265  9 22 2200  -22.8  969.2    5.6  195.0   83.0  444.0
2023 265  9 22 2300  -21.7  969.6    5.4  197.0   82.0  444.0
2023 266  9 23 0000  -22.9  969.8    5.1  211.0   79.0  444.0
2023 266  9 23 0100  -21.4  970.1    6.2  212.0   78.0  444.0
2023 266  9 23 0200  -24.6  969.9    4.2  235.0   83.0  444.0
2023 266  9 23 0300  -22.9  969.5    5.8  258.0   83.0  444.0
2023 266  9 23 0400  -22.4  969.7    3.5  249.0   86.0  444.0
2023 266  9 23 0500  -22.1  969.8    5.4  237.0   88.0  444.0
2023 266  9 23 0600  -24.5  970.3    5.8  202.0   86.0  444.0
2023 266  9 23 0700  -24.3  970.3    4.9  216.0   88.0  444.0
2023 266  9 23 0800  -23.3  970.7    8.0  223.0   85.0  444.0
2023 266  9 23 0900  -22.5  970.4    8.8  231.0   88.9  444.0
2023 266  9 23 1000  -23.6  970.1    8.4  223.0   90.0  444.0
2023 266  9 23 1100  -23.5  970.7    6.1  207.0   85.0  444.0
2023 266  9 23 1200  -24.3  970.5    7.0  216.0   80.0  444.0
2023 266  9 23 1300  -22.8  970.3    6.8  212.0   74.0  444.0
2023 266  9 23 1400  -23.1  970.2    7.2  196.0   83.0  444.0
2023 266  9 23 1500  -22.9  970.2    6.6  186.0   81.0  444.0
2023 266  9 23 1600  -23.0  970.7    5.7  196.0   83.0  444.0
2023 266  9 23 1700  -23.1  970.4    6.4  213.0   80.0  444.0
2023 266  9 23 1800  -24.4  970.8    5.4  216.0   78.0  444.0
2023 266  9 23 1900  -25.7  971.0    5.9  209.0   83.0  444.0
2023 266  9 23 2000  -27.5  971.4    3.5  204.0   84.0  444.0
2023 266  9 23 2100  -26.3  971.8    4.1  214.0   82.0  444.0
2023 266  9 23 2200  -24.1  972.0    6.5  229.0   75.0  444.0
2023 266  9 23 2300  -22.2  971.8    7.4  218.0   74.0  444.0
2023 267  9 24 0000  -23.8  971.9    5.0  213.0   74.0  444.0
2023 267  9 24 0100  -23.6  971.6    6.4  214.0   75.0  444.0
2023 267  9 24 0200  -22.1  971.5    8.0  212.0   81.0  444.0
2023 267  9 24 0300  -22.0  971.3   10.4  189.0   88.8  444.0
2023 267  9 24 0400  -23.6  971.4    8.0  183.0   82.0  444.0
2023 267  9 24 0500  -24.9  971.6    7.4  169.0   80.0  444.0
2023 267  9 24 0600  -26.4  971.7    9.1  150.0   84.0  444.0
2023 267  9 24 0700  -27.8  972.4    8.6  126.0   85.0  444.0
2023 267  9 24 0800  -25.8  972.8    9.1  129.0   87.8  444.0
2023 267  9 24 0900  -22.8  973.4    8.7  143.0   87.0  444.0
2023 267  9 24 1000  -22.6  973.9   10.7  152.0   91.0  444.0
2023 267  9 24 1100  -23.6  973.8   11.2  156.0   91.0  444.0
2023 267  9 24 1200  -24.0  973.6   12.0  160.0   91.0  444.0
2023 267  9 24 1300  -24.4  973.5   12.1  159.0   86.0  444.0
2023 267  9 24 1400  -24.1  973.5   13.1  164.0   86.5  444.0
2023 267  9 24 1500  -25.1  973.3   12.0  167.0   87.0  444.0
2023 267  9 24 1600  -24.8  973.1   11.9  176.0   87.0  444.0
2023 267  9 24 1700  -24.2  972.4   13.2  169.0   89.0  444.0
2023 267  9 24 1800  -24.3  972.6   12.7  173.0   91.0  444.0
2023 267  9 24 1900  -24.9  972.3   12.2  181.0   90.3  444.0
2023 267  9 24 2000  -24.8  972.0   11.4  178.0   91.0  444.0
2023 267  9 24 2100  -24.4  971.5   10.9  180.0   91.0  444.0
2023 267  9 24 2200  -23.7  972.1    6.7  126.0   89.0  444.0
2023 267  9 24 2300  -23.4  972.4    9.2  174.0   87.0  444.0
2023 268  9 25 0000  -22.7  972.1    9.7  179.0   88.0  444.0
2023 268  9 25 0100  -21.7  972.1    8.8  182.0   88.0  444.0
2023 268  9 25 0200  -22.3  971.5    7.9  174.0   89.0  444.0
2023 268  9 25 0300  -22.1  970.9    8.3  154.0   86.0  444.0
2023 268  9 25 0400  -21.0  971.0    9.4  143.0   87.0  444.0
2023 268  9 25 0500  -20.7  970.6   10.2  154.0   87.0  444.0
2023 268  9 25 0600  -19.5  970.8    9.1  144.0   83.0  444.0
2023 268  9 25 0700  -20.2  970.7   11.2  145.0   88.0  444.0
2023 268  9 25 0800  -20.7  971.2    9.9  139.0   89.0  444.0
2023 268  9 25 0900  -21.2  971.5    9.3  136.0   89.0  444.0
2023 268  9 25 1000  -21.1  971.4    7.8  131.0   82.1  444.0
2023 268  9 25 1100  -21.5  971.4    8.5  152.0   89.0  444.0
2023 268  9 25 1200  -21.4  971.4    9.9  153.0   89.0  444.0
2023 268  9 25 1300  -21.3  972.0    9.0  141.0   88.0  444.0
2023 268  9 25 1400  -21.8  972.3    8.3  140.0   88.0  444.0
2023 268  9 25 1500  -22.4  973.1    8.8  145.0   89.8  444.0
2023 268  9 25 1600  -23.1  973.2    8.4  158.0   88.0  444.0
2023 268  9 25 1700  -22.6  972.9    6.7  140.0   80.2  444.0
2023 268  9 25 1800  -23.5  973.5    7.7  128.0   84.0  444.0
2023 268  9 25 1900  -23.7  974.1    7.2  122.0   82.0  444.0
2023 268  9 25 2000  -23.6  974.0    9.0  142.0   80.7  444.0
2023 268  9 25 2100  -24.5  973.8    7.1  147.0   80.0  444.0
2023 268  9 25 2200  -23.6  973.6    5.6  144.0   79.0  444.0
2023 268  9 25 2300  -23.7  973.6   10.5  141.0   87.0  444.0
2023 269  9 26 0000  -20.9  973.4   12.9  150.0   87.0  444.0
2023 269  9 26 0100  -20.0  973.0   14.7  150.0   95.0  444.0
2023 269  9 26 0200  -20.3  973.7   13.9  143.0   93.0  444.0
2023 269  9 26 0300  -21.2  973.9   14.0  145.0   94.1  444.0
2023 269  9 26 0400  -20.2  974.5   13.8  130.0   92.0  444.0
2023 269  9 26 0500  -21.5  974.9   11.4  112.0   93.0  444.0
2023 269  9 26 0600  -19.4  975.7   10.9  126.0   90.0  444.0
2023 269  9 26 0700  -21.7  975.8   10.1  160.0   92.0  444.0
2023 269  9 26 0800  -22.2  976.0   14.1  152.0   92.9  444.0
2023 269  9 26 0900  -21.7  976.1   11.4  150.0   92.0  444.0
2023 269  9 26 1000  -20.0  976.3   11.6  138.0   89.1  444.0
2023 269  9 26 1100  -20.0  976.6   11.1  130.0   91.0  444.0
2023 269  9 26 1200  -21.8  977.3    9.9  139.0   89.0  444.0
2023 269  9 26 1300  -21.8  977.9    9.3  138.0   82.8  444.0
2023 269  9 26 1400  -22.6  978.0    8.1  137.0   79.0  444.0
2023 269  9 26 1500  -24.2  978.2    7.1  142.0   79.0  444.0
2023 269  9 26 1600  -25.8  978.3    7.5  151.0   80.0  444.0
2023 269  9 26 1700  -26.2  978.4    8.0  152.0   80.0  444.0
2023 269  9 26 1800  -26.9  978.5    7.1  152.0   77.9  444.0
2023 269  9 26 1900  -26.9  978.6    7.3  147.0   77.0  444.0
2023 269  9 26 2000  -26.4  978.5    7.4  147.0   77.0  444.0
2023 269  9 26 2100  -26.8  978.4    6.9  157.0   75.0  444.0
2023 269  9 26 2200  -26.7  978.5    7.3  159.0   75.0  444.0
2023 269  9 26 2300  -25.7  978.5    9.0  163.0   76.4  444.0
2023 270  9 27 0000  -25.4  978.7    9.8  158.0   75.0  444.0
2023 270  9 27 0100  -25.0  978.8   10.1  154.0   74.0  444.0
2023 270  9 27 0200  -24.6  978.5   10.5  154.0   72.0  444.0
2023 270  9 27 0300  -25.1  978.6    9.0  162.0   71.0  444.0
2023 270  9 27 0400  -25.2  978.5    9.5  165.0   72.0  444.0
2023 270  9 27 0500  -25.2  978.4   10.0  162.0   73.0  444.0
2023 270  9 27 0600  -25.8  978.6    8.3  157.0   70.7  444.0
2023 270  9 27 0700  -27.1  978.6    7.1  165.0   71.0  444.0
2023 270  9 27 0800  -28.4  978.7    5.8  165.0   74.0  444.0
2023 270  9 27 0900  -29.7  978.8    5.4  168.0   75.0  444.0
2023 270  9 27 1000  -30.3  978.9    5.4  160.0   77.0  444.0
2023 270  9 27 1100  -29.6  979.6    5.6  150.0   73.3  444.0
2023 270  9 27 1200  -31.3  980.3    3.8  132.0   75.0  444.0
2023 270  9 27 1300  -30.1  980.4    5.8  178.0   79.0  444.0
2023 270  9 27 1400  -31.1  980.4    7.0  163.0   81.0  444.0
2023 270  9 27 1500  -31.5  980.7    5.2  166.0   77.0  444.0
2023 270  9 27 1600  -32.5  980.9    5.6  171.0   74.3  444.0
2023 270  9 27 1700  -31.2  980.9    7.2  172.0   74.0  444.0
2023 270  9 27 1800  -31.2  980.8    7.7  176.0   74.0  444.0
2023 270  9 27 1900  -30.4  980.5    8.2  186.0   73.0  444.0
2023 270  9 27 2000  -29.2  980.3    9.1  185.0   75.0  444.0
2023 270  9 27 2100  -27.5  980.3    9.3  184.0   76.0  444.0
2023 270  9 27 2200  -25.8  981.3    5.3  130.0   76.0  444.0
2023 270  9 27 2300  -26.0  981.3    4.4  180.0   79.0  444.0
2023 271  9 28 0000  -25.5  980.9    7.1  189.0   80.0  444.0
2023 271  9 28 0100  -24.7  981.5    5.4  177.0   76.0  444.0
2023 271  9 28 0200  -25.0  981.4    5.4  186.0   79.0  444.0
2023 271  9 28 0300  -25.2  981.2    6.5  127.0   74.0  444.0
2023 271  9 28 0400  -26.4  981.5    5.3  143.0   75.8  444.0
2023 271  9 28 0500  -27.6  980.9    5.6  162.0   76.0  444.0
2023 271  9 28 0600  -24.4  980.3   10.2  174.0   68.0  444.0
2023 271  9 28 0700  -22.2  979.9   12.5  168.0   83.0  444.0
2023 271  9 28 0800  -21.9  980.2   10.1  165.0   77.0  444.0
2023 271  9 28 0900  -23.1  980.6    9.9  160.0   73.7  444.0
2023 271  9 28 1000  -25.1  980.5    8.2  164.0   73.0  444.0
2023 271  9 28 1100  -26.3  980.4    7.5  166.0   76.0  444.0
2023 271  9 28 1200  -28.7  981.3    5.0  148.0   77.0  444.0
2023 271  9 28 1300  -30.8  981.8    5.2  145.0   76.0  444.0
2023 271  9 28 1400  -29.0  982.0    7.4  152.0   74.5  444.0
2023 271  9 28 1500  -28.6  982.4    7.4  144.0   76.0  444.0
2023 271  9 28 1600  -28.5  982.7    7.6  144.0   76.0  444.0
2023 271  9 28 1700  -28.3  982.9    8.4  149.0   78.0  444.0
2023 271  9 28 1800  -28.2  983.2    7.5  142.0   77.0  444.0
2023 271  9 28 1900  -29.2  983.6    7.5  150.0   77.3  444.0
2023 271  9 28 2000  -28.3  983.9    7.4  144.0   76.0  444.0
2023 271  9 28 2100  -28.4  984.0    6.9  153.0   76.0  444.0
2023 271  9 28 2200  -27.2  984.3    7.2  153.0   75.0  444.0
2023 271  9 28 2300  -26.9  984.3    7.4  141.0   78.0  444.0
2023 272  9 29 0000  -26.5  984.1    6.9  151.0   74.8  444.0
2023 272  9 29 0100  -26.3  984.6    6.4  142.0   72.8  444.0
2023 272  9 29 0200  -27.1  984.7    3.9  121.0   72.7  444.0
2023 272  9 29 0300  -28.4  985.4    3.5  140.0   74.0  444.0
2023 272  9 29 0400  -28.9  984.9    3.2  128.0   73.0  444.0
2023 272  9 29 0500  -30.5  984.5    4.3  155.0   75.0  444.0
2023 272  9 29 0600  -29.9  984.2    6.7  134.0   70.4  444.0
2023 272  9 29 0700  -30.1  984.2    6.0  137.0   70.0  444.0
2023 272  9 29 0800  -30.8  984.6    6.2  120.0   72.0  444.0
2023 272  9 29 0900  -31.2  984.9    6.1  125.0   75.0  444.0
2023 272  9 29 1000  -31.3  985.3    6.4  112.0   75.0  444.0
2023 272  9 29 1100  -31.9  985.7    5.5  121.0   75.9  444.0
2023 272  9 29 1200  -32.8  986.2    5.8  137.0   77.0  444.0
2023 272  9 29 1300  -31.7  986.0    6.4  126.0   78.0  444.0
2023 272  9 29 1400  -33.0  986.1    6.0  141.0   78.0  444.0
2023 272  9 29 1500  -32.7  986.2    5.9  132.0   78.0  444.0
2023 272  9 29 1600  -32.2  985.9    5.6  131.0   76.0  444.0
2023 272  9 29 1700  -30.6  985.9    6.7  138.0   75.0  444.0
2023 272  9 29 1800  -30.0  985.5    6.5  138.0   72.0  444.0
2023 272  9 29 1900  -29.4  985.5    5.4  136.0   70.0  444.0
2023 272  9 29 2000  -30.5  985.1    5.3  160.0   72.0  444.0
2023 272  9 29 2100  -29.2  984.8    7.3  129.0   74.0  444.0
2023 272  9 29 2200  -29.5  985.2    6.1  129.0   71.0  444.0
2023 272  9 29 2300  -29.2  985.1    6.3  124.0   71.0  444.0
2023 273  9 30 0000  -29.1  985.1    6.3  129.0   70.0  444.0
2023 273  9 30 0100  -30.4  984.9    5.5  125.0   73.0  444.0
2023 273  9 30 0200  -31.1  984.5    4.2  132.0   73.0  444.0
2023 273  9 30 0300  -29.8  984.2    4.7  123.0   71.0  444.0
2023 273  9 30 0400  -29.7  983.8    6.4  117.0   73.0  444.0
2023 273  9 30 0500  -30.1  983.6    6.9  126.0   75.0  444.0
2023 273  9 30 0600  -30.2  983.7    6.6  134.0   74.0  444.0
2023 273  9 30 0700  -31.4  983.3    4.2  152.0   73.7  444.0
2023 273  9 30 0800  -31.0  983.0    6.5  123.0   74.0  444.0
2023 273  9 30 0900  -31.3  983.1    5.6  129.0   76.0  444.0
2023 273  9 30 1000  -28.7  982.9    7.0  113.0   75.4  444.0
2023 273  9 30 1100  -29.2  983.0    5.9  124.0   76.6  444.0
2023 273  9 30 1200  -28.7  982.3    7.3  135.0   76.0  444.0
2023 273  9 30 1300  -28.3  982.5    6.4  137.0   71.0  444.0
2023 273  9 30 1400  -28.0  982.5    6.4  140.0   70.0  444.0
2023 273  9 30 1500  -29.3  982.4    5.1  136.0   74.0  444.0
2023 273  9 30 1600  -28.0  981.9    5.0  148.0   71.7  444.0
2023 273  9 30 1700  -27.6  981.4    5.7  156.0   74.0  444.0
2023 273  9 30 1800  -26.7  980.8    6.0  154.0   77.0  444.0
2023 273  9 30 1900  -24.5  980.4    8.0  156.0   79.0  444.0
2023 273  9 30 2000  -24.1  980.2    8.4  143.0   82.0  444.0
2023 273  9 30 2100  -23.8  980.3    7.3  140.0   75.5  444.0
2023 273  9 30 2200  -23.8  980.1    6.8  129.0   70.0  444.0
2023 273  9 30 2300  -24.4  980.2    6.9  122.0   70.0  444.0
