Year: 2018  Month: 01  ID: MLN  ARGOS:  8934  Name: Marilyn             
Lat: 79.93S  Lon: 165.56E  Elev:   62m
2018   1  1  1 0000   -4.8  980.4    3.6  236.0   75.1  444.0
2018   1  1  1 0100   -5.4  980.2    4.5  232.0   76.0  444.0
2018   1  1  1 0200   -4.2  980.3    4.2  223.0   77.0  444.0
2018   1  1  1 0300   -2.7  980.5    1.4  195.0   73.0  444.0
2018   1  1  1 0400   -2.7  980.3    2.5  206.0   75.0  444.0
2018   1  1  1 0500   -2.3  980.2    1.3  240.0   77.0  444.0
2018   1  1  1 0600   -3.3  980.1    2.4  237.0   83.0  444.0
2018   1  1  1 0700   -3.7  980.1    3.1  212.0   84.3  444.0
2018   1  1  1 0800   -4.2  980.0    2.8  200.0   84.0  444.0
2018   1  1  1 0900   -5.1  980.3    0.8  323.0   82.0  444.0
2018   1  1  1 1000   -4.5  980.3    1.0  162.0   86.0  444.0
2018   1  1  1 1100   -5.6  980.4    1.3  148.0   88.0  444.0
2018   1  1  1 1200   -6.6  980.4    1.6  148.0   89.0  444.0
2018   1  1  1 1300  444.0  980.7    1.6  133.0   90.0  444.0
2018   1  1  1 1400  444.0  980.6    2.1  157.0   89.0  444.0
2018   1  1  1 1500  444.0  980.6    2.6  164.0   87.0  444.0
2018   1  1  1 1600  444.0  980.8    2.2   97.0   82.2  444.0
2018   1  1  1 1700  444.0  981.1    2.0  151.0   87.8  444.0
2018   1  1  1 1800  444.0  981.0    1.8  152.0   87.0  444.0
2018   1  1  1 1900   -8.7  981.3    2.3  160.0   86.0  444.0
2018   1  1  1 2000   -8.8  981.5    2.5  128.0   85.0  444.0
2018   1  1  1 2100   -8.4  981.8    2.3  153.0   85.5  444.0
2018   1  1  1 2200   -6.4  982.2    1.7  124.0   84.1  444.0
2018   1  1  1 2300   -5.5  982.2    1.1  131.0   84.0  444.0
2018   2  1  2 0000   -5.4  982.3    1.2  170.0   82.0  444.0
2018   2  1  2 0100   -4.8  982.4    1.5  186.0   81.4  444.0
2018   2  1  2 0200   -5.2  982.4    2.1  189.0   82.3  444.0
2018   2  1  2 0300   -4.8  982.5    2.0  190.0   83.0  444.0
2018   2  1  2 0400   -4.9  982.5    2.8  196.0   84.0  444.0
2018   2  1  2 0500   -4.1  982.5    1.6  186.0   83.0  444.0
2018   2  1  2 0600   -4.4  982.6    2.1  198.0   86.0  444.0
2018   2  1  2 0700   -4.7  982.3    3.1  214.0   87.0  444.0
2018   2  1  2 0800   -4.6  982.9    1.3  236.0   87.0  444.0
2018   2  1  2 0900   -4.9  983.2    0.9  296.0   88.9  444.0
2018   2  1  2 1000   -5.6  983.2    2.2  215.0   90.0  444.0
2018   2  1  2 1100   -5.6  983.5    1.9  188.0   86.0  444.0
2018   2  1  2 1200   -6.0  983.9    1.5  160.0   83.0  444.0
2018   2  1  2 1300   -6.1  984.3    1.6  162.0   83.0  444.0
2018   2  1  2 1400  444.0  984.4    1.2  176.0   82.0  444.0
2018   2  1  2 1500  444.0  984.5    3.1  203.0   83.0  444.0
2018   2  1  2 1600  444.0  985.0    1.3  161.0   81.0  444.0
2018   2  1  2 1700  444.0  985.5    0.8   93.0   81.0  444.0
2018   2  1  2 1800   -6.1  985.9    1.4   55.0   79.5  444.0
2018   2  1  2 1900   -5.4  986.3    3.4   56.0   77.5  444.0
2018   2  1  2 2000   -5.8  987.0    3.1   64.0   81.0  444.0
2018   2  1  2 2100   -5.9  987.5    2.3   96.0   78.0  444.0
2018   2  1  2 2200   -4.7  988.0    2.3  112.0   74.0  444.0
2018   2  1  2 2300   -4.3  988.5    2.7  129.0   77.9  444.0
2018   3  1  3 0000   -4.0  988.7    4.2  131.0   81.0  444.0
2018   3  1  3 0100   -4.4  988.9    5.1  143.0   83.0  444.0
2018   3  1  3 0200   -5.4  989.3    5.7  147.0   84.0  444.0
2018   3  1  3 0300   -4.1  989.4    5.0  142.0   81.0  444.0
2018   3  1  3 0400   -3.5  989.4    4.3  142.0   81.0  444.0
2018   3  1  3 0500   -3.3  989.4    3.9  125.0   78.1  444.0
2018   3  1  3 0600   -3.6  989.5    3.4  158.0   81.0  444.0
2018   3  1  3 0700   -3.8  989.6    3.7  148.0   82.0  444.0
2018   3  1  3 0800   -3.4  989.5    2.7  131.0   80.0  444.0
2018   3  1  3 0900   -4.6  989.5    2.8  116.0   80.0  444.0
2018   3  1  3 1000   -5.5  989.7    2.7  117.0   82.0  444.0
2018   3  1  3 1100   -8.0  989.8    1.7  111.0   85.0  444.0
2018   3  1  3 1200   -8.2  989.8    1.0  110.0   92.8  444.0
2018   3  1  3 1300  444.0  989.6    0.6  173.0   89.0  444.0
2018   3  1  3 1400   -9.3  989.4    0.9  240.0   87.0  444.0
2018   3  1  3 1500   -7.6  989.1    0.2  288.0   88.0  444.0
2018   3  1  3 1600   -8.7  988.8    1.5  306.0   88.3  444.0
2018   3  1  3 1700   -9.2  988.5    1.7  279.0   87.9  444.0
2018   3  1  3 1800  444.0  988.2    2.8  284.0   91.0  444.0
2018   3  1  3 1900  -10.1  987.6    3.7  274.0   88.0  444.0
2018   3  1  3 2000   -9.5  987.4    3.6  274.0   86.0  444.0
2018   3  1  3 2100   -8.9  987.2    2.2  279.0   84.0  444.0
2018   3  1  3 2200   -5.7  987.0    0.8  205.0   78.3  444.0
2018   3  1  3 2300  444.0  986.8  444.0  444.0   69.0  444.0
2018   4  1  4 0000  444.0  986.4  444.0  444.0   73.0  444.0
2018   4  1  4 0100   -3.7  986.0    2.5  198.0   82.0  444.0
2018   4  1  4 0200   -2.8  985.4    2.6  205.0   79.0  444.0
2018   4  1  4 0300   -2.6  984.8    3.4  201.0   79.3  444.0
2018   4  1  4 0400   -2.4  984.2    1.5  265.0   77.0  444.0
2018   4  1  4 0500   -2.5  983.6    1.8  277.0   77.4  444.0
2018   4  1  4 0600   -3.6  982.8    2.7  279.0   77.0  444.0
2018   4  1  4 0700   -4.2  982.4    2.1  292.0   81.0  444.0
2018   4  1  4 0800   -4.6  981.8    2.0  304.0   81.0  444.0
2018   4  1  4 0900   -5.9  981.1    3.7  277.0   85.0  444.0
2018   4  1  4 1000   -6.4  980.8    3.4  272.0   83.4  444.0
2018   4  1  4 1100   -7.4  980.3    3.6  266.0   83.0  444.0
2018   4  1  4 1200   -7.6  980.0    3.1  251.0   79.0  444.0
2018   4  1  4 1300   -8.8  979.5    3.2  262.0   81.0  444.0
2018   4  1  4 1400   -9.5  979.2    3.2  266.0   81.0  444.0
2018   4  1  4 1500   -9.5  979.0    2.6  262.0   78.5  444.0
2018   4  1  4 1600   -9.5  978.8    2.5  257.0   77.0  444.0
2018   4  1  4 1700   -8.8  978.8    4.1  227.0   78.0  444.0
2018   4  1  4 1800  444.0  978.8    4.5  217.0   71.0  444.0
2018   4  1  4 1900   -7.5  978.9    3.1  220.0   76.0  444.0
2018   4  1  4 2000   -7.8  979.1    2.8  241.0   77.6  444.0
2018   4  1  4 2100   -6.4  979.3    1.1  228.0   76.0  444.0
2018   4  1  4 2200   -6.2  979.7    2.1  232.0   78.0  444.0
2018   4  1  4 2300   -5.5  980.1    2.4  233.0   77.0  444.0
2018   5  1  5 0000   -5.1  980.5    3.0  217.0   79.0  444.0
2018   5  1  5 0100   -4.4  980.7    3.4  204.0   77.2  444.0
2018   5  1  5 0200   -4.1  980.9    4.1  203.0   79.0  444.0
2018   5  1  5 0300   -3.4  981.2    3.3  201.0   80.7  444.0
2018   5  1  5 0400   -3.4  981.5    3.8  200.0   76.0  444.0
2018   5  1  5 0500   -3.4  981.9    3.2  192.0   77.7  444.0
2018   5  1  5 0600   -3.3  982.4    1.8  205.0   76.6  444.0
2018   5  1  5 0700   -4.3  982.9    2.1  156.0   82.0  444.0
2018   5  1  5 0800   -5.0  983.3    1.3  153.0   79.3  444.0
2018   5  1  5 0900   -5.6  983.6    0.6  167.0   79.0  444.0
2018   5  1  5 1000   -7.2  984.1    1.5  124.0   92.0  444.0
2018   5  1  5 1100   -7.7  984.4    1.0  121.0   85.0  444.0
2018   5  1  5 1200   -8.6  984.9    1.5   95.0   84.0  444.0
2018   5  1  5 1300  -10.1  985.2    0.8  176.0   94.5  444.0
2018   5  1  5 1400  -11.2  985.3    2.5  107.0   92.0  444.0
2018   5  1  5 1500  -11.0  985.6    2.6   84.0   88.0  444.0
2018   5  1  5 1600  -11.2  985.8    2.7   62.0   93.0  444.0
2018   5  1  5 1700  -11.5  985.8    2.7   85.0   91.0  444.0
2018   5  1  5 1800  -11.7  986.0    1.8   98.0   89.3  444.0
2018   5  1  5 1900  -11.6  986.1    1.1  116.0   86.0  444.0
2018   5  1  5 2000  -11.3  986.1    0.9  151.0   85.0  444.0
2018   5  1  5 2100  -10.2  986.1    1.8  192.0   85.0  444.0
2018   5  1  5 2200   -8.8  985.9    1.4  192.0   86.0  444.0
2018   5  1  5 2300   -8.0  985.6    3.0  186.0   86.8  444.0
2018   6  1  6 0000   -7.3  985.3    3.0  168.0   87.0  444.0
2018   6  1  6 0100   -6.3  985.1    2.5  170.0   87.0  444.0
2018   6  1  6 0200   -5.9  984.5    3.0  147.0   87.0  444.0
2018   6  1  6 0300   -5.2  984.2    2.8  134.0   86.0  444.0
2018   6  1  6 0400   -4.6  983.8    2.7  149.0   83.0  444.0
2018   6  1  6 0500   -4.1  983.5    2.6  152.0   81.0  444.0
2018   6  1  6 0600   -4.3  983.3    3.1  138.0   77.8  444.0
2018   6  1  6 0700   -5.0  983.2    2.7  131.0   82.2  444.0
2018   6  1  6 0800   -6.1  983.1    2.6  111.0   84.0  444.0
2018   6  1  6 0900   -7.6  983.0    2.1  101.0   83.0  444.0
2018   6  1  6 1000   -8.3  983.0    2.5  115.0   85.0  444.0
2018   6  1  6 1100   -8.9  982.9    2.2  142.0   86.9  444.0
2018   6  1  6 1200   -9.6  982.8    2.8  116.0   86.0  444.0
2018   6  1  6 1300  -10.5  982.8    2.7  134.0   89.0  444.0
2018   6  1  6 1400  -10.8  982.7    2.6  151.0   89.0  444.0
2018   6  1  6 1500  -10.9  982.7    2.6  157.0   88.0  444.0
2018   6  1  6 1600  -11.2  982.7    2.8  152.0   86.0  444.0
2018   6  1  6 1700  -11.3  982.7    2.4  156.0   85.0  444.0
2018   6  1  6 1800  -11.4  982.8    2.0  150.0   83.0  444.0
2018   6  1  6 1900  -10.7  982.7    2.2  134.0   84.0  444.0
2018   6  1  6 2000   -9.8  982.9    1.5  126.0   82.0  444.0
2018   6  1  6 2100   -9.0  983.1    1.5  141.0   81.5  444.0
2018   6  1  6 2200   -7.4  983.2    0.4  123.0   76.0  444.0
2018   6  1  6 2300  444.0  983.4    0.3   39.0   76.0  444.0
2018   7  1  7 0000  444.0  983.4    0.8  302.0   76.0  444.0
2018   7  1  7 0100   -6.1  983.5    1.5  242.0   78.0  444.0
2018   7  1  7 0200  444.0  983.5    0.6  241.0   76.0  444.0
2018   7  1  7 0300  444.0  983.3    1.0  221.0   76.0  444.0
2018   7  1  7 0400   -4.5  983.4    1.4  217.0   78.0  444.0
2018   7  1  7 0500   -4.4  983.4    1.8  220.0   81.0  444.0
2018   7  1  7 0600   -4.8  983.4    2.0  227.0   82.0  444.0
2018   7  1  7 0700   -5.1  983.6    2.1  234.0   83.0  444.0
2018   7  1  7 0800   -5.5  983.6    1.5  241.0   82.0  444.0
2018   7  1  7 0900   -6.9  983.6    2.1  240.0   83.5  444.0
2018   7  1  7 1000   -7.8  983.7    2.5  254.0   85.0  444.0
2018   7  1  7 1100  444.0  983.8    2.2  262.0   84.0  444.0
2018   7  1  7 1200  -10.4  983.9    2.8  260.0   84.0  444.0
2018   7  1  7 1300  -10.1  984.0    2.9  260.0   86.0  444.0
2018   7  1  7 1400  -11.4  984.2    2.5  277.0   85.4  444.0
2018   7  1  7 1500  -12.0  984.1    2.9  277.0   90.0  444.0
2018   7  1  7 1600  -11.5  984.3    3.0  280.0   89.0  444.0
2018   7  1  7 1700  -11.5  984.4    2.8  283.0   85.0  444.0
2018   7  1  7 1800  -10.9  984.8    3.0  288.0   85.0  444.0
2018   7  1  7 1900  -10.2  985.0    2.4  298.0   83.0  444.0
2018   7  1  7 2000   -9.9  985.5    2.1  288.0   82.0  444.0
2018   7  1  7 2100   -9.8  985.8    3.1  323.0   81.0  444.0
2018   7  1  7 2200   -8.8  986.4    2.0  293.0   80.0  444.0
2018   7  1  7 2300   -8.1  987.0    2.8  325.0   81.0  444.0
2018   8  1  8 0000   -7.4  987.6    3.0  317.0   82.0  444.0
2018   8  1  8 0100   -6.6  988.2    2.3  323.0   80.6  444.0
2018   8  1  8 0200   -6.2  988.8    2.4  312.0   81.0  444.0
2018   8  1  8 0300   -5.2  989.2    1.3  305.0   79.0  444.0
2018   8  1  8 0400   -5.2  989.8    1.5  326.0   80.4  444.0
2018   8  1  8 0500   -5.3  990.5    1.8  307.0   80.6  444.0
2018   8  1  8 0600   -4.6  990.9    0.4   74.0   75.0  444.0
2018   8  1  8 0700   -5.6  991.7    1.7   17.0   83.0  444.0
2018   8  1  8 0800   -6.2  992.3    1.7    8.0   84.0  444.0
2018   8  1  8 0900   -6.5  992.8    1.5   18.0   85.0  444.0
2018   8  1  8 1000   -7.0  993.2    1.7   74.0   80.0  444.0
2018   8  1  8 1100   -7.6  994.1    1.5   83.0   87.0  444.0
2018   8  1  8 1200   -9.3  994.7    2.5   79.0   82.0  444.0
2018   8  1  8 1300  -10.8  995.0    2.4   79.0   85.0  444.0
2018   8  1  8 1400  -12.0  995.2    1.9   87.0   81.0  444.0
2018   8  1  8 1500  -11.1  995.6    0.8  102.0   83.0  444.0
2018   8  1  8 1600  -11.1  995.8    1.1  105.0   88.0  444.0
2018   8  1  8 1700  -10.3  996.3    0.3   73.0   85.0  444.0
2018   8  1  8 1800   -9.5  996.6    0.2  114.0   82.2  444.0
2018   8  1  8 1900   -9.7  996.9    1.3  158.0   87.0  444.0
2018   8  1  8 2000   -8.6  997.1    1.6  147.0   85.0  444.0
2018   8  1  8 2100   -7.7  997.4    1.1  177.0   85.0  444.0
2018   8  1  8 2200  444.0  997.6    0.6  228.0   81.0  444.0
2018   8  1  8 2300   -6.7  997.6    1.2  211.0   85.9  444.0
2018   9  1  9 0000   -5.7  997.5    2.3  196.0   85.0  444.0
2018   9  1  9 0100   -4.5  997.3    1.9  201.0   84.0  444.0
2018   9  1  9 0200   -4.4  997.1    2.6  197.0   86.0  444.0
2018   9  1  9 0300   -3.9  996.9    2.7  193.0   84.0  444.0
2018   9  1  9 0400   -3.8  996.8    2.6  193.0   85.0  444.0
2018   9  1  9 0500   -3.4  996.6    2.2  186.0   84.0  444.0
2018   9  1  9 0600   -3.5  996.6    1.5  162.0   85.0  444.0
2018   9  1  9 0700   -3.8  996.3    0.9  160.0   87.0  444.0
2018   9  1  9 0800   -4.1  995.9    1.9  142.0   85.0  444.0
2018   9  1  9 0900   -4.6  995.7    0.9  162.0   84.0  444.0
2018   9  1  9 1000   -5.7  995.5    1.5  184.0   87.0  444.0
2018   9  1  9 1100   -8.1  995.2    1.4  142.0   95.2  444.0
2018   9  1  9 1200   -8.6  995.0    1.5  154.0   88.0  444.0
2018   9  1  9 1300   -9.0  994.8    1.5  138.0   93.0  444.0
2018   9  1  9 1400  444.0  994.5    2.4  124.0   95.0  444.0
2018   9  1  9 1500  444.0  994.2    3.1   78.0   95.0  444.0
2018   9  1  9 1600   -7.6  993.9    3.1   84.0   93.9  444.0
2018   9  1  9 1700   -7.1  993.5    3.1   90.0   93.0  444.0
2018   9  1  9 1800   -7.5  993.5    3.0   72.0   93.0  444.0
2018   9  1  9 1900   -8.0  993.3    2.7   71.0   92.1  444.0
2018   9  1  9 2000   -7.9  993.0    2.7   74.0   92.0  444.0
2018   9  1  9 2100   -7.8  992.7    1.9   76.0   91.4  444.0
2018   9  1  9 2200   -7.5  992.2    2.1   66.0   91.0  444.0
2018   9  1  9 2300   -7.3  992.0    1.5   61.0   91.0  444.0
2018  10  1 10 0000   -7.3  991.7    2.1   83.0   90.0  444.0
2018  10  1 10 0100   -7.6  991.1    1.4   58.0   90.0  444.0
2018  10  1 10 0200   -8.0  990.5    1.4   63.0   89.1  444.0
2018  10  1 10 0300   -7.2  989.7    0.9   53.0   89.0  444.0
2018  10  1 10 0400   -7.3  989.2    1.1   41.0   90.4  444.0
2018  10  1 10 0500  444.0  988.6    2.1   44.0   91.0  444.0
2018  10  1 10 0600   -7.1  988.2    1.0   59.0   91.0  444.0
2018  10  1 10 0700   -7.7  987.8    0.1  109.0   91.7  444.0
2018  10  1 10 0800   -7.6  987.3    0.9  340.0   92.2  444.0
2018  10  1 10 0900   -8.1  986.7    0.9   28.0   92.0  444.0
2018  10  1 10 1000  444.0  986.2    1.3   10.0   93.0  444.0
2018  10  1 10 1100  444.0  985.8    1.5    2.0   93.0  444.0
2018  10  1 10 1200  444.0  985.3    0.0    0.0   93.2  444.0
2018  10  1 10 1300  444.0  984.7    1.1  112.0   93.0  444.0
2018  10  1 10 1400  444.0  984.1    0.5  123.0   92.7  444.0
2018  10  1 10 1500   -9.1  983.6    0.5  352.0   93.0  444.0
2018  10  1 10 1600   -9.2  983.3    0.5  121.0   92.0  444.0
2018  10  1 10 1700   -9.0  983.0    1.6   80.0   92.4  444.0
2018  10  1 10 1800   -9.4  982.8    2.0   73.0   91.0  444.0
2018  10  1 10 1900  444.0  982.5    1.1   43.0   90.4  444.0
2018  10  1 10 2000  444.0  982.2    1.2   34.0   90.0  444.0
2018  10  1 10 2100  444.0  981.7    1.3  104.0   91.0  444.0
2018  10  1 10 2200   -8.7  981.5    0.2  100.0   89.7  444.0
2018  10  1 10 2300  444.0  981.3    0.6   90.0   90.0  444.0
2018  11  1 11 0000   -8.2  981.2    1.3  192.0   88.6  444.0
2018  11  1 11 0100   -8.5  980.8    1.1  153.0   89.0  444.0
2018  11  1 11 0200   -8.4  980.2    0.9  107.0   90.0  444.0
2018  11  1 11 0300   -8.5  979.8    1.9  185.0   89.0  444.0
2018  11  1 11 0400   -8.8  979.4    2.3  159.0   89.0  444.0
2018  11  1 11 0500  444.0  979.0    2.4  144.0   89.3  444.0
2018  11  1 11 0600  444.0  978.8    2.9  164.0   91.0  444.0
2018  11  1 11 0700  444.0  978.5    2.5  156.0   92.0  444.0
2018  11  1 11 0800  444.0  978.3    3.3  161.0   92.0  444.0
2018  11  1 11 0900  444.0  977.9    3.3  167.0   92.2  444.0
2018  11  1 11 1000  444.0  977.8    3.6  142.0   92.0  444.0
2018  11  1 11 1100  444.0  977.6    2.6  123.0   92.0  444.0
2018  11  1 11 1200   -9.4  977.7    2.5  100.0   92.0  444.0
2018  11  1 11 1300   -9.2  977.8    1.7  121.0   92.0  444.0
2018  11  1 11 1400   -8.9  977.6    2.2  128.0   93.0  444.0
2018  11  1 11 1500   -8.2  977.7    3.1  104.0   93.2  444.0
2018  11  1 11 1600   -8.8  977.8    5.8   92.0   92.0  444.0
2018  11  1 11 1700   -9.0  978.2    5.7   98.0   91.0  444.0
2018  11  1 11 1800   -9.1  978.6    4.5   95.0   89.0  444.0
2018  11  1 11 1900  444.0  979.1    4.5  107.0   90.0  444.0
2018  11  1 11 2000  444.0  979.2    4.1  111.0   90.0  444.0
2018  11  1 11 2100   -8.9  979.5    3.3  135.0   90.0  444.0
2018  11  1 11 2200   -9.1  979.8    2.6  134.0   88.7  444.0
2018  11  1 11 2300   -8.1  979.9    2.7  123.0   89.0  444.0
2018  12  1 12 0000   -7.7  980.0    3.0  127.0   89.0  444.0
2018  12  1 12 0100   -6.8  980.0    2.8  136.0   87.0  444.0
2018  12  1 12 0200   -6.7  979.9    2.7  136.0   89.0  444.0
2018  12  1 12 0300   -6.3  979.9    2.7  123.0   88.0  444.0
2018  12  1 12 0400   -5.4  980.0    2.3  139.0   87.0  444.0
2018  12  1 12 0500   -5.1  980.1    2.7  118.0   87.0  444.0
2018  12  1 12 0600   -5.0  980.4    1.5  119.0   89.0  444.0
2018  12  1 12 0700   -4.9  980.5    1.4  128.0   91.0  444.0
2018  12  1 12 0800   -5.3  980.8    2.5  117.0   91.9  444.0
2018  12  1 12 0900   -5.7  981.2    3.2  122.0   91.0  444.0
2018  12  1 12 1000   -5.6  981.4    3.7  133.0   93.0  444.0
2018  12  1 12 1100   -6.0  981.7    2.3  147.0   93.0  444.0
2018  12  1 12 1200   -6.8  981.7    3.1  159.0   92.5  444.0
2018  12  1 12 1300  444.0  981.7    2.8  154.0   93.0  444.0
2018  12  1 12 1400   -8.6  981.8    3.5  132.0   92.0  444.0
2018  12  1 12 1500   -8.6  982.1    2.7  139.0   92.0  444.0
2018  12  1 12 1600   -9.9  982.4    3.8  128.0   91.0  444.0
2018  12  1 12 1700  -12.2  982.4    3.8  128.0   91.0  444.0
2018  12  1 12 1800   -7.5  982.9    3.7  139.0   89.0  444.0
2018  12  1 12 1900   -7.5  983.1    4.6  151.0   89.0  444.0
2018  12  1 12 2000  444.0  983.1    5.1  150.0   85.0  444.0
2018  12  1 12 2100   -6.9  983.4    4.4  141.0   85.0  444.0
2018  12  1 12 2200   -6.3  983.5    3.1  160.0   84.0  444.0
2018  12  1 12 2300   -6.0  983.8    3.7  168.0   82.0  444.0
2018  13  1 13 0000   -5.2  984.0    2.9  184.0   81.2  444.0
2018  13  1 13 0100   -5.4  984.2    4.0  128.0   79.0  444.0
2018  13  1 13 0200   -5.6  984.4    4.5  136.0   82.0  444.0
2018  13  1 13 0300   -5.3  984.7    2.4  152.0   83.3  444.0
2018  13  1 13 0400   -4.8  984.8    2.7  162.0   84.3  444.0
2018  13  1 13 0500   -4.7  985.1    2.5  164.0   82.2  444.0
2018  13  1 13 0600   -4.9  985.4    2.9  149.0   81.0  444.0
2018  13  1 13 0700   -5.6  985.7    2.8  175.0   82.0  444.0
2018  13  1 13 0800   -6.8  986.2    2.9  171.0   83.0  444.0
2018  13  1 13 0900  444.0  986.4    2.5  152.0   83.0  444.0
2018  13  1 13 1000  444.0  986.6    2.8  128.0   76.9  444.0
2018  13  1 13 1100  -11.9  987.2    3.0  187.0   84.0  444.0
2018  13  1 13 1200  -10.9  987.6    2.6  170.0   81.6  444.0
2018  13  1 13 1300   -9.9  987.8    2.5  156.0   82.0  444.0
2018  13  1 13 1400   -8.7  987.4    2.5   74.0   90.0  444.0
2018  13  1 13 1500  -10.0  987.5    1.8   48.0   93.7  444.0
2018  13  1 13 1600  444.0  987.8    0.9  303.0   86.0  444.0
2018  13  1 13 1700  444.0  987.6    2.9   34.0   86.2  444.0
2018  13  1 13 1800  444.0  987.8    2.0  357.0   84.0  444.0
2018  13  1 13 1900  444.0  987.6    4.9    2.0   86.0  444.0
2018  13  1 13 2000  444.0  987.7    1.0   14.0   89.0  444.0
2018  13  1 13 2100  444.0  987.9    3.7   21.0   90.0  444.0
2018  13  1 13 2200  444.0  988.4    2.8   11.0   90.0  444.0
2018  13  1 13 2300   -7.8  988.2    2.9   18.0   90.0  444.0
2018  14  1 14 0000   -7.2  987.7    2.9   15.0   90.0  444.0
2018  14  1 14 0100   -7.0  987.4    2.8   22.0   90.0  444.0
2018  14  1 14 0200   -7.0  987.0    2.7  358.0   89.8  444.0
2018  14  1 14 0300   -6.7  986.5    2.0   14.0   89.6  444.0
2018  14  1 14 0400   -7.0  986.3    2.3  360.0   90.0  444.0
2018  14  1 14 0500   -7.3  986.1    2.0  341.0   90.0  444.0
2018  14  1 14 0600   -7.7  985.8    2.5  319.0   91.0  444.0
2018  14  1 14 0700   -7.7  985.2    1.9  311.0   91.0  444.0
2018  14  1 14 0800  444.0  984.8    2.5  319.0   91.5  444.0
2018  14  1 14 0900  444.0  984.4    2.8  290.0   92.0  444.0
2018  14  1 14 1000  444.0  983.7    2.5  314.0   92.0  444.0
2018  14  1 14 1100  444.0  983.5    3.0  286.0   92.7  444.0
2018  14  1 14 1200   -8.8  982.9    3.6  290.0   92.0  444.0
2018  14  1 14 1300  444.0  982.4    3.1  309.0   92.9  444.0
2018  14  1 14 1400  444.0  981.8    3.3  301.0   93.0  444.0
2018  14  1 14 1500  444.0  981.4    3.9  298.0   92.0  444.0
2018  14  1 14 1600  444.0  980.9    4.8  291.0   92.0  444.0
2018  14  1 14 1700  444.0  980.5    5.1  297.0   91.0  444.0
2018  14  1 14 1800  444.0  979.8    5.4  292.0   90.7  444.0
2018  14  1 14 1900  444.0  979.2    5.4  294.0   91.0  444.0
2018  14  1 14 2000  444.0  978.8    4.9  287.0   91.0  444.0
2018  14  1 14 2100  444.0  978.2    5.6  282.0   90.0  444.0
2018  14  1 14 2200   -9.0  978.0    4.6  283.0   90.0  444.0
2018  14  1 14 2300   -9.2  977.6    4.8  273.0   89.0  444.0
2018  15  1 15 0000  444.0  977.1    4.6  276.0   90.0  444.0
2018  15  1 15 0100  444.0  976.7    4.1  279.0   89.9  444.0
2018  15  1 15 0200  444.0  976.2    4.2  284.0   90.0  444.0
2018  15  1 15 0300  444.0  975.8    3.5  279.0   90.0  444.0
2018  15  1 15 0400  444.0  975.3    3.5  289.0   90.0  444.0
2018  15  1 15 0500  444.0  974.6    5.5  297.0   90.0  444.0
2018  15  1 15 0600  444.0  974.1    5.0  291.0   90.9  444.0
2018  15  1 15 0700  444.0  973.5    4.8  292.0   91.7  444.0
2018  15  1 15 0800  444.0  973.3    3.9  302.0   90.0  444.0
2018  15  1 15 0900  444.0  973.2    1.5  323.0   91.0  444.0
2018  15  1 15 1000  444.0  972.8    2.3  316.0   92.0  444.0
2018  15  1 15 1100  444.0  972.5    1.9  329.0   91.4  444.0
2018  15  1 15 1200  444.0  972.3    1.7  355.0   91.1  444.0
2018  15  1 15 1300  444.0  972.2    0.8   35.0   91.0  444.0
2018  15  1 15 1400  444.0  971.5    1.6   55.0   91.0  444.0
2018  15  1 15 1500  444.0  971.2    2.1   72.0   92.0  444.0
2018  15  1 15 1600  444.0  971.0    1.5   70.0   91.4  444.0
2018  15  1 15 1700  444.0  970.9    1.9  114.0   92.0  444.0
2018  15  1 15 1800  444.0  970.9    2.3  122.0   91.0  444.0
2018  15  1 15 1900  444.0  970.6    2.0  112.0   91.0  444.0
2018  15  1 15 2000  444.0  970.4    2.4  121.0   90.0  444.0
2018  15  1 15 2100  444.0  970.2    1.9  106.0   90.0  444.0
2018  15  1 15 2200  444.0  970.1    1.8  126.0   91.0  444.0
2018  15  1 15 2300  444.0  969.9    1.8  142.0   90.0  444.0
2018  16  1 16 0000  444.0  969.7    1.6  162.0   88.9  444.0
2018  16  1 16 0100  -10.1  969.5    2.0  177.0   88.0  444.0
2018  16  1 16 0200  444.0  969.2    2.3  154.0   89.0  444.0
2018  16  1 16 0300  444.0  968.7    2.3  145.0   89.0  444.0
2018  16  1 16 0400  444.0  968.6    1.9  170.0   88.2  444.0
2018  16  1 16 0500  444.0  968.5    2.2  164.0   88.6  444.0
2018  16  1 16 0600  444.0  968.5    1.1  159.0   89.0  444.0
2018  16  1 16 0700  444.0  968.6    1.5  146.0   89.0  444.0
2018  16  1 16 0800  -10.4  968.8    2.5  167.0   88.8  444.0
2018  16  1 16 0900  -10.7  968.9    2.1  163.0   89.5  444.0
2018  16  1 16 1000  -10.7  969.0    1.7  154.0   89.0  444.0
2018  16  1 16 1100  -10.8  969.1    2.0  120.0   89.0  444.0
2018  16  1 16 1200  -10.7  969.2    3.2  126.0   88.0  444.0
2018  16  1 16 1300  -11.0  969.3    1.6  143.0   87.0  444.0
2018  16  1 16 1400  -10.8  969.3    1.2  165.0   88.5  444.0
2018  16  1 16 1500  -10.7  969.5    4.6  131.0   88.0  444.0
2018  16  1 16 1600  -10.7  969.6    3.8  141.0   89.0  444.0
2018  16  1 16 1700  -10.5  969.8    4.0  129.0   87.0  444.0
2018  16  1 16 1800  -10.6  970.3    4.4  139.0   88.0  444.0
2018  16  1 16 1900  -10.0  970.4    5.1  139.0   87.0  444.0
2018  16  1 16 2000   -9.4  970.8    6.8  119.0   87.0  444.0
2018  16  1 16 2100   -9.4  971.3    7.2  116.0   85.0  444.0
2018  16  1 16 2200  444.0  971.7    7.9  118.0   86.0  444.0
2018  16  1 16 2300   -9.0  972.2    6.9  119.0   87.0  444.0
2018  17  1 17 0000   -8.6  972.6    6.2  106.0   84.0  444.0
2018  17  1 17 0100   -8.7  972.7    5.9  106.0   84.0  444.0
2018  17  1 17 0200   -8.7  972.9    6.3  104.0   83.0  444.0
2018  17  1 17 0300   -8.6  973.1    5.8  105.0   83.0  444.0
2018  17  1 17 0400   -8.6  973.2    5.3  103.0   83.0  444.0
2018  17  1 17 0500   -8.9  973.5    4.8  110.0   85.0  444.0
2018  17  1 17 0600   -8.9  973.7    4.4  114.0   85.5  444.0
2018  17  1 17 0700   -8.9  973.9    4.2  116.0   86.0  444.0
2018  17  1 17 0800   -9.0  974.0    3.7  121.0   85.0  444.0
2018  17  1 17 0900   -9.1  974.0    2.5  141.0   86.0  444.0
2018  17  1 17 1000   -9.4  974.1    2.4  153.0   84.0  444.0
2018  17  1 17 1100  444.0  973.9    2.6  194.0   85.9  444.0
2018  17  1 17 1200  444.0  973.6    2.3  193.0   86.0  444.0
2018  17  1 17 1300  444.0  973.1    3.0  224.0   86.0  444.0
2018  17  1 17 1400  -16.3  972.7    3.5  230.0   87.0  444.0
2018  17  1 17 1500  -15.2  972.3    3.7  214.0   87.0  444.0
2018  17  1 17 1600  -14.5  972.1    3.1  200.0   86.0  444.0
2018  17  1 17 1700  -12.9  971.8    4.5  199.0   86.0  444.0
2018  17  1 17 1800  -12.5  971.5    4.9  196.0   84.0  444.0
2018  17  1 17 1900  -12.2  971.6    4.4  171.0   83.0  444.0
2018  17  1 17 2000  -11.4  971.2    4.3  154.0   82.0  444.0
2018  17  1 17 2100  -10.2  971.2    4.6  147.0   79.0  444.0
2018  17  1 17 2200   -9.9  971.1    4.5  150.0   80.2  444.0
2018  17  1 17 2300   -7.9  970.9    4.0  164.0   78.8  444.0
2018  18  1 18 0000   -6.2  970.1    4.7  187.0   76.0  444.0
2018  18  1 18 0100   -5.3  969.5    5.7  174.0   80.0  444.0
2018  18  1 18 0200   -3.6  969.3    8.0  128.0   75.0  444.0
2018  18  1 18 0300   -4.3  969.2    7.8  115.0   79.0  444.0
2018  18  1 18 0400   -4.8  969.4    7.2  114.0   79.9  444.0
2018  18  1 18 0500   -4.7  969.4    5.7  123.0   78.0  444.0
2018  18  1 18 0600   -4.7  969.0    6.3  149.0   79.0  444.0
2018  18  1 18 0700   -4.7  969.0    7.6  116.0   74.0  444.0
2018  18  1 18 0800   -6.4  969.1    6.1  111.0   82.0  444.0
2018  18  1 18 0900  444.0  969.3    4.7  108.0   82.5  444.0
2018  18  1 18 1000  444.0  969.5    4.4  119.0   83.0  444.0
2018  18  1 18 1100  -10.7  969.7    3.9  134.0   84.9  444.0
2018  18  1 18 1200  -10.1  969.8    4.6  132.0   85.0  444.0
2018  18  1 18 1300  -11.1  969.9    4.8  130.0   87.0  444.0
2018  18  1 18 1400  444.0  969.9    5.0  126.0   86.0  444.0
2018  18  1 18 1500  444.0  970.1    6.0  119.0   89.0  444.0
2018  18  1 18 1600   -9.1  970.3    5.8  122.0   88.8  444.0
2018  18  1 18 1700  444.0  970.5    6.3  123.0   88.0  444.0
2018  18  1 18 1800  444.0  970.7    5.5  118.0   87.0  444.0
2018  18  1 18 1900  444.0  970.9    5.0  134.0   86.1  444.0
2018  18  1 18 2000  444.0  970.8    5.2  137.0   83.0  444.0
2018  18  1 18 2100  444.0  971.1    5.3  136.0   84.1  444.0
2018  18  1 18 2200  444.0  971.2    5.5  141.0   85.0  444.0
2018  18  1 18 2300   -8.5  971.2    6.2  139.0   84.0  444.0
2018  19  1 19 0000  444.0  971.0    6.4  135.0   80.0  444.0
2018  19  1 19 0100  444.0  971.1    7.1  131.0   77.1  444.0
2018  19  1 19 0200   -6.5  970.9    7.9  127.0   76.4  444.0
2018  19  1 19 0300   -6.4  970.9    7.7  130.0   78.0  444.0
2018  19  1 19 0400   -6.0  971.0    8.0  126.0   76.9  444.0
2018  19  1 19 0500   -6.1  971.0    7.7  122.0   78.0  444.0
2018  19  1 19 0600   -6.4  971.3    7.0  119.0   80.0  444.0
2018  19  1 19 0700   -5.9  971.4    7.3  121.0   79.0  444.0
2018  19  1 19 0800   -6.4  971.5    6.6  116.0   80.0  444.0
2018  19  1 19 0900  444.0  971.6    5.2  134.0   80.7  444.0
2018  19  1 19 1000   -8.4  971.3    4.4  123.0   81.0  444.0
2018  19  1 19 1100   -9.5  971.5    5.1  128.0   79.0  444.0
2018  19  1 19 1200  -10.5  971.5    4.5  141.0   77.9  444.0
2018  19  1 19 1300  -11.6  971.4    4.8  152.0   78.0  444.0
2018  19  1 19 1400  -11.4  971.2    4.4  151.0   75.3  444.0
2018  19  1 19 1500  444.0  970.9    4.9  160.0   76.0  444.0
2018  19  1 19 1600  444.0  971.2    4.8  121.0   75.0  444.0
2018  19  1 19 1700  444.0  971.1    4.3  149.0   77.5  444.0
2018  19  1 19 1800  444.0  971.1    4.7  140.0   77.0  444.0
2018  19  1 19 1900  444.0  971.1    4.2  137.0   76.2  444.0
2018  19  1 19 2000  -11.3  970.9    4.5  152.0   76.0  444.0
2018  19  1 19 2100  -10.7  970.7    5.5  154.0   74.0  444.0
2018  19  1 19 2200   -9.6  970.5    7.1  142.0   74.0  444.0
2018  19  1 19 2300  444.0  970.2    7.4  148.0   71.0  444.0
2018  20  1 20 0000   -6.2  970.0    7.2  144.0   69.5  444.0
2018  20  1 20 0100   -5.4  969.5    8.4  153.0   69.0  444.0
2018  20  1 20 0200   -4.7  969.0    8.7  155.0   69.2  444.0
2018  20  1 20 0300   -4.0  968.3   10.1  153.0   69.0  444.0
2018  20  1 20 0400   -3.5  968.0    9.5  149.0   69.0  444.0
2018  20  1 20 0500   -3.6  967.9    9.0  124.0   69.9  444.0
2018  20  1 20 0600   -3.2  967.6    9.2  118.0   68.0  444.0
2018  20  1 20 0700   -2.6  967.4    9.1  112.0   68.5  444.0
2018  20  1 20 0800   -3.0  967.4    6.2  130.0   71.0  444.0
2018  20  1 20 0900   -3.9  967.3    7.1  147.0   69.0  444.0
2018  20  1 20 1000   -3.7  967.1    6.4  136.0   67.7  444.0
2018  20  1 20 1100   -4.0  967.1    6.2  111.0   76.0  444.0
2018  20  1 20 1200   -3.6  967.0    6.5  123.0   73.1  444.0
2018  20  1 20 1300   -3.4  967.4    7.1  121.0   74.0  444.0
2018  20  1 20 1400   -4.5  967.7    6.2  122.0   74.0  444.0
2018  20  1 20 1500   -4.4  967.8    5.6  132.0   72.2  444.0
2018  20  1 20 1600   -5.3  968.0    6.1  129.0   77.0  444.0
2018  20  1 20 1700   -5.5  967.8    6.2  134.0   75.1  444.0
2018  20  1 20 1800   -5.2  967.8    7.3  144.0   73.0  444.0
2018  20  1 20 1900   -3.9  967.7    9.1  135.0   85.0  444.0
2018  20  1 20 2000   -4.3  967.5    9.8  130.0   90.1  444.0
2018  20  1 20 2100   -3.7  967.5    9.5  133.0   93.0  444.0
2018  20  1 20 2200   -3.1  967.1   10.0  130.0   93.2  444.0
2018  20  1 20 2300   -3.1  967.4    9.9  104.0   92.0  444.0
2018  21  1 21 0000   -4.1  968.0    8.6   94.0   91.0  444.0
2018  21  1 21 0100   -4.3  968.6    8.2   89.0   90.0  444.0
2018  21  1 21 0200   -4.6  969.2    7.6   86.0   91.0  444.0
2018  21  1 21 0300   -4.9  969.6    8.1   95.0   90.6  444.0
2018  21  1 21 0400   -5.1  970.1    6.9   92.0   91.1  444.0
2018  21  1 21 0500   -5.7  970.6    7.0  103.0   92.2  444.0
2018  21  1 21 0600   -6.1  970.9    6.9   98.0   92.0  444.0
2018  21  1 21 0700   -6.3  971.1    5.7  105.0   92.0  444.0
2018  21  1 21 0800  444.0  971.2    6.7  114.0   92.9  444.0
2018  21  1 21 0900   -6.9  971.2    6.7  119.0   92.0  444.0
2018  21  1 21 1000   -7.1  971.2    5.2  113.0   88.5  444.0
2018  21  1 21 1100  444.0  971.0    2.4  134.0   89.0  444.0
2018  21  1 21 1200  444.0  970.7    3.7  141.0   94.0  444.0
2018  21  1 21 1300  444.0  970.1    3.5  158.0   93.8  444.0
2018  21  1 21 1400   -4.1  969.3    3.8  158.0   96.0  444.0
2018  21  1 21 1500   -3.8  968.9    4.2  133.0   96.4  444.0
2018  21  1 21 1600   -3.8  968.9    6.1  118.0   96.0  444.0
2018  21  1 21 1700   -3.7  968.8    5.5  111.0   95.0  444.0
2018  21  1 21 1800   -3.8  969.1    5.3   97.0   94.3  444.0
2018  21  1 21 1900   -4.2  969.6    5.2   90.0   93.0  444.0
2018  21  1 21 2000   -4.0  970.3    5.2   84.0   91.5  444.0
2018  21  1 21 2100   -3.9  970.9    5.3   81.0   92.0  444.0
2018  21  1 21 2200   -3.8  971.6    5.2   70.0   90.0  444.0
2018  21  1 21 2300   -3.9  972.3    3.9   54.0   87.0  444.0
2018  22  1 22 0000   -3.8  973.0    1.9   46.0   83.0  444.0
2018  22  1 22 0100   -3.8  973.4    1.9   86.0   80.8  444.0
2018  22  1 22 0200   -4.1  973.6    2.0   82.0   81.0  444.0
2018  22  1 22 0300   -4.1  973.8    2.1   81.0   87.0  444.0
2018  22  1 22 0400   -4.2  974.0    3.0   70.0   88.0  444.0
2018  22  1 22 0500   -6.0  974.4    2.9  334.0   88.0  444.0
2018  22  1 22 0600   -6.3  975.0    1.7  319.0   85.0  444.0
2018  22  1 22 0700   -6.5  975.7    1.3    4.0   86.0  444.0
2018  22  1 22 0800  444.0  976.2    2.2   12.0   89.0  444.0
2018  22  1 22 0900  444.0  976.6    2.0   24.0   89.0  444.0
2018  22  1 22 1000  444.0  977.2    2.6   32.0   91.0  444.0
2018  22  1 22 1100  444.0  978.1    4.0   40.0   95.0  444.0
2018  22  1 22 1200  444.0  978.7    3.6   65.0   93.0  444.0
2018  22  1 22 1300  444.0  979.2    2.4   78.0   91.6  444.0
2018  22  1 22 1400  444.0  979.5    3.1   80.0   91.0  444.0
2018  22  1 22 1500  444.0  979.8    1.4   57.0   87.0  444.0
2018  22  1 22 1600  444.0  980.2    0.6   35.0   87.0  444.0
2018  22  1 22 1700  -14.3  980.7    0.0    0.0   89.0  444.0
2018  22  1 22 1800  444.0  980.9    1.2   86.0   87.7  444.0
2018  22  1 22 1900  444.0  981.0    1.4  112.0   86.0  444.0
2018  22  1 22 2000  444.0  981.3    1.1   95.0   86.0  444.0
2018  22  1 22 2100  -13.9  981.5    1.6  150.0   84.0  444.0
2018  22  1 22 2200  444.0  981.4    1.1  101.0   85.0  444.0
2018  22  1 22 2300  444.0  981.5    1.8  158.0   83.1  444.0
2018  23  1 23 0000  444.0  981.5    1.2  182.0   85.0  444.0
2018  23  1 23 0100  -11.6  981.3    2.0  186.0   84.0  444.0
2018  23  1 23 0200  -11.9  980.9    2.6  220.0   83.0  444.0
2018  23  1 23 0300  -10.9  980.8    2.8  205.0   86.0  444.0
2018  23  1 23 0400   -8.8  980.4    2.9  198.0   88.0  444.0
2018  23  1 23 0500   -6.9  980.2    3.2  207.0   89.0  444.0
2018  23  1 23 0600   -5.8  980.2    2.6  214.0   88.5  444.0
2018  23  1 23 0700   -6.6  980.1    2.2  249.0   90.0  444.0
2018  23  1 23 0800   -7.0  979.9    2.2  232.0   85.0  444.0
2018  23  1 23 0900   -9.6  979.7    2.3  240.0   87.0  444.0
2018  23  1 23 1000  444.0  979.6    1.4  218.0   87.6  444.0
2018  23  1 23 1100  -10.7  979.7    0.0    0.0   89.0  444.0
2018  23  1 23 1200  444.0  979.7    3.3   75.0   89.0  444.0
2018  23  1 23 1300  444.0  979.9    1.0   82.0   86.0  444.0
2018  23  1 23 1400  444.0  980.0    0.9  148.0   89.0  444.0
2018  23  1 23 1500  444.0  979.9    1.6  165.0   92.0  444.0
2018  23  1 23 1600  444.0  979.9    1.4  196.0   93.0  444.0
2018  23  1 23 1700  444.0  979.9    2.3  121.0   93.0  444.0
2018  23  1 23 1800  444.0  980.0    3.3   84.0   92.0  444.0
2018  23  1 23 1900  444.0  980.0    3.7  149.0   91.8  444.0
2018  23  1 23 2000  444.0  979.9    2.9  137.0   90.8  444.0
2018  23  1 23 2100   -6.8  979.9    2.6  130.0   89.0  444.0
2018  23  1 23 2200   -6.5  980.0    3.2  115.0   88.0  444.0
2018  23  1 23 2300   -6.4  979.9    3.6  111.0   88.0  444.0
2018  24  1 24 0000   -6.6  979.9    3.6  111.0   88.5  444.0
2018  24  1 24 0100   -6.8  979.8    4.1  122.0   88.0  444.0
2018  24  1 24 0200   -7.0  979.5    4.3  123.0   87.0  444.0
2018  24  1 24 0300   -7.1  979.2    4.7  121.0   90.3  444.0
2018  24  1 24 0400   -6.5  978.8    5.5  118.0   88.8  444.0
2018  24  1 24 0500   -7.0  978.7    4.6  126.0   88.0  444.0
2018  24  1 24 0600   -6.8  978.8    3.9  144.0   88.0  444.0
2018  24  1 24 0700   -6.6  978.5    2.7  152.0   85.0  444.0
2018  24  1 24 0800   -7.2  978.4    3.1  143.0   85.1  444.0
2018  24  1 24 0900   -8.3  978.1    3.8  123.0   87.0  444.0
2018  24  1 24 1000   -9.4  978.1    3.8  127.0   87.0  444.0
2018  24  1 24 1100  444.0  978.2    4.4  122.0   88.0  444.0
2018  24  1 24 1200  444.0  978.4    4.4  115.0   90.0  444.0
2018  24  1 24 1300  444.0  978.2    4.8  118.0   89.9  444.0
2018  24  1 24 1400  444.0  978.5    4.2  114.0   90.0  444.0
2018  24  1 24 1500  444.0  978.3    5.5  122.0   90.0  444.0
2018  24  1 24 1600  444.0  978.4    5.2  118.0   89.0  444.0
2018  24  1 24 1700  444.0  978.6    5.0  117.0   88.6  444.0
2018  24  1 24 1800  444.0  978.9    5.3  121.0   86.7  444.0
2018  24  1 24 1900  444.0  979.1    5.6  121.0   86.0  444.0
2018  24  1 24 2000  444.0  979.3    5.9  129.0   85.0  444.0
2018  24  1 24 2100  444.0  979.5    6.0  127.0   84.0  444.0
2018  24  1 24 2200  444.0  979.8    5.7  119.0   85.0  444.0
2018  24  1 24 2300  444.0  980.1    6.0  119.0   84.3  444.0
2018  25  1 25 0000  444.0  980.4    5.6  121.0   83.0  444.0
2018  25  1 25 0100  444.0  980.6    6.2  121.0   84.0  444.0
2018  25  1 25 0200   -6.8  980.8    6.0  110.0   81.0  444.0
2018  25  1 25 0300   -6.2  980.7    5.9  121.0   80.0  444.0
2018  25  1 25 0400   -5.8  980.8    6.0  106.0   77.7  444.0
2018  25  1 25 0500   -6.4  980.9    5.8  108.0   81.0  444.0
2018  25  1 25 0600   -7.0  981.3    4.6  112.0   85.1  444.0
2018  25  1 25 0700   -7.6  981.7    4.3  113.0   87.0  444.0
2018  25  1 25 0800  444.0  982.1    3.8  118.0   87.0  444.0
2018  25  1 25 0900  444.0  982.4    3.4  127.0   85.0  444.0
2018  25  1 25 1000  444.0  982.7    4.1  130.0   87.0  444.0
2018  25  1 25 1100  444.0  983.0    2.6  136.0   86.8  444.0
2018  25  1 25 1200  444.0  983.3    4.4  116.0   89.0  444.0
2018  25  1 25 1300  444.0  983.7    3.9  119.0   90.5  444.0
2018  25  1 25 1400  444.0  983.9    3.4  128.0   91.0  444.0
2018  25  1 25 1500  444.0  983.9    3.4  134.0   91.0  444.0
2018  25  1 25 1600  444.0  984.3    3.4  125.0   90.1  444.0
2018  25  1 25 1700  444.0  984.8    3.1  130.0   89.0  444.0
2018  25  1 25 1800  444.0  985.2    3.9  142.0   89.0  444.0
2018  25  1 25 1900  444.0  985.4    3.9  146.0   88.0  444.0
2018  25  1 25 2000  444.0  985.5    4.9  142.0   87.0  444.0
2018  25  1 25 2100  444.0  986.0    3.9  128.0   85.7  444.0
2018  25  1 25 2200  444.0  986.2    3.8  143.0   85.1  444.0
2018  25  1 25 2300  444.0  986.2    5.4  138.0   84.0  444.0
2018  26  1 26 0000   -8.4  986.5    4.9  140.0   82.0  444.0
2018  26  1 26 0100   -8.3  986.7    5.3  141.0   82.0  444.0
2018  26  1 26 0200  444.0  986.6    5.1  140.0   79.0  444.0
2018  26  1 26 0300   -7.2  986.3    5.0  139.0   76.8  444.0
2018  26  1 26 0400  444.0  986.2    4.9  145.0   82.3  444.0
2018  26  1 26 0500  444.0  986.1    4.5  146.0   83.0  444.0
2018  26  1 26 0600   -8.0  986.3    3.2  145.0   83.0  444.0
2018  26  1 26 0700   -9.8  986.1    2.4  160.0   84.0  444.0
2018  26  1 26 0800  444.0  985.7    2.5  163.0   83.0  444.0
2018  26  1 26 0900  444.0  985.7    2.2  186.0   81.9  444.0
2018  26  1 26 1000  444.0  985.4    2.5  155.0   81.0  444.0
2018  26  1 26 1100  444.0  985.3    2.7  166.0   81.0  444.0
2018  26  1 26 1200  444.0  985.2    1.9  170.0   80.0  444.0
2018  26  1 26 1300  444.0  984.9    2.4  168.0   82.0  444.0
2018  26  1 26 1400  444.0  984.8    2.7  196.0   85.5  444.0
2018  26  1 26 1500  444.0  984.3    2.6  174.0   85.0  444.0
2018  26  1 26 1600  444.0  984.1    2.1  201.0   84.0  444.0
2018  26  1 26 1700  444.0  983.8    2.1  198.0   81.0  444.0
2018  26  1 26 1800  444.0  983.8    0.5  105.0   75.0  444.0
2018  26  1 26 1900  444.0  983.7  444.0  444.0   78.1  444.0
2018  26  1 26 2000  444.0  983.5    1.7  212.0   80.0  444.0
2018  26  1 26 2100  444.0  983.4    1.2  178.0   78.0  444.0
2018  26  1 26 2200  444.0  983.3    0.8  158.0   78.0  444.0
2018  26  1 26 2300  444.0  983.2  444.0  444.0   68.0  444.0
2018  27  1 27 0000  -12.2  983.1    1.0  144.0   79.2  444.0
2018  27  1 27 0100  -12.2  983.3    1.2   38.0   82.4  444.0
2018  27  1 27 0200  -11.9  983.2    1.1    1.0   91.0  444.0
2018  27  1 27 0300  -11.6  983.1    1.4   25.0   87.0  444.0
2018  27  1 27 0400  -11.1  983.2    0.9   82.0   86.0  444.0
2018  27  1 27 0500  444.0  983.3    0.1   39.0   85.0  444.0
2018  27  1 27 0600  444.0  983.6    0.3   61.0   87.0  444.0
2018  27  1 27 0700  -12.9  983.7    0.4  359.0   88.0  444.0
2018  27  1 27 0800  -12.5  983.7    0.3   98.0   87.0  444.0
2018  27  1 27 0900  -13.8  983.8    0.6   34.0   87.0  444.0
2018  27  1 27 1000  444.0  984.1    0.6   69.0   87.0  444.0
2018  27  1 27 1100  444.0  984.4    0.6   44.0   87.0  444.0
2018  27  1 27 1200  444.0  984.7    1.0  117.0   88.7  444.0
2018  27  1 27 1300  444.0  985.0    1.0  130.0   88.0  444.0
2018  27  1 27 1400  444.0  985.2    1.0   80.0   88.0  444.0
2018  27  1 27 1500  444.0  985.4    0.9   25.0   88.0  444.0
2018  27  1 27 1600  444.0  985.7    1.1   60.0   89.0  444.0
2018  27  1 27 1700  444.0  985.8    2.8  111.0   89.0  444.0
2018  27  1 27 1800  444.0  986.2    1.8   87.0   89.0  444.0
2018  27  1 27 1900  444.0  986.6    2.4  131.0   88.0  444.0
2018  27  1 27 2000  444.0  986.7    1.8  136.0   87.0  444.0
2018  27  1 27 2100  -12.5  986.9    3.1  163.0   85.8  444.0
2018  27  1 27 2200  -11.8  987.2    3.8  184.0   86.0  444.0
2018  27  1 27 2300  -11.8  987.5    3.3  180.0   85.0  444.0
2018  28  1 28 0000  444.0  987.5    3.8  171.0   86.0  444.0
2018  28  1 28 0100  444.0  987.8    4.0  196.0   85.0  444.0
2018  28  1 28 0200  -11.4  987.8    3.5  216.0   83.4  444.0
2018  28  1 28 0300  444.0  987.7    3.8  226.0   85.0  444.0
2018  28  1 28 0400  444.0  987.5    2.7  246.0   84.0  444.0
2018  28  1 28 0500  444.0  987.4    2.7  250.0   84.0  444.0
2018  28  1 28 0600  444.0  987.6    2.3  213.0   86.0  444.0
2018  28  1 28 0700  444.0  987.6    1.6  256.0   87.0  444.0
2018  28  1 28 0800  444.0  987.7    2.2  288.0   88.0  444.0
2018  28  1 28 0900  444.0  987.8    2.1  147.0   90.0  444.0
2018  28  1 28 1000  444.0  987.8    2.3  181.0   89.0  444.0
2018  28  1 28 1100  444.0  988.0    1.9  173.0   90.0  444.0
2018  28  1 28 1200  444.0  988.1    0.6  223.0   89.0  444.0
2018  28  1 28 1300  444.0  988.1    0.8  300.0   90.0  444.0
2018  28  1 28 1400  444.0  988.2    1.1  347.0   90.1  444.0
2018  28  1 28 1500  444.0  988.2    1.5   20.0   90.0  444.0
2018  28  1 28 1600  444.0  988.2    2.6   41.0   87.0  444.0
2018  28  1 28 1700  444.0  988.4    3.2   58.0   86.0  444.0
2018  28  1 28 1800  444.0  988.5    1.1   78.0   86.0  444.0
2018  28  1 28 1900  444.0  988.4    2.7   85.0   89.1  444.0
2018  28  1 28 2000  444.0  988.3    3.5  111.0   90.0  444.0
2018  28  1 28 2100  444.0  988.1    4.7   88.0   91.0  444.0
2018  28  1 28 2200  444.0  988.1    4.6   93.0   88.0  444.0
2018  28  1 28 2300  444.0  988.2    4.2   96.0   87.0  444.0
2018  29  1 29 0000  444.0  988.0    4.7  104.0   88.9  444.0
2018  29  1 29 0100  444.0  987.6    5.5  103.0   91.0  444.0
2018  29  1 29 0200  444.0  987.2    5.7  114.0   90.0  444.0
2018  29  1 29 0300  444.0  986.6    6.1  125.0   88.4  444.0
2018  29  1 29 0400  444.0  986.1    6.0  125.0   87.0  444.0
2018  29  1 29 0500  444.0  985.6    6.1  125.0   88.0  444.0
2018  29  1 29 0600  444.0  985.2    5.0  116.0   88.0  444.0
2018  29  1 29 0700  444.0  984.8    4.7  105.0   90.0  444.0
2018  29  1 29 0800   -8.3  984.4    4.1   92.0   91.0  444.0
2018  29  1 29 0900   -8.0  984.0    4.3   96.0   93.0  444.0
2018  29  1 29 1000   -8.3  983.6    5.3  109.0   94.0  444.0
2018  29  1 29 1100   -8.6  983.3    4.8  102.0   93.0  444.0
2018  29  1 29 1200   -8.8  983.1    3.4   64.0   93.0  444.0
2018  29  1 29 1300  -10.5  982.8    1.9   70.0   92.0  444.0
2018  29  1 29 1400   -9.8  982.2    3.9   41.0   91.0  444.0
2018  29  1 29 1500  444.0  981.9    2.3   68.0   91.0  444.0
2018  29  1 29 1600  444.0  981.4    3.1   75.0   91.0  444.0
2018  29  1 29 1700  444.0  981.2    2.3   54.0   90.0  444.0
2018  29  1 29 1800  444.0  981.0    2.1   39.0   90.0  444.0
2018  29  1 29 1900  -10.8  980.9    3.3    3.0   89.0  444.0
2018  29  1 29 2000  -11.3  980.9    2.8    7.0   89.0  444.0
2018  29  1 29 2100  -10.4  980.9    2.7  359.0   89.0  444.0
2018  29  1 29 2200  -10.0  980.7    2.9    2.0   89.9  444.0
2018  29  1 29 2300   -9.6  980.6    3.4   27.0   90.0  444.0
2018  30  1 30 0000  -10.2  980.6    4.1   31.0   89.0  444.0
2018  30  1 30 0100  -10.3  980.5    4.5   29.0   88.0  444.0
2018  30  1 30 0200  444.0  980.1    4.1   18.0   89.0  444.0
2018  30  1 30 0300  444.0  980.2    3.7    6.0   89.5  444.0
2018  30  1 30 0400  444.0  980.1    3.9   30.0   90.0  444.0
2018  30  1 30 0500  444.0  980.1    4.2   31.0   90.0  444.0
2018  30  1 30 0600  -10.1  980.2    4.2   24.0   90.0  444.0
2018  30  1 30 0700  -10.7  980.4    3.4   29.0   89.4  444.0
2018  30  1 30 0800  -10.2  980.3    2.7   42.0   90.0  444.0
2018  30  1 30 0900  -10.3  980.2    3.4   20.0   91.0  444.0
2018  30  1 30 1000  -10.4  980.4    2.5   52.0   91.0  444.0
2018  30  1 30 1100  -12.0  980.6    3.1   44.0   90.0  444.0
2018  30  1 30 1200  444.0  980.9    2.4   57.0   90.3  444.0
2018  30  1 30 1300  -11.5  980.9    2.4   84.0   91.0  444.0
2018  30  1 30 1400  -11.6  981.0    2.0  116.0   90.0  444.0
2018  30  1 30 1500  -11.8  981.1    1.3  109.0   90.0  444.0
2018  30  1 30 1600  -11.6  981.4    1.0  136.0   90.0  444.0
2018  30  1 30 1700  -11.3  981.5    1.7  147.0   90.4  444.0
2018  30  1 30 1800  -11.2  981.9    2.8  122.0   90.0  444.0
2018  30  1 30 1900  -10.9  982.3    2.8  124.0   90.0  444.0
2018  30  1 30 2000  -11.0  982.7    3.2  157.0   90.0  444.0
2018  30  1 30 2100  -10.8  983.2    2.8  152.0   89.5  444.0
2018  30  1 30 2200  -10.6  983.4    3.1  125.0   89.0  444.0
2018  30  1 30 2300  -10.6  983.8    3.2  119.0   88.0  444.0
2018  31  1 31 0000  444.0  984.1    3.1  129.0   88.0  444.0
2018  31  1 31 0100  -10.1  984.4    2.6  132.0   88.8  444.0
2018  31  1 31 0200   -9.4  984.5    2.9  138.0   88.7  444.0
2018  31  1 31 0300   -9.7  984.6    2.7  159.0   88.0  444.0
2018  31  1 31 0400  444.0  984.7    2.9  200.0   88.1  444.0
2018  31  1 31 0500  444.0  984.9    2.0  195.0   86.0  444.0
2018  31  1 31 0600  444.0  985.1    1.2  240.0   84.0  444.0
2018  31  1 31 0700  -13.0  985.1    1.7  248.0   85.0  444.0
2018  31  1 31 0800  -13.3  985.3    0.6  224.0   84.0  444.0
2018  31  1 31 0900  444.0  985.4    1.8  240.0   83.1  444.0
2018  31  1 31 1000  444.0  985.6    1.4  242.0   83.0  444.0
2018  31  1 31 1100  444.0  985.5    3.9  206.0   83.0  444.0
2018  31  1 31 1200  444.0  985.6    2.8  225.0   80.0  444.0
2018  31  1 31 1300  444.0  985.5    3.8  230.0   81.0  444.0
2018  31  1 31 1400  444.0  985.6    3.7  247.0   80.0  444.0
2018  31  1 31 1500  444.0  985.6    5.3  219.0   76.8  444.0
2018  31  1 31 1600  444.0  985.6    3.3  233.0   76.0  444.0
2018  31  1 31 1700  -19.5  985.9    0.8  235.0   77.0  444.0
2018  31  1 31 1800  -17.0  986.1    2.0  244.0   74.0  444.0
2018  31  1 31 1900  -17.8  986.2    3.1  252.0   72.9  444.0
2018  31  1 31 2000  -15.8  986.1    4.7  234.0   72.7  444.0
2018  31  1 31 2100  444.0  986.5    4.2  218.0   71.0  444.0
2018  31  1 31 2200  -14.9  986.5    5.2  206.0   69.0  444.0
2018  31  1 31 2300  444.0  986.6    3.6  210.0   73.0  444.0
