Year: 2024  Month: 04  ID: MLN  ARGOS:  8934  Name: Marilyn             
Lat: 79.90S  Lon: 165.86E  Elev:   62m
2024  92  4  1 0000  -28.2  953.4    7.3  201.0   87.0  444.0
2024  92  4  1 0100  -26.5  953.9    8.7  193.0   90.0  444.0
2024  92  4  1 0200  -25.8  954.3    9.7  194.0   93.0  444.0
2024  92  4  1 0300  -25.9  954.0   10.5  196.0   90.5  444.0
2024  92  4  1 0400  -25.7  954.1   11.3  182.0   92.0  444.0
2024  92  4  1 0500  -26.2  954.2   10.8  185.0   90.0  444.0
2024  92  4  1 0600  -25.8  954.3   12.3  181.0   94.1  444.0
2024  92  4  1 0700  -25.9  954.1   12.5  192.0   93.0  444.0
2024  92  4  1 0800  -25.8  954.5   12.1  184.0   93.3  444.0
2024  92  4  1 0900  -24.2  954.5   13.1  181.0   98.0  444.0
2024  92  4  1 1000  -23.0  954.1   12.6  183.0  100.0  444.0
2024  92  4  1 1100  -22.3  953.4   14.4  164.0   99.9  444.0
2024  92  4  1 1200  -22.5  953.1   15.1  168.0  100.0  444.0
2024  92  4  1 1300  -21.3  952.8   14.3  166.0  100.0  444.0
2024  92  4  1 1400  -19.9  952.7   13.7  157.0  100.0  444.0
2024  92  4  1 1500  -14.9  952.5    9.4  116.0  100.0  444.0
2024  92  4  1 1600  -15.6  953.1   10.7   95.0  100.0  444.0
2024  92  4  1 1700  -16.2  954.4   11.6   80.0  100.0  444.0
2024  92  4  1 1800  -16.6  955.7   10.7   76.0  100.0  444.0
2024  92  4  1 1900  -16.6  957.2   10.0   78.0  100.0  444.0
2024  92  4  1 2000  -16.3  958.6    8.4   85.0  100.0  444.0
2024  92  4  1 2100  -15.2  959.5    9.7   86.0  100.0  444.0
2024  92  4  1 2200  -15.0  960.2    8.3  106.0  100.0  444.0
2024  92  4  1 2300  -15.2  960.7    8.6  107.0  100.0  444.0
2024  93  4  2 0000  -15.1  961.4    7.6   94.0  100.0  444.0
2024  93  4  2 0100  -15.6  962.0    7.0   98.0  100.0  444.0
2024  93  4  2 0200  -16.9  962.6    5.8  111.0  100.0  444.0
2024  93  4  2 0300  -18.1  962.9    6.0  116.0  100.0  444.0
2024  93  4  2 0400  -17.9  963.2    7.0  113.0  100.0  444.0
2024  93  4  2 0500  -17.9  963.8    5.8  130.0  100.0  444.0
2024  93  4  2 0600  -17.1  964.1    6.5  131.0  100.0  444.0
2024  93  4  2 0700  -16.5  964.4    7.0  120.0  100.0  444.0
2024  93  4  2 0800  -18.1  964.8    6.7  116.0  100.0  444.0
2024  93  4  2 0900  -17.8  965.1    6.9  105.0  100.0  444.0
2024  93  4  2 1000  -20.3  965.8    6.2  109.0  100.0  444.0
2024  93  4  2 1100  -20.3  966.3    6.5  112.0  100.0  444.0
2024  93  4  2 1200  -20.5  966.9    6.0  133.0  100.0  444.0
2024  93  4  2 1300  -19.8  967.2    6.4  129.0  100.0  444.0
2024  93  4  2 1400  -20.4  967.6    6.4  122.0  100.0  444.0
2024  93  4  2 1500  -20.4  968.1    7.2  120.0  100.0  444.0
2024  93  4  2 1600  -20.4  968.7    5.6  125.0  100.0  444.0
2024  93  4  2 1700  -19.6  969.1    7.3  141.0  100.0  444.0
2024  93  4  2 1800  -20.0  969.5    7.5  135.0  100.0  444.0
2024  93  4  2 1900  -19.6  969.9    8.1  136.0  100.0  444.0
2024  93  4  2 2000  -21.1  970.3    7.9  149.0  100.0  444.0
2024  93  4  2 2100  -21.7  970.8    8.0  144.0   99.9  444.0
2024  93  4  2 2200  -22.0  971.5    7.9  148.0  100.0  444.0
2024  93  4  2 2300  -21.4  971.9    8.2  153.0  100.0  444.0
2024  94  4  3 0000  -20.9  972.5    7.7  123.0  100.0  444.0
2024  94  4  3 0100  -21.6  972.7    6.7  135.0  100.0  444.0
2024  94  4  3 0200  -22.1  973.2    7.4  138.0   98.0  444.0
2024  94  4  3 0300  -22.9  973.6    7.6  120.0   95.0  444.0
2024  94  4  3 0400  -23.6  973.9    6.6  115.0   94.0  444.0
2024  94  4  3 0500  -24.1  974.4    7.3  118.0   93.0  444.0
2024  94  4  3 0600  -24.1  974.7    6.9  139.0   94.0  444.0
2024  94  4  3 0700  -25.9  975.2    4.2  176.0   90.0  444.0
2024  94  4  3 0800  -27.4  975.3    3.9  190.0   91.0  444.0
2024  94  4  3 0900  -27.6  975.6    5.1  138.0   91.0  444.0
2024  94  4  3 1000  -28.9  976.1    4.0  140.0   87.8  444.0
2024  94  4  3 1100  -28.9  976.7    4.9  148.0   87.0  444.0
2024  94  4  3 1200  -29.4  977.2    5.1  184.0   86.0  444.0
2024  94  4  3 1300  -26.3  977.6    6.2  191.0   93.0  444.0
2024  94  4  3 1400  -28.6  978.0    6.0  198.0   87.0  444.0
2024  94  4  3 1500  -29.4  978.2    5.2  198.0   85.5  444.0
2024  94  4  3 1600  -29.3  978.8    6.2  190.0   85.0  444.0
2024  94  4  3 1700  -29.5  979.2    5.8  198.0   84.0  444.0
2024  94  4  3 1800  -29.6  979.3    6.5  192.0   81.0  444.0
2024  94  4  3 1900  -32.2  980.0    3.0  204.0   80.0  444.0
2024  94  4  3 2000  -32.6  980.3    4.7  223.0   79.4  444.0
2024  94  4  3 2100  -33.2  980.7    4.7  207.0   82.0  444.0
2024  94  4  3 2200  -33.5  981.0    4.6  214.0   79.0  444.0
2024  94  4  3 2300  -33.0  981.4    4.1  225.0   80.0  444.0
2024  95  4  4 0000  -33.1  981.8    5.3  222.0   80.0  444.0
2024  95  4  4 0100  -30.8  982.2    4.7  218.0   79.0  444.0
2024  95  4  4 0200  -28.7  982.3    7.9  219.0   80.0  444.0
2024  95  4  4 0300  -30.1  982.8    5.8  216.0   80.0  444.0
2024  95  4  4 0400  -30.8  983.1    5.0  202.0   78.1  444.0
2024  95  4  4 0500  -31.4  983.3    4.5  210.0   78.0  444.0
2024  95  4  4 0600  -32.2  983.5    5.3  213.0   79.6  444.0
2024  95  4  4 0700  -34.0  984.0    4.8  224.0   79.0  444.0
2024  95  4  4 0800  -35.1  984.4    4.5  227.0   78.2  444.0
2024  95  4  4 0900  -34.1  984.7    4.0  218.0   80.0  444.0
2024  95  4  4 1000  -36.8  985.1    2.7  219.0   76.0  444.0
2024  95  4  4 1100  -35.6  985.5    4.0  229.0   73.0  444.0
2024  95  4  4 1200  -35.2  985.8    4.4  218.0   78.0  444.0
2024  95  4  4 1300  -33.4  985.8    7.1  209.0   79.7  444.0
2024  95  4  4 1400  -31.4  986.2    6.4  198.0   80.7  444.0
2024  95  4  4 1500  -31.3  986.4    6.8  219.0   78.0  444.0
2024  95  4  4 1600  -30.1  986.6    7.3  195.0   83.0  444.0
2024  95  4  4 1700  -29.9  987.1    6.5  175.0   84.0  444.0
2024  95  4  4 1800  -29.3  987.5    7.7  168.0   83.0  444.0
2024  95  4  4 1900  -29.5  987.8    7.1  176.0   80.6  444.0
2024  95  4  4 2000  -30.0  987.8    5.6  172.0   81.0  444.0
2024  95  4  4 2100  -29.1  987.9    5.2  181.0   81.0  444.0
2024  95  4  4 2200  -28.7  987.9    5.1  174.0   85.0  444.0
2024  95  4  4 2300  -28.4  988.2    4.1  146.0   85.6  444.0
2024  96  4  5 0000  -27.3  988.7    5.4  136.0   87.6  444.0
2024  96  4  5 0100  -29.1  988.7    7.7  125.0   81.0  444.0
2024  96  4  5 0200  -30.8  988.8    6.9  130.0   81.2  444.0
2024  96  4  5 0300  -31.9  989.0    8.1  123.0   79.0  444.0
2024  96  4  5 0400  -32.5  989.1    8.0  122.0   79.9  444.0
2024  96  4  5 0500  -30.2  989.4    7.2  122.0   83.1  444.0
2024  96  4  5 0600  -29.8  989.5    5.8  134.0   82.0  444.0
2024  96  4  5 0700  -29.5  989.5    6.1  131.0   84.0  444.0
2024  96  4  5 0800  -28.6  989.5    5.8  143.0   87.0  444.0
2024  96  4  5 0900  -26.8  989.3    6.9  136.0   90.0  444.0
2024  96  4  5 1000  -26.3  989.3    7.4  132.0   91.0  444.0
2024  96  4  5 1100  -26.5  989.3    6.8  133.0   91.0  444.0
2024  96  4  5 1200  -26.8  988.9    7.5  132.0   90.1  444.0
2024  96  4  5 1300  -27.4  989.0    7.4  132.0   90.0  444.0
2024  96  4  5 1400  -28.0  988.6    8.1  139.0   88.0  444.0
2024  96  4  5 1500  -27.8  988.5    9.1  138.0   89.0  444.0
2024  96  4  5 1600  -26.1  988.6    9.2  133.0   93.0  444.0
2024  96  4  5 1700  -25.0  988.4   10.1  135.0   95.0  444.0
2024  96  4  5 1800  -24.9  988.2   10.7  137.0   95.0  444.0
2024  96  4  5 1900  -25.1  988.4   10.0  136.0   94.0  444.0
2024  96  4  5 2000  -24.6  988.3    9.7  135.0   95.0  444.0
2024  96  4  5 2100  -25.8  988.5    9.0  148.0   93.0  444.0
2024  96  4  5 2200  -26.9  988.4    9.4  152.0   90.4  444.0
2024  96  4  5 2300  -27.1  988.4    9.6  144.0   89.3  444.0
2024  97  4  6 0000  -27.3  988.3    9.1  143.0   88.0  444.0
2024  97  4  6 0100  -28.3  988.0    9.3  141.0   86.0  444.0
2024  97  4  6 0200  -29.1  987.8    8.7  150.0   85.0  444.0
2024  97  4  6 0300  -29.9  987.7    9.1  148.0   83.0  444.0
2024  97  4  6 0400  -29.8  987.6    9.1  142.0   84.4  444.0
2024  97  4  6 0500  -29.6  987.4    8.9  140.0   84.0  444.0
2024  97  4  6 0600  -30.1  987.5    9.0  142.0   84.0  444.0
2024  97  4  6 0700  -31.1  987.2    7.5  143.0   81.0  444.0
2024  97  4  6 0800  -31.2  986.9    7.8  141.0   80.0  444.0
2024  97  4  6 0900  -31.6  986.7    7.9  136.0   80.9  444.0
2024  97  4  6 1000  -32.2  986.8    7.6  142.0   80.5  444.0
2024  97  4  6 1100  -30.9  986.5    7.0  132.0   83.0  444.0
2024  97  4  6 1200  -29.7  986.1    8.4  135.0   85.0  444.0
2024  97  4  6 1300  -29.9  985.8    7.7  134.0   84.0  444.0
2024  97  4  6 1400  -30.1  985.3    9.0  132.0   83.4  444.0
2024  97  4  6 1500  -31.6  985.1    8.0  126.0   80.0  444.0
2024  97  4  6 1600  -32.9  985.3    7.9  123.0   79.0  444.0
2024  97  4  6 1700  -33.3  985.0    8.0  128.0   79.0  444.0
2024  97  4  6 1800  -34.1  984.7    8.4  127.0   78.0  444.0
2024  97  4  6 1900  -33.5  984.6    8.7  125.0   78.4  444.0
2024  97  4  6 2000  -33.5  984.4    8.3  123.0   78.0  444.0
2024  97  4  6 2100  -33.8  984.0    8.7  131.0   78.0  444.0
2024  97  4  6 2200  -34.0  983.7    8.8  128.0   77.0  444.0
2024  97  4  6 2300  -34.3  983.1    8.6  132.0   76.0  444.0
2024  98  4  7 0000  -35.1  982.7    7.5  132.0   76.0  444.0
2024  98  4  7 0100  -35.1  982.0    7.6  139.0   76.0  444.0
2024  98  4  7 0200  -35.5  981.4    7.9  136.0   75.0  444.0
2024  98  4  7 0300  -35.9  981.0    6.1  141.0   75.0  444.0
2024  98  4  7 0400  -36.0  980.3    6.9  154.0   75.0  444.0
2024  98  4  7 0500  -35.8  979.6    6.7  153.0   75.3  444.0
2024  98  4  7 0600  -35.6  978.9    7.1  155.0   75.0  444.0
2024  98  4  7 0700  -36.4  978.0    7.7  162.0   74.0  444.0
2024  98  4  7 0800  -36.1  977.4    8.4  158.0   75.0  444.0
2024  98  4  7 0900  -35.9  976.7    9.1  158.0   75.0  444.0
2024  98  4  7 1000  -36.0  976.3    8.6  157.0   75.0  444.0
2024  98  4  7 1100  -36.0  975.6    7.5  162.0   75.0  444.0
2024  98  4  7 1200  -37.4  975.0    5.6  165.0   74.0  444.0
2024  98  4  7 1300  -37.5  974.2    6.2  177.0   74.0  444.0
2024  98  4  7 1400  -36.9  973.3    6.5  164.0   74.0  444.0
2024  98  4  7 1500  -36.0  972.9    7.4  154.0   75.0  444.0
2024  98  4  7 1600  -35.5  972.4    8.7  174.0   76.0  444.0
2024  98  4  7 1700  -35.5  971.6    8.7  176.0   76.3  444.0
2024  98  4  7 1800  -34.4  970.8   11.3  163.0   77.0  444.0
2024  98  4  7 1900  -34.2  970.3   10.9  168.0   77.0  444.0
2024  98  4  7 2000  -34.1  969.4   11.2  175.0   77.0  444.0
2024  98  4  7 2100  -34.5  969.1    8.1  180.0   76.0  444.0
2024  98  4  7 2200  -35.2  968.9    6.8  170.0   76.0  444.0
2024  98  4  7 2300  -35.0  968.5    8.6  171.0   76.0  444.0
2024  99  4  8 0000  -34.9  968.5    7.8  179.0   76.0  444.0
2024  99  4  8 0100  -34.4  968.1    9.3  184.0   76.0  444.0
2024  99  4  8 0200  -34.6  967.9    8.8  176.0   76.0  444.0
2024  99  4  8 0300  -34.6  967.8    8.4  189.0   76.2  444.0
2024  99  4  8 0400  -34.4  967.4    9.3  184.0   77.0  444.0
2024  99  4  8 0500  -34.4  967.4    8.2  188.0   77.0  444.0
2024  99  4  8 0600  -34.3  967.2    9.2  190.0   77.3  444.0
2024  99  4  8 0700  -32.7  966.7   10.6  191.0   79.0  444.0
2024  99  4  8 0800  -31.4  966.4   14.9  182.0   80.0  444.0
2024  99  4  8 0900  -31.0  966.1   13.6  187.0   80.0  444.0
2024  99  4  8 1000  -30.6  966.4   12.8  184.0   79.0  444.0
2024  99  4  8 1100  -30.2  966.7   13.3  175.0   80.0  444.0
2024  99  4  8 1200  -30.7  966.6    8.1  202.0   74.0  444.0
2024  99  4  8 1300  -31.2  966.5    7.7  202.0   71.0  444.0
2024  99  4  8 1400  -30.7  966.2    8.6  200.0   72.0  444.0
2024  99  4  8 1500  -31.6  965.6    8.2  212.0   74.0  444.0
2024  99  4  8 1600  -30.4  965.7    8.9  205.0   72.0  444.0
2024  99  4  8 1700  -30.5  965.7    8.2  216.0   74.0  444.0
2024  99  4  8 1800  -29.6  965.6    8.9  214.0   73.0  444.0
2024  99  4  8 1900  -29.9  965.6    7.8  220.0   76.0  444.0
2024  99  4  8 2000  -30.3  965.4    8.6  219.0   77.0  444.0
2024  99  4  8 2100  -31.2  965.1    7.9  225.0   78.0  444.0
2024  99  4  8 2200  -31.2  965.1    8.9  224.0   77.0  444.0
2024  99  4  8 2300  -30.9  965.2    7.9  218.0   76.0  444.0
2024 100  4  9 0000  -31.8  965.0    7.6  220.0   75.2  444.0
2024 100  4  9 0100  -32.0  964.8    8.3  224.0   74.0  444.0
2024 100  4  9 0200  -31.9  964.3    8.0  220.0   74.0  444.0
2024 100  4  9 0300  -28.8  964.2    9.0  209.0   71.0  444.0
2024 100  4  9 0400  -27.7  964.2    9.1  209.0   72.0  444.0
2024 100  4  9 0500  -27.3  964.4    7.4  208.0   71.0  444.0
2024 100  4  9 0600  -27.7  964.2    6.0  219.0   77.0  444.0
2024 100  4  9 0700  -27.5  963.5    7.1  222.0   79.0  444.0
2024 100  4  9 0800  -25.0  963.5    8.4  194.0   72.0  444.0
2024 100  4  9 0900  -25.0  964.1    6.6  199.0   77.0  444.0
2024 100  4  9 1000  -25.6  963.6    7.6  206.0   73.0  444.0
2024 100  4  9 1100  -26.4  963.7    6.7  220.0   71.0  444.0
2024 100  4  9 1200  -25.5  963.9    6.3  217.0   82.3  444.0
2024 100  4  9 1300  -25.2  963.6    7.0  210.0   88.0  444.0
2024 100  4  9 1400  -24.7  963.5    5.9  192.0   94.0  444.0
2024 100  4  9 1500  -23.5  963.8    5.3  189.0   96.0  444.0
2024 100  4  9 1600  -23.2  964.1    5.7  209.0   98.0  444.0
2024 100  4  9 1700  -22.7  964.2    6.2  217.0   99.9  444.0
2024 100  4  9 1800  -21.6  964.4    5.1  209.0  100.0  444.0
2024 100  4  9 1900  -20.9  964.2    4.5  198.0  100.0  444.0
2024 100  4  9 2000  -20.0  964.3    4.6  179.0  100.0  444.0
2024 100  4  9 2100  -19.6  964.6    4.3  145.0  100.0  444.0
2024 100  4  9 2200  -19.9  965.4    4.5  103.0   96.0  444.0
2024 100  4  9 2300  -20.6  966.1    3.1  129.0   98.0  444.0
2024 101  4 10 0000  -20.8  966.7    2.6  134.0   97.0  444.0
2024 101  4 10 0100  -21.0  966.9    2.4  175.0  100.0  444.0
2024 101  4 10 0200  -20.5  967.1    3.4  108.0   96.0  444.0
2024 101  4 10 0300  -21.2  967.3    3.6  111.0   95.9  444.0
2024 101  4 10 0400  -21.8  967.6    3.8  104.0   97.0  444.0
2024 101  4 10 0500  -22.6  968.4    4.9   37.0   95.0  444.0
2024 101  4 10 0600  -24.9  969.4    6.5   74.0   91.0  444.0
2024 101  4 10 0700  -27.2  970.0    6.1   88.0   86.0  444.0
2024 101  4 10 0800  -26.7  970.3    5.6  103.0   87.0  444.0
2024 101  4 10 0900  -27.6  971.0    5.3   96.0   88.0  444.0
2024 101  4 10 1000  -27.8  971.4    7.4   92.0   85.1  444.0
2024 101  4 10 1100  -29.3  972.5    5.9   87.0   83.0  444.0
2024 101  4 10 1200  -29.6  972.8    5.4   84.0   81.0  444.0
2024 101  4 10 1300  -29.9  972.9    5.7   91.0   83.0  444.0
2024 101  4 10 1400  -29.5  973.3    6.6   84.0   83.0  444.0
2024 101  4 10 1500  -29.2  973.9    6.4   86.0   83.3  444.0
2024 101  4 10 1600  -29.4  974.5    6.9   91.0   81.0  444.0
2024 101  4 10 1700  -29.8  974.9    6.3   96.0   82.0  444.0
2024 101  4 10 1800  -30.0  975.1    7.2   93.0   81.0  444.0
2024 101  4 10 1900  -30.0  975.5    6.7  104.0   82.0  444.0
2024 101  4 10 2000  -29.5  975.5    5.8   89.0   83.7  444.0
2024 101  4 10 2100  -29.4  975.9    5.8   65.0   85.0  444.0
2024 101  4 10 2200  -29.3  976.3    5.6   69.0   88.0  444.0
2024 101  4 10 2300  -29.9  977.0    4.5   90.0   83.0  444.0
2024 102  4 11 0000  -32.3  977.2    3.6  115.0   81.0  444.0
2024 102  4 11 0100  -33.7  977.4    3.5  125.0   78.1  444.0
2024 102  4 11 0200  -31.3  977.5    3.6  121.0   82.3  444.0
2024 102  4 11 0300  -29.7  977.4    3.5  135.0   84.0  444.0
2024 102  4 11 0400  -29.0  977.3    3.5  135.0   86.0  444.0
2024 102  4 11 0500  -29.6  977.0    2.9  136.0   84.0  444.0
2024 102  4 11 0600  -30.6  977.1    2.6  193.0   84.0  444.0
2024 102  4 11 0700  -28.8  976.4    3.0  189.0   87.0  444.0
2024 102  4 11 0800  -28.7  976.0    1.6  261.0   86.0  444.0
2024 102  4 11 0900  -27.7  975.6    2.1  224.0   88.0  444.0
2024 102  4 11 1000  -25.4  975.6    5.2  131.0   93.0  444.0
2024 102  4 11 1100  -26.0  975.7    5.9  119.0   91.0  444.0
2024 102  4 11 1200  -27.3  975.8    5.9  121.0   88.0  444.0
2024 102  4 11 1300  -28.2  975.8    4.9  130.0   88.0  444.0
2024 102  4 11 1400  -26.6  975.3    7.3  142.0   89.0  444.0
2024 102  4 11 1500  -24.1  975.0    8.4  148.0   93.0  444.0
2024 102  4 11 1600  -23.9  975.2    7.9  146.0   95.0  444.0
2024 102  4 11 1700  -24.4  975.4    5.9  138.0   94.0  444.0
2024 102  4 11 1800  -26.9  975.3    6.7  160.0   89.0  444.0
2024 102  4 11 1900  -28.3  975.1    7.0  164.0   87.0  444.0
2024 102  4 11 2000  -28.7  974.9    7.3  160.0   86.0  444.0
2024 102  4 11 2100  -29.6  974.7    6.0  162.0   85.0  444.0
2024 102  4 11 2200  -28.5  974.5    7.0  165.0   87.0  444.0
2024 102  4 11 2300  -28.4  974.5    8.1  171.0   87.0  444.0
2024 103  4 12 0000  -28.2  974.5    8.0  175.0   87.0  444.0
2024 103  4 12 0100  -28.4  974.0    7.3  170.0   86.0  444.0
2024 103  4 12 0200  -29.1  974.2    6.2  173.0   85.2  444.0
2024 103  4 12 0300  -29.2  974.1    7.1  205.0   83.0  444.0
2024 103  4 12 0400  -29.0  974.1    7.8  202.0   78.0  444.0
2024 103  4 12 0500  -30.8  974.2    5.9  212.0   80.0  444.0
2024 103  4 12 0600  -30.8  974.2    6.2  212.0   81.0  444.0
2024 103  4 12 0700  -30.2  974.6    6.2  200.0   83.3  444.0
2024 103  4 12 0800  -30.6  975.1    5.9  177.0   83.1  444.0
2024 103  4 12 0900  -29.7  974.9    7.0  192.0   84.0  444.0
2024 103  4 12 1000  -30.4  975.3    6.8  181.0   83.0  444.0
2024 103  4 12 1100  -31.1  975.6    5.8  172.0   82.0  444.0
2024 103  4 12 1200  -32.3  976.0    5.1  174.0   80.0  444.0
2024 103  4 12 1300  -33.2  976.1    5.4  177.0   80.0  444.0
2024 103  4 12 1400  -33.5  976.0    5.4  184.0   79.0  444.0
2024 103  4 12 1500  -33.2  976.2    5.5  176.0   79.0  444.0
2024 103  4 12 1600  -32.2  976.4    6.8  184.0   81.0  444.0
2024 103  4 12 1700  -31.2  976.6    7.9  177.0   82.0  444.0
2024 103  4 12 1800  -31.4  976.8    7.0  180.0   81.0  444.0
2024 103  4 12 1900  -31.0  976.5    7.6  187.0   83.0  444.0
2024 103  4 12 2000  -30.0  976.3    8.6  178.0   84.0  444.0
2024 103  4 12 2100  -29.0  976.2   10.9  174.0   85.0  444.0
2024 103  4 12 2200  -28.7  976.2   11.5  175.0   86.0  444.0
2024 103  4 12 2300  -28.5  976.3   11.1  177.0   86.0  444.0
2024 104  4 13 0000  -28.1  976.4   10.6  178.0   87.0  444.0
2024 104  4 13 0100  -27.5  976.6    9.3  168.0   88.0  444.0
2024 104  4 13 0200  -27.2  976.4    9.6  178.0   88.0  444.0
2024 104  4 13 0300  -27.1  976.1    8.7  180.0   89.0  444.0
2024 104  4 13 0400  -26.9  976.1    9.0  181.0   89.0  444.0
2024 104  4 13 0500  -26.5  976.2    9.0  181.0   90.0  444.0
2024 104  4 13 0600  -26.0  975.8    9.2  191.0   89.7  444.0
2024 104  4 13 0700  -27.6  975.1    9.2  202.0   86.0  444.0
2024 104  4 13 0800  -29.3  974.9    8.3  205.0   82.0  444.0
2024 104  4 13 0900  -29.4  974.8    7.9  200.0   82.0  444.0
2024 104  4 13 1000  -28.7  974.4    7.9  196.0   86.0  444.0
2024 104  4 13 1100  -26.3  974.8   10.6  164.0   89.0  444.0
2024 104  4 13 1200  -25.6  974.4    9.3  189.0   89.0  444.0
2024 104  4 13 1300  -24.9  974.3    9.7  180.0   89.0  444.0
2024 104  4 13 1400  -24.2  973.9    9.1  182.0   95.0  444.0
2024 104  4 13 1500  -22.9  973.5   10.2  178.0  100.0  444.0
2024 104  4 13 1600  -19.5  972.2   11.0  151.0  100.0  444.0
2024 104  4 13 1700  -17.0  971.6   14.8  126.0  100.0  444.0
2024 104  4 13 1800  -17.4  971.6   14.3  125.0  100.0  444.0
2024 104  4 13 1900  -17.1  971.7   13.7  138.0  100.0  444.0
2024 104  4 13 2000  -15.8  971.6   10.2  118.0  100.0  444.0
2024 104  4 13 2100  -18.0  971.9   13.3  151.0   99.9  444.0
2024 104  4 13 2200  -15.1  971.7   12.6  122.0  100.0  444.0
2024 104  4 13 2300  -14.6  971.6   12.5  138.0  100.0  444.0
2024 105  4 14 0000  -14.9  972.4   13.9  128.0  100.0  444.0
2024 105  4 14 0100  -16.3  973.0   11.7  146.0  100.0  444.0
2024 105  4 14 0200  -15.6  972.8   11.6  140.0   97.0  444.0
2024 105  4 14 0300  -15.2  972.9   10.2  134.0   92.0  444.0
2024 105  4 14 0400  -16.7  973.1   10.9  151.0  100.0  444.0
2024 105  4 14 0500  -17.4  973.3   12.2  146.0  100.0  444.0
2024 105  4 14 0600  -18.0  972.7   13.3  156.0  100.0  444.0
2024 105  4 14 0700  -18.3  972.8   10.6  153.0   99.5  444.0
2024 105  4 14 0800  -18.5  972.9   12.8  152.0   99.0  444.0
2024 105  4 14 0900  -18.1  972.8   10.1  150.0   97.0  444.0
2024 105  4 14 1000  -17.6  973.0   10.1  156.0   95.0  444.0
2024 105  4 14 1100  -18.3  973.5    9.6  147.0   92.0  444.0
2024 105  4 14 1200  -18.9  973.3   10.4  162.0   97.7  444.0
2024 105  4 14 1300  -19.1  973.4   10.3  158.0  100.0  444.0
2024 105  4 14 1400  -19.5  973.2    9.6  161.0   99.0  444.0
2024 105  4 14 1500  -19.8  972.7   10.3  158.0   99.0  444.0
2024 105  4 14 1600  -20.1  972.4   10.7  155.0   97.3  444.0
2024 105  4 14 1700  -20.4  972.5   10.6  151.0   98.0  444.0
2024 105  4 14 1800  -20.8  972.8    5.8   90.0   92.0  444.0
2024 105  4 14 1900  -21.5  973.5    2.3  320.0   92.0  444.0
2024 105  4 14 2000  -20.4  972.6    7.6  203.0   82.0  444.0
2024 105  4 14 2100  -21.7  972.4    5.5  192.0   82.0  444.0
2024 105  4 14 2200  -21.6  972.9    4.3  182.0   84.0  444.0
2024 105  4 14 2300  -22.0  973.2    4.8  181.0   82.0  444.0
2024 106  4 15 0000  -22.4  972.5    6.9  210.0   82.0  444.0
2024 106  4 15 0100  -23.5  972.9    5.4  197.0   81.0  444.0
2024 106  4 15 0200  -23.7  973.0    5.8  190.0   83.0  444.0
2024 106  4 15 0300  -22.8  973.1    5.7  167.0   83.0  444.0
2024 106  4 15 0400  -22.5  973.0    6.9  163.0   82.0  444.0
2024 106  4 15 0500  -21.6  973.8    8.8  145.0   87.0  444.0
2024 106  4 15 0600  -22.0  973.7    9.4  161.0   89.2  444.0
2024 106  4 15 0700  -21.7  973.5    9.4  160.0   89.8  444.0
2024 106  4 15 0800  -21.0  973.9   10.7  148.0   93.0  444.0
2024 106  4 15 0900  -20.8  974.0    8.9  148.0   93.0  444.0
2024 106  4 15 1000  -20.1  974.4    9.3  145.0  100.0  444.0
2024 106  4 15 1100  -20.0  974.2    9.2  139.0  100.0  444.0
2024 106  4 15 1200  -19.2  974.3    7.8  134.0   86.6  444.0
2024 106  4 15 1300  -17.3  974.7    9.1  114.0   79.0  444.0
2024 106  4 15 1400  -18.0  975.1    7.3  134.0   79.0  444.0
2024 106  4 15 1500  -18.4  975.1    8.3  137.0   96.0  444.0
2024 106  4 15 1600  -17.2  975.6    9.0  126.0   86.0  444.0
2024 106  4 15 1700  -17.5  975.9    7.7  109.0   75.6  444.0
2024 106  4 15 1800  -18.9  976.4    8.1  143.0   80.0  444.0
2024 106  4 15 1900  -18.3  976.9    9.9  129.0   82.0  444.0
2024 106  4 15 2000  -19.1  977.2    8.4  152.0   90.7  444.0
2024 106  4 15 2100  -19.4  977.5   10.5  157.0  100.0  444.0
2024 106  4 15 2200  -15.5  978.1   11.9  117.0   77.0  444.0
2024 106  4 15 2300  -17.3  978.4    7.5  144.0   71.0  444.0
2024 107  4 16 0000  -18.7  978.7   10.4  149.0   96.0  444.0
2024 107  4 16 0100  -19.2  979.8   10.9  125.0   95.0  444.0
2024 107  4 16 0200  -20.7  979.1    8.1  160.0   92.5  444.0
2024 107  4 16 0300  -19.6  979.7   10.3  147.0   97.7  444.0
2024 107  4 16 0400  -19.4  980.1   10.1  152.0   94.0  444.0
2024 107  4 16 0500  -16.7  979.7    8.6  119.0   79.0  444.0
2024 107  4 16 0600  -16.4  979.8   10.6  106.0   87.0  444.0
2024 107  4 16 0700  -18.1  979.9   11.5  130.0   99.9  444.0
2024 107  4 16 0800  -17.7  979.8   13.9  137.0   99.5  444.0
2024 107  4 16 0900  -18.1  980.4   12.6  135.0   98.0  444.0
2024 107  4 16 1000  -18.5  980.4   13.4  141.0   98.0  444.0
2024 107  4 16 1100  -18.5  980.5   11.5  140.0   95.0  444.0
2024 107  4 16 1200  -20.3  980.1   13.1  155.0  100.0  444.0
2024 107  4 16 1300  -20.9  980.5   13.7  148.0  100.1  444.0
2024 107  4 16 1400  -21.0  979.9   15.3  152.0  100.0  444.0
2024 107  4 16 1500  -20.8  979.4   11.4  153.0   98.0  444.0
2024 107  4 16 1600  -20.9  978.8   12.6  153.0   98.0  444.0
2024 107  4 16 1700  -20.7  978.4   13.6  153.0  100.0  444.0
2024 107  4 16 1800  -19.8  978.0   12.9  148.0  100.0  444.0
2024 107  4 16 1900  -20.5  977.7   16.8  145.0  100.0  444.0
2024 107  4 16 2000  -19.7  977.8   13.6  134.0  100.0  444.0
2024 107  4 16 2100  -18.6  977.9   12.5  133.0  100.0  444.0
2024 107  4 16 2200  -15.8  977.8   10.8   96.0   96.0  444.0
2024 107  4 16 2300  -16.1  978.3   11.8   99.0   88.0  444.0
2024 108  4 17 0000  -17.0  977.9    9.9  103.0   93.0  444.0
2024 108  4 17 0100  -19.8  977.9   10.9  141.0  100.0  444.0
2024 108  4 17 0200  -22.1  977.4   12.7  153.0   97.0  444.0
2024 108  4 17 0300  -22.2  976.5   12.4  159.0   96.0  444.0
2024 108  4 17 0400  -22.2  976.1   13.8  148.0   95.0  444.0
2024 108  4 17 0500  -21.5  975.9   13.2  146.0   96.0  444.0
2024 108  4 17 0600  -20.6  975.7   12.5  151.0   96.0  444.0
2024 108  4 17 0700  -21.0  974.9   11.8  150.0   96.0  444.0
2024 108  4 17 0800  -20.5  974.2   12.4  150.0   98.0  444.0
2024 108  4 17 0900  -21.0  974.0   13.2  153.0  100.0  444.0
2024 108  4 17 1000  -21.4  973.7   12.4  154.0  100.0  444.0
2024 108  4 17 1100  -21.9  973.2   12.3  155.0   97.0  444.0
2024 108  4 17 1200  -21.9  972.2   11.8  156.0   93.7  444.0
2024 108  4 17 1300  -21.7  971.7   12.1  153.0   92.0  444.0
2024 108  4 17 1400  -22.3  970.8   11.9  152.0   90.0  444.0
2024 108  4 17 1500  -22.7  970.1   11.8  156.0   87.0  444.0
2024 108  4 17 1600  -22.0  969.2   11.9  156.0   88.0  444.0
2024 108  4 17 1700  -22.9  968.4   13.4  156.0   90.0  444.0
2024 108  4 17 1800  -22.4  967.9   14.7  158.0   91.0  444.0
2024 108  4 17 1900  -22.7  967.1   13.2  169.0   88.0  444.0
2024 108  4 17 2000  -23.2  965.9   12.4  163.0   88.0  444.0
2024 108  4 17 2100  -23.4  965.0    8.2  152.0   91.0  444.0
2024 108  4 17 2200  -22.5  964.2   11.1  153.0   91.0  444.0
2024 108  4 17 2300  -22.3  963.6    8.7  154.0   91.0  444.0
2024 109  4 18 0000  -21.7  962.6    8.4  163.0   89.0  444.0
2024 109  4 18 0100  -20.6  961.9    8.0  157.0   85.0  444.0
2024 109  4 18 0200  -19.6  961.9   10.0  152.0   93.0  444.0
2024 109  4 18 0300  -19.2  960.6   10.2  166.0   93.0  444.0
2024 109  4 18 0400  -18.8  960.0   11.4  165.0   90.5  444.0
2024 109  4 18 0500  -18.6  960.2    8.6  140.0   91.0  444.0
2024 109  4 18 0600  -18.5  960.2    7.1  150.0  100.0  444.0
2024 109  4 18 0700  -18.0  959.5    6.1  154.0   91.0  444.0
2024 109  4 18 0800  -17.6  959.4    7.6  152.0   81.0  444.0
2024 109  4 18 0900  -16.6  959.1    8.7  139.0   66.0  444.0
2024 109  4 18 1000  -18.3  959.6   10.3  145.0   87.6  444.0
2024 109  4 18 1100  -15.3  958.8   11.1  126.0   62.0  444.0
2024 109  4 18 1200  -15.9  959.4   11.1  126.0   75.0  444.0
2024 109  4 18 1300  -16.5  959.3   11.9  140.0   82.0  444.0
2024 109  4 18 1400  -17.3  959.1   13.6  141.0   85.0  444.0
2024 109  4 18 1500  -17.4  959.0   14.2  137.0   81.3  444.0
2024 109  4 18 1600  -17.5  959.4   15.1  136.0   99.0  444.0
2024 109  4 18 1700  -16.2  959.4   13.8  120.0  100.0  444.0
2024 109  4 18 1800  -17.2  960.0   12.9  128.0  100.0  444.0
2024 109  4 18 1900  -16.5  960.6   13.8   71.0  100.0  444.0
2024 109  4 18 2000  -19.0  961.8   10.0   74.0   99.9  444.0
2024 109  4 18 2100  -21.2  962.5    8.1   82.0   91.0  444.0
2024 109  4 18 2200  -22.9  963.5    7.9   76.0   91.0  444.0
2024 109  4 18 2300  -25.3  964.5    4.0   82.0   91.0  444.0
2024 110  4 19 0000  -24.8  964.8    4.9   89.0   86.0  444.0
2024 110  4 19 0100  -25.4  965.1    4.4  119.0   87.8  444.0
2024 110  4 19 0200  -25.9  965.6    2.9   86.0   91.0  444.0
2024 110  4 19 0300  -25.4  965.6    2.8   80.0   95.0  444.0
2024 110  4 19 0400  -22.4  965.6    2.7  145.0  100.0  444.0
2024 110  4 19 0500  -22.3  965.4    6.4  157.0   99.9  444.0
2024 110  4 19 0600  -22.8  965.3    5.8  153.0  100.1  444.0
2024 110  4 19 0700  -21.5  965.2    5.7  145.0  100.0  444.0
2024 110  4 19 0800  -21.2  965.1    6.0  144.0  100.0  444.0
2024 110  4 19 0900  -21.7  965.2    5.1  139.0  100.0  444.0
2024 110  4 19 1000  -22.6  965.1    6.4  141.0   97.0  444.0
2024 110  4 19 1100  -22.8  965.4    7.0  121.0   99.0  444.0
2024 110  4 19 1200  -24.4  965.6    5.0  151.0   98.0  444.0
2024 110  4 19 1300  -23.9  966.1    6.1  150.0   96.0  444.0
2024 110  4 19 1400  -23.6  965.6    6.9  134.0   99.0  444.0
2024 110  4 19 1500  -25.0  966.0    6.8  144.0   95.0  444.0
2024 110  4 19 1600  -23.8  966.4    6.8  144.0   92.0  444.0
2024 110  4 19 1700  -23.6  966.1    7.5  155.0   95.0  444.0
2024 110  4 19 1800  -23.5  966.0    6.6  152.0   97.0  444.0
2024 110  4 19 1900  -24.1  966.1    6.0  147.0   97.0  444.0
2024 110  4 19 2000  -24.5  966.2    5.7  148.0   96.0  444.0
2024 110  4 19 2100  -25.4  966.4    5.2  151.0   96.0  444.0
2024 110  4 19 2200  -25.6  966.9    5.7  141.0   94.0  444.0
2024 110  4 19 2300  -26.6  967.3    5.1  153.0   92.0  444.0
2024 111  4 20 0000  -26.0  967.3    4.8  143.0   94.0  444.0
2024 111  4 20 0100  -26.1  967.4    3.9  149.0   93.0  444.0
2024 111  4 20 0200  -26.7  967.5    4.9  182.0   92.0  444.0
2024 111  4 20 0300  -26.4  967.3    4.1  192.0   92.6  444.0
2024 111  4 20 0400  -25.5  966.9    4.9  190.0   94.0  444.0
2024 111  4 20 0500  -27.3  966.9    5.3  200.0   90.0  444.0
2024 111  4 20 0600  -27.9  967.0    5.9  197.0   88.0  444.0
2024 111  4 20 0700  -27.5  967.5    5.9  198.0   86.0  444.0
2024 111  4 20 0800  -27.2  967.6    6.2  183.0   79.0  444.0
2024 111  4 20 0900  -27.6  967.5    5.3  199.0   78.0  444.0
2024 111  4 20 1000  -28.0  967.7    4.7  202.0   75.0  444.0
2024 111  4 20 1100  -30.4  967.6    5.1  222.0   83.6  444.0
2024 111  4 20 1200  -31.4  967.7    5.0  218.0   85.0  444.0
2024 111  4 20 1300  -30.0  967.7    5.0  214.0   76.0  444.0
2024 111  4 20 1400  -30.7  967.6    6.2  217.0   79.1  444.0
2024 111  4 20 1500  -30.5  967.7    6.0  222.0   74.0  444.0
2024 111  4 20 1600  -28.4  967.9    6.5  204.0   74.0  444.0
2024 111  4 20 1700  -31.3  967.9    6.5  221.0   73.0  444.0
2024 111  4 20 1800  -30.7  967.6    7.0  225.0   74.0  444.0
2024 111  4 20 1900  -31.0  967.9    6.8  214.0   74.4  444.0
2024 111  4 20 2000  -31.0  968.0    6.7  215.0   73.0  444.0
2024 111  4 20 2100  -33.1  968.2    5.3  204.0   75.0  444.0
2024 111  4 20 2200  -33.0  968.4    4.7  201.0   75.0  444.0
2024 111  4 20 2300  -31.6  968.7    5.6  208.0   73.0  444.0
2024 112  4 21 0000  -30.5  968.9    5.2  198.0   70.3  444.0
2024 112  4 21 0100  -28.4  969.5    5.4  198.0   68.0  444.0
2024 112  4 21 0200  -30.9  969.4    4.6  211.0   69.0  444.0
2024 112  4 21 0300  -28.0  969.7    5.5  188.0   64.0  444.0
2024 112  4 21 0400  -29.0  969.8    5.6  207.0   71.0  444.0
2024 112  4 21 0500  -28.7  970.5    4.8  203.0   75.0  444.0
2024 112  4 21 0600  -30.8  970.8    3.5  200.0   81.0  444.0
2024 112  4 21 0700  -30.8  971.4    3.9  194.0   84.0  444.0
2024 112  4 21 0800  -30.7  972.4    3.4  157.0   81.0  444.0
2024 112  4 21 0900  -29.6  973.1    2.9  161.0   81.1  444.0
2024 112  4 21 1000  -28.5  974.2    4.3   65.0   86.0  444.0
2024 112  4 21 1100  -28.4  975.4    4.1   55.0   90.0  444.0
2024 112  4 21 1200  -29.9  976.8    4.0   76.0   86.0  444.0
2024 112  4 21 1300  -29.5  977.7    5.2  100.0   85.0  444.0
2024 112  4 21 1400  -31.1  979.0    6.8   91.0   81.3  444.0
2024 112  4 21 1500  -31.9  979.4    7.9   96.0   81.0  444.0
2024 112  4 21 1600  -31.7  980.5    6.3  101.0   81.0  444.0
2024 112  4 21 1700  -32.3  980.7    5.3  103.0   80.0  444.0
2024 112  4 21 1800  -31.6  981.2    5.8  117.0   82.0  444.0
2024 112  4 21 1900  -31.3  981.2    6.0  134.0   83.3  444.0
2024 112  4 21 2000  -30.3  981.3    5.6  150.0   85.0  444.0
2024 112  4 21 2100  -29.8  981.2    6.2  148.0   86.0  444.0
2024 112  4 21 2200  -30.8  981.1    5.6  156.0   82.0  444.0
2024 112  4 21 2300  -31.6  981.1    5.8  156.0   82.0  444.0
2024 113  4 22 0000  -32.9  980.8    5.5  159.0   80.2  444.0
2024 113  4 22 0100  -30.6  980.6    6.1  134.0   84.0  444.0
2024 113  4 22 0200  -33.2  980.5    4.6  158.0   79.0  444.0
2024 113  4 22 0300  -34.1  980.0    4.4  151.0   78.0  444.0
2024 113  4 22 0400  -34.4  980.0    6.0  154.0   79.0  444.0
2024 113  4 22 0500  -34.3  979.7    5.3  158.0   78.0  444.0
2024 113  4 22 0600  -35.0  979.1    4.6  184.0   77.0  444.0
2024 113  4 22 0700  -33.2  978.6    6.3  163.0   79.3  444.0
2024 113  4 22 0800  -33.4  978.4    5.7  165.0   79.0  444.0
2024 113  4 22 0900  -35.0  978.3    4.4  192.0   77.0  444.0
2024 113  4 22 1000  -35.0  977.8    4.4  165.0   77.0  444.0
2024 113  4 22 1100  -34.6  977.5    4.9  148.0   78.0  444.0
2024 113  4 22 1200  -35.4  977.5    5.0  154.0   77.2  444.0
2024 113  4 22 1300  -34.3  977.3    5.7  172.0   78.0  444.0
2024 113  4 22 1400  -34.1  977.1    6.3  183.0   78.0  444.0
2024 113  4 22 1500  -35.1  976.8    6.5  211.0   77.0  444.0
2024 113  4 22 1600  -34.1  976.4    6.7  197.0   77.0  444.0
2024 113  4 22 1700  -33.1  976.4    7.8  205.0   75.8  444.0
2024 113  4 22 1800  -31.8  975.9    9.3  201.0   74.0  444.0
2024 113  4 22 1900  -34.5  976.1    7.5  218.0   72.0  444.0
2024 113  4 22 2000  -35.3  975.8    8.8  220.0   76.0  444.0
2024 113  4 22 2100  -34.4  975.7    8.6  216.0   77.0  444.0
2024 113  4 22 2200  -32.9  975.6    7.4  219.0   69.1  444.0
2024 113  4 22 2300  -34.0  975.7    9.9  220.0   77.0  444.0
2024 114  4 23 0000  -33.9  976.2    9.6  220.0   78.0  444.0
2024 114  4 23 0100  -33.9  976.1    9.6  220.0   77.0  444.0
2024 114  4 23 0200  -33.8  976.0   10.3  228.0   78.0  444.0
2024 114  4 23 0300  -34.2  976.1    9.2  237.0   77.0  444.0
2024 114  4 23 0400  -33.9  976.2   10.0  237.0   77.0  444.0
2024 114  4 23 0500  -33.3  976.7    9.6  233.0   77.5  444.0
2024 114  4 23 0600  -33.7  976.7    8.7  235.0   77.5  444.0
2024 114  4 23 0700  -32.6  976.7    9.6  236.0   77.0  444.0
2024 114  4 23 0800  -32.4  977.2    8.1  239.0   75.0  444.0
2024 114  4 23 0900  -33.0  977.7    7.9  242.0   75.5  444.0
2024 114  4 23 1000  -33.3  978.1    7.2  237.0   77.0  444.0
2024 114  4 23 1100  -33.1  978.5    6.4  242.0   72.0  444.0
2024 114  4 23 1200  -35.8  979.3    5.1  256.0   71.0  444.0
2024 114  4 23 1300  -37.2  979.7    4.4  258.0   75.0  444.0
2024 114  4 23 1400  -38.6  980.3    3.9  285.0   78.0  444.0
2024 114  4 23 1500  -38.9  980.9    4.6  272.0   75.0  444.0
2024 114  4 23 1600  -37.6  981.8    4.0  267.0   74.0  444.0
2024 114  4 23 1700  -38.8  982.1    5.3  270.0   73.0  444.0
2024 114  4 23 1800  -37.2  982.8    5.7  254.0   74.0  444.0
2024 114  4 23 1900  -36.7  983.6    4.7  228.0   75.0  444.0
2024 114  4 23 2000  -36.0  984.5    5.0  239.0   74.0  444.0
2024 114  4 23 2100  -36.3  985.5    4.5  229.0   74.0  444.0
2024 114  4 23 2200  -35.7  986.3    5.0  218.0   72.0  444.0
2024 114  4 23 2300  -38.1  986.5    3.9  227.0   73.0  444.0
2024 115  4 24 0000  -38.3  986.7    5.8  189.0   73.0  444.0
2024 115  4 24 0100  -36.1  987.3    5.5  188.0   75.8  444.0
2024 115  4 24 0200  -33.9  988.0    4.4  173.0   78.0  444.0
2024 115  4 24 0300  -33.0  988.5    4.7  183.0   80.0  444.0
2024 115  4 24 0400  -31.5  989.0    3.6  171.0   82.0  444.0
2024 115  4 24 0500  -31.4  989.6    4.0  137.0   83.3  444.0
2024 115  4 24 0600  -33.0  990.1    2.9  145.0   80.0  444.0
2024 115  4 24 0700  -31.3  990.5    3.5  144.0   82.5  444.0
2024 115  4 24 0800  -30.5  991.0    4.8  137.0   83.7  444.0
2024 115  4 24 0900  -29.8  991.6    4.6  128.0   85.0  444.0
2024 115  4 24 1000  -32.5  992.6    5.0  120.0   81.0  444.0
2024 115  4 24 1100  -31.0  992.7    7.1  120.0   82.0  444.0
2024 115  4 24 1200  -34.0  993.2    7.8  100.0   77.8  444.0
2024 115  4 24 1300  -35.6  993.7    5.6  104.0   76.0  444.0
2024 115  4 24 1400  -38.1  994.0    5.7   95.0   73.0  444.0
2024 115  4 24 1500  -39.2  993.8    5.3   97.0   72.0  444.0
2024 115  4 24 1600  -39.6  994.0    6.1   73.0   72.0  444.0
2024 115  4 24 1700  -39.5  994.2    4.7   93.0   72.0  444.0
2024 115  4 24 1800  -37.0  993.7    4.1  112.0   75.0  444.0
2024 115  4 24 1900  -35.3  993.3    3.9  123.0   77.0  444.0
2024 115  4 24 2000  -34.4  992.9    5.0  133.0   77.0  444.0
2024 115  4 24 2100  -33.5  992.4    3.3  143.0   79.0  444.0
2024 115  4 24 2200  -33.7  991.5    3.0  182.0   78.3  444.0
2024 115  4 24 2300  -34.3  990.3    3.4  206.0   77.0  444.0
2024 116  4 25 0000  -35.0  988.9    3.2  215.0   77.0  444.0
2024 116  4 25 0100  -34.7  987.6    4.4  224.0   77.0  444.0
2024 116  4 25 0200  -36.0  986.1    3.8  239.0   76.0  444.0
2024 116  4 25 0300  -37.0  984.4    3.8  245.0   74.4  444.0
2024 116  4 25 0400  -36.7  982.8    3.9  226.0   75.0  444.0
2024 116  4 25 0500  -37.0  981.5    5.2  221.0   74.7  444.0
2024 116  4 25 0600  -37.7  980.4    5.4  243.0   74.0  444.0
2024 116  4 25 0700  -38.0  979.3    4.2  232.0   74.0  444.0
2024 116  4 25 0800  -37.8  978.0    4.5  231.0   74.0  444.0
2024 116  4 25 0900  -37.8  976.9    4.4  236.0   74.0  444.0
2024 116  4 25 1000  -36.1  975.5    3.8  200.0   75.3  444.0
2024 116  4 25 1100  -35.9  974.5    4.1  190.0   76.0  444.0
2024 116  4 25 1200  -37.2  973.2    2.9  224.0   74.0  444.0
2024 116  4 25 1300  -38.4  971.9    3.6  234.0   72.0  444.0
2024 116  4 25 1400  -38.3  970.6    3.0  238.0   74.0  444.0
2024 116  4 25 1500  -37.8  969.2    3.8  253.0   74.0  444.0
2024 116  4 25 1600  -40.0  968.3    1.9  284.0   71.0  444.0
2024 116  4 25 1700  -40.0  967.1    1.7  276.0   71.0  444.0
2024 116  4 25 1800  -39.3  965.8    1.0  255.0   72.0  444.0
2024 116  4 25 1900  -37.1  965.3    1.8  293.0   74.0  444.0
2024 116  4 25 2000  -40.1  964.7    3.4  285.0   70.5  444.0
2024 116  4 25 2100  -40.2  964.2    2.6  254.0   71.0  444.0
2024 116  4 25 2200  -44.3  963.9    2.2  284.0   68.0  444.0
2024 116  4 25 2300  -42.7  963.7    3.4  248.0   69.0  444.0
2024 117  4 26 0000  -42.5  963.5    2.9  238.0   69.0  444.0
2024 117  4 26 0100  -39.5  963.9    3.6  227.0   72.2  444.0
2024 117  4 26 0200  -38.6  964.2    3.9  221.0   72.0  444.0
2024 117  4 26 0300  -38.6  964.5    3.4  204.0   73.0  444.0
2024 117  4 26 0400  -38.1  964.7    4.2  213.0   74.0  444.0
2024 117  4 26 0500  -35.8  965.1    7.4  195.0   75.0  444.0
2024 117  4 26 0600  -35.7  965.6    7.5  212.0   77.2  444.0
2024 117  4 26 0700  -35.7  966.3    7.0  209.0   75.0  444.0
2024 117  4 26 0800  -38.1  967.0    5.3  227.0   73.0  444.0
2024 117  4 26 0900  -38.5  968.1    4.4  230.0   72.0  444.0
2024 117  4 26 1000  -38.6  968.9    5.2  223.0   73.0  444.0
2024 117  4 26 1100  -37.6  969.6    5.8  216.0   73.0  444.0
2024 117  4 26 1200  -36.2  970.1    6.2  208.0   75.0  444.0
2024 117  4 26 1300  -36.5  971.1    5.2  209.0   75.0  444.0
2024 117  4 26 1400  -40.5  972.0    4.2  168.0   71.0  444.0
2024 117  4 26 1500  -42.0  972.9    5.8  157.0   69.0  444.0
2024 117  4 26 1600  -42.0  973.7    5.2  165.0   70.0  444.0
2024 117  4 26 1700  -43.5  974.5    4.7  149.0   68.0  444.0
2024 117  4 26 1800  -43.9  975.4    4.2  162.0   68.0  444.0
2024 117  4 26 1900  -44.7  976.3    1.9  161.0   67.0  444.0
2024 117  4 26 2000  -43.3  977.2    3.5  149.0   69.0  444.0
2024 117  4 26 2100  -42.5  977.9    3.1  168.0   69.0  444.0
2024 117  4 26 2200  -42.4  978.6    3.5  136.0   69.0  444.0
2024 117  4 26 2300  -42.3  979.2    3.9  122.0   69.0  444.0
2024 118  4 27 0000  -42.2  980.0    4.3  119.0   69.0  444.0
2024 118  4 27 0100  -41.2  980.7    4.1  123.0   70.0  444.0
2024 118  4 27 0200  -40.3  981.0    4.7  132.0   71.0  444.0
2024 118  4 27 0300  -39.1  981.7    4.5  109.0   72.0  444.0
2024 118  4 27 0400  -38.2  982.4    4.9  123.0   73.0  444.0
2024 118  4 27 0500  -37.8  983.3    4.7  118.0   73.0  444.0
2024 118  4 27 0600  -37.6  983.8    5.1  126.0   73.3  444.0
2024 118  4 27 0700  -37.4  984.3    5.3  121.0   74.0  444.0
2024 118  4 27 0800  -36.6  984.6    5.8  113.0   75.0  444.0
2024 118  4 27 0900  -36.0  985.0    6.4  114.0   75.0  444.0
2024 118  4 27 1000  -34.6  985.8    6.4   98.0   77.0  444.0
2024 118  4 27 1100  -34.6  986.3    5.9  108.0   77.0  444.0
2024 118  4 27 1200  -34.5  986.8    6.8  113.0   77.0  444.0
2024 118  4 27 1300  -34.5  987.0    7.2  114.0   77.0  444.0
2024 118  4 27 1400  -33.2  987.4    7.7  109.0   79.0  444.0
2024 118  4 27 1500  -32.8  987.6    8.1  116.0   80.0  444.0
2024 118  4 27 1600  -31.7  987.8    9.4  107.0   80.6  444.0
2024 118  4 27 1700  -31.4  987.9    9.3  104.0   82.0  444.0
2024 118  4 27 1800  -30.5  987.9    9.4  105.0   83.0  444.0
2024 118  4 27 1900  -30.5  988.3    9.3  112.0   83.0  444.0
2024 118  4 27 2000  -30.3  988.8    9.8  112.0   83.0  444.0
2024 118  4 27 2100  -30.3  989.1    9.5  114.0   83.2  444.0
2024 118  4 27 2200  -30.3  989.2    9.0  115.0   83.0  444.0
2024 118  4 27 2300  -30.1  989.4    8.5  114.0   84.0  444.0
2024 119  4 28 0000  -30.4  989.0    8.3  122.0   83.0  444.0
2024 119  4 28 0100  -31.1  988.9    8.3  124.0   82.0  444.0
2024 119  4 28 0200  -31.3  988.5    7.6  124.0   81.4  444.0
2024 119  4 28 0300  -31.4  988.1    7.3  115.0   81.0  444.0
2024 119  4 28 0400  -32.0  987.2    6.2  120.0   80.4  444.0
2024 119  4 28 0500  -32.5  986.3    5.2  134.0   80.0  444.0
2024 119  4 28 0600  -34.6  985.5    5.1  151.0   77.0  444.0
2024 119  4 28 0700  -35.4  984.3    4.0  157.0   77.0  444.0
2024 119  4 28 0800  -36.1  983.3    3.2  148.0   75.7  444.0
2024 119  4 28 0900  -35.1  982.2    3.2  134.0   77.0  444.0
2024 119  4 28 1000  -36.7  981.0    1.5  156.0   74.0  444.0
2024 119  4 28 1100  -34.3  979.6    2.1  264.0   79.0  444.0
2024 119  4 28 1200  -32.1  977.7    2.6  153.0   80.0  444.0
2024 119  4 28 1300  -29.9  976.1    4.5  193.0   84.5  444.0
2024 119  4 28 1400  -30.6  974.3    4.8  197.0   83.0  444.0
2024 119  4 28 1500  -26.4  972.5   11.1  189.0   91.0  444.0
2024 119  4 28 1600  -25.9  971.3   11.8  195.0   90.0  444.0
2024 119  4 28 1700  -29.5  970.6    7.5  201.0   85.0  444.0
2024 119  4 28 1800  -29.4  969.6    9.7  201.0   85.0  444.0
2024 119  4 28 1900  -28.1  968.6   10.4  198.0   86.4  444.0
2024 119  4 28 2000  -28.2  967.7   11.4  191.0   86.0  444.0
2024 119  4 28 2100  -29.2  967.0    9.1  207.0   85.0  444.0
2024 119  4 28 2200  -28.4  966.5   10.6  190.0   86.0  444.0
2024 119  4 28 2300  -28.9  966.5   10.0  198.0   85.0  444.0
2024 120  4 29 0000  -29.5  965.9   10.2  196.0   84.2  444.0
2024 120  4 29 0100  -30.4  965.4    8.5  200.0   83.0  444.0
2024 120  4 29 0200  -30.6  965.5    8.2  194.0   83.0  444.0
2024 120  4 29 0300  -31.0  965.0    9.6  184.0   82.0  444.0
2024 120  4 29 0400  -31.8  964.8    8.3  183.0   81.0  444.0
2024 120  4 29 0500  -32.4  965.3    8.3  199.0   80.0  444.0
2024 120  4 29 0600  -32.2  965.6    8.0  196.0   80.0  444.0
2024 120  4 29 0700  -32.5  965.9    9.3  188.0   79.0  444.0
2024 120  4 29 0800  -33.1  966.7    6.8  184.0   79.0  444.0
2024 120  4 29 0900  -32.2  967.3   10.4  177.0   80.0  444.0
2024 120  4 29 1000  -31.8  967.4   15.0  172.0   80.0  444.0
2024 120  4 29 1100  -32.3  968.5   11.4  180.0   79.0  444.0
2024 120  4 29 1200  -32.9  968.5   10.2  189.0   78.3  444.0
2024 120  4 29 1300  -34.5  968.8    6.5  160.0   77.0  444.0
2024 120  4 29 1400  -34.9  969.5    6.3  187.0   76.0  444.0
2024 120  4 29 1500  -35.0  969.8    6.6  190.0   77.0  444.0
2024 120  4 29 1600  -34.2  970.2    7.7  193.0   78.0  444.0
2024 120  4 29 1700  -33.7  970.4    7.6  201.0   78.0  444.0
2024 120  4 29 1800  -33.1  970.7   10.9  202.0   79.0  444.0
2024 120  4 29 1900  -33.0  970.8   11.5  201.0   79.0  444.0
2024 120  4 29 2000  -33.5  970.8   10.8  208.0   78.0  444.0
2024 120  4 29 2100  -34.1  970.8    9.2  200.0   77.0  444.0
2024 120  4 29 2200  -35.0  971.4    5.4  206.0   76.0  444.0
2024 120  4 29 2300  -35.0  971.6    5.5  199.0   76.0  444.0
2024 121  4 30 0000  -34.7  971.6    6.3  203.0   76.0  444.0
2024 121  4 30 0100  -34.8  972.2    5.1  186.0   75.0  444.0
2024 121  4 30 0200  -37.1  971.5    3.4  123.0   73.0  444.0
2024 121  4 30 0300  -37.6  971.2    2.3  199.0   73.0  444.0
2024 121  4 30 0400  -37.9  971.4    2.9  163.0   73.0  444.0
2024 121  4 30 0500  -39.6  971.2    4.9  168.0   71.0  444.0
2024 121  4 30 0600  -40.2  971.1    4.9  161.0   70.0  444.0
2024 121  4 30 0700  -39.7  970.9    5.0  155.0   71.0  444.0
2024 121  4 30 0800  -39.4  970.7    4.1  145.0   71.4  444.0
2024 121  4 30 0900  -38.7  970.4    3.5  157.0   72.3  444.0
2024 121  4 30 1000  -38.1  970.0    2.8  170.0   73.0  444.0
2024 121  4 30 1100  -37.8  969.4    2.6  207.0   74.0  444.0
2024 121  4 30 1200  -37.3  969.2    2.4  212.0   74.0  444.0
2024 121  4 30 1300  -36.9  969.0    3.1  243.0   75.0  444.0
2024 121  4 30 1400  -36.0  968.5    3.9  230.0   76.0  444.0
2024 121  4 30 1500  -36.3  968.2    3.3  238.0   76.0  444.0
2024 121  4 30 1600  -34.3  968.0    4.4  242.0   78.0  444.0
2024 121  4 30 1700  -34.0  967.7    6.0  239.0   79.0  444.0
2024 121  4 30 1800  -31.9  967.9    6.9  226.0   79.0  444.0
2024 121  4 30 1900  -31.1  968.1    8.0  222.0   72.0  444.0
2024 121  4 30 2000  -29.8  968.7    7.5  230.0   75.0  444.0
2024 121  4 30 2100  -27.9  969.1    7.6  217.0   72.0  444.0
2024 121  4 30 2200  -31.4  969.5    5.0  230.0   72.0  444.0
2024 121  4 30 2300  -34.4  970.6    4.2  278.0   73.0  444.0
