Year: 2018  Month: 07  ID: MLN  ARGOS:  8934  Name: Marilyn             
Lat: 79.93S  Lon: 165.56E  Elev:   62m
2018 182  7  1 0000  -27.3  989.9    6.2  129.0   74.0  444.0
2018 182  7  1 0100  -26.4  989.5    6.6  139.0   73.0  444.0
2018 182  7  1 0200  -27.2  989.4    5.0  137.0   72.0  444.0
2018 182  7  1 0300  -26.5  989.0    4.2  166.0   73.7  444.0
2018 182  7  1 0400  -25.8  988.2    6.9  168.0   75.3  444.0
2018 182  7  1 0500  -25.3  987.7    7.6  161.0   75.0  444.0
2018 182  7  1 0600  -25.9  987.4    7.9  164.0   76.0  444.0
2018 182  7  1 0700  -26.9  987.2    8.2  170.0   75.0  444.0
2018 182  7  1 0800  -28.0  987.2    8.8  177.0   74.0  444.0
2018 182  7  1 0900  -29.1  987.8    5.3  135.0   73.0  444.0
2018 182  7  1 1000  -30.3  987.3    4.8  153.0   73.0  444.0
2018 182  7  1 1100  -31.7  986.7    4.8  172.0   74.0  444.0
2018 182  7  1 1200  -31.8  986.4    5.8  178.0   74.0  444.0
2018 182  7  1 1300  -32.3  986.4    5.2  171.0   73.0  444.0
2018 182  7  1 1400  -33.0  986.4    5.3  163.0   73.0  444.0
2018 182  7  1 1500  -34.8  986.7    2.5  190.0   72.0  444.0
2018 182  7  1 1600  -35.7  986.4    2.9  180.0   71.4  444.0
2018 182  7  1 1700  -35.7  986.4    3.6  185.0   71.0  444.0
2018 182  7  1 1800  -36.0  986.8    3.2  184.0   71.0  444.0
2018 182  7  1 1900  -36.5  986.8    3.4  161.0   71.0  444.0
2018 182  7  1 2000  -37.3  987.1    3.5  182.0   71.0  444.0
2018 182  7  1 2100  -36.1  987.5    4.1  187.0   71.0  444.0
2018 182  7  1 2200  -34.0  987.6    5.2  182.0   72.0  444.0
2018 182  7  1 2300  -33.7  987.7    6.6  202.0   72.0  444.0
2018 183  7  2 0000  -34.0  987.8    5.8  204.0   72.0  444.0
2018 183  7  2 0100  -32.2  988.1    7.0  186.0   73.0  444.0
2018 183  7  2 0200  -33.7  988.5    5.5  175.0   71.9  444.0
2018 183  7  2 0300  -35.0  988.7    6.0  194.0   71.5  444.0
2018 183  7  2 0400  -34.5  989.1    4.7  187.0   70.5  444.0
2018 183  7  2 0500  -35.6  989.2    4.9  192.0   71.0  444.0
2018 183  7  2 0600  -35.6  989.6    5.0  198.0   71.0  444.0
2018 183  7  2 0700  -36.4  989.7    4.8  192.0   70.9  444.0
2018 183  7  2 0800  -36.6  989.8    4.6  188.0   71.0  444.0
2018 183  7  2 0900  -36.9  990.0    4.2  194.0   70.6  444.0
2018 183  7  2 1000  -36.9  990.2    3.7  190.0   70.0  444.0
2018 183  7  2 1100  -37.4  990.2    2.8  183.0   70.0  444.0
2018 183  7  2 1200  -37.2  990.2    3.7  196.0   70.0  444.0
2018 183  7  2 1300  -36.0  990.4    4.3  206.0   71.0  444.0
2018 183  7  2 1400  -35.9  989.9    5.1  207.0   70.8  444.0
2018 183  7  2 1500  -36.4  989.7    5.0  211.0   70.0  444.0
2018 183  7  2 1600  -33.8  989.2    5.0  200.0   72.0  444.0
2018 183  7  2 1700  -34.3  988.9    4.2  218.0   71.0  444.0
2018 183  7  2 1800  -34.8  988.4    4.2  221.0   70.0  444.0
2018 183  7  2 1900  -34.8  987.8    4.8  209.0   69.4  444.0
2018 183  7  2 2000  -37.3  987.6    5.3  237.0   71.0  444.0
2018 183  7  2 2100  -37.7  986.7    4.8  231.0   71.0  444.0
2018 183  7  2 2200  -37.5  985.8    3.2  228.0   71.0  444.0
2018 183  7  2 2300  -34.3  985.3    5.9  235.0   72.0  444.0
2018 184  7  3 0000  -35.6  985.3    6.0  260.0   70.3  444.0
2018 184  7  3 0100  -36.5  985.1    4.4  259.0   70.8  444.0
2018 184  7  3 0200  -37.1  984.8    4.1  273.0   70.0  444.0
2018 184  7  3 0300  -36.1  984.5    4.6  272.0   71.0  444.0
2018 184  7  3 0400  -39.0  984.5    3.2  286.0   69.0  444.0
2018 184  7  3 0500  -37.3  984.4    1.7  297.0   70.0  444.0
2018 184  7  3 0600  -39.3  984.9    2.3  272.0   68.9  444.0
2018 184  7  3 0700  -38.5  985.4    2.9  294.0   68.7  444.0
2018 184  7  3 0800  -38.8  986.3    1.2  310.0   69.0  444.0
2018 184  7  3 0900  -39.3  987.1    1.1  272.0   69.0  444.0
2018 184  7  3 1000  -39.5  988.0    1.3  275.0   68.0  444.0
2018 184  7  3 1100  -40.5  989.1    1.3  242.0   67.9  444.0
2018 184  7  3 1200  -39.6  990.2    2.8  245.0   68.5  444.0
2018 184  7  3 1300  -41.0  991.1    1.8  215.0   68.0  444.0
2018 184  7  3 1400  -39.8  992.3    0.7  246.0   68.0  444.0
2018 184  7  3 1500  -40.3  994.0    2.4  225.0   68.0  444.0
2018 184  7  3 1600  -39.8  994.8    4.4  215.0   69.0  444.0
2018 184  7  3 1700  -40.5  995.5    2.9  160.0   67.9  444.0
2018 184  7  3 1800  -40.6  996.5    2.1  250.0   68.0  444.0
2018 184  7  3 1900  -41.0  997.3    1.7  220.0   68.0  444.0
2018 184  7  3 2000  -39.6  998.0    0.6  213.0   69.0  444.0
2018 184  7  3 2100  -38.3  998.9    2.0  179.0   69.0  444.0
2018 184  7  3 2200  -37.0  999.5    2.6  174.0   70.2  444.0
2018 184  7  3 2300  -35.5 1000.0    4.0  169.0   71.2  444.0
2018 185  7  4 0000  -34.1 1000.1    3.6  160.0   72.0  444.0
2018 185  7  4 0100  -33.4 1000.1    2.5  185.0   72.0  444.0
2018 185  7  4 0200  -32.2 1000.1    3.0  172.0   73.0  444.0
2018 185  7  4 0300  -31.5 1000.2    1.6  204.0   73.0  444.0
2018 185  7  4 0400  -30.8 1000.1    2.0  206.0   73.8  444.0
2018 185  7  4 0500  -29.6 1000.0    1.7  221.0   75.0  444.0
2018 185  7  4 0600  -27.9  999.8    2.7  233.0   76.0  444.0
2018 185  7  4 0700  -26.5  999.7    3.8  218.0   77.0  444.0
2018 185  7  4 0800  -25.9  999.4    3.9  210.0   77.0  444.0
2018 185  7  4 0900  -24.7  999.2    4.7  178.0   73.0  444.0
2018 185  7  4 1000  -23.9  999.2    5.6  190.0   69.0  444.0
2018 185  7  4 1100  -23.9  998.7    5.3  178.0   70.0  444.0
2018 185  7  4 1200  -24.1  998.5    3.2  182.0   71.0  444.0
2018 185  7  4 1300  -24.6  998.4    2.7  170.0   74.0  444.0
2018 185  7  4 1400  -25.0  998.6    2.0  166.0   76.0  444.0
2018 185  7  4 1500  -25.4  998.6    2.0  101.0   76.0  444.0
2018 185  7  4 1600  -25.7  998.6    1.6   79.0   76.0  444.0
2018 185  7  4 1700  -26.1  998.9    1.3   94.0   75.0  444.0
2018 185  7  4 1800  -26.2  998.9    0.5   73.0   75.0  444.0
2018 185  7  4 1900  -26.4  998.9    1.7   71.0   76.0  444.0
2018 185  7  4 2000  -26.5  999.1    1.4   85.0   76.0  444.0
2018 185  7  4 2100  -26.4  999.3    2.5  109.0   77.0  444.0
2018 185  7  4 2200  -26.3  999.3    2.6  123.0   77.0  444.0
2018 185  7  4 2300  -26.2  998.9    1.8  150.0   77.0  444.0
2018 186  7  5 0000  -26.0  998.6    3.8  135.0   75.0  444.0
2018 186  7  5 0100  -25.7  998.1    4.1  148.0   77.0  444.0
2018 186  7  5 0200  -26.3  997.5    7.1  122.0   75.0  444.0
2018 186  7  5 0300  -27.9  997.6    6.6  108.0   74.7  444.0
2018 186  7  5 0400  -28.9  997.0    6.3  108.0   74.0  444.0
2018 186  7  5 0500  -29.5  996.5    6.4  104.0   73.0  444.0
2018 186  7  5 0600  -30.0  996.4    5.8   99.0   73.0  444.0
2018 186  7  5 0700  -30.3  996.3    5.1  104.0   73.0  444.0
2018 186  7  5 0800  -30.0  995.8    4.9  114.0   73.0  444.0
2018 186  7  5 0900  -29.6  995.2    4.2  108.0   74.0  444.0
2018 186  7  5 1000  -29.3  994.7    3.2  110.0   74.0  444.0
2018 186  7  5 1100  -29.0  994.2    3.2  117.0   74.4  444.0
2018 186  7  5 1200  -28.8  993.7    3.0  119.0   74.0  444.0
2018 186  7  5 1300  -28.7  992.8    2.3  102.0   75.0  444.0
2018 186  7  5 1400  -28.6  992.2    2.2  126.0   74.6  444.0
2018 186  7  5 1500  -28.5  991.7    1.8  103.0   75.0  444.0
2018 186  7  5 1600  -28.7  991.4    1.5  189.0   75.2  444.0
2018 186  7  5 1700  -28.7  991.0    2.4  174.0   75.0  444.0
2018 186  7  5 1800  -28.9  990.2    1.8  180.0   75.0  444.0
2018 186  7  5 1900  -29.4  989.5    0.7  212.0   75.0  444.0
2018 186  7  5 2000  -30.7  989.1    2.7  247.0   75.0  444.0
2018 186  7  5 2100  -31.4  988.0    4.0  250.0   75.0  444.0
2018 186  7  5 2200  -33.6  988.4    3.4  165.0   74.0  444.0
2018 186  7  5 2300  -31.3  988.0    4.9  155.0   76.0  444.0
2018 187  7  6 0000  -26.5  987.1   14.4  174.0   76.0  444.0
2018 187  7  6 0100  -27.6  986.6   19.1  174.0   75.0  444.0
2018 187  7  6 0200  -29.0  986.5   16.6  179.0   74.0  444.0
2018 187  7  6 0300  -29.9  986.4   17.8  174.0   74.0  444.0
2018 187  7  6 0400  -30.6  985.8   17.1  176.0   74.0  444.0
2018 187  7  6 0500  -29.9  985.6   19.1  178.0   74.0  444.0
2018 187  7  6 0600  -30.2  985.6   17.4  177.0   74.0  444.0
2018 187  7  6 0700  -30.4  985.0   17.1  175.0   74.0  444.0
2018 187  7  6 0800  -30.4  985.2   16.9  173.0   73.0  444.0
2018 187  7  6 0900  -31.1  984.7   16.2  181.0   74.0  444.0
2018 187  7  6 1000  -31.4  984.3   18.2  179.0   73.2  444.0
2018 187  7  6 1100  -32.1  984.1   18.4  170.0   73.0  444.0
2018 187  7  6 1200  -32.3  983.7   15.8  168.0   73.0  444.0
2018 187  7  6 1300  -32.9  982.6   17.4  169.0   72.0  444.0
2018 187  7  6 1400  -33.2  982.5   17.0  168.0   72.0  444.0
2018 187  7  6 1500  -33.6  982.1   15.9  175.0   72.0  444.0
2018 187  7  6 1600  -33.9  981.8   17.1  167.0   72.0  444.0
2018 187  7  6 1700  -34.7  981.8   18.6  167.0   72.0  444.0
2018 187  7  6 1800  -34.4  981.4   16.5  171.0   72.0  444.0
2018 187  7  6 1900  -35.9  981.1   18.5  165.0   71.0  444.0
2018 187  7  6 2000  -36.2  981.4   18.4  170.0   70.8  444.0
2018 187  7  6 2100  -36.3  980.4   18.0  165.0   70.8  444.0
2018 187  7  6 2200  -36.7  980.7   18.6  164.0   70.0  444.0
2018 187  7  6 2300  -36.3  980.1   19.9  168.0   71.0  444.0
2018 188  7  7 0000  -36.3  980.3   19.5  164.0   70.0  444.0
2018 188  7  7 0100  -36.7  979.6   18.4  166.0   70.0  444.0
2018 188  7  7 0200  -34.6  978.9   21.8  167.0   72.1  444.0
2018 188  7  7 0300  -34.7  979.7   20.2  166.0   71.2  444.0
2018 188  7  7 0400  -35.3  981.4   19.6  163.0   71.0  444.0
2018 188  7  7 0500  -36.2  982.6   18.4  170.0   70.0  444.0
2018 188  7  7 0600  -35.4  982.2   18.8  161.0   71.0  444.0
2018 188  7  7 0700  -34.6  983.6   20.5  160.0   71.0  444.0
2018 188  7  7 0800  -35.0  982.9   14.9  170.0   71.2  444.0
2018 188  7  7 0900  -34.1  983.4   20.0   63.0   72.0  444.0
2018 188  7  7 1000  -35.5  983.8   17.8   61.0   71.0  444.0
2018 188  7  7 1100  -36.0  983.7   15.1  156.0   71.0  444.0
2018 188  7  7 1200  -35.6  984.6   15.4  158.0   70.7  444.0
2018 188  7  7 1300  -34.0  984.4   15.9  166.0   71.3  444.0
2018 188  7  7 1400  -35.8  984.1   13.2  161.0   71.0  444.0
2018 188  7  7 1500  -35.9  984.8   11.7  159.0   71.0  444.0
2018 188  7  7 1600  -36.2  985.8   11.0  160.0   70.0  444.0
2018 188  7  7 1700  -37.0  986.3    9.9  162.0   70.0  444.0
2018 188  7  7 1800  -37.3  986.3   10.2  154.0   69.9  444.0
2018 188  7  7 1900  -37.2  986.1    7.9  168.0   70.0  444.0
2018 188  7  7 2000  -37.8  986.4    6.4  168.0   70.0  444.0
2018 188  7  7 2100  -37.9  986.8    7.9  158.0   70.0  444.0
2018 188  7  7 2200  -38.7  987.1    6.1  154.0   69.0  444.0
2018 188  7  7 2300  -40.9  987.5    6.9  152.0   68.1  444.0
2018 189  7  8 0000  -39.9  988.2    4.6  154.0   68.9  444.0
2018 189  7  8 0100  -38.2  988.5    6.0  142.0   69.5  444.0
2018 189  7  8 0200  -38.0  988.7    4.3  167.0   69.0  444.0
2018 189  7  8 0300  -37.2  989.1    6.0  153.0   70.0  444.0
2018 189  7  8 0400  -37.2  989.3    3.9  149.0   70.0  444.0
2018 189  7  8 0500  -39.0  989.3    4.0  144.0   68.9  444.0
2018 189  7  8 0600  -40.2  989.5    3.7  166.0   68.0  444.0
2018 189  7  8 0700  -41.0  989.2    3.4  196.0   68.0  444.0
2018 189  7  8 0800  -40.2  989.6    7.5  155.0   68.0  444.0
2018 189  7  8 0900  -38.5  989.4    7.7  166.0   67.0  444.0
2018 189  7  8 1000  -38.7  988.9    7.1  174.0   69.0  444.0
2018 189  7  8 1100  -42.2  989.2    6.8  160.0   66.7  444.0
2018 189  7  8 1200  -42.7  988.4    2.6  175.0   67.0  444.0
2018 189  7  8 1300  -42.3  988.5    5.0  174.0   67.0  444.0
2018 189  7  8 1400  -39.0  988.1    7.6  160.0   68.0  444.0
2018 189  7  8 1500  -37.3  987.2   11.2  172.0   69.0  444.0
2018 189  7  8 1600  -38.4  987.1    9.8  169.0   68.2  444.0
2018 189  7  8 1700  -38.6  987.2    5.9  174.0   65.0  444.0
2018 189  7  8 1800  -37.0  985.5    9.4  177.0   69.0  444.0
2018 189  7  8 1900  -41.5  986.5    8.2  147.0   67.0  444.0
2018 189  7  8 2000  -37.5  985.4    6.2  177.0   64.0  444.0
2018 189  7  8 2100  -40.7  984.9    8.9  167.0   66.6  444.0
2018 189  7  8 2200  -41.7  985.7    4.6  165.0   67.0  444.0
2018 189  7  8 2300  -37.5  984.6    7.1  185.0   66.0  444.0
2018 190  7  9 0000  -42.8  985.0    1.5  185.0   65.5  444.0
2018 190  7  9 0100  -43.0  984.1    1.6  281.0   66.0  444.0
2018 190  7  9 0200  -44.8  983.9    4.4  118.0   65.0  444.0
2018 190  7  9 0300  -47.3  983.6    1.6  160.0   65.5  444.0
2018 190  7  9 0400  -45.0  983.3    0.0    0.0   66.0  444.0
2018 190  7  9 0500  -47.4  983.2    2.6  210.0   65.0  444.0
2018 190  7  9 0600  -45.5  981.8    1.9  311.0   64.0  444.0
2018 190  7  9 0700  -41.6  981.6    0.2   19.0   66.0  444.0
2018 190  7  9 0800  -47.7  982.2    2.1  181.0   63.0  444.0
2018 190  7  9 0900  -43.7  981.4    0.2   36.0   66.0  444.0
2018 190  7  9 1000  -44.0  981.5    2.4  229.0   65.0  444.0
2018 190  7  9 1100  -42.1  981.4    5.1  150.0   66.0  444.0
2018 190  7  9 1200  -38.1  980.5    2.0  220.0   68.0  444.0
2018 190  7  9 1300  -42.4  979.8    5.3  195.0   66.0  444.0
2018 190  7  9 1400  -44.9  980.0    4.5  157.0   65.0  444.0
2018 190  7  9 1500  -45.7  980.7    3.7  152.0   65.0  444.0
2018 190  7  9 1600  -43.3  981.2    1.1  169.0   67.0  444.0
2018 190  7  9 1700  -41.0  980.0    3.9  227.0   67.0  444.0
2018 190  7  9 1800  -42.0  980.2    4.6  180.0   66.0  444.0
2018 190  7  9 1900  -41.9  980.7    3.1  195.0   67.0  444.0
2018 190  7  9 2000  -39.1  980.2    5.1  201.0   68.0  444.0
2018 190  7  9 2100  -37.6  980.0    7.0  193.0   69.0  444.0
2018 190  7  9 2200  -36.9  980.1    7.3  197.0   70.0  444.0
2018 190  7  9 2300  -36.1  980.1    9.2  199.0   70.0  444.0
2018 191  7 10 0000  -35.7  980.2    9.8  207.0   70.0  444.0
2018 191  7 10 0100  -36.5  980.0    8.7  200.0   70.0  444.0
2018 191  7 10 0200  -35.5  979.7   10.4  197.0   69.0  444.0
2018 191  7 10 0300  -36.0  979.8    8.2  206.0   68.2  444.0
2018 191  7 10 0400  -35.8  979.7    9.0  202.0   68.0  444.0
2018 191  7 10 0500  -36.5  979.5    7.9  199.0   66.0  444.0
2018 191  7 10 0600  -36.0  979.5    9.2  187.0   68.0  444.0
2018 191  7 10 0700  -36.0  980.1    9.5  194.0   69.0  444.0
2018 191  7 10 0800  -36.7  979.2    7.7  195.0   66.0  444.0
2018 191  7 10 0900  -41.2  979.6    3.3  163.0   65.0  444.0
2018 191  7 10 1000  -47.2  979.5    4.3  146.0   65.0  444.0
2018 191  7 10 1100  -51.0  980.0    3.5  143.0   62.0  444.0
2018 191  7 10 1200  -51.3  980.0    4.8  127.0   61.0  444.0
2018 191  7 10 1300  -52.3  980.3    4.2  128.0   61.0  444.0
2018 191  7 10 1400  -53.0  980.6    5.3  124.0   60.0  444.0
2018 191  7 10 1500  -51.7  981.0    5.1  132.0   61.0  444.0
2018 191  7 10 1600  -50.8  981.2    4.1  127.0   61.6  444.0
2018 191  7 10 1700  -52.0  981.3    3.8  166.0   61.0  444.0
2018 191  7 10 1800  -51.9  981.3    3.3  127.0   61.0  444.0
2018 191  7 10 1900  -52.7  981.7    3.8  166.0   60.0  444.0
2018 191  7 10 2000  -52.0  981.0    3.1  151.0   61.0  444.0
2018 191  7 10 2100  -52.3  981.0    4.4  171.0   60.7  444.0
2018 191  7 10 2200  -51.9  981.0    3.9  156.0   61.0  444.0
2018 191  7 10 2300  -51.2  980.5    2.4  166.0   61.0  444.0
2018 192  7 11 0000  -48.2  980.1    4.8  151.0   63.0  444.0
2018 192  7 11 0100  -49.2  979.7    3.9  145.0   62.2  444.0
2018 192  7 11 0200  -46.6  978.8    5.0  158.0   64.0  444.0
2018 192  7 11 0300  -45.5  978.2    5.2  164.0   65.0  444.0
2018 192  7 11 0400  -45.8  978.1    4.2  175.0   64.0  444.0
2018 192  7 11 0500  -46.6  977.4    3.1  182.0   63.0  444.0
2018 192  7 11 0600  -45.2  977.0    4.6  201.0   64.5  444.0
2018 192  7 11 0700  -44.0  976.3    5.0  204.0   65.0  444.0
2018 192  7 11 0800  -41.3  974.9    6.8  194.0   67.0  444.0
2018 192  7 11 0900  -40.4  973.9    7.3  194.0   68.0  444.0
2018 192  7 11 1000  -40.6  973.2    6.8  209.0   67.0  444.0
2018 192  7 11 1100  -41.6  972.1    4.7  206.0   66.0  444.0
2018 192  7 11 1200  -42.1  971.1    4.5  209.0   66.0  444.0
2018 192  7 11 1300  -41.9  969.9    5.7  205.0   67.0  444.0
2018 192  7 11 1400  -41.6  968.9    5.2  202.0   67.0  444.0
2018 192  7 11 1500  -41.4  967.6    4.9  208.0   67.0  444.0
2018 192  7 11 1600  -41.4  966.6    4.4  212.0   67.0  444.0
2018 192  7 11 1700  -41.8  965.5    4.7  205.0   67.0  444.0
2018 192  7 11 1800  -41.4  964.7    4.5  201.0   67.0  444.0
2018 192  7 11 1900  -39.5  963.3    6.3  197.0   68.0  444.0
2018 192  7 11 2000  -37.4  962.5    7.8  184.0   69.0  444.0
2018 192  7 11 2100  -37.5  961.3    7.1  201.0   69.0  444.0
2018 192  7 11 2200  -38.0  960.7    5.5  204.0   68.0  444.0
2018 192  7 11 2300  -38.2  959.7    6.7  204.0   69.0  444.0
2018 193  7 12 0000  -38.9  958.7    6.3  210.0   68.0  444.0
2018 193  7 12 0100  -37.7  957.8    7.4  190.0   69.0  444.0
2018 193  7 12 0200  -37.0  957.1    7.1  204.0   68.0  444.0
2018 193  7 12 0300  -36.7  956.4    6.8  206.0   67.0  444.0
2018 193  7 12 0400  -36.2  955.9    8.1  208.0   69.0  444.0
2018 193  7 12 0500  -36.1  955.7    8.3  191.0   70.0  444.0
2018 193  7 12 0600  -36.3  955.2    7.3  198.0   70.0  444.0
2018 193  7 12 0700  -36.1  954.7    8.1  182.0   70.0  444.0
2018 193  7 12 0800  -37.4  954.8    8.3  175.0   69.0  444.0
2018 193  7 12 0900  -36.7  955.4    9.9  182.0   70.0  444.0
2018 193  7 12 1000  -37.0  955.7    7.7  188.0   68.0  444.0
2018 193  7 12 1100  -37.3  956.0    8.6  191.0   69.0  444.0
2018 193  7 12 1200  -36.2  956.1    9.7  192.0   69.0  444.0
2018 193  7 12 1300  -34.8  956.9   13.0  182.0   69.7  444.0
2018 193  7 12 1400  -38.3  957.4    7.8  205.0   67.0  444.0
2018 193  7 12 1500  -38.3  957.6    8.1  210.0   66.0  444.0
2018 193  7 12 1600  -38.9  957.9    8.0  210.0   68.0  444.0
2018 193  7 12 1700  -38.5  958.0   10.0  218.0   69.0  444.0
2018 193  7 12 1800  -38.2  957.9   10.2  224.0   68.8  444.0
2018 193  7 12 1900  -37.3  957.8   10.6  224.0   69.0  444.0
2018 193  7 12 2000  -38.4  958.4    8.6  224.0   68.0  444.0
2018 193  7 12 2100  -38.9  959.0    7.9  228.0   67.0  444.0
2018 193  7 12 2200  -37.5  959.5    8.4  227.0   64.0  444.0
2018 193  7 12 2300  -39.1  960.0    7.4  230.0   62.1  444.0
2018 194  7 13 0000  -39.7  960.5    6.8  234.0   62.1  444.0
2018 194  7 13 0100  -40.9  961.1    6.4  234.0   63.0  444.0
2018 194  7 13 0200  -41.1  961.6    6.0  233.0   65.0  444.0
2018 194  7 13 0300  -41.0  962.1    5.4  240.0   64.0  444.0
2018 194  7 13 0400  -40.4  962.6    7.2  243.0   65.8  444.0
2018 194  7 13 0500  -39.6  963.1    6.7  241.0   63.0  444.0
2018 194  7 13 0600  -39.6  963.5    6.2  234.0   62.0  444.0
2018 194  7 13 0700  -39.3  963.9    8.0  243.0   64.0  444.0
2018 194  7 13 0800  -37.8  964.1    7.5  252.0   65.0  444.0
2018 194  7 13 0900  -38.2  964.2    6.3  255.0   65.0  444.0
2018 194  7 13 1000  -38.5  964.8    5.3  266.0   67.0  444.0
2018 194  7 13 1100  -35.2  965.1    7.8  266.0   70.2  444.0
2018 194  7 13 1200  -40.5  966.1    5.8  292.0   63.0  444.0
2018 194  7 13 1300  -39.8  966.7    5.5  291.0   61.0  444.0
2018 194  7 13 1400  -41.7  968.1    4.1  320.0   59.0  444.0
2018 194  7 13 1500  -43.5  969.2    1.9  308.0   61.0  444.0
2018 194  7 13 1600  -43.3  970.7    1.8  161.0   62.7  444.0
2018 194  7 13 1700  -42.1  971.7    6.8  124.0   67.0  444.0
2018 194  7 13 1800  -41.9  971.7    5.2  102.0   67.0  444.0
2018 194  7 13 1900  -42.4  971.8    2.9  147.0   67.0  444.0
2018 194  7 13 2000  -39.5  971.3    2.9  139.0   68.0  444.0
2018 194  7 13 2100  -39.5  971.5    3.9  170.0   67.8  444.0
2018 194  7 13 2200  -38.2  971.1    4.3  213.0   69.0  444.0
2018 194  7 13 2300  -38.4  970.5    4.1  194.0   69.0  444.0
2018 195  7 14 0000  -37.7  969.5    3.9  207.0   69.0  444.0
2018 195  7 14 0100  -35.6  968.6    1.7  216.0   70.0  444.0
2018 195  7 14 0200  -32.2  967.6    5.3  236.0   72.0  444.0
2018 195  7 14 0300  -33.6  967.1    5.3  224.0   72.0  444.0
2018 195  7 14 0400  -34.1  966.5    4.5  220.0   71.0  444.0
2018 195  7 14 0500  -33.1  965.9    6.7  222.0   71.9  444.0
2018 195  7 14 0600  -32.0  965.8    6.6  213.0   73.0  444.0
2018 195  7 14 0700  -31.3  965.8    7.6  214.0   73.0  444.0
2018 195  7 14 0800  -31.3  965.9    7.2  213.0   74.0  444.0
2018 195  7 14 0900  -30.6  966.7    7.1  209.0   73.3  444.0
2018 195  7 14 1000  -30.6  967.5    6.1  212.0   72.8  444.0
2018 195  7 14 1100  -28.6  967.7    8.2  209.0   75.0  444.0
2018 195  7 14 1200  -26.6  969.0   10.0  194.0   77.0  444.0
2018 195  7 14 1300  -28.3  970.2    8.0  209.0   74.1  444.0
2018 195  7 14 1400  -28.9  970.8    0.9  209.0   74.7  444.0
2018 195  7 14 1500  -27.4  972.1    9.0  190.0   76.0  444.0
2018 195  7 14 1600  -28.8  973.2    7.2  177.0   74.0  444.0
2018 195  7 14 1700  -33.6  974.6    4.7  145.0   72.0  444.0
2018 195  7 14 1800  -32.9  976.1    6.1  143.0   73.0  444.0
2018 195  7 14 1900  -30.3  976.7    8.0  151.0   74.4  444.0
2018 195  7 14 2000  -27.0  977.0    8.0  160.0   76.0  444.0
2018 195  7 14 2100  -24.9  977.2    8.3  152.0   78.0  444.0
2018 195  7 14 2200  -23.4  977.3    7.7  152.0   79.0  444.0
2018 195  7 14 2300  -23.2  977.4    8.4  146.0   80.0  444.0
2018 196  7 15 0000  -22.1  977.7    9.3  149.0   80.0  444.0
2018 196  7 15 0100  -20.5  978.0    7.9  143.0   81.0  444.0
2018 196  7 15 0200  -20.5  978.2    8.1  151.0   81.0  444.0
2018 196  7 15 0300  -21.5  978.3   10.6  157.0   81.0  444.0
2018 196  7 15 0400  -21.4  978.4   12.9  157.0   81.0  444.0
2018 196  7 15 0500  -20.6  978.0   13.2  154.0   81.0  444.0
2018 196  7 15 0600  -21.0  978.2   13.2  156.0   81.0  444.0
2018 196  7 15 0700  -21.6  978.2   14.9  133.0   80.2  444.0
2018 196  7 15 0800  -23.8  978.4   13.0  119.0   78.6  444.0
2018 196  7 15 0900  -25.9  979.3   11.6  112.0   77.0  444.0
2018 196  7 15 1000  -29.4  980.1    9.9  103.0   75.0  444.0
2018 196  7 15 1100  -27.8  980.9    9.0  108.0   77.0  444.0
2018 196  7 15 1200  -28.9  981.4    8.2   93.0   76.0  444.0
2018 196  7 15 1300  -30.8  982.2    6.6   96.0   74.1  444.0
2018 196  7 15 1400  -30.2  982.7    6.0  137.0   75.0  444.0
2018 196  7 15 1500  -27.7  982.8    4.5  129.0   76.0  444.0
2018 196  7 15 1600  -26.9  982.9    4.0  164.0   77.0  444.0
2018 196  7 15 1700  -26.8  982.3    5.3  165.0   77.2  444.0
2018 196  7 15 1800  -27.8  981.9    4.5  168.0   76.8  444.0
2018 196  7 15 1900  -28.3  981.6    4.5  182.0   76.0  444.0
2018 196  7 15 2000  -27.7  981.4    5.4  191.0   77.0  444.0
2018 196  7 15 2100  -27.5  980.9    5.8  205.0   74.0  444.0
2018 196  7 15 2200  -29.8  980.5    5.8  214.0   73.0  444.0
2018 196  7 15 2300  -31.3  980.3    6.0  225.0   74.0  444.0
2018 197  7 16 0000  -31.9  979.4    4.1  216.0   73.0  444.0
2018 197  7 16 0100  -32.3  979.1    5.2  225.0   74.0  444.0
2018 197  7 16 0200  -32.5  978.5    4.6  209.0   74.0  444.0
2018 197  7 16 0300  -31.4  978.1    6.2  221.0   72.0  444.0
2018 197  7 16 0400  -31.7  977.7    5.6  213.0   72.0  444.0
2018 197  7 16 0500  -30.8  977.7    7.5  216.0   73.2  444.0
2018 197  7 16 0600  -31.0  977.4    8.8  211.0   73.9  444.0
2018 197  7 16 0700  -30.3  977.5    8.5  207.0   75.0  444.0
2018 197  7 16 0800  -31.1  977.4    8.6  206.0   73.9  444.0
2018 197  7 16 0900  -30.8  977.5    9.1  206.0   74.0  444.0
2018 197  7 16 1000  -31.4  977.7    9.1  212.0   74.0  444.0
2018 197  7 16 1100  -31.0  977.8    8.0  212.0   74.2  444.0
2018 197  7 16 1200  -28.6  977.1   10.2  212.0   76.0  444.0
2018 197  7 16 1300  -26.9  977.1    9.8  212.0   74.0  444.0
2018 197  7 16 1400  -26.4  977.1   10.7  203.0   74.0  444.0
2018 197  7 16 1500  -24.6  976.5   15.4  184.0   78.0  444.0
2018 197  7 16 1600  -25.2  976.6   15.1  181.0   77.4  444.0
2018 197  7 16 1700  -25.2  975.9   15.7  189.0   77.0  444.0
2018 197  7 16 1800  -24.4  975.8   18.4  184.0   78.0  444.0
2018 197  7 16 1900  -24.6  975.8   18.2  191.0   77.0  444.0
2018 197  7 16 2000  -25.7  975.8   19.4  176.0   77.0  444.0
2018 197  7 16 2100  -25.9  976.4   15.6  192.0   77.0  444.0
2018 197  7 16 2200  -25.8  976.5   14.4   72.0   77.0  444.0
2018 197  7 16 2300  -25.3  976.7   16.3   78.0   77.0  444.0
2018 198  7 17 0000  -26.0  976.3   13.2   72.0   77.0  444.0
2018 198  7 17 0100  -25.9  976.5   12.3  189.0   76.7  444.0
2018 198  7 17 0200  -25.6  976.3   13.8  183.0   77.0  444.0
2018 198  7 17 0300  -25.9  975.3   11.9  186.0   77.0  444.0
2018 198  7 17 0400  -25.5  974.7   12.1  158.0   77.6  444.0
2018 198  7 17 0500  -25.6  975.0   15.3   77.0   77.7  444.0
2018 198  7 17 0600  -25.6  973.6   21.5   74.0   77.5  444.0
2018 198  7 17 0700  -26.3  974.3   18.9   74.0   77.0  444.0
2018 198  7 17 0800  -26.6  973.9   21.3   72.0   77.0  444.0
2018 198  7 17 0900  -27.1  974.5   21.6   74.0   77.0  444.0
2018 198  7 17 1000  -27.4  974.0   22.7   74.0   76.0  444.0
2018 198  7 17 1100  -28.0  973.6   22.6   72.0   76.0  444.0
2018 198  7 17 1200  -27.8  975.0   15.4   78.0   76.1  444.0
2018 198  7 17 1300  -27.1  975.6   13.8   66.0   77.0  444.0
2018 198  7 17 1400  -27.9  976.6   12.9   64.0   76.0  444.0
2018 198  7 17 1500  -27.3  976.6   12.3   75.0   77.0  444.0
2018 198  7 17 1600  -27.2  976.9   10.2   72.0   77.0  444.0
2018 198  7 17 1700  -26.9  975.8   13.6   75.0   76.9  444.0
2018 198  7 17 1800  -26.6  975.6    9.3   73.0   77.0  444.0
2018 198  7 17 1900  -26.4  974.6   13.8   62.0   77.0  444.0
2018 198  7 17 2000  -26.2  974.5   17.7   66.0   77.0  444.0
2018 198  7 17 2100  -25.5  974.0   18.4   64.0   78.0  444.0
2018 198  7 17 2200  -26.0  974.3   18.5   60.0   77.5  444.0
2018 198  7 17 2300  -26.2  974.7   19.0   62.0   77.2  444.0
2018 199  7 18 0000  -26.6  975.6   14.8  111.0   76.8  444.0
2018 199  7 18 0100  -26.5  976.2   12.0   62.0   77.0  444.0
2018 199  7 18 0200  -28.8  977.4    6.3   43.0   74.0  444.0
2018 199  7 18 0300  -29.1  977.5    6.9   62.0   75.1  444.0
2018 199  7 18 0400  -29.1  978.0    6.6   67.0   75.6  444.0
2018 199  7 18 0500  -29.7  978.1    6.4   59.0   75.0  444.0
2018 199  7 18 0600  -30.2  978.1    5.5   61.0   75.0  444.0
2018 199  7 18 0700  -30.9  978.0    5.0   67.0   75.0  444.0
2018 199  7 18 0800  -31.0  978.4    4.3   66.0   74.0  444.0
2018 199  7 18 0900  -31.8  978.5    1.2  119.0   74.0  444.0
2018 199  7 18 1000  -34.2  978.1    4.0   99.0   72.2  444.0
2018 199  7 18 1100  -34.2  977.5    4.1   79.0   72.4  444.0
2018 199  7 18 1200  -34.3  977.2    2.7   60.0   72.0  444.0
2018 199  7 18 1300  -34.9  976.7    2.8   67.0   71.0  444.0
2018 199  7 18 1400  -35.7  975.6    3.3   69.0   71.0  444.0
2018 199  7 18 1500  -34.3  974.0    4.4   78.0   72.5  444.0
2018 199  7 18 1600  -34.7  973.1    3.8   50.0   71.3  444.0
2018 199  7 18 1700  -35.0  972.7    4.2   49.0   71.0  444.0
2018 199  7 18 1800  -34.1  971.3    3.5   81.0   72.0  444.0
2018 199  7 18 1900  -32.1  970.5    5.4   68.0   73.0  444.0
2018 199  7 18 2000  -32.3  969.2    4.9   72.0   72.8  444.0
2018 199  7 18 2100  -31.1  968.3    4.5   72.0   73.7  444.0
2018 199  7 18 2200  -30.9  965.6    5.5   92.0   74.3  444.0
2018 199  7 18 2300  -33.9  964.5    4.8   68.0   72.0  444.0
2018 200  7 19 0000  -31.1  963.5    7.6   62.0   74.0  444.0
2018 200  7 19 0100  -29.6  963.0    8.6   70.0   74.7  444.0
2018 200  7 19 0200  -29.1  961.9    9.7   72.0   74.9  444.0
2018 200  7 19 0300  -28.3  960.5   12.3   75.0   75.5  444.0
2018 200  7 19 0400  -28.8  959.4   12.4   76.0   75.0  444.0
2018 200  7 19 0500  -28.8  959.0   12.1   76.0   75.0  444.0
2018 200  7 19 0600  -29.1  958.5   12.8   72.0   75.0  444.0
2018 200  7 19 0700  -29.7  958.6   11.3   74.0   74.2  444.0
2018 200  7 19 0800  -29.6  958.3   13.6   72.0   74.4  444.0
2018 200  7 19 0900  -30.0  958.6   11.6   73.0   74.0  444.0
2018 200  7 19 1000  -30.6  959.0    9.3   71.0   74.0  444.0
2018 200  7 19 1100  -31.0  959.3    8.6   76.0   73.0  444.0
2018 200  7 19 1200  -30.9  959.3    8.2   76.0   72.0  444.0
2018 200  7 19 1300  -30.5  959.8    8.9   75.0   71.4  444.0
2018 200  7 19 1400  -29.8  960.0   12.3   76.0   73.0  444.0
2018 200  7 19 1500  -29.2  960.7   12.7   72.0   73.9  444.0
2018 200  7 19 1600  -29.3  960.5   14.7   72.0   74.0  444.0
2018 200  7 19 1700  -28.2  961.5   11.1   79.0   73.0  444.0
2018 200  7 19 1800  -27.5  962.2   10.3   81.0   73.2  444.0
2018 200  7 19 1900  -26.7  962.2   11.2   79.0   73.0  444.0
2018 200  7 19 2000  -27.2  962.7    8.7   85.0   69.6  444.0
2018 200  7 19 2100  -26.4  963.7    9.1   80.0   71.0  444.0
2018 200  7 19 2200  -25.6  965.0    9.6   72.0   73.0  444.0
2018 200  7 19 2300  -27.0  965.5    7.2   73.0   71.0  444.0
2018 201  7 20 0000  -28.0  966.4   10.2   60.0   74.0  444.0
2018 201  7 20 0100  -26.4  966.7   12.8   61.0   77.6  444.0
2018 201  7 20 0200  -21.4  966.8   13.6   56.0   81.0  444.0
2018 201  7 20 0300  -23.6  968.7    9.9   43.0   78.8  444.0
2018 201  7 20 0400  -26.6  969.7   12.2   33.0   77.0  444.0
2018 201  7 20 0500  -25.9  971.1   10.0   40.0   78.0  444.0
2018 201  7 20 0600  -24.8  971.3   12.0   39.0   78.3  444.0
2018 201  7 20 0700  -25.4  971.5   12.6   33.0   78.0  444.0
2018 201  7 20 0800  -25.7  973.0   10.9   33.0   77.5  444.0
2018 201  7 20 0900  -25.4  974.0    9.3   40.0   78.0  444.0
2018 201  7 20 1000  -24.6  974.1    8.1   41.0   79.0  444.0
2018 201  7 20 1100  -23.7  974.8    8.3   46.0   79.0  444.0
2018 201  7 20 1200  -23.4  974.6    8.2   46.0   79.0  444.0
2018 201  7 20 1300  -23.0  974.6    5.8   47.0   79.8  444.0
2018 201  7 20 1400  -22.7  974.5    5.8   47.0   79.0  444.0
2018 201  7 20 1500  -23.1  974.2    4.3   58.0   79.0  444.0
2018 201  7 20 1600  -25.4  974.0    6.3   51.0   78.0  444.0
2018 201  7 20 1700  -26.4  974.2    6.1   54.0   77.0  444.0
2018 201  7 20 1800  -26.8  974.0    5.4   61.0   75.4  444.0
2018 201  7 20 1900  -27.4  973.5    5.3   66.0   75.0  444.0
2018 201  7 20 2000  -28.0  973.7    4.5   54.0   74.0  444.0
2018 201  7 20 2100  -29.5  974.0    4.0   60.0   75.0  444.0
2018 201  7 20 2200  -30.6  974.2    3.8   58.0   75.0  444.0
2018 201  7 20 2300  -30.4  973.8    4.8   63.0   74.9  444.0
2018 202  7 21 0000  -29.1  972.9    5.6   65.0   76.0  444.0
2018 202  7 21 0100  -24.7  971.9    7.9   69.0   75.0  444.0
2018 202  7 21 0200  -25.1  972.2    7.6   61.0   75.0  444.0
2018 202  7 21 0300  -24.9  972.1    9.0   62.0   78.0  444.0
2018 202  7 21 0400  -25.4  971.6    8.1   62.0   77.8  444.0
2018 202  7 21 0500  -28.7  972.1    4.8   53.0   75.0  444.0
2018 202  7 21 0600  -27.4  971.2    5.7   61.0   77.0  444.0
2018 202  7 21 0700  -27.2  971.8    7.2   57.0   76.0  444.0
2018 202  7 21 0800  -25.2  972.2   10.9   54.0   78.0  444.0
2018 202  7 21 0900  -22.7  972.6    9.5   55.0   76.0  444.0
2018 202  7 21 1000  -22.5  972.3    8.9   60.0   76.0  444.0
2018 202  7 21 1100  -22.3  972.8    7.2   48.0   76.0  444.0
2018 202  7 21 1200  -22.0  971.7    9.4   60.0   79.0  444.0
2018 202  7 21 1300  -22.3  971.6    9.4   60.0   78.0  444.0
2018 202  7 21 1400  -22.2  971.9    6.5   54.0   76.0  444.0
2018 202  7 21 1500  -23.0  971.6    6.2   55.0   75.0  444.0
2018 202  7 21 1600  -23.8  971.3    6.1   61.0   74.8  444.0
2018 202  7 21 1700  -23.9  971.0    6.4   66.0   75.0  444.0
2018 202  7 21 1800  -24.3  970.4    8.6   66.0   77.0  444.0
2018 202  7 21 1900  -23.3  969.5   11.8   63.0   79.0  444.0
2018 202  7 21 2000  -22.3  969.3   13.5   63.0   80.0  444.0
2018 202  7 21 2100  -22.3  968.6   13.4   65.0   80.2  444.0
2018 202  7 21 2200  -21.6  968.1   15.2   64.0   80.0  444.0
2018 202  7 21 2300  -22.2  969.0   11.8   54.0   80.0  444.0
2018 203  7 22 0000  -23.2  969.6   13.5   60.0   79.0  444.0
2018 203  7 22 0100  -23.5  969.7    9.9   65.0   78.0  444.0
2018 203  7 22 0200  -24.3  969.2    7.6   64.0   77.0  444.0
2018 203  7 22 0300  -23.4  969.3    7.8   64.0   76.0  444.0
2018 203  7 22 0400  -24.0  969.3    8.9   64.0   75.0  444.0
2018 203  7 22 0500  -24.8  969.4    7.5   62.0   74.6  444.0
2018 203  7 22 0600  -24.7  968.9    8.3   68.0   74.0  444.0
2018 203  7 22 0700  -24.2  968.3    7.9   73.0   75.0  444.0
2018 203  7 22 0800  -23.2  968.0   11.3   69.0   76.0  444.0
2018 203  7 22 0900  -22.1  967.5   13.3   68.0   76.0  444.0
2018 203  7 22 1000  -22.6  967.4   11.6   64.0   77.0  444.0
2018 203  7 22 1100  -22.5  966.9   10.8   61.0   74.0  444.0
2018 203  7 22 1200  -22.3  965.6   13.7   67.0   77.0  444.0
2018 203  7 22 1300  -23.1  965.4    8.0   69.0   76.0  444.0
2018 203  7 22 1400  -23.1  964.7   14.8   73.0   76.0  444.0
2018 203  7 22 1500  -23.0  965.0   12.6   73.0   76.0  444.0
2018 203  7 22 1600  -22.9  965.0   15.1   76.0   77.0  444.0
2018 203  7 22 1700  -23.3  965.2    9.1   96.0   73.0  444.0
2018 203  7 22 1800  -27.9  965.7    4.8   42.0   74.0  444.0
2018 203  7 22 1900  -34.0  966.6    1.0   33.0   71.0  444.0
2018 203  7 22 2000  -33.0  969.2    6.0   64.0   73.0  444.0
2018 203  7 22 2100  -31.1  970.2    6.7   60.0   74.0  444.0
2018 203  7 22 2200  -28.3  971.6   10.3   59.0   75.1  444.0
2018 203  7 22 2300  -24.0  972.8   10.6   62.0   73.0  444.0
2018 204  7 23 0000  -22.5  973.9   11.4   64.0   78.0  444.0
2018 204  7 23 0100  -21.9  974.9   11.3   62.0   78.0  444.0
2018 204  7 23 0200  -21.7  976.2   11.3   60.0   77.6  444.0
2018 204  7 23 0300  -22.7  977.4   11.9   63.0   78.7  444.0
2018 204  7 23 0400  -23.7  979.0   10.7   61.0   78.0  444.0
2018 204  7 23 0500  -23.8  980.6    9.9   62.0   77.0  444.0
2018 204  7 23 0600  -24.8  981.8   11.0   65.0   77.0  444.0
2018 204  7 23 0700  -24.9  982.2   11.4   65.0   77.0  444.0
2018 204  7 23 0800  -24.9  983.0   11.7   63.0   75.0  444.0
2018 204  7 23 0900  -25.4  983.2   11.5   64.0   74.0  444.0
2018 204  7 23 1000  -25.4  983.2   11.1   67.0   73.0  444.0
2018 204  7 23 1100  -25.0  983.3   10.9   68.0   74.0  444.0
2018 204  7 23 1200  -25.2  983.6   12.0   68.0   75.0  444.0
2018 204  7 23 1300  -24.7  983.7   14.1   72.0   77.0  444.0
2018 204  7 23 1400  -25.2  983.7   10.0   73.0   75.0  444.0
2018 204  7 23 1500  -26.2  984.1    8.6   63.0   74.0  444.0
2018 204  7 23 1600  -27.2  984.3    7.1   67.0   74.0  444.0
2018 204  7 23 1700  -26.7  984.7    8.3   66.0   74.0  444.0
2018 204  7 23 1800  -26.2  984.4    8.8   72.0   74.0  444.0
2018 204  7 23 1900  -25.8  983.9   10.8   76.0   74.0  444.0
2018 204  7 23 2000  -25.4  982.5   13.5   78.0   76.2  444.0
2018 204  7 23 2100  -25.2  981.9   13.2   79.0   76.0  444.0
2018 204  7 23 2200  -25.3  981.1   11.2   80.0   76.0  444.0
2018 204  7 23 2300  -25.9  980.5   11.1   72.0   77.0  444.0
2018 205  7 24 0000  -27.3  980.6    8.4   70.0   75.0  444.0
2018 205  7 24 0100  -28.2  980.5    5.1   82.0   74.1  444.0
2018 205  7 24 0200  -29.9  980.1    5.1   73.0   74.0  444.0
2018 205  7 24 0300  -30.0  979.7    4.8   86.0   75.0  444.0
2018 205  7 24 0400  -29.1  978.5    6.1   88.0   76.0  444.0
2018 205  7 24 0500  -29.7  977.5    6.4   84.0   75.0  444.0
2018 205  7 24 0600  -28.2  976.4    7.8   67.0   76.0  444.0
2018 205  7 24 0700  -27.4  975.4    7.9   86.0   77.0  444.0
2018 205  7 24 0800  -27.4  975.5    8.2   71.0   77.0  444.0
2018 205  7 24 0900  -28.7  974.9    5.7   66.0   75.5  444.0
2018 205  7 24 1000  -28.0  974.9    6.2   74.0   76.0  444.0
2018 205  7 24 1100  -30.1  975.5    3.5   67.0   75.0  444.0
2018 205  7 24 1200  -32.1  976.4    3.6   69.0   73.0  444.0
2018 205  7 24 1300  -36.6  977.4    0.7   32.0   71.0  444.0
2018 205  7 24 1400  -36.1  978.6    3.6   62.0   70.8  444.0
2018 205  7 24 1500  -34.3  980.4    5.4   67.0   72.0  444.0
2018 205  7 24 1600  -34.1  981.3   10.5   55.0   73.0  444.0
2018 205  7 24 1700  -30.5  982.8    8.8   54.0   75.0  444.0
2018 205  7 24 1800  -31.0  984.2    8.2   46.0   74.0  444.0
2018 205  7 24 1900  -32.2  985.2    8.3   46.0   73.4  444.0
2018 205  7 24 2000  -31.7  987.0    5.6   59.0   73.0  444.0
2018 205  7 24 2100  -29.6  987.0    8.3   65.0   74.0  444.0
2018 205  7 24 2200  -27.1  985.7   10.6   68.0   75.0  444.0
2018 205  7 24 2300  -26.4  985.1   10.7   68.0   77.0  444.0
2018 206  7 25 0000  -24.7  985.0   11.1   64.0   78.0  444.0
2018 206  7 25 0100  -24.8  985.1   11.7   63.0   77.7  444.0
2018 206  7 25 0200  -25.7  985.4    8.0   52.0   74.0  444.0
2018 206  7 25 0300  -28.1  985.4    6.5   58.0   73.0  444.0
2018 206  7 25 0400  -28.1  985.4    6.5   63.0   71.0  444.0
2018 206  7 25 0500  -28.5  985.2    6.7   75.0   73.0  444.0
2018 206  7 25 0600  -26.4  984.7    7.7   66.0   72.6  444.0
2018 206  7 25 0700  -25.9  984.1    7.6   73.0   73.0  444.0
2018 206  7 25 0800  -24.9  983.3    6.4   75.0   72.0  444.0
2018 206  7 25 0900  -23.1  981.1    7.8   82.0   74.0  444.0
2018 206  7 25 1000  -23.4  979.3   10.1   88.0   74.0  444.0
2018 206  7 25 1100  -20.4  977.2   15.0   82.0   77.8  444.0
2018 206  7 25 1200  -20.7  975.9   14.7   79.0   79.1  444.0
2018 206  7 25 1300  -21.2  974.8   13.4   81.0   78.0  444.0
2018 206  7 25 1400  -22.0  974.4   10.6   76.0   79.0  444.0
2018 206  7 25 1500  -23.4  975.5    5.2   76.0   79.0  444.0
2018 206  7 25 1600  -26.0  975.3    8.5   63.0   77.6  444.0
2018 206  7 25 1700  -32.1  976.2    5.6   52.0   73.9  444.0
2018 206  7 25 1800  -31.5  977.4    7.5   54.0   74.0  444.0
2018 206  7 25 1900  -32.9  978.0    6.8   50.0   72.0  444.0
2018 206  7 25 2000  -31.0  977.8    2.8   55.0   71.0  444.0
2018 206  7 25 2100  -26.6  977.6    7.8   69.0   72.0  444.0
2018 206  7 25 2200  -25.4  977.8    6.9   76.0   71.0  444.0
2018 206  7 25 2300  -24.9  977.6    8.8   78.0   70.1  444.0
2018 207  7 26 0000  -24.9  978.8    4.3   51.0   70.0  444.0
2018 207  7 26 0100  -27.8  978.8    1.7   16.0   74.0  444.0
2018 207  7 26 0200  -28.2  981.3    5.8   25.0   74.0  444.0
2018 207  7 26 0300  -33.9  982.6    6.0   46.0   72.3  444.0
2018 207  7 26 0400  -35.4  983.9    7.3   42.0   71.8  444.0
2018 207  7 26 0500  -33.1  984.5    5.9   45.0   73.0  444.0
2018 207  7 26 0600  -34.2  984.6    5.8   69.0   72.0  444.0
2018 207  7 26 0700  -29.7  984.3    6.5   65.0   74.0  444.0
2018 207  7 26 0800  -24.7  984.1    9.7   63.0   75.0  444.0
2018 207  7 26 0900  -22.2  984.2    9.4   64.0   76.5  444.0
2018 207  7 26 1000  -22.1  984.8   10.0   59.0   77.1  444.0
2018 207  7 26 1100  -23.8  985.6    7.5   51.0   73.9  444.0
2018 207  7 26 1200  -23.1  986.3    6.6   44.0   66.0  444.0
2018 207  7 26 1300  -24.9  987.6    9.9   55.0   75.7  444.0
2018 207  7 26 1400  -23.9  989.1   10.8   60.0   76.0  444.0
2018 207  7 26 1500  -23.1  989.3    8.5   59.0   70.8  444.0
2018 207  7 26 1600  -23.6  989.3    9.3   59.0   73.1  444.0
2018 207  7 26 1700  -23.0  989.2   10.4   63.0   76.0  444.0
2018 207  7 26 1800  -22.6  989.7    9.8   62.0   74.0  444.0
2018 207  7 26 1900  -23.3  989.6    8.7   67.0   71.0  444.0
2018 207  7 26 2000  -23.4  989.2    9.0   67.0   71.4  444.0
2018 207  7 26 2100  -23.0  989.1    9.0   66.0   72.2  444.0
2018 207  7 26 2200  -21.9  989.1    9.6   70.0   68.0  444.0
2018 207  7 26 2300  -24.4  989.1    5.6   76.0   71.0  444.0
2018 208  7 27 0000  -24.4  989.0    5.6   80.0   68.0  444.0
2018 208  7 27 0100  -24.6  988.6    5.5   84.0   72.0  444.0
2018 208  7 27 0200  -22.6  988.4    8.3   73.0   75.3  444.0
2018 208  7 27 0300  -22.6  988.2    8.3   81.0   74.0  444.0
2018 208  7 27 0400  -23.2  987.7    7.2   88.0   70.0  444.0
2018 208  7 27 0500  -25.9  987.1    4.8   91.0   72.9  444.0
2018 208  7 27 0600  -27.2  986.5    5.9   89.0   70.0  444.0
2018 208  7 27 0700  -30.5  986.6    4.9   70.0   73.0  444.0
2018 208  7 27 0800  -30.6  986.6    4.1   64.0   71.0  444.0
2018 208  7 27 0900  -30.0  986.2    2.8   78.0   73.0  444.0
2018 208  7 27 1000  -30.1  984.6    6.1   96.0   71.0  444.0
2018 208  7 27 1100  -30.9  984.3    3.6  101.0   71.4  444.0
2018 208  7 27 1200  -27.8  983.1    6.7   87.0   69.0  444.0
2018 208  7 27 1300  -26.8  981.8    7.1   88.0   68.0  444.0
2018 208  7 27 1400  -24.6  980.4    8.6   88.0   70.0  444.0
2018 208  7 27 1500  -23.2  979.4    8.8   85.0   71.9  444.0
2018 208  7 27 1600  -22.6  979.0    9.3   73.0   77.0  444.0
2018 208  7 27 1700  -22.8  978.4    8.7   69.0   73.0  444.0
2018 208  7 27 1800  -22.3  978.1    9.4   72.0   73.0  444.0
2018 208  7 27 1900  -23.3  978.6    6.9   80.0   68.0  444.0
2018 208  7 27 2000  -22.7  979.7    3.5   68.0   66.0  444.0
2018 208  7 27 2100  -25.8  979.5    2.4   99.0   70.0  444.0
2018 208  7 27 2200  -27.6  979.7    5.6   92.0   70.6  444.0
2018 208  7 27 2300  -30.5  979.2    4.4   95.0   75.0  444.0
2018 209  7 28 0000  -34.0  978.9    3.7   75.0   73.0  444.0
2018 209  7 28 0100  -34.0  979.1    5.2   51.0   73.0  444.0
2018 209  7 28 0200  -32.3  979.5    5.6   50.0   74.0  444.0
2018 209  7 28 0300  -32.4  979.4    4.1   55.0   73.5  444.0
2018 209  7 28 0400  -32.5  979.7    4.1   46.0   73.0  444.0
2018 209  7 28 0500  -34.8  980.2    3.4   51.0   72.0  444.0
2018 209  7 28 0600  -35.2  980.2    3.2   58.0   72.0  444.0
2018 209  7 28 0700  -36.3  980.1    0.9   26.0   71.0  444.0
2018 209  7 28 0800  -37.2  981.1    2.0   44.0   70.7  444.0
2018 209  7 28 0900  -37.7  981.7    0.7   30.0   70.0  444.0
2018 209  7 28 1000  -37.5  981.9    0.0    0.0   70.0  444.0
2018 209  7 28 1100  -36.3  983.0    0.6   30.0   71.0  444.0
2018 209  7 28 1200  -37.7  983.6    0.0    0.0   70.0  444.0
2018 209  7 28 1300  -38.1  984.7    1.7   96.0   70.0  444.0
2018 209  7 28 1400  -36.2  985.5    2.2   96.0   71.0  444.0
2018 209  7 28 1500  -36.1  986.4    0.3   96.0   71.0  444.0
2018 209  7 28 1600  -35.4  987.2    0.2   96.0   72.0  444.0
2018 209  7 28 1700  -37.8  988.2    2.0  321.0   68.0  444.0
2018 209  7 28 1800  -38.0  988.6    0.8    4.0   69.0  444.0
2018 209  7 28 1900  -39.0  989.2    1.4    4.0   68.0  444.0
2018 209  7 28 2000  -40.2  990.4    4.4   58.0   68.8  444.0
2018 209  7 28 2100  -40.4  991.1    3.5   59.0   68.0  444.0
2018 209  7 28 2200  -40.8  992.0    3.6   64.0   68.0  444.0
2018 209  7 28 2300  -40.4  992.6    4.7   46.0   68.0  444.0
2018 210  7 29 0000  -41.4  993.6    3.9   42.0   68.0  444.0
2018 210  7 29 0100  -41.0  994.6    3.2   52.0   67.8  444.0
2018 210  7 29 0200  -41.1  994.9    4.4   34.0   68.0  444.0
2018 210  7 29 0300  -41.2  995.4    3.2   25.0   68.0  444.0
2018 210  7 29 0400  -42.0  995.6    0.3   25.0   67.0  444.0
2018 210  7 29 0500  -41.3  996.5    2.5   47.0   68.0  444.0
2018 210  7 29 0600  -40.4  996.6    2.5   42.0   68.4  444.0
2018 210  7 29 0700  -41.0  996.6    1.3   74.0   68.0  444.0
2018 210  7 29 0800  -40.1  997.1    2.5   80.0   68.1  444.0
2018 210  7 29 0900  -40.2  997.2    2.7   80.0   68.0  444.0
2018 210  7 29 1000  -40.2  997.1    2.1   73.0   68.0  444.0
2018 210  7 29 1100  -40.5  997.0    2.8   88.0   68.0  444.0
2018 210  7 29 1200  -40.1  996.8    3.4   92.0   68.0  444.0
2018 210  7 29 1300  -39.5  996.7    3.6   96.0   68.4  444.0
2018 210  7 29 1400  -38.7  996.4    3.8   87.0   69.0  444.0
2018 210  7 29 1500  -35.4  995.7    5.7   90.0   71.0  444.0
2018 210  7 29 1600  -35.4  995.3    6.0   91.0   71.0  444.0
2018 210  7 29 1700  -34.7  995.1    6.3   90.0   72.0  444.0
2018 210  7 29 1800  -34.5  994.7    6.0   94.0   71.3  444.0
2018 210  7 29 1900  -34.4  994.6    6.4   93.0   71.0  444.0
2018 210  7 29 2000  -34.6  994.8    5.2   97.0   69.0  444.0
2018 210  7 29 2100  -34.8  994.6    4.9   99.0   68.0  444.0
2018 210  7 29 2200  -32.5  994.5    5.7   93.0   69.0  444.0
2018 210  7 29 2300  -31.7  994.1    6.9   91.0   64.0  444.0
2018 211  7 30 0000  -33.2  994.2    5.1   98.0   62.4  444.0
2018 211  7 30 0100  -34.6  994.2    5.0   97.0   64.0  444.0
2018 211  7 30 0200  -33.6  994.1    6.1  101.0   64.0  444.0
2018 211  7 30 0300  -33.9  993.9    5.3  108.0   62.0  444.0
2018 211  7 30 0400  -33.7  993.6    5.6  105.0   61.8  444.0
2018 211  7 30 0500  -33.8  993.5    5.3   97.0   64.1  444.0
2018 211  7 30 0600  -35.8  993.8    4.2   77.0   66.0  444.0
2018 211  7 30 0700  -37.1  993.7    3.0   93.0   68.0  444.0
2018 211  7 30 0800  -38.0  993.5    4.9   72.0   69.0  444.0
2018 211  7 30 0900  -40.7  993.9    3.5   75.0   68.0  444.0
2018 211  7 30 1000  -42.1  994.4    3.5   61.0   67.0  444.0
2018 211  7 30 1100  -42.1  994.7    4.4   76.0   67.4  444.0
2018 211  7 30 1200  -42.5  994.9    5.8   64.0   68.0  444.0
2018 211  7 30 1300  -44.9  995.0    5.0   49.0   66.0  444.0
2018 211  7 30 1400  -46.0  995.8    5.6   46.0   65.0  444.0
2018 211  7 30 1500  -46.2  995.9    5.3   54.0   65.0  444.0
2018 211  7 30 1600  -45.8  996.3    6.8   38.0   65.0  444.0
2018 211  7 30 1700  -45.3  997.2    5.8   34.0   65.0  444.0
2018 211  7 30 1800  -44.6  997.7    5.6   40.0   66.0  444.0
2018 211  7 30 1900  -44.2  998.1    4.9   40.0   66.0  444.0
2018 211  7 30 2000  -45.5  998.6    3.6   47.0   65.0  444.0
2018 211  7 30 2100  -45.6  999.5    2.7   58.0   65.1  444.0
2018 211  7 30 2200  -46.1 1000.0    2.4   66.0   64.5  444.0
2018 211  7 30 2300  -45.6 1000.3    2.9   73.0   65.0  444.0
2018 212  7 31 0000  -44.5 1000.3    3.1   79.0   65.0  444.0
2018 212  7 31 0100  -43.5 1000.6    2.8   85.0   66.0  444.0
2018 212  7 31 0200  -42.0 1001.0    2.3   84.0   66.8  444.0
2018 212  7 31 0300  -42.3 1001.1    2.8   86.0   66.5  444.0
2018 212  7 31 0400  -41.3 1001.1    2.7   98.0   67.0  444.0
2018 212  7 31 0500  -42.5 1001.2    2.9  103.0   66.0  444.0
2018 212  7 31 0600  -43.1 1001.5    1.1  104.0   66.0  444.0
2018 212  7 31 0700  -43.3 1001.6    2.8  114.0   66.0  444.0
2018 212  7 31 0800  -42.5 1001.7    3.0   95.0   67.0  444.0
2018 212  7 31 0900  -42.6 1002.0    2.1   85.0   66.0  444.0
2018 212  7 31 1000  -42.0 1002.1    4.2   94.0   67.0  444.0
2018 212  7 31 1100  -41.3 1002.0    4.0   97.0   67.0  444.0
2018 212  7 31 1200  -41.1 1002.3    4.8   91.0   67.0  444.0
2018 212  7 31 1300  -39.6 1002.3    4.8   89.0   68.0  444.0
2018 212  7 31 1400  -40.4 1002.1    4.2   92.0   68.0  444.0
2018 212  7 31 1500  -37.9 1001.8    5.0   94.0   69.0  444.0
2018 212  7 31 1600  -36.4 1001.9    5.9   94.0   70.0  444.0
2018 212  7 31 1700  -35.8 1001.7    5.8   97.0   63.0  444.0
2018 212  7 31 1800  -33.4 1001.4    6.7   82.0   60.0  444.0
2018 212  7 31 1900  -36.4 1001.4    5.1   92.0   65.0  444.0
2018 212  7 31 2000  -37.5 1001.4    3.9   96.0   64.0  444.0
2018 212  7 31 2100  -38.1 1001.1    3.6   93.0   66.0  444.0
2018 212  7 31 2200  -37.9 1000.9    5.1   97.0   69.0  444.0
2018 212  7 31 2300  -38.8 1000.6    5.2   89.0   67.0  444.0
