Year: 2019  Month: 04  ID: MLN  ARGOS:  8934  Name: Marilyn             
Lat: 79.93S  Lon: 165.56E  Elev:   62m                  
2019  91  4  1 0000  -30.0  979.5    5.0  444.0   60.0  444.0
2019  91  4  1 0100  -30.5  979.4    5.1  444.0   61.2  444.0
2019  91  4  1 0200  -31.9  978.9    4.6  444.0   64.0  444.0
2019  91  4  1 0300  -32.3  978.8    4.5  444.0   66.0  444.0
2019  91  4  1 0400  -32.3  978.5    4.9  444.0   66.0  444.0
2019  91  4  1 0500  -32.2  978.4    5.3  444.0   69.5  444.0
2019  91  4  1 0600  -29.6  978.0    6.2  444.0   63.0  444.0
2019  91  4  1 0700  -27.6  977.7    6.2  444.0   62.0  444.0
2019  91  4  1 0800  -29.3  977.9    5.0  444.0   59.0  444.0
2019  91  4  1 0900  -28.8  977.8    6.2  444.0   58.0  444.0
2019  91  4  1 1000  -30.6  977.7    5.8  444.0   62.7  444.0
2019  91  4  1 1100  -31.1  977.4    5.6  444.0   61.0  444.0
2019  91  4  1 1200  -32.5  977.0    4.8  444.0   65.0  444.0
2019  91  4  1 1300  -31.7  976.9    5.7  444.0   69.0  444.0
2019  91  4  1 1400  -30.0  977.0    8.3  444.0   68.0  444.0
2019  91  4  1 1500  -30.9  976.8    5.0  444.0   64.0  444.0
2019  91  4  1 1600  -30.9  976.6    5.6  444.0   65.0  444.0
2019  91  4  1 1700  -31.3  976.4    5.0  444.0   66.0  444.0
2019  91  4  1 1800  -30.2  976.3    7.5  444.0   70.0  444.0
2019  91  4  1 1900  -29.5  975.9    9.0  444.0   69.5  444.0
2019  91  4  1 2000  -30.0  975.7    8.2  444.0   68.0  444.0
2019  91  4  1 2100  -30.1  975.5    9.5  444.0   70.0  444.0
2019  91  4  1 2200  -30.1  975.6    8.7  444.0   66.6  444.0
2019  91  4  1 2300  -31.6  975.2    5.9  444.0   65.6  444.0
2019  92  4  2 0000  -32.2  975.0    5.4  444.0   67.0  444.0
2019  92  4  2 0100  -32.7  974.8    5.8  444.0   68.0  444.0
2019  92  4  2 0200  -31.8  975.1    6.9  444.0   68.0  444.0
2019  92  4  2 0300  -31.9  974.8    6.5  444.0   68.0  444.0
2019  92  4  2 0400  -32.0  974.3    6.7  444.0   68.0  444.0
2019  92  4  2 0500  -32.0  974.4    7.4  444.0   69.0  444.0
2019  92  4  2 0600  -32.3  974.3    7.3  444.0   69.0  444.0
2019  92  4  2 0700  -32.5  974.5    7.3  444.0   69.0  444.0
2019  92  4  2 0800  -33.2  974.8    6.4  444.0   68.0  444.0
2019  92  4  2 0900  -33.6  974.8    6.5  444.0   68.0  444.0
2019  92  4  2 1000  -33.7  975.2    5.4  444.0   67.0  444.0
2019  92  4  2 1100  -38.6  975.8    5.9  444.0   69.0  444.0
2019  92  4  2 1200  -41.6  976.1    5.8  444.0   68.0  444.0
2019  92  4  2 1300  -43.1  976.5    5.3  444.0   67.0  444.0
2019  92  4  2 1400  -44.1  976.8    5.0  444.0   66.0  444.0
2019  92  4  2 1500  -44.1  977.1    4.6  444.0   66.0  444.0
2019  92  4  2 1600  -44.1  977.2    3.6  444.0   66.0  444.0
2019  92  4  2 1700  -45.1  977.6    3.5  444.0   66.0  444.0
2019  92  4  2 1800  -45.5  977.6    2.9  444.0   65.0  444.0
2019  92  4  2 1900  -45.7  977.5    1.7  444.0   66.0  444.0
2019  92  4  2 2000  -46.0  977.6    2.0  444.0   65.0  444.0
2019  92  4  2 2100  -44.7  977.5    1.6  444.0   66.0  444.0
2019  92  4  2 2200  -42.4  977.8    1.7  444.0   68.0  444.0
2019  92  4  2 2300  -40.8  978.0    0.8  444.0   68.0  444.0
2019  93  4  3 0000  -42.3  977.7    0.0  444.0   65.0  444.0
2019  93  4  3 0100  -42.2  977.5    1.3  444.0   66.0  444.0
2019  93  4  3 0200  -43.2  977.3    1.4  444.0   65.0  444.0
2019  93  4  3 0300  -42.0  977.3    1.6  444.0   66.0  444.0
2019  93  4  3 0400  -42.3  977.4    1.2  444.0   66.0  444.0
2019  93  4  3 0500  -40.5  977.3    0.9  444.0   67.5  444.0
2019  93  4  3 0600  444.0  977.1    0.6  444.0   70.0  444.0
2019  93  4  3 0700  -41.0  977.0    1.4  444.0   68.8  444.0
2019  93  4  3 0800  -44.1  977.1    3.2  444.0   67.0  444.0
2019  93  4  3 0900  -43.5  977.3    4.2  444.0   67.0  444.0
2019  93  4  3 1000  -42.6  977.5    4.1  444.0   67.4  444.0
2019  93  4  3 1100  -41.6  977.4    4.3  444.0   68.0  444.0
2019  93  4  3 1200  -41.0  977.7    4.3  444.0   68.0  444.0
2019  93  4  3 1300  -41.8  977.8    3.9  444.0   68.0  444.0
2019  93  4  3 1400  -39.4  977.7    3.5  444.0   69.0  444.0
2019  93  4  3 1500  -36.3  977.7    3.9  444.0   71.0  444.0
2019  93  4  3 1600  -38.2  977.8    3.2  444.0   69.0  444.0
2019  93  4  3 1700  -39.5  977.9    2.0  444.0   69.0  444.0
2019  93  4  3 1800  -41.4  978.1    3.9  444.0   68.0  444.0
2019  93  4  3 1900  -39.3  978.4    4.1  444.0   69.0  444.0
2019  93  4  3 2000  -38.2  978.5    4.6  444.0   69.0  444.0
2019  93  4  3 2100  -42.1  978.9    5.1  444.0   67.3  444.0
2019  93  4  3 2200  -40.3  979.3    4.8  444.0   68.0  444.0
2019  93  4  3 2300  -39.6  979.5    4.9  444.0   68.0  444.0
2019  94  4  4 0000  -40.1  980.0    1.5  444.0   66.0  444.0
2019  94  4  4 0100  -40.6  980.2    2.4  444.0   67.0  444.0
2019  94  4  4 0200  -43.2  980.1    1.3  444.0   65.0  444.0
2019  94  4  4 0300  -44.3  980.4    2.6  444.0   66.0  444.0
2019  94  4  4 0400  -44.8  980.6    2.0  444.0   65.0  444.0
2019  94  4  4 0500  -44.2  980.9    3.0  444.0   65.8  444.0
2019  94  4  4 0600  -44.5  981.3    2.9  444.0   66.0  444.0
2019  94  4  4 0700  -44.9  981.6    1.7  444.0   65.0  444.0
2019  94  4  4 0800  -45.4  982.0    1.8  444.0   65.0  444.0
2019  94  4  4 0900  -45.5  982.1    1.9  444.0   64.9  444.0
2019  94  4  4 1000  -46.1  982.2    2.6  444.0   64.6  444.0
2019  94  4  4 1100  -46.1  982.0    1.5  444.0   65.0  444.0
2019  94  4  4 1200  -45.7  981.8    1.3  444.0   65.0  444.0
2019  94  4  4 1300  -45.8  981.3    2.5  444.0   65.0  444.0
2019  94  4  4 1400  -45.7  980.8    2.3  444.0   64.8  444.0
2019  94  4  4 1500  -45.6  980.3    1.7  444.0   64.9  444.0
2019  94  4  4 1600  -44.2  979.8    2.7  444.0   66.0  444.0
2019  94  4  4 1700  -42.8  979.3    3.1  444.0   67.0  444.0
2019  94  4  4 1800  -41.8  978.8    3.2  444.0   68.0  444.0
2019  94  4  4 1900  -41.4  978.1    3.9  444.0   67.9  444.0
2019  94  4  4 2000  -42.4  977.7    2.6  444.0   67.0  444.0
2019  94  4  4 2100  -43.2  977.3    3.4  444.0   67.0  444.0
2019  94  4  4 2200  -44.1  977.2    3.2  444.0   66.0  444.0
2019  94  4  4 2300  -43.9  976.7    3.0  444.0   65.5  444.0
2019  95  4  5 0000  -41.9  976.4    3.0  444.0   66.0  444.0
2019  95  4  5 0100  -41.5  976.2    4.4  444.0   66.0  444.0
2019  95  4  5 0200  -41.5  975.7    3.0  444.0   66.0  444.0
2019  95  4  5 0300  -40.0  975.6    4.4  444.0   66.6  444.0
2019  95  4  5 0400  -38.4  975.4    4.5  444.0   68.0  444.0
2019  95  4  5 0500  -39.4  975.5    4.3  444.0   68.0  444.0
2019  95  4  5 0600  -35.5  975.4    7.1  444.0   70.0  444.0
2019  95  4  5 0700  -37.4  975.4    7.0  444.0   68.0  444.0
2019  95  4  5 0800  -35.6  975.3    8.1  444.0   63.4  444.0
2019  95  4  5 0900  -38.4  975.7    4.4  444.0   60.0  444.0
2019  95  4  5 1000  -40.1  975.5    4.8  444.0   64.0  444.0
2019  95  4  5 1100  -38.5  975.4    5.3  444.0   61.0  444.0
2019  95  4  5 1200  -40.5  975.3    5.7  444.0   64.0  444.0
2019  95  4  5 1300  -36.6  975.1    8.3  444.0   66.3  444.0
2019  95  4  5 1400  -39.4  974.7    6.8  444.0   65.0  444.0
2019  95  4  5 1500  -38.0  974.4    8.0  444.0   65.0  444.0
2019  95  4  5 1600  -38.4  974.2    7.6  444.0   64.0  444.0
2019  95  4  5 1700  -38.7  974.2    8.0  444.0   65.0  444.0
2019  95  4  5 1800  -39.2  974.2    7.7  444.0   65.2  444.0
2019  95  4  5 1900  -40.4  974.1    7.4  444.0   68.0  444.0
2019  95  4  5 2000  -38.6  973.9    6.7  444.0   69.0  444.0
2019  95  4  5 2100  -37.2  974.1    7.9  444.0   68.0  444.0
2019  95  4  5 2200  -36.9  974.0    7.9  444.0   67.0  444.0
2019  95  4  5 2300  -38.0  974.0    8.5  444.0   69.0  444.0
2019  96  4  6 0000  -37.1  973.8    8.1  444.0   69.0  444.0
2019  96  4  6 0100  -36.2  974.1    8.7  444.0   68.8  444.0
2019  96  4  6 0200  -35.4  974.0    8.2  444.0   67.0  444.0
2019  96  4  6 0300  -35.0  974.4    7.9  444.0   71.0  444.0
2019  96  4  6 0400  -32.5  974.1    8.9  444.0   68.0  444.0
2019  96  4  6 0500  -31.2  974.8    8.0  444.0   69.0  444.0
2019  96  4  6 0600  -30.1  974.7    8.5  444.0   71.6  444.0
2019  96  4  6 0700  -29.2  974.9    8.5  444.0   75.0  444.0
2019  96  4  6 0800  -28.4  974.7    9.2  444.0   75.0  444.0
2019  96  4  6 0900  -26.0  974.1   11.6  444.0   73.0  444.0
2019  96  4  6 1000  -27.3  973.7   11.5  444.0   75.0  444.0
2019  96  4  6 1100  -27.7  973.1    9.4  444.0   76.0  444.0
2019  96  4  6 1200  -23.4  973.3    7.1  444.0   80.0  444.0
2019  96  4  6 1300  -21.8  973.1    5.9  444.0   81.0  444.0
2019  96  4  6 1400  -20.4  972.9    7.5  444.0   82.0  444.0
2019  96  4  6 1500  -21.0  973.2    6.3  444.0   81.0  444.0
2019  96  4  6 1600  -21.9  973.8    6.9  444.0   80.9  444.0
2019  96  4  6 1700  -21.6  974.3    6.5  444.0   81.0  444.0
2019  96  4  6 1800  -19.8  974.5    7.4  444.0   82.0  444.0
2019  96  4  6 1900  -19.6  974.9    8.2  444.0   83.0  444.0
2019  96  4  6 2000  -19.0  975.2    7.1  444.0   82.0  444.0
2019  96  4  6 2100  -18.7  975.7    8.1  444.0   82.4  444.0
2019  96  4  6 2200  -18.8  976.1    5.8  444.0   83.0  444.0
2019  96  4  6 2300  -18.3  976.7    8.5  444.0   82.1  444.0
2019  97  4  7 0000  -19.1  977.3    7.3  444.0   81.0  444.0
2019  97  4  7 0100  -17.4  977.6    7.1  444.0   82.0  444.0
2019  97  4  7 0200  -17.8  978.1    7.0  444.0   83.0  444.0
2019  97  4  7 0300  -17.9  978.4    7.5  444.0   83.0  444.0
2019  97  4  7 0400  -17.6  978.9    8.4  444.0   83.8  444.0
2019  97  4  7 0500  -17.6  979.6    7.0  444.0   83.2  444.0
2019  97  4  7 0600  -17.1  979.9    7.3  444.0   85.0  444.0
2019  97  4  7 0700  -17.5  980.3    8.3  444.0   85.0  444.0
2019  97  4  7 0800  -16.9  980.5    7.0  444.0   85.0  444.0
2019  97  4  7 0900  -17.4  980.5    6.9  444.0   80.1  444.0
2019  97  4  7 1000  -17.9  981.1    7.1  444.0   78.0  444.0
2019  97  4  7 1100  -18.4  981.5    8.4  444.0   82.0  444.0
2019  97  4  7 1200  -21.2  981.7    8.8  444.0   82.0  444.0
2019  97  4  7 1300  -21.7  982.0    7.7  444.0   81.0  444.0
2019  97  4  7 1400  -21.4  982.2    8.6  444.0   81.9  444.0
2019  97  4  7 1500  -21.4  982.6    7.6  444.0   81.0  444.0
2019  97  4  7 1600  -23.0  982.5    8.3  444.0   80.0  444.0
2019  97  4  7 1700  -23.8  982.5    8.4  444.0   79.0  444.0
2019  97  4  7 1800  -24.5  983.2    8.2  444.0   78.0  444.0
2019  97  4  7 1900  -24.7  982.9   10.0  444.0   78.9  444.0
2019  97  4  7 2000  -25.3  983.3    9.0  444.0   78.0  444.0
2019  97  4  7 2100  -25.7  983.8    8.3  444.0   78.0  444.0
2019  97  4  7 2200  -25.3  984.2   10.8  444.0   78.3  444.0
2019  97  4  7 2300  -24.3  984.5   11.6  444.0   77.0  444.0
2019  98  4  8 0000  -26.4  985.0    6.4  444.0   74.0  444.0
2019  98  4  8 0100  -26.2  985.3    3.1  444.0   74.0  444.0
2019  98  4  8 0200  -26.9  985.3    7.2  444.0   73.0  444.0
2019  98  4  8 0300  -26.0  984.9    9.5  444.0   75.6  444.0
2019  98  4  8 0400  -26.7  984.8   10.1  444.0   77.0  444.0
2019  98  4  8 0500  -27.6  985.1    8.5  444.0   75.0  444.0
2019  98  4  8 0600  -27.8  985.4    8.2  444.0   74.2  444.0
2019  98  4  8 0700  -28.7  985.6    7.8  444.0   75.0  444.0
2019  98  4  8 0800  -29.6  985.9    8.3  444.0   73.0  444.0
2019  98  4  8 0900  -29.9  985.8    7.7  444.0   72.0  444.0
2019  98  4  8 1000  -28.4  986.0   11.0  444.0   76.0  444.0
2019  98  4  8 1100  -28.6  985.9   10.1  444.0   75.0  444.0
2019  98  4  8 1200  -29.4  986.1    5.8  444.0   76.4  444.0
2019  98  4  8 1300  -30.2  986.3    3.8  444.0   76.0  444.0
2019  98  4  8 1400  -30.5  986.4    3.2  444.0   75.0  444.0
2019  98  4  8 1500  -28.8  986.9    7.1  444.0   76.0  444.0
2019  98  4  8 1600  -28.0  987.2    5.8  444.0   76.9  444.0
2019  98  4  8 1700  -27.8  987.5    4.6  444.0   76.9  444.0
2019  98  4  8 1800  -27.2  987.8    7.0  444.0   77.0  444.0
2019  98  4  8 1900  -27.3  987.9    7.3  444.0   77.0  444.0
2019  98  4  8 2000  -27.6  988.3    6.3  444.0   77.0  444.0
2019  98  4  8 2100  -28.1  988.1    8.8  444.0   77.0  444.0
2019  98  4  8 2200  -28.3  988.4    9.3  444.0   76.0  444.0
2019  98  4  8 2300  -28.5  988.1   10.3  444.0   76.0  444.0
2019  99  4  9 0000  -28.2  988.5    9.1  444.0   76.0  444.0
2019  99  4  9 0100  -28.3  988.7    9.1  444.0   76.0  444.0
2019  99  4  9 0200  -28.2  988.6    7.4  444.0   76.0  444.0
2019  99  4  9 0300  -28.4  988.5    5.5  444.0   76.0  444.0
2019  99  4  9 0400  -28.1  988.6    5.1  444.0   76.5  444.0
2019  99  4  9 0500  -27.9  988.6    4.4  444.0   77.0  444.0
2019  99  4  9 0600  -27.9  988.5    3.8  444.0   77.0  444.0
2019  99  4  9 0700  -27.9  988.3    4.7  444.0   77.0  444.0
2019  99  4  9 0800  -27.8  988.1    6.5  444.0   77.0  444.0
2019  99  4  9 0900  -27.5  988.1    6.1  444.0   77.1  444.0
2019  99  4  9 1000  -27.4  988.0    7.7  444.0   77.0  444.0
2019  99  4  9 1100  -27.3  988.1    8.0  444.0   77.0  444.0
2019  99  4  9 1200  -27.2  988.0    8.2  444.0   77.0  444.0
2019  99  4  9 1300  -27.3  988.0    9.1  444.0   77.0  444.0
2019  99  4  9 1400  -27.5  987.8   10.2  444.0   76.9  444.0
2019  99  4  9 1500  -27.7  987.6   11.5  444.0   77.0  444.0
2019  99  4  9 1600  -27.7  987.3   12.1  444.0   77.0  444.0
2019  99  4  9 1700  -27.3  987.1   12.1  444.0   77.0  444.0
2019  99  4  9 1800  -27.6  987.3   11.1  444.0   76.0  444.0
2019  99  4  9 1900  -27.5  987.1   10.9  444.0   75.8  444.0
2019  99  4  9 2000  -28.0  987.0   12.4  444.0   76.0  444.0
2019  99  4  9 2100  -28.1  986.7   11.8  444.0   76.0  444.0
2019  99  4  9 2200  -28.9  986.3   12.2  444.0   75.0  444.0
2019  99  4  9 2300  -29.2  986.1   12.4  444.0   75.0  444.0
2019 100  4 10 0000  -29.7  985.8    9.1  444.0   72.0  444.0
2019 100  4 10 0100  -29.7  985.6    8.5  444.0   72.0  444.0
2019 100  4 10 0200  -29.8  985.5    9.7  444.0   72.7  444.0
2019 100  4 10 0300  -29.5  985.1   10.2  444.0   73.9  444.0
2019 100  4 10 0400  -29.6  984.5    8.6  444.0   73.0  444.0
2019 100  4 10 0500  -29.8  984.5    8.7  444.0   72.0  444.0
2019 100  4 10 0600  -29.6  984.3    8.2  444.0   71.0  444.0
2019 100  4 10 0700  -29.3  983.8    9.6  444.0   71.6  444.0
2019 100  4 10 0800  -29.1  983.1   11.7  444.0   74.0  444.0
2019 100  4 10 0900  -29.1  983.4   10.1  444.0   74.0  444.0
2019 100  4 10 1000  -28.8  982.8    9.3  444.0   72.0  444.0
2019 100  4 10 1100  -30.7  983.1    5.7  444.0   72.0  444.0
2019 100  4 10 1200  -35.0  982.9    4.2  444.0   69.2  444.0
2019 100  4 10 1300  -31.6  982.3    8.6  444.0   69.0  444.0
2019 100  4 10 1400  -33.0  982.3    6.8  444.0   68.0  444.0
2019 100  4 10 1500  -35.0  981.9    5.1  444.0   69.0  444.0
2019 100  4 10 1600  -34.2  981.2    4.8  444.0   71.0  444.0
2019 100  4 10 1700  -35.6  981.0    3.9  444.0   71.4  444.0
2019 100  4 10 1800  -35.3  980.5    5.1  444.0   69.0  444.0
2019 100  4 10 1900  -35.4  980.2    6.5  444.0   70.0  444.0
2019 100  4 10 2000  -36.5  979.7    6.2  444.0   71.0  444.0
2019 100  4 10 2100  -32.6  979.4    8.8  444.0   71.0  444.0
2019 100  4 10 2200  -30.9  979.4    9.5  444.0   71.0  444.0
2019 100  4 10 2300  -29.4  979.0   11.2  444.0   73.0  444.0
2019 101  4 11 0000  -29.8  979.0    9.3  444.0   70.0  444.0
2019 101  4 11 0100  -29.4  978.8   10.9  444.0   73.0  444.0
2019 101  4 11 0200  -29.8  978.7   10.1  444.0   73.0  444.0
2019 101  4 11 0300  -30.0  978.4   10.2  444.0   73.0  444.0
2019 101  4 11 0400  -30.3  978.8   10.0  444.0   74.0  444.0
2019 101  4 11 0500  -31.1  979.3    8.3  444.0   73.8  444.0
2019 101  4 11 0600  -32.1  979.7    6.7  444.0   74.0  444.0
2019 101  4 11 0700  -33.8  979.8    5.4  444.0   72.8  444.0
2019 101  4 11 0800  -34.5  979.8    5.4  444.0   73.0  444.0
2019 101  4 11 0900  -35.8  979.9    6.0  444.0   72.0  444.0
2019 101  4 11 1000  -35.8  980.1    5.6  444.0   71.6  444.0
2019 101  4 11 1100  -35.0  980.4    5.5  444.0   72.1  444.0
2019 101  4 11 1200  -34.1  980.2    6.3  444.0   72.0  444.0
2019 101  4 11 1300  -31.6  979.8    8.7  444.0   73.0  444.0
2019 101  4 11 1400  -31.5  979.7   10.1  444.0   72.0  444.0
2019 101  4 11 1500  -31.5  979.2    8.4  444.0   70.4  444.0
2019 101  4 11 1600  -33.7  979.4    5.7  444.0   69.8  444.0
2019 101  4 11 1700  -34.4  978.5    7.8  444.0   71.0  444.0
2019 101  4 11 1800  -34.0  977.9    9.9  444.0   72.0  444.0
2019 101  4 11 1900  -33.0  977.4   10.5  444.0   73.0  444.0
2019 101  4 11 2000  -32.1  977.0    9.6  444.0   73.4  444.0
2019 101  4 11 2100  -30.3  976.8    9.3  444.0   74.0  444.0
2019 101  4 11 2200  -29.7  976.7    9.1  444.0   74.0  444.0
2019 101  4 11 2300  -28.7  976.2    8.4  444.0   74.0  444.0
2019 102  4 12 0000  -28.0  975.9    8.5  444.0   74.0  444.0
2019 102  4 12 0100  -27.7  975.3    7.3  444.0   73.6  444.0
2019 102  4 12 0200  -27.1  975.0    6.6  444.0   76.0  444.0
2019 102  4 12 0300  -25.4  974.8    6.9  444.0   78.4  444.0
2019 102  4 12 0400  -24.0  974.4    4.3  444.0   79.0  444.0
2019 102  4 12 0500  -24.2  974.1    5.6  444.0   79.0  444.0
2019 102  4 12 0600  -23.5  973.9    5.0  444.0   80.0  444.0
2019 102  4 12 0700  -26.0  974.2    5.1  444.0   78.0  444.0
2019 102  4 12 0800  -30.6  974.2    5.1  444.0   74.9  444.0
2019 102  4 12 0900  -33.4  974.5    3.2  444.0   73.6  444.0
2019 102  4 12 1000  -33.5  974.8    3.8  444.0   74.0  444.0
2019 102  4 12 1100  -33.5  975.0    1.8  444.0   74.0  444.0
2019 102  4 12 1200  -32.6  975.1    1.4  444.0   74.0  444.0
2019 102  4 12 1300  -29.2  975.0    3.1  444.0   77.3  444.0
2019 102  4 12 1400  -24.5  975.0    4.9  444.0   79.0  444.0
2019 102  4 12 1500  -23.3  974.7    5.3  444.0   80.0  444.0
2019 102  4 12 1600  -21.4  974.6    6.4  444.0   82.0  444.0
2019 102  4 12 1700  -20.2  974.8    6.8  444.0   82.0  444.0
2019 102  4 12 1800  -19.4  974.9    7.5  444.0   82.4  444.0
2019 102  4 12 1900  -21.0  974.9    5.4  444.0   79.0  444.0
2019 102  4 12 2000  -23.9  975.0    6.2  444.0   78.0  444.0
2019 102  4 12 2100  -23.8  975.1    5.9  444.0   77.0  444.0
2019 102  4 12 2200  -24.2  975.0    5.5  444.0   75.0  444.0
2019 102  4 12 2300  -24.9  975.1    4.8  444.0   75.0  444.0
2019 103  4 13 0000  -25.1  974.9    2.9  444.0   77.0  444.0
2019 103  4 13 0100  -25.4  974.7    2.2  444.0   78.0  444.0
2019 103  4 13 0200  -25.4  974.4    3.2  444.0   78.0  444.0
2019 103  4 13 0300  -25.7  974.3    3.7  444.0   77.5  444.0
2019 103  4 13 0400  -26.7  974.1    1.9  444.0   77.0  444.0
2019 103  4 13 0500  -28.5  973.9    2.4  444.0   77.0  444.0
2019 103  4 13 0600  -28.7  973.9    0.4  444.0   77.0  444.0
2019 103  4 13 0700  -28.6  973.8    3.0  444.0   78.0  444.0
2019 103  4 13 0800  -30.4  973.9    3.3  444.0   75.9  444.0
2019 103  4 13 0900  -33.1  973.8    2.1  444.0   74.0  444.0
2019 103  4 13 1000  -34.2  973.7    2.8  444.0   74.0  444.0
2019 103  4 13 1100  -32.9  973.7    3.1  444.0   74.0  444.0
2019 103  4 13 1200  -30.0  973.2    4.9  444.0   76.0  444.0
2019 103  4 13 1300  -29.8  972.8    5.5  444.0   76.0  444.0
2019 103  4 13 1400  -30.2  972.2    6.8  444.0   76.0  444.0
2019 103  4 13 1500  -30.3  971.7    8.5  444.0   75.0  444.0
2019 103  4 13 1600  -31.1  971.8    8.3  444.0   75.0  444.0
2019 103  4 13 1700  -33.2  971.4    6.5  444.0   73.0  444.0
2019 103  4 13 1800  -33.3  971.3    5.5  444.0   72.0  444.0
2019 103  4 13 1900  -34.4  971.5    4.7  444.0   71.0  444.0
2019 103  4 13 2000  -34.8  971.9    3.4  444.0   72.0  444.0
2019 103  4 13 2100  -30.3  972.1    9.2  444.0   74.0  444.0
2019 103  4 13 2200  -30.0  972.4   11.1  444.0   74.0  444.0
2019 103  4 13 2300  -30.5  973.3    6.8  444.0   70.0  444.0
2019 104  4 14 0000  -30.6  973.7    9.6  444.0   73.0  444.0
2019 104  4 14 0100  -31.5  973.8   10.5  444.0   74.0  444.0
2019 104  4 14 0200  -33.2  973.9    9.3  444.0   73.0  444.0
2019 104  4 14 0300  -33.1  974.3    7.6  444.0   72.1  444.0
2019 104  4 14 0400  -33.4  974.8    6.2  444.0   71.0  444.0
2019 104  4 14 0500  -33.8  975.2    7.7  444.0   72.0  444.0
2019 104  4 14 0600  -34.5  976.1    5.5  444.0   72.1  444.0
2019 104  4 14 0700  -34.1  976.4    7.2  444.0   73.0  444.0
2019 104  4 14 0800  -32.9  976.4    6.8  444.0   72.0  444.0
2019 104  4 14 0900  -32.9  977.3    5.4  444.0   71.0  444.0
2019 104  4 14 1000  -32.7  977.5    6.9  444.0   73.0  444.0
2019 104  4 14 1100  -31.3  978.1    7.0  444.0   74.0  444.0
2019 104  4 14 1200  -31.3  978.5    6.8  444.0   72.0  444.0
2019 104  4 14 1300  -32.5  978.9    5.7  444.0   71.0  444.0
2019 104  4 14 1400  -33.2  978.9    6.0  444.0   70.0  444.0
2019 104  4 14 1500  -32.8  979.3    6.5  444.0   72.0  444.0
2019 104  4 14 1600  -32.6  979.5    7.1  444.0   71.0  444.0
2019 104  4 14 1700  -31.2  979.4    8.5  444.0   72.0  444.0
2019 104  4 14 1800  -30.1  980.0    7.8  444.0   72.0  444.0
2019 104  4 14 1900  -28.8  980.6    7.8  444.0   73.0  444.0
2019 104  4 14 2000  -28.3  981.3    6.9  444.0   73.0  444.0
2019 104  4 14 2100  -29.8  981.4    5.3  444.0   75.0  444.0
2019 104  4 14 2200  -27.9  981.4    7.8  444.0   74.0  444.0
2019 104  4 14 2300  -26.1  981.8    8.2  444.0   78.0  444.0
2019 105  4 15 0000  -25.8  982.5    7.9  444.0   78.0  444.0
2019 105  4 15 0100  -23.9  982.2    8.5  444.0   75.0  444.0
2019 105  4 15 0200  -23.6  982.2    7.7  444.0   80.0  444.0
2019 105  4 15 0300  -23.4  982.3    5.2  444.0   79.0  444.0
2019 105  4 15 0400  -24.6  982.5    4.4  444.0   78.0  444.0
2019 105  4 15 0500  -25.1  983.1    6.6  444.0   77.0  444.0
2019 105  4 15 0600  -24.3  983.1   10.3  444.0   79.0  444.0
2019 105  4 15 0700  -27.8  984.2    5.8  444.0   75.0  444.0
2019 105  4 15 0800  -28.4  984.9    4.9  444.0   76.0  444.0
2019 105  4 15 0900  -28.4  985.4    5.7  444.0   75.8  444.0
2019 105  4 15 1000  -29.5  985.5    4.9  444.0   75.0  444.0
2019 105  4 15 1100  -29.1  985.9    3.0  444.0   76.0  444.0
2019 105  4 15 1200  -27.6  985.8    2.5  444.0   78.0  444.0
2019 105  4 15 1300  -25.2  985.3    5.3  444.0   79.0  444.0
2019 105  4 15 1400  -24.1  985.0    6.6  444.0   79.0  444.0
2019 105  4 15 1500  -23.5  984.6    5.3  444.0   80.0  444.0
2019 105  4 15 1600  -23.0  983.7    3.0  444.0   81.0  444.0
2019 105  4 15 1700  -23.4  983.1    3.5  444.0   80.0  444.0
2019 105  4 15 1800  -21.5  983.1    6.0  444.0   80.0  444.0
2019 105  4 15 1900  -23.1  983.5    3.7  444.0   78.0  444.0
2019 105  4 15 2000  -22.5  983.8    4.4  444.0   73.0  444.0
2019 105  4 15 2100  -22.1  984.0    4.6  444.0   77.0  444.0
2019 105  4 15 2200  -21.7  984.1    4.1  444.0   79.0  444.0
2019 105  4 15 2300  -21.5  983.9    6.7  444.0   78.0  444.0
2019 106  4 16 0000  -23.6  984.1    4.3  444.0   77.0  444.0
2019 106  4 16 0100  -22.8  984.3    5.7  444.0   75.0  444.0
2019 106  4 16 0200  -24.3  984.4    5.1  444.0   73.0  444.0
2019 106  4 16 0300  -22.0  984.3    5.6  444.0   71.0  444.0
2019 106  4 16 0400  -24.7  983.5    6.5  444.0   75.0  444.0
2019 106  4 16 0500  -24.0  983.7    7.1  444.0   76.0  444.0
2019 106  4 16 0600  -24.6  984.4    5.4  444.0   77.3  444.0
2019 106  4 16 0700  -24.1  984.4    5.3  444.0   73.0  444.0
2019 106  4 16 0800  -28.3  985.0    4.8  444.0   75.0  444.0
2019 106  4 16 0900  -28.0  985.5    6.5  444.0   74.0  444.0
2019 106  4 16 1000  -26.5  985.7    7.9  444.0   76.0  444.0
2019 106  4 16 1100  -24.9  986.0   10.9  444.0   77.9  444.0
2019 106  4 16 1200  -23.6  986.5    9.1  444.0   79.0  444.0
2019 106  4 16 1300  -23.8  986.9   10.5  444.0   79.0  444.0
2019 106  4 16 1400  -23.8  987.3    9.5  444.0   79.0  444.0
2019 106  4 16 1500  -24.2  987.9    7.5  444.0   77.8  444.0
2019 106  4 16 1600  -24.8  988.0    6.1  444.0   76.0  444.0
2019 106  4 16 1700  -24.8  988.2    5.8  444.0   76.0  444.0
2019 106  4 16 1800  -24.3  988.5    4.9  444.0   76.0  444.0
2019 106  4 16 1900  -24.1  988.0    7.6  444.0   77.0  444.0
2019 106  4 16 2000  -23.7  988.2    9.2  444.0   76.0  444.0
2019 106  4 16 2100  -23.2  988.2   10.1  444.0   77.0  444.0
2019 106  4 16 2200  -23.0  988.4    9.2  444.0   77.0  444.0
2019 106  4 16 2300  -23.4  988.7    8.2  444.0   77.0  444.0
2019 107  4 17 0000  -24.5  988.7    9.1  444.0   79.0  444.0
2019 107  4 17 0100  -24.8  988.9    8.6  444.0   74.0  444.0
2019 107  4 17 0200  -26.5  989.0    8.5  444.0   72.0  444.0
2019 107  4 17 0300  -26.4  989.5    7.9  444.0   74.1  444.0
2019 107  4 17 0400  -25.1  989.5    6.7  444.0   76.0  444.0
2019 107  4 17 0500  -24.0  989.4    7.1  444.0   79.0  444.0
2019 107  4 17 0600  -22.7  989.8    9.4  444.0   80.0  444.0
2019 107  4 17 0700  -21.8  990.2    9.9  444.0   81.0  444.0
2019 107  4 17 0800  -22.3  990.3    9.1  444.0   80.7  444.0
2019 107  4 17 0900  -22.2  990.5    6.8  444.0   80.0  444.0
2019 107  4 17 1000  -22.8  990.3    4.2  444.0   78.0  444.0
2019 107  4 17 1100  -22.7  989.7    3.9  444.0   79.0  444.0
2019 107  4 17 1200  -22.2  989.6    3.5  444.0   81.0  444.0
2019 107  4 17 1300  -22.0  989.0    5.5  444.0   81.0  444.0
2019 107  4 17 1400  -21.0  988.7    7.1  444.0   82.6  444.0
2019 107  4 17 1500  -19.4  988.0    7.9  444.0   83.0  444.0
2019 107  4 17 1600  -18.1  987.7    7.0  444.0   84.0  444.0
2019 107  4 17 1700  -17.4  987.3    9.3  444.0   84.0  444.0
2019 107  4 17 1800  -17.1  987.3    6.8  444.0   83.0  444.0
2019 107  4 17 1900  -16.7  987.2    8.0  444.0   84.0  444.0
2019 107  4 17 2000  -16.9  986.7    9.2  444.0   85.0  444.0
2019 107  4 17 2100  -17.1  986.1   10.5  444.0   85.0  444.0
2019 107  4 17 2200  -16.8  985.3   10.7  444.0   85.0  444.0
2019 107  4 17 2300  -16.1  985.2   10.5  444.0   86.0  444.0
2019 108  4 18 0000  -15.5  984.5    9.0  444.0   87.0  444.0
2019 108  4 18 0100  -15.5  984.0   10.8  444.0   86.0  444.0
2019 108  4 18 0200  -16.7  982.9   13.6  444.0   85.0  444.0
2019 108  4 18 0300  -17.4  981.9   15.3  444.0   85.0  444.0
2019 108  4 18 0400  -17.4  981.0   17.1  444.0   84.4  444.0
2019 108  4 18 0500  -17.6  980.7   12.7  444.0   84.0  444.0
2019 108  4 18 0600  -17.1  980.7   10.8  444.0   84.0  444.0
2019 108  4 18 0700  -17.3  980.4   12.6  444.0   85.0  444.0
2019 108  4 18 0800  -15.8  980.1   11.9  444.0   84.6  444.0
2019 108  4 18 0900  -18.2  980.2   13.0  444.0   83.0  444.0
2019 108  4 18 1000  -16.6  980.1   13.0  444.0   84.0  444.0
2019 108  4 18 1100  -17.5  980.5   10.5  444.0   83.0  444.0
2019 108  4 18 1200  -17.9  980.3    9.8  444.0   83.0  444.0
2019 108  4 18 1300  -18.3  979.6   11.8  444.0   81.2  444.0
2019 108  4 18 1400  -18.6  979.0   14.0  444.0   80.0  444.0
2019 108  4 18 1500  -18.6  977.9   13.2  444.0   82.0  444.0
2019 108  4 18 1600  -18.5  977.2   11.2  444.0   82.0  444.0
2019 108  4 18 1700  -18.5  976.9    9.6  444.0   81.0  444.0
2019 108  4 18 1800  -19.0  976.6   12.0  444.0   81.0  444.0
2019 108  4 18 1900  -18.5  976.4   13.4  444.0   81.0  444.0
2019 108  4 18 2000  -18.6  975.5   13.5  444.0   80.0  444.0
2019 108  4 18 2100  -19.1  975.1   11.0  444.0   78.7  444.0
2019 108  4 18 2200  -19.4  973.9   12.9  444.0   81.0  444.0
2019 108  4 18 2300  -19.5  972.7   10.2  444.0   83.0  444.0
2019 109  4 19 0000  -18.8  971.8   12.4  444.0   82.0  444.0
2019 109  4 19 0100  -18.5  971.4   12.8  444.0   82.0  444.0
2019 109  4 19 0200  -16.9  970.9   11.4  444.0   81.4  444.0
2019 109  4 19 0300  -16.3  970.0   11.4  444.0   82.0  444.0
2019 109  4 19 0400  -16.4  969.9   12.2  444.0   84.0  444.0
2019 109  4 19 0500  -16.8  969.6   12.5  444.0   84.0  444.0
2019 109  4 19 0600  -17.6  969.4   14.6  444.0   84.0  444.0
2019 109  4 19 0700  -17.8  969.2   12.9  444.0   84.0  444.0
2019 109  4 19 0800  -16.3  969.1   12.1  444.0   82.0  444.0
2019 109  4 19 0900  -18.1  969.6   11.7  444.0   82.0  444.0
2019 109  4 19 1000  -19.0  969.4   11.9  444.0   81.7  444.0
2019 109  4 19 1100  -19.9  969.4   14.6  444.0   81.7  444.0
2019 109  4 19 1200  -19.6  970.1   11.6  444.0   81.0  444.0
2019 109  4 19 1300  -18.9  970.1   11.9  444.0   81.0  444.0
2019 109  4 19 1400  -17.1  969.8   10.1  444.0   79.0  444.0
2019 109  4 19 1500  -17.2  969.6   10.9  444.0   80.5  444.0
2019 109  4 19 1600  -16.9  969.8   12.3  444.0   84.0  444.0
2019 109  4 19 1700  -18.6  970.5   10.5  444.0   83.0  444.0
2019 109  4 19 1800  -17.7  970.8   11.8  444.0   84.0  444.0
2019 109  4 19 1900  -13.6  970.6   13.3  444.0   84.4  444.0
2019 109  4 19 2000  -17.9  971.1    8.7  444.0   83.0  444.0
2019 109  4 19 2100  -14.8  971.3   10.9  444.0   83.0  444.0
2019 109  4 19 2200  -17.0  972.0   11.2  444.0   83.0  444.0
2019 109  4 19 2300  -18.0  973.1   12.1  444.0   81.0  444.0
2019 110  4 20 0000  -18.8  974.2   11.6  444.0   82.1  444.0
2019 110  4 20 0100  -18.4  975.8   12.0  444.0   83.0  444.0
2019 110  4 20 0200  -20.3  977.7   12.1  444.0   81.1  444.0
2019 110  4 20 0300  -21.4  979.8    9.9  444.0   80.0  444.0
2019 110  4 20 0400  -21.3  981.6    7.1  444.0   83.0  444.0
2019 110  4 20 0500  -19.2  982.7    7.2  444.0   84.4  444.0
2019 110  4 20 0600  -18.4  983.4    7.9  444.0   83.0  444.0
2019 110  4 20 0700  -19.3  983.7    8.1  444.0   79.0  444.0
2019 110  4 20 0800  -20.2  983.7    7.8  444.0   78.5  444.0
2019 110  4 20 0900  -20.3  984.0    9.1  444.0   79.0  444.0
2019 110  4 20 1000  -21.0  984.4    9.2  444.0   78.0  444.0
2019 110  4 20 1100  -21.5  985.1    9.4  444.0   79.0  444.0
2019 110  4 20 1200  -21.9  985.9    8.6  444.0   76.0  444.0
2019 110  4 20 1300  -21.3  986.8    9.1  444.0   78.0  444.0
2019 110  4 20 1400  -22.3  987.6    8.1  444.0   78.0  444.0
2019 110  4 20 1500  -20.8  988.0    9.1  444.0   76.0  444.0
2019 110  4 20 1600  -22.4  988.4    8.2  444.0   76.0  444.0
2019 110  4 20 1700  -21.7  988.6    8.8  444.0   75.0  444.0
2019 110  4 20 1800  -21.8  989.0    8.3  444.0   74.0  444.0
2019 110  4 20 1900  -22.2  989.2    7.3  444.0   73.0  444.0
2019 110  4 20 2000  -21.4  989.5    6.8  444.0   74.0  444.0
2019 110  4 20 2100  -20.5  989.7    8.4  444.0   75.0  444.0
2019 110  4 20 2200  -20.3  989.9    8.6  444.0   72.0  444.0
2019 110  4 20 2300  -21.2  990.2    7.8  444.0   69.0  444.0
2019 111  4 21 0000  -22.4  990.2    8.1  444.0   69.0  444.0
2019 111  4 21 0100  -23.6  990.4    7.2  444.0   71.0  444.0
2019 111  4 21 0200  -24.9  990.4    6.8  444.0   73.0  444.0
2019 111  4 21 0300  -24.4  990.0    7.7  444.0   74.4  444.0
2019 111  4 21 0400  -24.3  989.8    8.8  444.0   75.0  444.0
2019 111  4 21 0500  -24.3  989.7    9.1  444.0   77.0  444.0
2019 111  4 21 0600  -24.9  989.6    8.1  444.0   76.0  444.0
2019 111  4 21 0700  -25.0  989.4    8.1  444.0   76.0  444.0
2019 111  4 21 0800  -25.4  989.2    8.1  444.0   75.0  444.0
2019 111  4 21 0900  -26.0  988.9    6.9  444.0   75.0  444.0
2019 111  4 21 1000  -26.7  988.6    6.5  444.0   75.0  444.0
2019 111  4 21 1100  -26.6  988.4    8.4  444.0   75.0  444.0
2019 111  4 21 1200  -25.4  988.1   13.2  444.0   76.0  444.0
2019 111  4 21 1300  -25.6  987.9   10.6  444.0   75.0  444.0
2019 111  4 21 1400  -25.2  986.9   14.3  444.0   75.0  444.0
2019 111  4 21 1500  -24.9  986.5   15.9  444.0   75.0  444.0
2019 111  4 21 1600  -24.4  986.3   14.8  444.0   75.0  444.0
2019 111  4 21 1700  -24.4  986.1   14.5  444.0   75.0  444.0
2019 111  4 21 1800  -24.7  985.7   12.5  444.0   74.0  444.0
2019 111  4 21 1900  -24.6  985.2   12.3  444.0   74.0  444.0
2019 111  4 21 2000  -25.4  984.8    8.4  444.0   70.0  444.0
2019 111  4 21 2100  -26.1  984.4    8.4  444.0   69.0  444.0
2019 111  4 21 2200  -25.3  983.6   12.3  444.0   73.0  444.0
2019 111  4 21 2300  -24.7  983.0   17.0  444.0   74.0  444.0
2019 112  4 22 0000  -25.1  982.6   17.2  444.0   75.0  444.0
2019 112  4 22 0100  -26.1  982.3   15.5  444.0   74.1  444.0
2019 112  4 22 0200  -26.1  982.1   16.7  444.0   74.7  444.0
2019 112  4 22 0300  -26.4  981.7   14.9  444.0   72.0  444.0
2019 112  4 22 0400  -26.8  981.4   13.0  444.0   72.0  444.0
2019 112  4 22 0500  -26.9  981.2   14.1  444.0   73.0  444.0
2019 112  4 22 0600  -27.3  981.1   11.1  444.0   72.1  444.0
2019 112  4 22 0700  -27.5  980.9    9.9  444.0   71.0  444.0
2019 112  4 22 0800  -27.7  980.3   10.6  444.0   73.0  444.0
2019 112  4 22 0900  -27.8  980.0    9.4  444.0   73.0  444.0
2019 112  4 22 1000  -27.8  979.9   10.7  444.0   72.0  444.0
2019 112  4 22 1100  -27.6  980.0    9.9  444.0   70.0  444.0
2019 112  4 22 1200  -27.7  979.7   10.3  444.0   71.0  444.0
2019 112  4 22 1300  -27.7  979.2   10.2  444.0   70.0  444.0
2019 112  4 22 1400  -28.2  978.9    9.3  444.0   70.0  444.0
2019 112  4 22 1500  -28.2  978.3    9.4  444.0   70.0  444.0
2019 112  4 22 1600  -27.4  977.8   10.1  444.0   70.0  444.0
2019 112  4 22 1700  -26.6  977.3   10.8  444.0   70.0  444.0
2019 112  4 22 1800  -26.3  977.0   10.5  444.0   69.0  444.0
2019 112  4 22 1900  -25.7  976.3   11.3  444.0   69.0  444.0
2019 112  4 22 2000  -25.3  975.5   10.7  444.0   70.0  444.0
2019 112  4 22 2100  -24.8  974.8   11.2  444.0   69.0  444.0
2019 112  4 22 2200  -27.2  974.5    8.2  444.0   70.0  444.0
2019 112  4 22 2300  -24.6  973.9   10.6  444.0   69.5  444.0
2019 113  4 23 0000  -27.4  973.3    8.3  444.0   69.7  444.0
2019 113  4 23 0100  -25.0  972.8    8.8  444.0   69.0  444.0
2019 113  4 23 0200  -25.0  972.2    8.1  444.0   69.0  444.0
2019 113  4 23 0300  -23.7  971.6   10.0  444.0   70.0  444.0
2019 113  4 23 0400  -26.4  970.8    8.4  444.0   70.2  444.0
2019 113  4 23 0500  -23.3  970.0   11.0  444.0   71.0  444.0
2019 113  4 23 0600  -22.5  969.5   12.3  444.0   70.0  444.0
2019 113  4 23 0700  -22.2  969.1   11.2  444.0   71.0  444.0
2019 113  4 23 0800  -22.9  968.2   10.1  444.0   71.0  444.0
2019 113  4 23 0900  -23.2  968.4    8.1  444.0   73.0  444.0
2019 113  4 23 1000  -23.4  967.8    7.7  444.0   76.0  444.0
2019 113  4 23 1100  -20.5  968.0    9.8  444.0   76.0  444.0
2019 113  4 23 1200  -19.0  967.9    9.4  444.0   82.9  444.0
2019 113  4 23 1300  -17.4  967.5   11.6  444.0   81.0  444.0
2019 113  4 23 1400  -16.6  967.3   11.1  444.0   75.0  444.0
2019 113  4 23 1500  -15.5  967.2   11.0  444.0   73.0  444.0
2019 113  4 23 1600  -15.4  967.1   12.6  444.0   74.0  444.0
2019 113  4 23 1700  -14.5  967.3   12.2  444.0   75.5  444.0
2019 113  4 23 1800  -13.2  967.2   12.9  444.0   71.0  444.0
2019 113  4 23 1900  -12.4  967.7   12.7  444.0   71.0  444.0
2019 113  4 23 2000  -13.2  968.2   12.4  444.0   73.0  444.0
2019 113  4 23 2100  -12.6  968.5   12.4  444.0   73.0  444.0
2019 113  4 23 2200  -11.6  968.7   14.2  444.0   68.5  444.0
2019 113  4 23 2300  -12.0  968.4   14.3  444.0   69.0  444.0
2019 114  4 24 0000  -12.4  968.2   15.3  444.0   70.0  444.0
2019 114  4 24 0100  -12.1  968.3   17.4  444.0   72.0  444.0
2019 114  4 24 0200  -12.7  968.4   16.4  444.0   81.0  444.0
2019 114  4 24 0300  -12.8  968.4   16.8  444.0   82.0  444.0
2019 114  4 24 0400  -13.2  969.0   16.3  444.0   84.0  444.0
2019 114  4 24 0500  -13.7  968.7   15.7  444.0   83.0  444.0
2019 114  4 24 0600  -14.3  969.6   14.1  444.0   84.0  444.0
2019 114  4 24 0700  -14.7  970.3   13.8  444.0   83.0  444.0
2019 114  4 24 0800  -14.8  970.7   12.8  444.0   82.0  444.0
2019 114  4 24 0900  -15.2  971.3   12.3  444.0   81.0  444.0
2019 114  4 24 1000  -15.3  971.9   12.3  444.0   80.8  444.0
2019 114  4 24 1100  -16.1  972.6   11.1  444.0   80.0  444.0
2019 114  4 24 1200  -17.1  973.1   10.2  444.0   79.0  444.0
2019 114  4 24 1300  -17.9  973.7    8.7  444.0   77.0  444.0
2019 114  4 24 1400  -17.2  973.6   10.1  444.0   78.0  444.0
2019 114  4 24 1500  -17.1  973.8    9.6  444.0   77.0  444.0
2019 114  4 24 1600  -18.0  973.8    9.3  444.0   77.0  444.0
2019 114  4 24 1700  -17.7  974.4    9.6  444.0   76.0  444.0
2019 114  4 24 1800  -17.8  974.7    9.0  444.0   74.0  444.0
2019 114  4 24 1900  -19.0  975.0    7.0  444.0   71.0  444.0
2019 114  4 24 2000  -20.0  974.9   10.1  444.0   72.0  444.0
2019 114  4 24 2100  -20.2  975.1   10.9  444.0   74.0  444.0
2019 114  4 24 2200  -20.0  975.0   11.5  444.0   70.0  444.0
2019 114  4 24 2300  -20.3  974.9   12.3  444.0   67.0  444.0
2019 115  4 25 0000  -20.4  974.9   10.6  444.0   66.0  444.0
2019 115  4 25 0100  -20.2  975.4    8.4  444.0   64.0  444.0
2019 115  4 25 0200  -20.9  975.5   10.3  444.0   68.0  444.0
2019 115  4 25 0300  -20.9  975.8   10.1  444.0   67.0  444.0
2019 115  4 25 0400  -22.1  975.5    9.1  444.0   69.0  444.0
2019 115  4 25 0500  -21.0  975.4   11.4  444.0   66.0  444.0
2019 115  4 25 0600  -21.1  975.7   12.0  444.0   67.6  444.0
2019 115  4 25 0700  -20.9  976.0   12.7  444.0   68.0  444.0
2019 115  4 25 0800  -22.5  976.5   10.8  444.0   75.0  444.0
2019 115  4 25 0900  -22.2  976.6   10.7  444.0   70.0  444.0
2019 115  4 25 1000  -22.7  976.9    9.8  444.0   69.0  444.0
2019 115  4 25 1100  -22.8  977.1    9.6  444.0   68.0  444.0
2019 115  4 25 1200  -23.3  977.2   10.1  444.0   67.0  444.0
2019 115  4 25 1300  -23.9  977.5   10.3  444.0   67.0  444.0
2019 115  4 25 1400  -24.2  977.6   10.6  444.0   66.0  444.0
2019 115  4 25 1500  -25.2  977.4    8.8  444.0   68.0  444.0
2019 115  4 25 1600  -26.2  977.3    7.3  444.0   71.0  444.0
2019 115  4 25 1700  -26.6  977.6    7.9  444.0   72.0  444.0
2019 115  4 25 1800  -25.7  977.9    9.0  444.0   70.0  444.0
2019 115  4 25 1900  -25.2  977.7   10.3  444.0   68.5  444.0
2019 115  4 25 2000  -24.9  977.0   12.1  444.0   71.0  444.0
2019 115  4 25 2100  -25.2  978.5   11.4  444.0   75.0  444.0
2019 115  4 25 2200  -25.6  979.1   10.1  444.0   72.0  444.0
2019 115  4 25 2300  -26.5  978.7   11.1  444.0   74.2  444.0
2019 116  4 26 0000  -26.7  979.0    8.7  444.0   73.7  444.0
2019 116  4 26 0100  -27.3  978.9   11.5  444.0   75.0  444.0
2019 116  4 26 0200  -27.0  979.8   10.0  444.0   74.0  444.0
2019 116  4 26 0300  -27.2  980.5   10.0  444.0   74.8  444.0
2019 116  4 26 0400  -26.9  980.4   11.8  444.0   75.6  444.0
2019 116  4 26 0500  -26.7  981.5   10.2  444.0   75.0  444.0
2019 116  4 26 0600  -27.5  982.0   11.2  444.0   76.0  444.0
2019 116  4 26 0700  -27.8  982.8   11.6  444.0   76.0  444.0
2019 116  4 26 0800  -27.9  983.2   12.6  444.0   75.9  444.0
2019 116  4 26 0900  -27.8  983.2   11.8  444.0   75.8  444.0
2019 116  4 26 1000  -27.4  983.2   12.3  444.0   75.0  444.0
2019 116  4 26 1100  -27.5  983.2   11.7  444.0   74.0  444.0
2019 116  4 26 1200  -27.4  983.2   12.0  444.0   71.0  444.0
2019 116  4 26 1300  -27.5  983.0   11.8  444.0   70.8  444.0
2019 116  4 26 1400  -27.5  982.7   12.1  444.0   71.7  444.0
2019 116  4 26 1500  -27.9  982.1   12.2  444.0   73.0  444.0
2019 116  4 26 1600  -28.2  981.8   14.9  444.0   75.0  444.0
2019 116  4 26 1700  -28.1  981.7   14.3  444.0   74.8  444.0
2019 116  4 26 1800  -28.0  981.8   14.6  444.0   75.0  444.0
2019 116  4 26 1900  -27.5  981.9   15.5  444.0   75.0  444.0
2019 116  4 26 2000  -27.2  981.7   12.9  444.0   76.0  444.0
2019 116  4 26 2100  -27.1  982.0   11.4  444.0   76.4  444.0
2019 116  4 26 2200  -26.4  982.3   11.0  444.0   77.1  444.0
2019 116  4 26 2300  -26.5  982.7   10.8  444.0   77.0  444.0
2019 117  4 27 0000  -26.4  983.0    9.7  444.0   77.0  444.0
2019 117  4 27 0100  -26.4  983.2   11.7  444.0   77.0  444.0
2019 117  4 27 0200  -26.4  982.9   12.5  444.0   77.0  444.0
2019 117  4 27 0300  -26.3  983.1   11.8  444.0   77.0  444.0
2019 117  4 27 0400  -26.9  983.3   13.7  444.0   77.0  444.0
2019 117  4 27 0500  -27.2  983.5   14.7  444.0   76.0  444.0
2019 117  4 27 0600  -27.3  984.0   14.0  444.0   76.0  444.0
2019 117  4 27 0700  -27.6  983.8   14.6  444.0   76.1  444.0
2019 117  4 27 0800  -27.8  984.3   13.6  444.0   76.0  444.0
2019 117  4 27 0900  -27.4  983.8   13.1  444.0   77.0  444.0
2019 117  4 27 1000  -27.2  984.3   11.3  444.0   77.0  444.0
2019 117  4 27 1100  -27.4  984.4   11.6  444.0   77.0  444.0
2019 117  4 27 1200  -27.2  984.8   10.8  444.0   77.1  444.0
2019 117  4 27 1300  -27.0  984.5   11.6  444.0   77.0  444.0
2019 117  4 27 1400  -26.9  984.1   11.6  444.0   77.0  444.0
2019 117  4 27 1500  -26.2  984.2   11.4  444.0   78.0  444.0
2019 117  4 27 1600  -25.5  984.4   10.8  444.0   78.0  444.0
2019 117  4 27 1700  -25.0  984.4   10.8  444.0   78.5  444.0
2019 117  4 27 1800  -24.7  984.8   10.0  444.0   79.0  444.0
2019 117  4 27 1900  -24.6  984.8    8.4  444.0   79.0  444.0
2019 117  4 27 2000  -24.1  984.7    6.4  444.0   80.0  444.0
2019 117  4 27 2100  -23.4  984.9    5.6  444.0   80.0  444.0
2019 117  4 27 2200  -22.9  985.3    6.1  444.0   80.0  444.0
2019 117  4 27 2300  -22.6  985.6    6.3  444.0   80.0  444.0
2019 118  4 28 0000  -22.5  985.5    6.8  444.0   81.0  444.0
2019 118  4 28 0100  -22.0  985.3    5.1  444.0   81.0  444.0
2019 118  4 28 0200  -21.4  985.1    5.2  444.0   81.0  444.0
2019 118  4 28 0300  -21.3  984.3    7.8  444.0   82.0  444.0
2019 118  4 28 0400  -21.0  983.8    7.6  444.0   82.0  444.0
2019 118  4 28 0500  -20.9  983.7    9.5  444.0   80.0  444.0
2019 118  4 28 0600  -23.3  984.1    7.1  444.0   79.0  444.0
2019 118  4 28 0700  -25.4  984.7    8.2  444.0   77.0  444.0
2019 118  4 28 0800  -27.5  985.3    6.9  444.0   76.0  444.0
2019 118  4 28 0900  -27.3  985.7    6.2  444.0   77.0  444.0
2019 118  4 28 1000  -25.5  986.0    6.3  444.0   78.0  444.0
2019 118  4 28 1100  -24.6  986.2    5.5  444.0   79.0  444.0
2019 118  4 28 1200  -24.3  986.6    5.3  444.0   79.0  444.0
2019 118  4 28 1300  -22.9  986.5    5.8  444.0   79.0  444.0
2019 118  4 28 1400  -24.0  986.7    3.9  444.0   80.0  444.0
2019 118  4 28 1500  -22.9  986.8    4.7  444.0   81.0  444.0
2019 118  4 28 1600  -22.5  986.8    2.6  444.0   80.0  444.0
2019 118  4 28 1700  -22.2  986.9    6.0  444.0   80.0  444.0
2019 118  4 28 1800  -24.0  987.1    3.1  444.0   80.0  444.0
2019 118  4 28 1900  -26.1  987.3    4.7  444.0   78.0  444.0
2019 118  4 28 2000  -29.1  987.7    8.2  444.0   77.0  444.0
2019 118  4 28 2100  -31.0  987.7    3.2  444.0   75.0  444.0
2019 118  4 28 2200  -30.0  987.7    4.3  444.0   76.0  444.0
2019 118  4 28 2300  -28.1  987.7    6.0  444.0   77.0  444.0
2019 119  4 29 0000  -27.9  987.7    5.3  444.0   77.0  444.0
2019 119  4 29 0100  -26.1  987.4    7.9  444.0   78.0  444.0
2019 119  4 29 0200  -26.5  987.0    7.8  444.0   78.0  444.0
2019 119  4 29 0300  -26.1  986.8    8.2  444.0   78.4  444.0
2019 119  4 29 0400  -26.8  986.5    7.4  444.0   78.0  444.0
2019 119  4 29 0500  -26.9  986.2    7.9  444.0   78.0  444.0
2019 119  4 29 0600  -27.2  986.1    7.7  444.0   78.0  444.0
2019 119  4 29 0700  -26.6  985.8    9.8  444.0   78.0  444.0
2019 119  4 29 0800  -26.1  985.5   12.9  444.0   78.1  444.0
2019 119  4 29 0900  -26.2  985.6   10.9  444.0   78.0  444.0
2019 119  4 29 1000  -26.0  985.8   11.4  444.0   78.0  444.0
2019 119  4 29 1100  -26.5  985.4    9.3  444.0   78.0  444.0
2019 119  4 29 1200  -26.7  985.3   10.2  444.0   77.0  444.0
2019 119  4 29 1300  -27.3  985.3    7.8  444.0   77.0  444.0
2019 119  4 29 1400  -27.1  985.0   10.1  444.0   77.0  444.0
2019 119  4 29 1500  -26.7  984.6   11.6  444.0   77.0  444.0
2019 119  4 29 1600  -25.9  984.6   13.2  444.0   77.0  444.0
2019 119  4 29 1700  -25.4  984.2   13.1  444.0   78.0  444.0
2019 119  4 29 1800  -25.5  984.2   12.9  444.0   78.0  444.0
2019 119  4 29 1900  -26.4  984.1   10.1  444.0   77.0  444.0
2019 119  4 29 2000  -26.1  983.8   11.9  444.0   78.0  444.0
2019 119  4 29 2100  -26.6  983.4   12.1  444.0   77.0  444.0
2019 119  4 29 2200  -26.6  983.4   12.8  444.0   77.0  444.0
2019 119  4 29 2300  -27.2  983.1   11.0  444.0   76.0  444.0
2019 120  4 30 0000  -29.0  983.0    6.8  444.0   75.0  444.0
2019 120  4 30 0100  -31.8  983.1    6.0  444.0   73.9  444.0
2019 120  4 30 0200  -34.3  982.8    5.4  444.0   73.0  444.0
2019 120  4 30 0300  -34.3  982.8    2.4  444.0   73.0  444.0
2019 120  4 30 0400  -34.3  982.7    3.4  444.0   73.0  444.0
2019 120  4 30 0500  -33.6  982.5    3.7  444.0   73.0  444.0
2019 120  4 30 0600  -34.5  982.4    4.2  444.0   73.1  444.0
2019 120  4 30 0700  -33.6  982.4    4.3  444.0   73.0  444.0
2019 120  4 30 0800  -33.3  982.1    4.5  444.0   74.0  444.0
2019 120  4 30 0900  -32.1  981.9    6.0  444.0   74.0  444.0
2019 120  4 30 1000  -31.1  982.0    6.8  444.0   74.0  444.0
2019 120  4 30 1100  -29.7  981.4    8.4  444.0   72.0  444.0
2019 120  4 30 1200  -29.5  981.1    7.5  444.0   73.0  444.0
2019 120  4 30 1300  -30.0  980.9    7.5  444.0   73.0  444.0
2019 120  4 30 1400  -30.8  980.5    6.2  444.0   72.0  444.0
2019 120  4 30 1500  -31.8  979.7    6.1  444.0   72.0  444.0
2019 120  4 30 1600  -32.6  979.4    4.8  444.0   72.0  444.0
2019 120  4 30 1700  -33.0  979.4    4.9  444.0   72.0  444.0
2019 120  4 30 1800  -33.2  979.4    4.6  444.0   72.0  444.0
2019 120  4 30 1900  -33.8  979.4    4.9  444.0   72.0  444.0
2019 120  4 30 2000  -33.6  979.3    4.8  444.0   72.0  444.0
2019 120  4 30 2100  -32.9  978.8    5.9  444.0   71.0  444.0
2019 120  4 30 2200  -33.4  978.7    5.3  444.0   71.0  444.0
2019 120  4 30 2300  -32.8  978.7    3.3  444.0   69.9  444.0
