Year: 2020  Month: 04  ID: MLN  ARGOS:  8934  Name: Marilyn           
Lat: 79.93S  Lon: 165.56E  Elev:   62m                                
2020  92  4  1 0000  -23.2  987.9    8.4  444.0   77.0  444.0
2020  92  4  1 0100  -22.9  987.5    7.9  444.0   76.0  444.0
2020  92  4  1 0200  -22.9  986.8    8.2  444.0   76.0  444.0
2020  92  4  1 0300  -22.9  986.5    7.4  444.0   75.0  444.0
2020  92  4  1 0400  -23.7  986.1    6.5  444.0   75.0  444.0
2020  92  4  1 0500  -23.3  985.8    7.6  444.0   72.0  444.0
2020  92  4  1 0600  -22.2  985.6    7.5  444.0   71.7  444.0
2020  92  4  1 0700  -21.0  985.0    7.1  444.0   75.0  444.0
2020  92  4  1 0800  -21.5  984.8    5.9  444.0   75.0  444.0
2020  92  4  1 0900  -23.5  984.3    5.0  444.0   76.0  444.0
2020  92  4  1 1000  -23.6  983.7    6.5  444.0   75.0  444.0
2020  92  4  1 1100  -22.7  983.5    9.0  444.0   74.0  444.0
2020  92  4  1 1200  -22.5  983.2    8.0  444.0   72.0  444.0
2020  92  4  1 1300  -22.8  982.6    7.6  444.0   72.0  444.0
2020  92  4  1 1400  -23.2  982.2    7.4  444.0   71.0  444.0
2020  92  4  1 1500  -22.7  981.8    7.1  444.0   71.0  444.0
2020  92  4  1 1600  -23.9  981.3    5.6  444.0   71.0  444.0
2020  92  4  1 1700  -25.1  980.8    3.7  444.0   74.0  444.0
2020  92  4  1 1800  -24.4  979.9    6.7  444.0   74.0  444.0
2020  92  4  1 1900  -24.9  979.3    6.4  444.0   73.0  444.0
2020  92  4  1 2000  -25.3  979.1    6.7  444.0   73.0  444.0
2020  92  4  1 2100  -25.5  978.2    6.6  444.0   74.0  444.0
2020  92  4  1 2200  -26.3  977.9    4.7  444.0   76.0  444.0
2020  92  4  1 2300  -28.9  978.0    2.3  444.0   75.0  444.0
2020  93  4  2 0000  444.0  977.4    3.9  444.0   75.0  444.0
2020  93  4  2 0100  444.0  977.2    5.1  444.0   71.0  444.0
2020  93  4  2 0200  -24.3  976.6    8.4  444.0   70.0  444.0
2020  93  4  2 0300  -23.2  975.9    9.7  444.0   70.0  444.0
2020  93  4  2 0400  -25.0  975.4    7.2  444.0   71.0  444.0
2020  93  4  2 0500  -26.4  975.2    5.9  444.0   70.0  444.0
2020  93  4  2 0600  444.0  974.8    6.2  444.0   70.4  444.0
2020  93  4  2 0700  444.0  974.4    7.2  444.0   71.0  444.0
2020  93  4  2 0800  444.0  974.1    7.7  444.0   70.0  444.0
2020  93  4  2 0900  444.0  973.6    7.6  444.0   70.6  444.0
2020  93  4  2 1000  -25.2  973.4    9.3  444.0   74.0  444.0
2020  93  4  2 1100  -25.1  973.0   10.4  444.0   75.0  444.0
2020  93  4  2 1200  -24.8  973.2   12.6  444.0   74.0  444.0
2020  93  4  2 1300  -25.2  973.1   12.0  444.0   73.0  444.0
2020  93  4  2 1400  -25.6  973.3   11.1  444.0   74.0  444.0
2020  93  4  2 1500  -25.6  973.2   12.0  444.0   73.0  444.0
2020  93  4  2 1600  -25.4  973.3   13.9  444.0   75.0  444.0
2020  93  4  2 1700  -26.2  974.0   10.1  444.0   73.1  444.0
2020  93  4  2 1800  -26.4  974.5    8.7  444.0   72.0  444.0
2020  93  4  2 1900  -25.8  974.6   10.6  444.0   72.0  444.0
2020  93  4  2 2000  -26.7  974.9    7.7  444.0   72.0  444.0
2020  93  4  2 2100  -26.1  975.5    6.7  444.0   74.0  444.0
2020  93  4  2 2200  -26.8  975.3    7.8  444.0   73.0  444.0
2020  93  4  2 2300  -26.4  975.2   10.6  444.0   74.0  444.0
2020  94  4  3 0000  -25.6  975.6    8.9  444.0   71.0  444.0
2020  94  4  3 0100  -24.5  974.7   12.1  444.0   73.0  444.0
2020  94  4  3 0200  -24.2  975.1   11.5  444.0   72.0  444.0
2020  94  4  3 0300  -24.2  976.3    7.8  444.0   67.0  444.0
2020  94  4  3 0400  -24.2  976.0    9.3  444.0   73.2  444.0
2020  94  4  3 0500  -24.2  976.1    8.4  444.0   79.0  444.0
2020  94  4  3 0600  -21.9  976.5   10.1  444.0   82.0  444.0
2020  94  4  3 0700  -19.9  976.7    9.2  444.0   82.7  444.0
2020  94  4  3 0800  -19.0  977.3    9.7  444.0   83.0  444.0
2020  94  4  3 0900  -18.3  977.8    8.1  444.0   84.3  444.0
2020  94  4  3 1000  -18.2  978.7    8.0  444.0   81.0  444.0
2020  94  4  3 1100  -20.2  979.6    6.6  444.0   80.0  444.0
2020  94  4  3 1200  -25.0  980.9    4.5  444.0   77.4  444.0
2020  94  4  3 1300  -24.9  982.1    5.0  444.0   77.0  444.0
2020  94  4  3 1400  -24.7  983.2    3.2  444.0   78.0  444.0
2020  94  4  3 1500  -20.4  983.8    6.6  444.0   83.0  444.0
2020  94  4  3 1600  -22.2  985.1    6.1  444.0   81.0  444.0
2020  94  4  3 1700  -25.6  986.7    6.8  444.0   77.0  444.0
2020  94  4  3 1800  444.0  987.8    7.2  444.0   76.0  444.0
2020  94  4  3 1900  444.0  989.1    4.4  444.0   75.0  444.0
2020  94  4  3 2000  -32.4  989.1    5.8  444.0   74.0  444.0
2020  94  4  3 2100  -33.0  989.9    1.9  444.0   74.0  444.0
2020  94  4  3 2200  -32.9  989.9    2.4  444.0   73.0  444.0
2020  94  4  3 2300  -30.3  990.4    2.9  444.0   76.0  444.0
2020  95  4  4 0000  -23.3  990.3    9.3  444.0   80.0  444.0
2020  95  4  4 0100  -23.2  990.5   10.9  444.0   80.0  444.0
2020  95  4  4 0200  -22.9  990.2   11.1  444.0   80.0  444.0
2020  95  4  4 0300  -22.7  990.6    9.8  444.0   81.0  444.0
2020  95  4  4 0400  -22.3  990.9   10.3  444.0   81.0  444.0
2020  95  4  4 0500  -23.0  991.3   11.8  444.0   80.5  444.0
2020  95  4  4 0600  -23.1  991.5   12.0  444.0   80.0  444.0
2020  95  4  4 0700  -22.5  992.4   12.8  444.0   80.7  444.0
2020  95  4  4 0800  -22.6  993.0   11.6  444.0   80.0  444.0
2020  95  4  4 0900  -22.9  993.7   11.0  444.0   80.0  444.0
2020  95  4  4 1000  -22.9  993.8   11.6  444.0   79.5  444.0
2020  95  4  4 1100  -22.6  994.2   11.4  444.0   79.0  444.0
2020  95  4  4 1200  -22.8  994.5   10.0  444.0   79.0  444.0
2020  95  4  4 1300  -23.0  994.3   10.6  444.0   79.0  444.0
2020  95  4  4 1400  -23.2  994.8   11.5  444.0   79.0  444.0
2020  95  4  4 1500  -23.7  995.0   10.0  444.0   73.0  444.0
2020  95  4  4 1600  -23.0  993.6   15.1  444.0   79.0  444.0
2020  95  4  4 1700  -24.0  994.1   11.8  444.0   76.0  444.0
2020  95  4  4 1800  -23.9  994.6   12.7  444.0   77.0  444.0
2020  95  4  4 1900  -24.9  995.0    9.7  444.0   74.0  444.0
2020  95  4  4 2000  -22.8  995.2   10.9  444.0   78.0  444.0
2020  95  4  4 2100  -22.1  995.7   10.9  444.0   79.0  444.0
2020  95  4  4 2200  -23.4  995.9    9.9  444.0   79.0  444.0
2020  95  4  4 2300  -21.0  996.5    9.9  444.0   76.9  444.0
2020  96  4  5 0000  -24.5  996.6    7.2  444.0   77.0  444.0
2020  96  4  5 0100  -25.2  996.1    8.2  444.0   77.0  444.0
2020  96  4  5 0200  -25.2  995.4    8.5  444.0   76.0  444.0
2020  96  4  5 0300  -25.0  995.0   10.8  444.0   76.0  444.0
2020  96  4  5 0400  -23.8  995.4    9.1  444.0   72.3  444.0
2020  96  4  5 0500  -24.0  994.9    9.1  444.0   74.0  444.0
2020  96  4  5 0600  -23.1  994.1   12.2  444.0   78.0  444.0
2020  96  4  5 0700  -22.5  994.0   13.6  444.0   79.0  444.0
2020  96  4  5 0800  -22.7  993.8   13.2  444.0   79.0  444.0
2020  96  4  5 0900  -22.9  993.6   15.0  444.0   79.0  444.0
2020  96  4  5 1000  -24.3  993.3   10.9  444.0   77.0  444.0
2020  96  4  5 1100  -25.0  992.8   10.0  444.0   76.0  444.0
2020  96  4  5 1200  -25.4  992.4   10.3  444.0   76.0  444.0
2020  96  4  5 1300  -24.6  991.5   12.8  444.0   77.0  444.0
2020  96  4  5 1400  -24.5  990.8   14.4  444.0   78.0  444.0
2020  96  4  5 1500  -24.3  989.9   16.6  444.0   76.0  444.0
2020  96  4  5 1600  -24.3  989.4   16.3  444.0   77.0  444.0
2020  96  4  5 1700  -23.8  988.9   16.8  444.0   76.0  444.0
2020  96  4  5 1800  -24.4  988.5   16.5  444.0   74.0  444.0
2020  96  4  5 1900  -25.9  988.6   12.9  444.0   74.0  444.0
2020  96  4  5 2000  -24.8  988.2   13.8  444.0   73.0  444.0
2020  96  4  5 2100  -24.9  987.7   13.4  444.0   73.0  444.0
2020  96  4  5 2200  -26.0  987.5   12.1  444.0   72.0  444.0
2020  96  4  5 2300  -26.4  987.4   12.3  444.0   72.0  444.0
2020  97  4  6 0000  -26.3  987.5   10.9  444.0   70.0  444.0
2020  97  4  6 0100  -26.5  986.8   12.4  444.0   73.0  444.0
2020  97  4  6 0200  -27.7  986.3    9.5  444.0   74.4  444.0
2020  97  4  6 0300  -27.7  986.3   10.1  444.0   74.0  444.0
2020  97  4  6 0400  -27.2  986.2   11.3  444.0   75.0  444.0
2020  97  4  6 0500  -27.8  986.0   10.2  444.0   74.0  444.0
2020  97  4  6 0600  444.0  986.1    9.8  444.0   74.0  444.0
2020  97  4  6 0700  444.0  986.1   10.0  444.0   74.3  444.0
2020  97  4  6 0800  444.0  986.0    8.7  444.0   74.2  444.0
2020  97  4  6 0900  -29.0  986.0    8.7  444.0   74.0  444.0
2020  97  4  6 1000  -28.6  986.1    7.0  444.0   74.0  444.0
2020  97  4  6 1100  444.0  985.9    7.0  444.0   74.0  444.0
2020  97  4  6 1200  -29.2  985.8    8.2  444.0   74.5  444.0
2020  97  4  6 1300  -27.1  985.9   10.2  444.0   74.0  444.0
2020  97  4  6 1400  -26.9  985.5   10.1  444.0   74.0  444.0
2020  97  4  6 1500  -28.3  985.3    8.4  444.0   73.0  444.0
2020  97  4  6 1600  -27.1  985.5   10.0  444.0   75.0  444.0
2020  97  4  6 1700  -26.8  985.3   10.1  444.0   74.9  444.0
2020  97  4  6 1800  -26.7  985.0    9.8  444.0   74.0  444.0
2020  97  4  6 1900  -27.0  985.0   10.1  444.0   75.0  444.0
2020  97  4  6 2000  -27.1  984.6   10.4  444.0   74.0  444.0
2020  97  4  6 2100  -27.0  984.6   10.5  444.0   74.0  444.0
2020  97  4  6 2200  -27.1  984.8   11.4  444.0   75.9  444.0
2020  97  4  6 2300  -27.7  985.0   10.9  444.0   73.0  444.0
2020  98  4  7 0000  -28.1  984.8   10.5  444.0   72.2  444.0
2020  98  4  7 0100  -27.8  984.7   11.6  444.0   72.0  444.0
2020  98  4  7 0200  -27.2  984.5   11.1  444.0   71.0  444.0
2020  98  4  7 0300  -27.2  984.2   11.0  444.0   71.0  444.0
2020  98  4  7 0400  -27.6  984.0    9.4  444.0   69.0  444.0
2020  98  4  7 0500  -28.8  983.8    8.7  444.0   68.9  444.0
2020  98  4  7 0600  -28.8  984.0    8.4  444.0   69.0  444.0
2020  98  4  7 0700  -29.5  984.2    6.5  444.0   67.0  444.0
2020  98  4  7 0800  -31.4  984.0    6.6  444.0   68.0  444.0
2020  98  4  7 0900  -29.5  983.7    6.1  444.0   64.0  444.0
2020  98  4  7 1000  -32.5  983.3    5.6  444.0   71.7  444.0
2020  98  4  7 1100  -32.2  982.8    4.7  444.0   69.0  444.0
2020  98  4  7 1200  -33.2  982.6    3.9  444.0   68.0  444.0
2020  98  4  7 1300  -32.8  982.2    5.7  444.0   70.0  444.0
2020  98  4  7 1400  -30.7  981.7    7.9  444.0   70.0  444.0
2020  98  4  7 1500  -32.6  980.9    7.5  444.0   71.2  444.0
2020  98  4  7 1600  -29.9  980.5    9.5  444.0   68.0  444.0
2020  98  4  7 1700  -30.3  980.3    9.2  444.0   69.0  444.0
2020  98  4  7 1800  -29.8  980.0    8.8  444.0   70.0  444.0
2020  98  4  7 1900  -28.7  979.6    8.0  444.0   71.0  444.0
2020  98  4  7 2000  -28.9  979.6    6.1  444.0   70.6  444.0
2020  98  4  7 2100  -29.2  979.4    4.4  444.0   69.0  444.0
2020  98  4  7 2200  -28.3  979.2    4.0  444.0   71.0  444.0
2020  98  4  7 2300  -28.5  978.6    3.6  444.0   71.0  444.0
2020  99  4  8 0000  -29.3  978.8    6.0  444.0   72.0  444.0
2020  99  4  8 0100  -30.1  979.0    6.6  444.0   75.2  444.0
2020  99  4  8 0200  -30.5  979.0    5.3  444.0   75.0  444.0
2020  99  4  8 0300  -32.2  979.2    3.3  444.0   74.1  444.0
2020  99  4  8 0400  -33.0  978.9    4.1  444.0   74.2  444.0
2020  99  4  8 0500  -31.9  978.7    4.6  444.0   75.0  444.0
2020  99  4  8 0600  -31.7  978.6    3.5  444.0   75.0  444.0
2020  99  4  8 0700  -32.3  978.2    3.7  444.0   74.0  444.0
2020  99  4  8 0800  -32.1  977.9    2.9  444.0   74.4  444.0
2020  99  4  8 0900  -29.7  977.4    4.3  444.0   76.0  444.0
2020  99  4  8 1000  -29.0  977.0    2.8  444.0   76.0  444.0
2020  99  4  8 1100  -29.1  976.6    2.8  444.0   76.0  444.0
2020  99  4  8 1200  -28.7  976.3    5.6  444.0   70.0  444.0
2020  99  4  8 1300  -30.2  976.2    5.3  444.0   70.7  444.0
2020  99  4  8 1400  -31.6  976.3    2.7  444.0   72.0  444.0
2020  99  4  8 1500  -31.8  975.8    2.4  444.0   72.0  444.0
2020  99  4  8 1600  -32.3  975.3    2.0  444.0   73.0  444.0
2020  99  4  8 1700  -32.2  974.9    3.0  444.0   73.0  444.0
2020  99  4  8 1800  -32.0  974.8    1.4  444.0   73.9  444.0
2020  99  4  8 1900  -29.9  974.1    2.4  444.0   70.0  444.0
2020  99  4  8 2000  -28.1  973.8    3.4  444.0   73.0  444.0
2020  99  4  8 2100  -25.7  973.3    5.8  444.0   78.0  444.0
2020  99  4  8 2200  -24.1  972.9    7.3  444.0   80.0  444.0
2020  99  4  8 2300  -23.5  972.8    5.7  444.0   80.2  444.0
2020 100  4  9 0000  -22.3  971.9    9.1  444.0   81.0  444.0
2020 100  4  9 0100  -20.5  971.2   11.5  444.0   82.2  444.0
2020 100  4  9 0200  -19.9  971.4   10.5  444.0   83.0  444.0
2020 100  4  9 0300  -20.0  970.4    9.7  444.0   84.0  444.0
2020 100  4  9 0400  -19.4  969.9   13.0  444.0   83.7  444.0
2020 100  4  9 0500  -19.5  969.4   12.5  444.0   83.0  444.0
2020 100  4  9 0600  -19.3  968.9   11.5  444.0   83.7  444.0
2020 100  4  9 0700  -15.3  968.0   12.7  444.0   87.0  444.0
2020 100  4  9 0800  -17.9  968.3   11.8  444.0   84.0  444.0
2020 100  4  9 0900  -19.6  969.2    5.0  444.0   83.0  444.0
2020 100  4  9 1000  -18.9  969.3    8.9  444.0   84.0  444.0
2020 100  4  9 1100  -20.3  969.1    9.3  444.0   83.2  444.0
2020 100  4  9 1200  -20.9  969.7    7.6  444.0   82.0  444.0
2020 100  4  9 1300  -19.2  969.5    7.3  444.0   84.0  444.0
2020 100  4  9 1400  -24.2  970.3    4.4  444.0   78.0  444.0
2020 100  4  9 1500  -28.7  970.6    2.5  444.0   76.0  444.0
2020 100  4  9 1600  -28.5  970.1    1.7  444.0   76.6  444.0
2020 100  4  9 1700  -28.1  969.7    1.1  444.0   77.0  444.0
2020 100  4  9 1800  -26.6  969.7    2.9  444.0   77.0  444.0
2020 100  4  9 1900  -27.0  970.2    0.2  444.0   78.0  444.0
2020 100  4  9 2000  -26.3  970.8    3.0  444.0   76.0  444.0
2020 100  4  9 2100  -29.3  971.4    1.9  444.0   75.6  444.0
2020 100  4  9 2200  -28.2  972.1    1.9  444.0   76.0  444.0
2020 100  4  9 2300  -27.8  972.4    2.5  444.0   77.0  444.0
2020 101  4 10 0000  -28.0  972.6    2.3  444.0   77.0  444.0
2020 101  4 10 0100  -24.4  972.8    4.3  444.0   79.0  444.0
2020 101  4 10 0200  -30.3  973.4    4.5  444.0   74.1  444.0
2020 101  4 10 0300  444.0  974.1    2.8  444.0   75.0  444.0
2020 101  4 10 0400  -33.0  974.6    1.7  444.0   74.0  444.0
2020 101  4 10 0500  -33.8  975.3    0.1  444.0   74.0  444.0
2020 101  4 10 0600  -33.2  975.1    1.5  444.0   75.0  444.0
2020 101  4 10 0700  -26.6  975.7    5.3  444.0   76.0  444.0
2020 101  4 10 0800  -25.9  975.7    4.4  444.0   75.0  444.0
2020 101  4 10 0900  -28.2  976.4    5.9  444.0   75.0  444.0
2020 101  4 10 1000  -32.3  977.5    6.7  444.0   74.0  444.0
2020 101  4 10 1100  -31.9  977.9    4.8  444.0   75.0  444.0
2020 101  4 10 1200  -32.4  978.4    4.5  444.0   74.0  444.0
2020 101  4 10 1300  -34.9  979.7    2.0  444.0   73.0  444.0
2020 101  4 10 1400  -34.4  979.5    2.8  444.0   73.7  444.0
2020 101  4 10 1500  -34.8  979.5    1.7  444.0   74.0  444.0
2020 101  4 10 1600  -32.8  979.8    1.5  444.0   74.0  444.0
2020 101  4 10 1700  -34.7  980.3    0.2  444.0   73.0  444.0
2020 101  4 10 1800  -36.3  981.0    3.3  444.0   73.0  444.0
2020 101  4 10 1900  -36.8  981.2    3.8  444.0   72.9  444.0
2020 101  4 10 2000  -39.0  981.8    4.3  444.0   71.0  444.0
2020 101  4 10 2100  -40.0  982.7    5.6  444.0   70.0  444.0
2020 101  4 10 2200  -40.6  983.2    3.4  444.0   69.0  444.0
2020 101  4 10 2300  -41.0  983.4    3.5  444.0   69.1  444.0
2020 102  4 11 0000  -41.7  984.0    3.4  444.0   68.5  444.0
2020 102  4 11 0100  -40.9  984.6    4.2  444.0   69.0  444.0
2020 102  4 11 0200  -40.0  985.1    2.6  444.0   69.5  444.0
2020 102  4 11 0300  -40.3  985.2    2.8  444.0   69.0  444.0
2020 102  4 11 0400  -39.0  985.3    3.1  444.0   70.0  444.0
2020 102  4 11 0500  -39.3  985.1    3.8  444.0   70.0  444.0
2020 102  4 11 0600  -40.0  985.0    1.5  444.0   70.0  444.0
2020 102  4 11 0700  -41.0  984.8    2.0  444.0   69.1  444.0
2020 102  4 11 0800  -38.6  984.1    4.1  444.0   70.5  444.0
2020 102  4 11 0900  -36.6  983.4    4.8  444.0   72.0  444.0
2020 102  4 11 1000  -32.5  982.9    5.5  444.0   74.0  444.0
2020 102  4 11 1100  -30.5  982.7    5.7  444.0   75.0  444.0
2020 102  4 11 1200  -29.0  982.4    5.3  444.0   76.0  444.0
2020 102  4 11 1300  -27.9  982.3    6.3  444.0   77.0  444.0
2020 102  4 11 1400  444.0  981.9    5.0  444.0   76.0  444.0
2020 102  4 11 1500  -32.4  981.8    3.7  444.0   74.0  444.0
2020 102  4 11 1600  -30.8  981.2    5.6  444.0   75.0  444.0
2020 102  4 11 1700  -28.7  980.5    6.5  444.0   76.0  444.0
2020 102  4 11 1800  -29.2  980.6    7.6  444.0   76.0  444.0
2020 102  4 11 1900  -29.0  980.1    6.2  444.0   75.0  444.0
2020 102  4 11 2000  -30.0  979.6    6.2  444.0   74.0  444.0
2020 102  4 11 2100  -30.2  979.2    9.0  444.0   75.2  444.0
2020 102  4 11 2200  -30.8  978.4    7.7  444.0   73.0  444.0
2020 102  4 11 2300  -31.5  977.1    9.2  444.0   74.0  444.0
2020 103  4 12 0000  -31.9  976.5    8.3  444.0   74.0  444.0
2020 103  4 12 0100  -32.1  975.4    8.4  444.0   74.0  444.0
2020 103  4 12 0200  -32.1  974.5    8.1  444.0   73.8  444.0
2020 103  4 12 0300  -31.4  973.3   10.6  444.0   74.0  444.0
2020 103  4 12 0400  -31.1  972.9   11.8  444.0   75.0  444.0
2020 103  4 12 0500  -31.0  972.7   11.6  444.0   74.7  444.0
2020 103  4 12 0600  -30.1  972.0   12.6  444.0   74.5  444.0
2020 103  4 12 0700  -32.2  971.4    9.5  444.0   71.7  444.0
2020 103  4 12 0800  -33.0  970.4   11.0  444.0   73.0  444.0
2020 103  4 12 0900  -33.3  969.7   10.7  444.0   73.0  444.0
2020 103  4 12 1000  -33.1  969.1   11.0  444.0   73.0  444.0
2020 103  4 12 1100  -33.0  968.5   11.3  444.0   73.0  444.0
2020 103  4 12 1200  -32.3  968.0   11.3  444.0   74.0  444.0
2020 103  4 12 1300  -31.6  967.4   11.8  444.0   74.0  444.0
2020 103  4 12 1400  -30.7  967.6   10.7  444.0   74.0  444.0
2020 103  4 12 1500  -30.5  967.7    9.9  444.0   73.6  444.0
2020 103  4 12 1600  -29.8  967.8   10.7  444.0   72.2  444.0
2020 103  4 12 1700  -28.8  967.8   11.1  444.0   70.9  444.0
2020 103  4 12 1800  -31.0  968.3    7.6  444.0   70.0  444.0
2020 103  4 12 1900  -33.8  968.7    6.6  444.0   73.0  444.0
2020 103  4 12 2000  -34.5  968.9    7.4  444.0   73.0  444.0
2020 103  4 12 2100  -34.3  969.6    7.5  444.0   73.0  444.0
2020 103  4 12 2200  -33.6  970.0    7.0  444.0   72.0  444.0
2020 103  4 12 2300  -36.5  970.8    6.2  444.0   70.8  444.0
2020 104  4 13 0000  -38.4  971.3    5.1  444.0   70.1  444.0
2020 104  4 13 0100  -39.8  971.9    3.1  444.0   69.0  444.0
2020 104  4 13 0200  -41.0  972.9    2.6  444.0   68.0  444.0
2020 104  4 13 0300  -42.0  973.2    2.3  444.0   68.1  444.0
2020 104  4 13 0400  -42.0  973.6    2.6  444.0   68.0  444.0
2020 104  4 13 0500  -42.4  974.6    1.0  444.0   68.0  444.0
2020 104  4 13 0600  -41.8  975.5    1.7  444.0   68.0  444.0
2020 104  4 13 0700  -41.6  976.3    1.7  444.0   69.0  444.0
2020 104  4 13 0800  -41.2  977.5    3.5  444.0   69.0  444.0
2020 104  4 13 0900  -40.7  978.8    2.7  444.0   69.0  444.0
2020 104  4 13 1000  -39.2  980.1    3.1  444.0   70.0  444.0
2020 104  4 13 1100  -35.4  981.0    3.8  444.0   72.0  444.0
2020 104  4 13 1200  -33.0  981.9    5.2  444.0   73.0  444.0
2020 104  4 13 1300  -32.4  983.0    5.1  444.0   74.0  444.0
2020 104  4 13 1400  -31.5  983.9    7.0  444.0   74.0  444.0
2020 104  4 13 1500  -31.3  984.4    9.0  444.0   75.0  444.0
2020 104  4 13 1600  -29.7  984.8    9.0  444.0   76.0  444.0
2020 104  4 13 1700  -28.7  985.5    9.5  444.0   76.0  444.0
2020 104  4 13 1800  -27.5  985.9   10.6  444.0   77.0  444.0
2020 104  4 13 1900  -27.3  986.2   11.4  444.0   77.0  444.0
2020 104  4 13 2000  -26.8  986.7   10.7  444.0   78.0  444.0
2020 104  4 13 2100  -27.6  987.0   10.9  444.0   77.0  444.0
2020 104  4 13 2200  -27.7  987.2   10.6  444.0   77.2  444.0
2020 104  4 13 2300  -26.9  987.2   11.5  444.0   78.0  444.0
2020 105  4 14 0000  -26.7  986.9   12.1  444.0   78.0  444.0
2020 105  4 14 0100  -27.3  986.9   10.2  444.0   76.9  444.0
2020 105  4 14 0200  -28.2  986.6    9.0  444.0   76.0  444.0
2020 105  4 14 0300  -29.0  986.0    8.0  444.0   75.8  444.0
2020 105  4 14 0400  -27.4  984.8    8.1  444.0   77.0  444.0
2020 105  4 14 0500  -26.9  984.0    7.4  444.0   78.0  444.0
2020 105  4 14 0600  -29.0  982.5    6.5  444.0   76.0  444.0
2020 105  4 14 0700  -29.3  980.7    7.4  444.0   75.0  444.0
2020 105  4 14 0800  444.0  978.5    5.7  444.0   74.0  444.0
2020 105  4 14 0900  444.0  976.0    6.7  444.0   75.0  444.0
2020 105  4 14 1000  444.0  973.5    5.9  444.0   74.0  444.0
2020 105  4 14 1100  444.0  971.5    7.7  444.0   75.0  444.0
2020 105  4 14 1200  444.0  968.3   10.0  444.0   76.0  444.0
2020 105  4 14 1300  -27.9  966.3   11.9  444.0   77.0  444.0
2020 105  4 14 1400  -28.3  964.5    9.3  444.0   76.0  444.0
2020 105  4 14 1500  -27.8  962.0   10.2  444.0   77.0  444.0
2020 105  4 14 1600  -27.5  960.0    8.7  444.0   77.0  444.0
2020 105  4 14 1700  -27.6  958.0   10.7  444.0   77.0  444.0
2020 105  4 14 1800  -28.2  955.9   10.4  444.0   77.0  444.0
2020 105  4 14 1900  -26.8  954.3   11.4  444.0   78.0  444.0
2020 105  4 14 2000  -26.5  953.5   12.9  444.0   78.0  444.0
2020 105  4 14 2100  -28.3  952.4   12.4  444.0   76.0  444.0
2020 105  4 14 2200  -28.4  952.3   12.1  444.0   76.0  444.0
2020 105  4 14 2300  -26.2  951.9   13.9  444.0   79.0  444.0
2020 106  4 15 0000  -27.4  951.9   11.4  444.0   77.0  444.0
2020 106  4 15 0100  -26.0  952.4   15.4  444.0   78.2  444.0
2020 106  4 15 0200  -26.9  952.2   14.5  444.0   77.1  444.0
2020 106  4 15 0300  -27.7  953.6   10.6  444.0   77.0  444.0
2020 106  4 15 0400  -28.5  954.7   10.7  444.0   76.0  444.0
2020 106  4 15 0500  -29.8  955.7    7.2  444.0   78.0  444.0
2020 106  4 15 0600  -29.7  956.3    6.8  444.0   74.5  444.0
2020 106  4 15 0700  -27.9  956.4    9.8  444.0   76.0  444.0
2020 106  4 15 0800  -28.3  956.0   10.5  444.0   77.0  444.0
2020 106  4 15 0900  -25.8  956.8   10.8  444.0   78.0  444.0
2020 106  4 15 1000  444.0  958.0    8.3  444.0   75.3  444.0
2020 106  4 15 1100  -33.2  960.0    7.2  444.0   73.0  444.0
2020 106  4 15 1200  -33.9  961.1    8.5  444.0   73.0  444.0
2020 106  4 15 1300  -35.0  962.8    8.9  444.0   72.0  444.0
2020 106  4 15 1400  -35.7  965.4    8.3  444.0   72.2  444.0
2020 106  4 15 1500  -33.4  967.3    9.1  444.0   74.0  444.0
2020 106  4 15 1600  -33.4  968.8    8.5  444.0   74.0  444.0
2020 106  4 15 1700  -32.1  970.0    7.6  444.0   74.6  444.0
2020 106  4 15 1800  -29.8  970.7    7.2  444.0   75.0  444.0
2020 106  4 15 1900  -30.2  971.1   10.3  444.0   75.0  444.0
2020 106  4 15 2000  -30.5  972.2    9.6  444.0   75.0  444.0
2020 106  4 15 2100  -30.9  973.4    8.0  444.0   75.0  444.0
2020 106  4 15 2200  -30.9  974.4    7.5  444.0   75.0  444.0
2020 106  4 15 2300  -31.2  975.2    5.0  444.0   75.0  444.0
2020 107  4 16 0000  -32.0  975.6    4.0  444.0   74.2  444.0
2020 107  4 16 0100  -34.7  975.8    2.9  444.0   73.0  444.0
2020 107  4 16 0200  -34.2  975.9    4.0  444.0   73.0  444.0
2020 107  4 16 0300  -33.8  975.9    2.7  444.0   73.0  444.0
2020 107  4 16 0400  -35.4  975.8    2.0  444.0   72.0  444.0
2020 107  4 16 0500  -35.0  975.8    2.7  444.0   72.4  444.0
2020 107  4 16 0600  -34.4  975.6    3.2  444.0   73.0  444.0
2020 107  4 16 0700  -36.4  975.8    2.9  444.0   71.5  444.0
2020 107  4 16 0800  -37.0  975.9    2.1  444.0   71.0  444.0
2020 107  4 16 0900  -36.8  976.2    2.7  444.0   71.0  444.0
2020 107  4 16 1000  -36.2  976.5    4.2  444.0   72.0  444.0
2020 107  4 16 1100  -36.3  977.1    2.5  444.0   72.0  444.0
2020 107  4 16 1200  -34.4  977.4    3.4  444.0   73.3  444.0
2020 107  4 16 1300  -34.0  977.4    4.1  444.0   73.0  444.0
2020 107  4 16 1400  -34.8  977.5    3.2  444.0   73.0  444.0
2020 107  4 16 1500  -38.1  978.3    5.2  444.0   71.0  444.0
2020 107  4 16 1600  -38.3  978.7    4.6  444.0   70.0  444.0
2020 107  4 16 1700  -38.1  979.6    5.1  444.0   70.7  444.0
2020 107  4 16 1800  -36.9  980.3    5.1  444.0   71.4  444.0
2020 107  4 16 1900  -36.2  981.0    4.1  444.0   72.0  444.0
2020 107  4 16 2000  -36.4  981.6    3.7  444.0   71.0  444.0
2020 107  4 16 2100  -36.0  982.1    4.3  444.0   71.0  444.0
2020 107  4 16 2200  -38.4  982.6    4.0  444.0   69.2  444.0
2020 107  4 16 2300  -37.3  983.3    3.9  444.0   69.8  444.0
2020 108  4 17 0000  -39.3  983.6    3.1  444.0   69.0  444.0
2020 108  4 17 0100  -39.4  983.9    1.9  444.0   69.0  444.0
2020 108  4 17 0200  -39.6  984.0    2.6  444.0   68.0  444.0
2020 108  4 17 0300  -39.8  984.1    2.3  444.0   68.9  444.0
2020 108  4 17 0400  -39.7  984.2    3.0  444.0   69.0  444.0
2020 108  4 17 0500  -38.8  984.1    3.3  444.0   69.0  444.0
2020 108  4 17 0600  -39.2  984.0    3.1  444.0   70.0  444.0
2020 108  4 17 0700  -39.7  983.8    2.5  444.0   70.0  444.0
2020 108  4 17 0800  -40.0  983.7    3.5  444.0   69.9  444.0
2020 108  4 17 0900  -40.5  983.4    3.5  444.0   70.0  444.0
2020 108  4 17 1000  -40.8  983.2    4.1  444.0   69.2  444.0
2020 108  4 17 1100  -39.6  983.4    4.4  444.0   69.6  444.0
2020 108  4 17 1200  -41.8  983.2    5.4  444.0   68.0  444.0
2020 108  4 17 1300  -42.3  983.1    5.4  444.0   68.0  444.0
2020 108  4 17 1400  -40.3  982.3    4.8  444.0   69.0  444.0
2020 108  4 17 1500  -39.2  981.5    4.1  444.0   69.8  444.0
2020 108  4 17 1600  -37.5  980.4    3.7  444.0   70.7  444.0
2020 108  4 17 1700  -37.6  979.2    3.7  444.0   70.0  444.0
2020 108  4 17 1800  -36.2  977.6    4.2  444.0   72.0  444.0
2020 108  4 17 1900  -34.9  976.4    5.0  444.0   72.0  444.0
2020 108  4 17 2000  -35.6  975.1    3.3  444.0   72.0  444.0
2020 108  4 17 2100  -34.9  973.4    4.9  444.0   72.0  444.0
2020 108  4 17 2200  -36.8  971.9    5.1  444.0   71.0  444.0
2020 108  4 17 2300  -31.7  969.8    7.9  444.0   73.0  444.0
2020 109  4 18 0000  -34.3  967.9    7.0  444.0   71.0  444.0
2020 109  4 18 0100  -29.6  966.0    8.8  444.0   72.2  444.0
2020 109  4 18 0200  -32.0  964.1    8.1  444.0   71.0  444.0
2020 109  4 18 0300  -32.1  962.5    6.4  444.0   69.7  444.0
2020 109  4 18 0400  -34.2  961.3    5.0  444.0   72.0  444.0
2020 109  4 18 0500  -35.9  960.1    3.9  444.0   72.0  444.0
2020 109  4 18 0600  -35.6  958.7    3.7  444.0   72.1  444.0
2020 109  4 18 0700  -33.4  957.1    5.6  444.0   73.0  444.0
2020 109  4 18 0800  -31.5  955.9    6.8  444.0   75.0  444.0
2020 109  4 18 0900  -28.0  954.1   10.1  444.0   76.0  444.0
2020 109  4 18 1000  -28.2  952.6    9.6  444.0   74.0  444.0
2020 109  4 18 1100  444.0  951.3   11.0  444.0   74.0  444.0
2020 109  4 18 1200  444.0  950.1   12.1  444.0   77.0  444.0
2020 109  4 18 1300  444.0  949.2   12.5  444.0   76.4  444.0
2020 109  4 18 1400  -27.6  948.9    9.3  444.0   74.6  444.0
2020 109  4 18 1500  -24.5  947.2   12.3  444.0   77.0  444.0
2020 109  4 18 1600  -23.0  946.2   15.3  444.0   79.0  444.0
2020 109  4 18 1700  -22.9  945.8   13.0  444.0   79.0  444.0
2020 109  4 18 1800  -22.5  945.7   13.1  444.0   80.2  444.0
2020 109  4 18 1900  -22.5  945.0   13.2  444.0   80.0  444.0
2020 109  4 18 2000  -21.6  944.8   14.0  444.0   80.0  444.0
2020 109  4 18 2100  -20.9  945.2   13.9  444.0   81.0  444.0
2020 109  4 18 2200  -19.7  945.5   13.5  444.0   81.0  444.0
2020 109  4 18 2300  -19.1  946.1   12.6  444.0   81.1  444.0
2020 110  4 19 0000  -18.9  947.0   11.3  444.0   81.7  444.0
2020 110  4 19 0100  -16.7  949.5    6.4  444.0   86.0  444.0
2020 110  4 19 0200  -12.0  949.2   13.4  444.0   90.0  444.0
2020 110  4 19 0300  -14.4  952.6   12.5  444.0   86.0  444.0
2020 110  4 19 0400  -17.3  955.4    8.6  444.0   84.6  444.0
2020 110  4 19 0500  -18.4  957.5   12.2  444.0   84.0  444.0
2020 110  4 19 0600  -18.0  959.3   12.7  444.0   84.0  444.0
2020 110  4 19 0700  -19.5  961.3   10.5  444.0   80.0  444.0
2020 110  4 19 0800  -19.8  963.0   10.0  444.0   82.0  444.0
2020 110  4 19 0900  -19.9  964.7    9.9  444.0   82.2  444.0
2020 110  4 19 1000  -18.8  965.5   10.5  444.0   82.0  444.0
2020 110  4 19 1100  -18.5  966.5   10.0  444.0   81.0  444.0
2020 110  4 19 1200  -18.1  967.3    9.8  444.0   81.0  444.0
2020 110  4 19 1300  -18.2  968.3    9.5  444.0   80.0  444.0
2020 110  4 19 1400  -18.2  969.2   10.4  444.0   82.9  444.0
2020 110  4 19 1500  -18.8  970.1   10.6  444.0   79.0  444.0
2020 110  4 19 1600  -19.3  971.8   10.5  444.0   78.7  444.0
2020 110  4 19 1700  -20.6  972.9    9.0  444.0   77.0  444.0
2020 110  4 19 1800  -21.1  974.0   10.2  444.0   78.0  444.0
2020 110  4 19 1900  -22.3  975.3   10.2  444.0   79.0  444.0
2020 110  4 19 2000  -23.9  976.6    9.8  444.0   79.0  444.0
2020 110  4 19 2100  -24.8  977.8    9.3  444.0   79.0  444.0
2020 110  4 19 2200  -25.3  978.8    9.6  444.0   78.0  444.0
2020 110  4 19 2300  -26.6  980.2    7.3  444.0   78.0  444.0
2020 111  4 20 0000  444.0  981.0    6.2  444.0   77.0  444.0
2020 111  4 20 0100  444.0  981.4    6.4  444.0   76.8  444.0
2020 111  4 20 0200  444.0  981.6    5.1  444.0   75.9  444.0
2020 111  4 20 0300  444.0  981.6    5.1  444.0   76.0  444.0
2020 111  4 20 0400  -33.2  981.2    3.1  444.0   74.0  444.0
2020 111  4 20 0500  -33.7  980.9    2.3  444.0   74.0  444.0
2020 111  4 20 0600  -30.2  980.3    2.2  444.0   76.0  444.0
2020 111  4 20 0700  -29.4  979.7    4.8  444.0   76.1  444.0
2020 111  4 20 0800  -32.4  979.1    3.4  444.0   75.0  444.0
2020 111  4 20 0900  -34.0  978.8    2.3  444.0   74.0  444.0
2020 111  4 20 1000  -34.1  978.8    2.4  444.0   73.0  444.0
2020 111  4 20 1100  -34.9  978.8    3.6  444.0   74.0  444.0
2020 111  4 20 1200  -34.0  978.4    2.8  444.0   73.9  444.0
2020 111  4 20 1300  -32.1  977.6    4.6  444.0   75.0  444.0
2020 111  4 20 1400  -30.4  977.4    6.1  444.0   76.0  444.0
2020 111  4 20 1500  -28.2  976.7    9.3  444.0   77.0  444.0
2020 111  4 20 1600  -32.4  976.5    5.6  444.0   74.0  444.0
2020 111  4 20 1700  -31.8  975.9    7.4  444.0   74.0  444.0
2020 111  4 20 1800  -29.7  975.6    8.8  444.0   74.0  444.0
2020 111  4 20 1900  -28.8  975.3    9.3  444.0   73.0  444.0
2020 111  4 20 2000  -29.4  974.6    8.4  444.0   73.0  444.0
2020 111  4 20 2100  -28.8  974.5    8.0  444.0   70.0  444.0
2020 111  4 20 2200  444.0  974.4    7.2  444.0   70.0  444.0
2020 111  4 20 2300  444.0  974.1    6.8  444.0   72.0  444.0
2020 112  4 21 0000  444.0  973.3    8.7  444.0   73.0  444.0
2020 112  4 21 0100  -26.4  972.8    8.7  444.0   72.0  444.0
2020 112  4 21 0200  -25.7  971.9    9.6  444.0   73.0  444.0
2020 112  4 21 0300  -24.2  971.4    8.8  444.0   70.0  444.0
2020 112  4 21 0400  -26.2  970.9    9.0  444.0   74.9  444.0
2020 112  4 21 0500  -23.8  969.6   11.2  444.0   76.0  444.0
2020 112  4 21 0600  -20.6  968.3   13.6  444.0   82.0  444.0
2020 112  4 21 0700  -20.9  967.3   16.1  444.0   81.2  444.0
2020 112  4 21 0800  -21.1  966.9   15.8  444.0   81.0  444.0
2020 112  4 21 0900  -22.7  966.3   13.0  444.0   80.0  444.0
2020 112  4 21 1000  -23.1  967.2   12.0  444.0   80.0  444.0
2020 112  4 21 1100  -24.1  967.6    8.2  444.0   78.0  444.0
2020 112  4 21 1200  444.0  967.5    5.8  444.0   77.2  444.0
2020 112  4 21 1300  444.0  968.3    2.8  444.0   72.0  444.0
2020 112  4 21 1400  444.0  968.6    4.5  444.0   74.0  444.0
2020 112  4 21 1500  444.0  969.4    3.9  444.0   76.0  444.0
2020 112  4 21 1600  444.0  969.9    6.3  444.0   75.0  444.0
2020 112  4 21 1700  -30.8  971.4    3.7  444.0   75.0  444.0
2020 112  4 21 1800  444.0  972.3    3.5  444.0   75.0  444.0
2020 112  4 21 1900  444.0  974.2    3.6  444.0   74.0  444.0
2020 112  4 21 2000  -36.9  974.6    2.6  444.0   72.0  444.0
2020 112  4 21 2100  -37.9  976.0    3.3  444.0   71.0  444.0
2020 112  4 21 2200  -37.8  976.6    3.3  444.0   72.0  444.0
2020 112  4 21 2300  -38.4  976.4    2.9  444.0   71.1  444.0
2020 113  4 22 0000  -38.6  976.6    1.2  444.0   71.0  444.0
2020 113  4 22 0100  -38.2  976.9    0.8  444.0   71.0  444.0
2020 113  4 22 0200  -39.2  977.7    0.5  444.0   70.7  444.0
2020 113  4 22 0300  -39.6  978.6    0.9  444.0   70.4  444.0
2020 113  4 22 0400  -39.9  978.5    0.4  444.0   70.0  444.0
2020 113  4 22 0500  -39.0  977.9    1.9  444.0   71.0  444.0
2020 113  4 22 0600  -38.5  978.3    0.2  444.0   71.0  444.0
2020 113  4 22 0700  -39.7  977.9    0.9  444.0   70.0  444.0
2020 113  4 22 0800  -37.6  978.3    2.3  444.0   71.8  444.0
2020 113  4 22 0900  -37.1  978.8    3.7  444.0   72.0  444.0
2020 113  4 22 1000  -40.0  979.2    2.6  444.0   70.0  444.0
2020 113  4 22 1100  -40.2  979.0    1.3  444.0   69.0  444.0
2020 113  4 22 1200  -40.7  979.2    0.0  444.0   69.0  444.0
2020 113  4 22 1300  -41.7  979.2    0.3  444.0   69.0  444.0
2020 113  4 22 1400  -40.6  978.9    1.2  444.0   69.0  444.0
2020 113  4 22 1500  -39.1  978.1    0.5  444.0   71.0  444.0
2020 113  4 22 1600  -39.3  978.1    5.3  444.0   70.0  444.0
2020 113  4 22 1700  -32.0  978.1    6.1  444.0   75.0  444.0
2020 113  4 22 1800  444.0  977.4    8.3  444.0   76.0  444.0
2020 113  4 22 1900  -32.5  977.3    8.7  444.0   74.0  444.0
2020 113  4 22 2000  -34.5  977.6    3.4  444.0   72.0  444.0
2020 113  4 22 2100  -32.7  977.6    5.1  444.0   74.0  444.0
2020 113  4 22 2200  -35.8  978.7    6.5  444.0   72.0  444.0
2020 113  4 22 2300  -35.1  979.1    5.2  444.0   72.0  444.0
2020 114  4 23 0000  -31.8  978.9    5.8  444.0   75.0  444.0
2020 114  4 23 0100  -29.2  978.9    6.9  444.0   76.2  444.0
2020 114  4 23 0200  -28.3  978.4    7.7  444.0   76.6  444.0
2020 114  4 23 0300  444.0  978.3    9.9  444.0   78.0  444.0
2020 114  4 23 0400  444.0  978.0   13.3  444.0   78.0  444.0
2020 114  4 23 0500  444.0  977.2   10.9  444.0   76.9  444.0
2020 114  4 23 0600  444.0  976.6   13.9  444.0   77.0  444.0
2020 114  4 23 0700  444.0  976.1   11.4  444.0   73.0  444.0
2020 114  4 23 0800  444.0  975.7   12.0  444.0   72.0  444.0
2020 114  4 23 0900  -24.4  975.3   14.4  444.0   76.0  444.0
2020 114  4 23 1000  -24.7  975.0   17.3  444.0   77.0  444.0
2020 114  4 23 1100  -25.7  974.7   13.5  444.0   75.0  444.0
2020 114  4 23 1200  -26.8  974.8   11.8  444.0   73.0  444.0
2020 114  4 23 1300  -27.1  974.6   12.7  444.0   74.0  444.0
2020 114  4 23 1400  444.0  975.8    9.1  444.0   73.0  444.0
2020 114  4 23 1500  444.0  977.0   11.2  444.0   72.0  444.0
2020 114  4 23 1600  444.0  977.8    9.0  444.0   71.0  444.0
2020 114  4 23 1700  -30.9  978.2    8.4  444.0   72.0  444.0
2020 114  4 23 1800  444.0  979.5    8.0  444.0   73.0  444.0
2020 114  4 23 1900  -34.0  981.0    6.9  444.0   73.0  444.0
2020 114  4 23 2000  -29.5  982.4    7.8  444.0   74.0  444.0
2020 114  4 23 2100  -28.3  983.6    6.8  444.0   72.0  444.0
2020 114  4 23 2200  444.0  984.4    8.1  444.0   71.0  444.0
2020 114  4 23 2300  444.0  985.4    8.2  444.0   74.0  444.0
2020 115  4 24 0000  444.0  985.9    7.4  444.0   73.0  444.0
2020 115  4 24 0100  -33.7  986.7    7.6  444.0   73.0  444.0
2020 115  4 24 0200  444.0  986.9    5.6  444.0   72.0  444.0
2020 115  4 24 0300  -36.5  986.5    3.3  444.0   71.8  444.0
2020 115  4 24 0400  -38.0  985.8    2.9  444.0   72.0  444.0
2020 115  4 24 0500  -38.9  985.0    1.0  444.0   71.0  444.0
2020 115  4 24 0600  -36.5  983.6    3.8  444.0   74.0  444.0
2020 115  4 24 0700  -31.7  982.1    9.6  444.0   73.0  444.0
2020 115  4 24 0800  -31.6  980.9    8.5  444.0   71.0  444.0
2020 115  4 24 0900  -32.0  979.4    8.2  444.0   69.0  444.0
2020 115  4 24 1000  -33.5  978.3    5.0  444.0   68.0  444.0
2020 115  4 24 1100  -34.6  976.8    5.6  444.0   67.0  444.0
2020 115  4 24 1200  -35.6  975.6    5.4  444.0   71.0  444.0
2020 115  4 24 1300  -34.6  974.7    6.6  444.0   68.2  444.0
2020 115  4 24 1400  -35.1  973.9    6.7  444.0   72.0  444.0
2020 115  4 24 1500  -31.5  972.7    9.4  444.0   74.0  444.0
2020 115  4 24 1600  -30.7  972.3   10.5  444.0   75.0  444.0
2020 115  4 24 1700  -31.0  971.9    8.7  444.0   75.0  444.0
2020 115  4 24 1800  -29.4  971.6    8.8  444.0   74.0  444.0
2020 115  4 24 1900  -30.1  971.4    8.7  444.0   71.8  444.0
2020 115  4 24 2000  -28.5  971.2   10.1  444.0   73.0  444.0
2020 115  4 24 2100  -27.6  971.2   12.5  444.0   75.0  444.0
2020 115  4 24 2200  444.0  972.1   13.5  444.0   75.0  444.0
2020 115  4 24 2300  -26.6  972.1   14.0  444.0   72.8  444.0
2020 116  4 25 0000  -28.4  972.3    9.4  444.0   69.0  444.0
2020 116  4 25 0100  -27.4  972.5   10.7  444.0   70.0  444.0
2020 116  4 25 0200  -27.5  972.2   10.9  444.0   71.0  444.0
2020 116  4 25 0300  -25.1  972.0   17.8  444.0   76.0  444.0
2020 116  4 25 0400  -24.4  972.0   16.4  444.0   77.5  444.0
2020 116  4 25 0500  -23.8  971.9   14.9  444.0   79.0  444.0
2020 116  4 25 0600  -21.1  971.6   13.0  444.0   82.0  444.0
2020 116  4 25 0700  -16.8  970.8    9.8  444.0   86.0  444.0
2020 116  4 25 0800  -17.0  971.8   12.2  444.0   84.0  444.0
2020 116  4 25 0900  -18.1  972.9   10.9  444.0   85.0  444.0
2020 116  4 25 1000  -17.5  975.0   13.8  444.0   84.0  444.0
2020 116  4 25 1100  -16.5  975.9   13.0  444.0   86.0  444.0
2020 116  4 25 1200  -15.9  977.7   13.0  444.0   86.0  444.0
2020 116  4 25 1300  -18.5  979.5   11.6  444.0   84.0  444.0
2020 116  4 25 1400  -19.4  981.2   12.9  444.0   83.0  444.0
2020 116  4 25 1500  -19.3  983.1   11.5  444.0   83.0  444.0
2020 116  4 25 1600  -19.2  984.5    9.6  444.0   83.0  444.0
2020 116  4 25 1700  -18.5  985.2   11.1  444.0   80.0  444.0
2020 116  4 25 1800  -19.4  986.8    9.4  444.0   82.0  444.0
2020 116  4 25 1900  -20.3  987.1    8.3  444.0   79.0  444.0
2020 116  4 25 2000  -20.4  988.4   10.5  444.0   80.0  444.0
2020 116  4 25 2100  -20.6  988.4    7.9  444.0   79.0  444.0
2020 116  4 25 2200  -19.9  988.2   11.6  444.0   81.8  444.0
2020 116  4 25 2300  -19.0  988.4   10.5  444.0   82.0  444.0
2020 117  4 26 0000  -20.1  988.6   10.1  444.0   80.0  444.0
2020 117  4 26 0100  -22.4  989.3   10.5  444.0   78.4  444.0
2020 117  4 26 0200  -25.6  990.1    6.6  444.0   77.0  444.0
2020 117  4 26 0300  444.0  990.6    7.7  444.0   76.0  444.0
2020 117  4 26 0400  444.0  991.4    6.5  444.0   73.0  444.0
2020 117  4 26 0500  444.0  991.7    5.0  444.0   73.0  444.0
2020 117  4 26 0600  444.0  991.8    3.9  444.0   73.0  444.0
2020 117  4 26 0700  444.0  991.6    2.6  444.0   75.0  444.0
2020 117  4 26 0800  444.0  991.5    3.6  444.0   80.0  444.0
2020 117  4 26 0900  444.0  991.1    4.5  444.0   78.0  444.0
2020 117  4 26 1000  -27.4  990.5    5.0  444.0   79.0  444.0
2020 117  4 26 1100  444.0  990.3    5.5  444.0   78.0  444.0
2020 117  4 26 1200  444.0  990.5    5.2  444.0   79.0  444.0
2020 117  4 26 1300  -23.7  990.5    7.7  444.0   80.0  444.0
2020 117  4 26 1400  -23.1  990.5    8.3  444.0   77.0  444.0
2020 117  4 26 1500  -24.8  990.5    7.5  444.0   74.0  444.0
2020 117  4 26 1600  -23.8  990.4    8.8  444.0   71.0  444.0
2020 117  4 26 1700  -24.8  990.4    9.3  444.0   75.0  444.0
2020 117  4 26 1800  444.0  990.6    6.6  444.0   76.0  444.0
2020 117  4 26 1900  444.0  990.5    7.6  444.0   77.0  444.0
2020 117  4 26 2000  444.0  990.6    6.9  444.0   76.0  444.0
2020 117  4 26 2100  444.0  990.7    7.1  444.0   76.0  444.0
2020 117  4 26 2200  444.0  991.1    7.7  444.0   76.8  444.0
2020 117  4 26 2300  444.0  990.6    7.4  444.0   77.5  444.0
2020 118  4 27 0000  444.0  990.5    6.3  444.0   77.0  444.0
2020 118  4 27 0100  444.0  990.6    6.1  444.0   77.0  444.0
2020 118  4 27 0200  444.0  990.5    7.0  444.0   76.0  444.0
2020 118  4 27 0300  444.0  990.4    6.1  444.0   77.0  444.0
2020 118  4 27 0400  444.0  990.4    5.3  444.0   75.9  444.0
2020 118  4 27 0500  444.0  990.1    7.1  444.0   76.0  444.0
2020 118  4 27 0600  444.0  990.0    6.5  444.0   78.0  444.0
2020 118  4 27 0700  444.0  990.2    7.8  444.0   77.0  444.0
2020 118  4 27 0800  444.0  990.0    8.3  444.0   77.0  444.0
2020 118  4 27 0900  -26.4  990.3    7.6  444.0   76.0  444.0
2020 118  4 27 1000  -26.9  990.4    8.3  444.0   76.0  444.0
2020 118  4 27 1100  -25.2  990.5    8.2  444.0   74.0  444.0
2020 118  4 27 1200  -24.7  990.5    8.2  444.0   70.0  444.0
2020 118  4 27 1300  -26.7  989.9    7.9  444.0   76.0  444.0
2020 118  4 27 1400  -25.4  990.2    7.1  444.0   72.0  444.0
2020 118  4 27 1500  -26.7  990.0    7.7  444.0   74.6  444.0
2020 118  4 27 1600  -26.5  989.9    7.8  444.0   77.0  444.0
2020 118  4 27 1700  -27.4  990.3    7.4  444.0   74.0  444.0
2020 118  4 27 1800  444.0  990.4    4.8  444.0   75.0  444.0
2020 118  4 27 1900  -31.0  990.4    3.7  444.0   76.0  444.0
2020 118  4 27 2000  -30.0  990.1    4.6  444.0   74.8  444.0
2020 118  4 27 2100  -28.0  990.6    7.9  444.0   73.0  444.0
2020 118  4 27 2200  -27.5  991.1    5.9  444.0   67.0  444.0
2020 118  4 27 2300  -26.0  991.5    8.7  444.0   69.0  444.0
2020 119  4 28 0000  -26.5  991.9    6.6  444.0   62.0  444.0
2020 119  4 28 0100  -25.9  992.5    6.9  444.0   72.0  444.0
2020 119  4 28 0200  444.0  992.8    5.7  444.0   69.8  444.0
2020 119  4 28 0300  444.0  993.4    5.8  444.0   74.0  444.0
2020 119  4 28 0400  444.0  994.5    6.2  444.0   73.0  444.0
2020 119  4 28 0500  444.0  995.1    5.2  444.0   75.0  444.0
2020 119  4 28 0600  -30.4  995.8    5.8  444.0   75.0  444.0
2020 119  4 28 0700  -34.6  997.3    6.6  444.0   72.0  444.0
2020 119  4 28 0800  444.0  998.2    7.2  444.0   71.0  444.0
2020 119  4 28 0900  -37.8  998.8    6.5  444.0   70.0  444.0
2020 119  4 28 1000  -38.2  999.3    6.9  444.0   70.0  444.0
2020 119  4 28 1100  -38.5  999.6    6.8  444.0   70.0  444.0
2020 119  4 28 1200  -39.3 1000.2    7.1  444.0   70.0  444.0
2020 119  4 28 1300  -39.5 1000.8    4.9  444.0   69.0  444.0
2020 119  4 28 1400  -39.8 1000.7    6.5  444.0   69.0  444.0
2020 119  4 28 1500  -39.9 1000.8    5.2  444.0   69.0  444.0
2020 119  4 28 1600  -40.3 1000.7    5.7  444.0   69.0  444.0
2020 119  4 28 1700  -40.7 1000.9    3.7  444.0   69.0  444.0
2020 119  4 28 1800  -41.5 1000.4    2.5  444.0   68.3  444.0
2020 119  4 28 1900  -42.0 1000.1    2.7  444.0   68.0  444.0
2020 119  4 28 2000  -42.0  999.8    2.1  444.0   69.0  444.0
2020 119  4 28 2100  -40.4  999.0    2.1  444.0   70.0  444.0
2020 119  4 28 2200  -38.4  998.5    3.5  444.0   72.0  444.0
2020 119  4 28 2300  -37.9  998.4    2.4  444.0   71.5  444.0
2020 120  4 29 0000  -37.8  997.8    0.8  444.0   72.0  444.0
2020 120  4 29 0100  -36.3  997.1    2.1  444.0   71.0  444.0
2020 120  4 29 0200  -34.3  996.7    3.8  444.0   73.0  444.0
2020 120  4 29 0300  -33.1  996.2    4.2  444.0   74.0  444.0
2020 120  4 29 0400  -31.3  995.9    5.5  444.0   74.0  444.0
2020 120  4 29 0500  -31.3  995.4    6.1  444.0   72.8  444.0
2020 120  4 29 0600  -30.3  995.4    6.2  444.0   69.0  444.0
2020 120  4 29 0700  -29.8  994.8    6.0  444.0   68.0  444.0
2020 120  4 29 0800  -30.7  994.4    4.9  444.0   71.0  444.0
2020 120  4 29 0900  -32.9  994.3    4.5  444.0   69.2  444.0
2020 120  4 29 1000  -37.8  994.3    3.8  444.0   70.0  444.0
2020 120  4 29 1100  -42.4  994.6    1.2  444.0   69.0  444.0
2020 120  4 29 1200  -44.3  994.7    4.7  444.0   67.0  444.0
2020 120  4 29 1300  -45.0  995.3    2.8  444.0   66.0  444.0
2020 120  4 29 1400  -45.2  995.2    0.3  444.0   65.7  444.0
2020 120  4 29 1500  -45.2  995.6    2.4  444.0   65.0  444.0
2020 120  4 29 1600  -45.0  995.4    1.5  444.0   65.0  444.0
2020 120  4 29 1700  -45.1  995.2    2.0  444.0   65.0  444.0
2020 120  4 29 1800  -45.0  995.3    3.8  444.0   65.1  444.0
2020 120  4 29 1900  -45.4  995.2    2.6  444.0   64.7  444.0
2020 120  4 29 2000  -46.0  995.0    0.4  444.0   64.0  444.0
2020 120  4 29 2100  -45.8  995.0    1.6  444.0   64.0  444.0
2020 120  4 29 2200  -46.0  994.9    2.1  444.0   65.0  444.0
2020 120  4 29 2300  -46.1  994.2    0.6  444.0   65.0  444.0
2020 121  4 30 0000  -46.2  994.1    0.5  444.0   65.0  444.0
2020 121  4 30 0100  -45.9  993.1    0.7  444.0   64.0  444.0
2020 121  4 30 0200  -46.0  992.6    0.5  444.0   65.0  444.0
2020 121  4 30 0300  -43.3  991.5    1.7  444.0   67.6  444.0
2020 121  4 30 0400  -41.4  991.0    2.2  444.0   70.4  444.0
2020 121  4 30 0500  -39.3  989.8    2.9  444.0   70.0  444.0
2020 121  4 30 0600  -35.5  989.1    6.2  444.0   71.7  444.0
2020 121  4 30 0700  -31.0  987.5    7.1  444.0   74.0  444.0
2020 121  4 30 0800  -30.4  986.7    7.1  444.0   67.0  444.0
2020 121  4 30 0900  -33.5  985.5    4.9  444.0   71.0  444.0
2020 121  4 30 1000  -33.9  984.4    5.2  444.0   74.0  444.0
2020 121  4 30 1100  -29.6  982.9    6.9  444.0   72.0  444.0
2020 121  4 30 1200  -30.4  982.1    6.6  444.0   69.0  444.0
2020 121  4 30 1300  -29.8  980.6    7.1  444.0   66.0  444.0
2020 121  4 30 1400  -28.2  979.7    7.3  444.0   69.1  444.0
2020 121  4 30 1500  444.0  978.7    5.8  444.0   74.0  444.0
2020 121  4 30 1600  -29.7  978.5    5.6  444.0   73.0  444.0
2020 121  4 30 1700  444.0  977.7    8.3  444.0   70.8  444.0
2020 121  4 30 1800  444.0  977.1    9.2  444.0   75.0  444.0
2020 121  4 30 1900  444.0  976.3    8.2  444.0   73.8  444.0
2020 121  4 30 2000  -33.5  977.1    8.5  444.0   73.0  444.0
2020 121  4 30 2100  -38.5  978.8   10.0  444.0   70.0  444.0
2020 121  4 30 2200  -39.9  980.1   10.9  444.0   69.0  444.0
2020 121  4 30 2300  -38.6  981.3    9.1  444.0   70.0  444.0
