Year: 2017  Month: 08  ID: MLN  ARGOS:  8934  Name: Marilyn             
Lat: 79.93S  Lon: 165.56E  Elev:   62m
2017 213  8  1 0000  -40.7  975.7    6.6  213.0   68.1  444.0
2017 213  8  1 0100  -40.7  975.2    6.0  211.0   67.7  444.0
2017 213  8  1 0200  -39.6  975.0    6.7  208.0   67.0  444.0
2017 213  8  1 0300  -39.8  974.9    4.4  199.0   66.3  444.0
2017 213  8  1 0400  -39.5  974.2    6.4  215.0   68.0  444.0
2017 213  8  1 0500  -39.8  973.6    6.2  215.0   68.0  444.0
2017 213  8  1 0600  -39.8  973.1    6.8  211.0   68.0  444.0
2017 213  8  1 0700  -38.4  973.0    6.1  210.0   69.0  444.0
2017 213  8  1 0800  -39.8  972.8    7.5  221.0   68.1  444.0
2017 213  8  1 0900  -40.4  973.0    5.1  220.0   68.0  444.0
2017 213  8  1 1000  -38.7  972.8    7.0  214.0   69.0  444.0
2017 213  8  1 1100  -38.2  972.6    7.5  217.0   68.0  444.0
2017 213  8  1 1200  -35.3  972.4    7.9  215.0   64.0  444.0
2017 213  8  1 1300  -38.6  972.2    6.2  212.0   68.4  444.0
2017 213  8  1 1400  -39.4  971.9    4.5  216.0   68.0  444.0
2017 213  8  1 1500  -38.8  972.1    5.0  205.0   65.0  444.0
2017 213  8  1 1600  -36.4  971.6    8.0  211.0   66.0  444.0
2017 213  8  1 1700  -36.9  971.8    7.4  203.0   65.0  444.0
2017 213  8  1 1800  -35.1  971.7    7.7  195.0   64.4  444.0
2017 213  8  1 1900  -35.4  971.9    6.8  199.0   65.0  444.0
2017 213  8  1 2000  -37.4  972.4    5.8  200.0   65.0  444.0
2017 213  8  1 2100  -38.9  972.6    4.5  194.0   66.0  444.0
2017 213  8  1 2200  -40.3  973.0    3.8  197.0   67.0  444.0
2017 213  8  1 2300  -40.3  973.1    4.8  211.0   68.8  444.0
2017 214  8  2 0000  -37.9  973.4    5.8  203.0   69.1  444.0
2017 214  8  2 0100  -34.6  973.2    8.1  193.0   66.0  444.0
2017 214  8  2 0200  -32.6  973.4    8.7  191.0   67.0  444.0
2017 214  8  2 0300  -35.2  973.4    7.4  209.0   63.0  444.0
2017 214  8  2 0400  -33.8  973.2    8.3  198.0   64.0  444.0
2017 214  8  2 0500  -35.1  973.5    7.2  219.0   64.2  444.0
2017 214  8  2 0600  -36.3  973.4    6.7  207.0   64.8  444.0
2017 214  8  2 0700  -36.4  973.3    6.3  201.0   67.0  444.0
2017 214  8  2 0800  -38.4  973.3    6.6  224.0   67.0  444.0
2017 214  8  2 0900  -37.5  973.2    6.4  202.0   69.0  444.0
2017 214  8  2 1000  -37.2  973.2    6.1  217.0   69.7  444.0
2017 214  8  2 1100  -35.9  973.1    7.1  216.0   66.8  444.0
2017 214  8  2 1200  -35.6  973.3    7.7  212.0   65.0  444.0
2017 214  8  2 1300  -33.1  973.1    8.3  195.0   66.0  444.0
2017 214  8  2 1400  -32.9  973.4    9.4  203.0   67.0  444.0
2017 214  8  2 1500  -33.5  973.5    8.0  206.0   64.4  444.0
2017 214  8  2 1600  -34.8  973.4    6.9  198.0   64.8  444.0
2017 214  8  2 1700  -37.0  973.2    4.8  208.0   66.6  444.0
2017 214  8  2 1800  -39.1  973.5    4.7  205.0   67.0  444.0
2017 214  8  2 1900  -39.1  974.1    4.8  212.0   67.0  444.0
2017 214  8  2 2000  -35.7  974.0    7.5  209.0   63.0  444.0
2017 214  8  2 2100  -35.8  974.1    7.1  209.0   62.9  444.0
2017 214  8  2 2200  -35.3  974.2    7.1  208.0   64.0  444.0
2017 214  8  2 2300  -36.9  974.5    7.0  210.0   67.0  444.0
2017 215  8  3 0000  -36.8  974.5    6.7  215.0   64.0  444.0
2017 215  8  3 0100  -37.3  974.6    6.8  214.0   66.9  444.0
2017 215  8  3 0200  -37.4  974.4    5.4  209.0   66.0  444.0
2017 215  8  3 0300  -37.4  974.5    6.3  215.0   65.6  444.0
2017 215  8  3 0400  -38.2  974.4    6.0  215.0   65.0  444.0
2017 215  8  3 0500  -38.1  974.4    5.7  218.0   65.0  444.0
2017 215  8  3 0600  -37.5  974.3    6.8  216.0   65.0  444.0
2017 215  8  3 0700  -36.8  974.4    5.6  216.0   63.0  444.0
2017 215  8  3 0800  -38.5  974.2    6.1  219.0   63.4  444.0
2017 215  8  3 0900  -38.1  974.1    6.3  213.0   64.5  444.0
2017 215  8  3 1000  -38.4  974.1    6.0  203.0   66.0  444.0
2017 215  8  3 1100  -38.4  973.8    4.9  197.0   66.0  444.0
2017 215  8  3 1200  -34.9  973.5    7.9  180.0   64.0  444.0
2017 215  8  3 1300  -34.3  973.4    6.9  188.0   64.4  444.0
2017 215  8  3 1400  -33.0  973.1    7.6  204.0   65.5  444.0
2017 215  8  3 1500  -31.9  973.0   10.3  191.0   68.0  444.0
2017 215  8  3 1600  -34.0  973.0    8.9  197.0   63.0  444.0
2017 215  8  3 1700  -34.5  972.7    7.9  202.0   61.0  444.0
2017 215  8  3 1800  -36.6  972.9    5.9  225.0   62.2  444.0
2017 215  8  3 1900  -37.4  972.9    4.1  211.0   62.7  444.0
2017 215  8  3 2000  -39.9  973.3    5.1  211.0   68.0  444.0
2017 215  8  3 2100  -40.8  973.7    4.7  186.0   67.0  444.0
2017 215  8  3 2200  -35.7  974.0    7.8  214.0   62.0  444.0
2017 215  8  3 2300  -37.3  974.8    6.6  188.0   65.8  444.0
2017 216  8  4 0000  -44.6  975.8    6.6  151.0   65.0  444.0
2017 216  8  4 0100  -44.8  976.3    6.8  142.0   65.1  444.0
2017 216  8  4 0200  -42.0  977.2    6.6  136.0   67.0  444.0
2017 216  8  4 0300  -38.8  977.4    4.8  151.0   67.0  444.0
2017 216  8  4 0400  -38.5  978.0    4.3  164.0   66.1  444.0
2017 216  8  4 0500  -37.7  978.6    4.7  159.0   67.0  444.0
2017 216  8  4 0600  -38.1  978.4    4.9  168.0   67.4  444.0
2017 216  8  4 0700  -35.4  978.6    6.9  159.0   66.0  444.0
2017 216  8  4 0800  -35.3  978.7    5.8  164.0   66.0  444.0
2017 216  8  4 0900  -32.2  978.8    7.2  162.0   68.0  444.0
2017 216  8  4 1000  -30.0  977.9    8.2  193.0   67.0  444.0
2017 216  8  4 1100  -28.0  977.5   10.7  188.0   69.4  444.0
2017 216  8  4 1200  -27.3  976.6   10.3  192.0   69.0  444.0
2017 216  8  4 1300  -26.7  977.4    8.4  170.0   73.0  444.0
2017 216  8  4 1400  -27.4  977.5    4.8  178.0   71.0  444.0
2017 216  8  4 1500  -27.7  977.5    6.1  170.0   68.0  444.0
2017 216  8  4 1600  -29.0  977.5    6.9  166.0   65.6  444.0
2017 216  8  4 1700  -29.4  977.4    6.2  183.0   67.0  444.0
2017 216  8  4 1800  -29.7  977.9    6.3  176.0   65.0  444.0
2017 216  8  4 1900  -31.0  978.8    7.0  115.0   65.0  444.0
2017 216  8  4 2000  -28.0  978.9    5.5  145.0   58.6  444.0
2017 216  8  4 2100  -29.4  979.1    5.6  166.0   62.7  444.0
2017 216  8  4 2200  -30.0  978.9    4.8  174.0   61.0  444.0
2017 216  8  4 2300  -29.8  978.6    7.9  162.0   66.0  444.0
2017 217  8  5 0000  -28.7  978.9    8.9  156.0   69.0  444.0
2017 217  8  5 0100  -28.7  979.3    7.1  118.0   70.0  444.0
2017 217  8  5 0200  -32.1  979.7    6.3  140.0   69.0  444.0
2017 217  8  5 0300  -29.3  980.1    8.3  138.0   70.0  444.0
2017 217  8  5 0400  -30.2  980.1    7.7  152.0   70.3  444.0
2017 217  8  5 0500  -30.8  980.2    7.1  159.0   68.0  444.0
2017 217  8  5 0600  -31.6  980.8    7.1  149.0   68.0  444.0
2017 217  8  5 0700  -32.4  981.3    7.6  149.0   69.0  444.0
2017 217  8  5 0800  -32.3  981.8    8.0  150.0   68.0  444.0
2017 217  8  5 0900  -32.5  981.9    8.2  163.0   68.8  444.0
2017 217  8  5 1000  -31.7  982.2    8.9  167.0   69.0  444.0
2017 217  8  5 1100  -31.3  982.4    9.1  166.0   70.0  444.0
2017 217  8  5 1200  -31.1  982.2   10.6  172.0   70.0  444.0
2017 217  8  5 1300  -30.9  982.3   11.2  165.0   71.4  444.0
2017 217  8  5 1400  -30.6  982.2   11.6  164.0   71.2  444.0
2017 217  8  5 1500  -30.7  982.4   11.3  167.0   71.0  444.0
2017 217  8  5 1600  -30.9  982.5   11.2  169.0   70.0  444.0
2017 217  8  5 1700  -30.9  982.5   11.4  169.0   71.0  444.0
2017 217  8  5 1800  -31.0  982.4    9.9  177.0   69.5  444.0
2017 217  8  5 1900  -31.2  981.8   10.2  184.0   68.0  444.0
2017 217  8  5 2000  -30.8  982.0   10.6  180.0   69.0  444.0
2017 217  8  5 2100  -30.8  982.0   10.5  179.0   68.0  444.0
2017 217  8  5 2200  -31.3  981.8    9.7  191.0   66.0  444.0
2017 217  8  5 2300  -32.0  981.8    8.2  193.0   66.3  444.0
2017 218  8  6 0000  -34.0  981.7    8.1  197.0   66.4  444.0
2017 218  8  6 0100  -33.0  981.1    8.3  194.0   65.0  444.0
2017 218  8  6 0200  -33.9  981.4    4.9  203.0   64.0  444.0
2017 218  8  6 0300  -34.7  981.0    7.5  212.0   65.0  444.0
2017 218  8  6 0400  -33.9  980.9    7.3  195.0   64.0  444.0
2017 218  8  6 0500  -35.3  981.4    4.6  207.0   64.5  444.0
2017 218  8  6 0600  -35.7  981.6    2.2  200.0   65.0  444.0
2017 218  8  6 0700  -35.7  981.2    6.0  212.0   64.7  444.0
2017 218  8  6 0800  -35.5  980.8    8.1  213.0   65.0  444.0
2017 218  8  6 0900  -36.5  981.4    5.8  201.0   68.0  444.0
2017 218  8  6 1000  -37.3  981.5    4.9  206.0   69.0  444.0
2017 218  8  6 1100  -36.3  981.1    7.3  198.0   70.0  444.0
2017 218  8  6 1200  -36.3  980.9    5.6  202.0   67.2  444.0
2017 218  8  6 1300  -36.9  980.5    5.2  194.0   68.0  444.0
2017 218  8  6 1400  -38.1  980.8    3.9  206.0   67.0  444.0
2017 218  8  6 1500  -37.6  980.7    6.7  207.0   69.0  444.0
2017 218  8  6 1600  -33.8  980.6    7.1  202.0   61.0  444.0
2017 218  8  6 1700  -33.4  980.4    7.4  204.0   60.8  444.0
2017 218  8  6 1800  -33.0  980.7    7.2  194.0   63.0  444.0
2017 218  8  6 1900  -33.8  980.9    6.6  204.0   63.0  444.0
2017 218  8  6 2000  -34.7  981.3    6.9  195.0   65.0  444.0
2017 218  8  6 2100  -35.6  981.8    5.8  195.0   65.0  444.0
2017 218  8  6 2200  -35.4  981.8    5.9  196.0   64.8  444.0
2017 218  8  6 2300  -35.5  982.4    6.0  204.0   65.8  444.0
2017 219  8  7 0000  -36.0  982.4    5.4  207.0   65.0  444.0
2017 219  8  7 0100  -36.9  982.4    5.6  203.0   66.0  444.0
2017 219  8  7 0200  -37.4  982.7    5.4  205.0   66.0  444.0
2017 219  8  7 0300  -37.5  983.4    4.5  207.0   66.0  444.0
2017 219  8  7 0400  -37.2  984.0    5.4  212.0   65.7  444.0
2017 219  8  7 0500  -35.6  984.3    5.9  202.0   64.9  444.0
2017 219  8  7 0600  -35.6  984.6    5.7  197.0   64.0  444.0
2017 219  8  7 0700  -37.1  985.5    3.3  177.0   65.0  444.0
2017 219  8  7 0800  -38.2  985.6    5.0  191.0   67.0  444.0
2017 219  8  7 0900  -38.0  986.0    4.9  177.0   67.7  444.0
2017 219  8  7 1000  -38.0  986.6    5.6  156.0   67.0  444.0
2017 219  8  7 1100  -37.8  987.1    6.9  144.0   68.0  444.0
2017 219  8  7 1200  -37.8  987.9    5.9  147.0   67.0  444.0
2017 219  8  7 1300  -38.2  988.0    5.2  154.0   67.0  444.0
2017 219  8  7 1400  -36.8  988.0    6.0  161.0   66.3  444.0
2017 219  8  7 1500  -35.3  988.0    6.3  167.0   64.0  444.0
2017 219  8  7 1600  -33.6  987.8    6.5  169.0   63.6  444.0
2017 219  8  7 1700  -33.5  987.7    5.3  161.0   63.0  444.0
2017 219  8  7 1800  -33.7  987.3    2.9  202.0   67.0  444.0
2017 219  8  7 1900  -34.9  986.3    4.1  201.0   69.0  444.0
2017 219  8  7 2000  -32.4  985.5    6.0  177.0   66.0  444.0
2017 219  8  7 2100  -31.8  984.3    5.7  205.0   64.9  444.0
2017 219  8  7 2200  -29.8  983.3    7.2  188.0   63.0  444.0
2017 219  8  7 2300  -31.0  982.6    7.6  172.0   67.0  444.0
2017 220  8  8 0000  -29.6  980.7    9.3  188.0   70.0  444.0
2017 220  8  8 0100  -35.3  979.2    4.9  172.0   68.0  444.0
2017 220  8  8 0200  -38.4  978.4    4.9  172.0   68.8  444.0
2017 220  8  8 0300  -32.3  976.6    5.3  207.0   74.0  444.0
2017 220  8  8 0400  -26.6  974.1    7.4  181.0   75.8  444.0
2017 220  8  8 0500  -27.1  973.7   14.0  173.0   76.0  444.0
2017 220  8  8 0600  -24.4  970.7   15.4  189.0   77.0  444.0
2017 220  8  8 0700  -24.2  968.9   16.9  179.0   77.4  444.0
2017 220  8  8 0800  -24.4  965.8   17.5  181.0   77.0  444.0
2017 220  8  8 0900  -23.9  965.7   15.3  188.0   77.8  444.0
2017 220  8  8 1000  -23.4  963.4   19.0  179.0   78.0  444.0
2017 220  8  8 1100  -23.8  961.9   19.4  183.0   78.0  444.0
2017 220  8  8 1200  -23.8  961.2   19.6  182.0   77.8  444.0
2017 220  8  8 1300  -23.9  959.6   23.1  177.0   78.0  444.0
2017 220  8  8 1400  -23.8  959.5   20.0  189.0   77.6  444.0
2017 220  8  8 1500  -23.9  958.9   20.5  177.0   77.0  444.0
2017 220  8  8 1600  -24.5  958.3   19.4  183.0   77.0  444.0
2017 220  8  8 1700  -25.2  958.9   17.4  183.0   76.4  444.0
2017 220  8  8 1800  -26.2  959.2   14.6  169.0   76.0  444.0
2017 220  8  8 1900  -26.8  960.5   10.5  175.0   74.9  444.0
2017 220  8  8 2000  -28.7  961.6    4.2  175.0   71.0  444.0
2017 220  8  8 2100  -28.7  964.1    8.8  146.0   65.0  444.0
2017 220  8  8 2200  -33.0  965.4   11.8  131.0   72.0  444.0
2017 220  8  8 2300  -36.5  966.5   14.1  118.0   70.0  444.0
2017 221  8  9 0000  -35.5  967.1   15.2  114.0   70.9  444.0
2017 221  8  9 0100  -35.0  968.6   15.2  103.0   71.0  444.0
2017 221  8  9 0200  -35.0  969.8   15.4  102.0   70.9  444.0
2017 221  8  9 0300  -35.2  972.4   11.5  100.0   71.0  444.0
2017 221  8  9 0400  -35.7  973.6    8.4  100.0   70.0  444.0
2017 221  8  9 0500  -36.0  973.7    8.6  102.0   70.1  444.0
2017 221  8  9 0600  -36.8  974.5    9.4  112.0   70.0  444.0
2017 221  8  9 0700  -36.9  975.6    7.7  113.0   69.2  444.0
2017 221  8  9 0800  -36.7  976.0    8.5  118.0   69.0  444.0
2017 221  8  9 0900  -35.5  976.3    8.9  128.0   70.0  444.0
2017 221  8  9 1000  -34.5  976.5    7.2  140.0   70.2  444.0
2017 221  8  9 1100  -32.8  976.6    7.6  142.0   72.0  444.0
2017 221  8  9 1200  -31.1  976.7   10.7  143.0   72.4  444.0
2017 221  8  9 1300  -31.2  977.0    8.6  145.0   72.0  444.0
2017 221  8  9 1400  -31.8  977.4    9.6  124.0   72.0  444.0
2017 221  8  9 1500  -34.8  977.7    9.5  115.0   70.8  444.0
2017 221  8  9 1600  -34.8  978.1    8.3  134.0   70.0  444.0
2017 221  8  9 1700  -34.9  978.4    7.2  137.0   69.9  444.0
2017 221  8  9 1800  -34.0  978.1    7.0  148.0   71.0  444.0
2017 221  8  9 1900  -34.1  977.8    7.8  154.0   72.0  444.0
2017 221  8  9 2000  -34.9  977.2    8.7  151.0   71.0  444.0
2017 221  8  9 2100  -35.2  977.0    9.6  156.0   71.0  444.0
2017 221  8  9 2200  -35.0  977.0   12.1  158.0   71.1  444.0
2017 221  8  9 2300  -34.6  977.1   12.0  161.0   71.0  444.0
2017 222  8 10 0000  -35.0  976.9   11.5  168.0   71.0  444.0
2017 222  8 10 0100  -34.8  977.0    8.7  182.0   70.5  444.0
2017 222  8 10 0200  -34.3  976.4   11.0  186.0   70.0  444.0
2017 222  8 10 0300  -33.0  976.2   10.7  171.0   67.9  444.0
2017 222  8 10 0400  -36.0  976.3    5.8  207.0   65.0  444.0
2017 222  8 10 0500  -36.0  975.8    7.5  203.0   66.4  444.0
2017 222  8 10 0600  -36.1  975.5    9.1  205.0   67.0  444.0
2017 222  8 10 0700  -35.1  975.4    7.7  204.0   64.0  444.0
2017 222  8 10 0800  -32.6  974.9   12.5  191.0   70.9  444.0
2017 222  8 10 0900  -33.1  974.7   10.2  199.0   69.0  444.0
2017 222  8 10 1000  -33.4  974.3    9.5  192.0   69.2  444.0
2017 222  8 10 1100  -32.4  974.2   11.8  197.0   70.0  444.0
2017 222  8 10 1200  -33.3  973.4   10.1  199.0   70.0  444.0
2017 222  8 10 1300  -32.8  972.4   10.2  194.0   69.3  444.0
2017 222  8 10 1400  -31.5  972.0   15.1  180.0   70.0  444.0
2017 222  8 10 1500  -31.9  971.5   13.2  181.0   69.7  444.0
2017 222  8 10 1600  -31.4  971.0   14.0  183.0   69.0  444.0
2017 222  8 10 1700  -31.3  970.4   10.7  180.0   68.0  444.0
2017 222  8 10 1800  -36.0  969.9    6.7  211.0   65.2  444.0
2017 222  8 10 1900  -32.1  969.3    8.4  192.0   66.0  444.0
2017 222  8 10 2000  -31.4  968.5    9.8  198.0   68.1  444.0
2017 222  8 10 2100  -31.0  968.3   11.3  202.0   68.0  444.0
2017 222  8 10 2200  -31.6  967.4   11.3  193.0   67.0  444.0
2017 222  8 10 2300  -31.6  967.5   10.1  202.0   68.3  444.0
2017 223  8 11 0000  -34.2  967.0    6.4  203.0   68.0  444.0
2017 223  8 11 0100  -40.7  967.4    4.5  155.0   67.0  444.0
2017 223  8 11 0200  -42.6  967.7    4.3  158.0   67.0  444.0
2017 223  8 11 0300  -42.4  968.1    4.0  153.0   68.2  444.0
2017 223  8 11 0400  -43.3  967.9    3.5  125.0   67.0  444.0
2017 223  8 11 0500  -43.4  968.4    3.0  135.0   67.0  444.0
2017 223  8 11 0600  -42.5  968.9    1.6  209.0   67.2  444.0
2017 223  8 11 0700  -39.7  969.3    2.9  190.0   68.0  444.0
2017 223  8 11 0800  -36.8  969.2    4.6  197.0   68.8  444.0
2017 223  8 11 0900  -36.7  969.6    5.3  192.0   69.0  444.0
2017 223  8 11 1000  -34.7  969.6    6.0  189.0   68.0  444.0
2017 223  8 11 1100  -33.1  969.3   10.4  175.0   67.3  444.0
2017 223  8 11 1200  -33.1  969.1   10.2  180.0   66.0  444.0
2017 223  8 11 1300  -33.1  969.2   10.6  180.0   66.0  444.0
2017 223  8 11 1400  -33.1  969.7   10.1  182.0   66.0  444.0
2017 223  8 11 1500  -33.5  969.8    8.2  180.0   65.0  444.0
2017 223  8 11 1600  -33.7  970.0    7.3  182.0   65.3  444.0
2017 223  8 11 1700  -34.0  970.0    7.3  202.0   65.0  444.0
2017 223  8 11 1800  -34.2  970.1    6.7  185.0   65.8  444.0
2017 223  8 11 1900  -36.3  971.0    7.3  175.0   65.0  444.0
2017 223  8 11 2000  -40.5  971.5    5.3  162.0   66.0  444.0
2017 223  8 11 2100  -41.3  971.7    4.6  166.0   67.8  444.0
2017 223  8 11 2200  -41.4  972.2    4.5  151.0   68.2  444.0
2017 223  8 11 2300  -40.3  973.2    4.1  146.0   68.7  444.0
2017 224  8 12 0000  -39.1  973.7    2.7  167.0   69.0  444.0
2017 224  8 12 0100  -38.6  974.2    2.7  165.0   69.0  444.0
2017 224  8 12 0200  -37.2  974.4    3.8  154.0   69.0  444.0
2017 224  8 12 0300  -36.9  974.9    3.8  165.0   69.0  444.0
2017 224  8 12 0400  -36.6  975.2    3.0  178.0   69.6  444.0
2017 224  8 12 0500  -36.5  975.6    4.0  189.0   69.0  444.0
2017 224  8 12 0600  -35.3  975.8    4.3  205.0   65.0  444.0
2017 224  8 12 0700  -35.4  976.1    4.0  185.0   67.0  444.0
2017 224  8 12 0800  -35.2  976.3    3.8  172.0   66.0  444.0
2017 224  8 12 0900  -35.1  976.7    4.0  174.0   66.7  444.0
2017 224  8 12 1000  -34.9  976.9    4.8  185.0   66.7  444.0
2017 224  8 12 1100  -34.8  976.6    4.8  190.0   67.4  444.0
2017 224  8 12 1200  -34.6  976.4    4.3  168.0   68.0  444.0
2017 224  8 12 1300  -35.3  976.5    3.7  164.0   68.0  444.0
2017 224  8 12 1400  -34.4  976.9    5.2  187.0   67.5  444.0
2017 224  8 12 1500  -33.6  976.8    5.5  162.0   68.3  444.0
2017 224  8 12 1600  -34.8  976.9    4.6  151.0   69.8  444.0
2017 224  8 12 1700  -35.2  977.5    5.4  150.0   70.0  444.0
2017 224  8 12 1800  -37.7  977.4    8.6  135.0   69.0  444.0
2017 224  8 12 1900  -36.0  978.6    6.8  149.0   70.2  444.0
2017 224  8 12 2000  -35.8  979.4    6.7  160.0   69.9  444.0
2017 224  8 12 2100  -33.9  979.1   10.0  152.0   71.5  444.0
2017 224  8 12 2200  -33.5  979.4   10.3  149.0   72.0  444.0
2017 224  8 12 2300  -34.2  979.7   11.5  150.0   71.0  444.0
2017 225  8 13 0000  -34.1  980.5    8.8  124.0   71.0  444.0
2017 225  8 13 0100  -33.7  980.4    7.7  126.0   71.1  444.0
2017 225  8 13 0200  -35.0  980.9    6.9  126.0   70.3  444.0
2017 225  8 13 0300  -35.0  980.9    7.1  128.0   70.2  444.0
2017 225  8 13 0400  -35.7  980.6   10.0  118.0   69.0  444.0
2017 225  8 13 0500  -35.6  980.4   10.1  139.0   70.0  444.0
2017 225  8 13 0600  -34.8  980.0   11.7  139.0   71.0  444.0
2017 225  8 13 0700  -35.1  979.8   11.9  137.0   70.7  444.0
2017 225  8 13 0800  -33.0  979.3   13.0  136.0   71.9  444.0
2017 225  8 13 0900  -31.4  978.9   14.9  134.0   72.0  444.0
2017 225  8 13 1000  -31.4  978.9   11.5  131.0   72.0  444.0
2017 225  8 13 1100  -30.3  978.0   12.1  134.0   73.0  444.0
2017 225  8 13 1200  -30.3  977.7   11.9  131.0   73.0  444.0
2017 225  8 13 1300  -28.7  977.0   12.3  135.0   74.4  444.0
2017 225  8 13 1400  -30.4  977.1   11.2  154.0   73.0  444.0
2017 225  8 13 1500  -29.4  976.2   11.9  153.0   73.0  444.0
2017 225  8 13 1600  -29.6  975.6   11.7  158.0   73.0  444.0
2017 225  8 13 1700  -27.6  975.0   11.2  152.0   72.0  444.0
2017 225  8 13 1800  -28.9  974.1   11.9  160.0   72.8  444.0
2017 225  8 13 1900  -28.5  973.0   11.2  170.0   73.0  444.0
2017 225  8 13 2000  -29.7  971.9   12.4  176.0   73.0  444.0
2017 225  8 13 2100  -28.3  970.9   12.1  166.0   74.0  444.0
2017 225  8 13 2200  -27.1  970.2   12.7  158.0   75.0  444.0
2017 225  8 13 2300  -26.2  969.9   11.1  159.0   75.0  444.0
2017 226  8 14 0000  -25.7  969.6   11.9  152.0   75.0  444.0
2017 226  8 14 0100  -26.0  969.5   11.7  151.0   75.0  444.0
2017 226  8 14 0200  -25.8  968.9   11.5  154.0   76.0  444.0
2017 226  8 14 0300  -25.8  968.0   12.2  163.0   76.0  444.0
2017 226  8 14 0400  -25.8  966.6   14.2  161.0   75.5  444.0
2017 226  8 14 0500  -26.1  965.6   15.4  163.0   76.0  444.0
2017 226  8 14 0600  -26.0  965.3   15.4  160.0   75.9  444.0
2017 226  8 14 0700  -25.4  964.8   15.6  161.0   76.0  444.0
2017 226  8 14 0800  -25.1  964.4   15.2  164.0   76.0  444.0
2017 226  8 14 0900  -25.1  964.2   15.7  157.0   76.0  444.0
2017 226  8 14 1000  -25.1  964.1   13.2  144.0   77.0  444.0
2017 226  8 14 1100  -25.0  963.9   13.4  148.0   75.1  444.0
2017 226  8 14 1200  -24.7  963.4   12.9  146.0   75.5  444.0
2017 226  8 14 1300  -25.0  963.5   11.6  158.0   75.0  444.0
2017 226  8 14 1400  -24.5  963.0   10.0  164.0   72.0  444.0
2017 226  8 14 1500  -24.1  963.1   13.3  158.0   73.0  444.0
2017 226  8 14 1600  -24.0  963.0   14.6  156.0   73.5  444.0
2017 226  8 14 1700  -23.6  963.0   15.2  159.0   78.0  444.0
2017 226  8 14 1800  -24.0  963.1   15.6  160.0   78.0  444.0
2017 226  8 14 1900  -24.2  963.6   15.3  160.0   78.0  444.0
2017 226  8 14 2000  -23.1  964.1   14.0  156.0   79.0  444.0
2017 226  8 14 2100  -24.2  965.1   13.8  154.0   78.4  444.0
2017 226  8 14 2200  -24.0  965.4   13.3  156.0   79.0  444.0
2017 226  8 14 2300  -22.9  965.3    9.1  153.0   80.0  444.0
2017 227  8 15 0000  -20.2  965.9    6.8  112.0   81.0  444.0
2017 227  8 15 0100  -20.8  967.4    5.6  122.0   81.0  444.0
2017 227  8 15 0200  -21.3  968.1    4.0  102.0   80.6  444.0
2017 227  8 15 0300  -22.1  968.4    0.2   82.0   80.0  444.0
2017 227  8 15 0400  -22.8  969.4    1.8   82.0   80.1  444.0
2017 227  8 15 0500  -22.9  969.9    0.9   82.0   80.0  444.0
2017 227  8 15 0600  -23.0  969.2    0.5   82.0   80.0  444.0
2017 227  8 15 0700  -21.4  968.6    6.9  137.0   80.9  444.0
2017 227  8 15 0800  -22.0  967.8    6.3  156.0   80.0  444.0
2017 227  8 15 0900  -22.0  967.5    9.2  160.0   81.0  444.0
2017 227  8 15 1000  -19.9  966.6   11.0  156.0   82.0  444.0
2017 227  8 15 1100  -19.5  966.7   11.4  160.0   82.0  444.0
2017 227  8 15 1200  -19.7  966.8   14.8  160.0   82.0  444.0
2017 227  8 15 1300  -19.8  967.0   14.9  158.0   82.0  444.0
2017 227  8 15 1400  -20.1  967.2   14.9  165.0   81.5  444.0
2017 227  8 15 1500  -17.9  967.5   11.1  160.0   84.0  444.0
2017 227  8 15 1600  -18.4  968.1   11.6  158.0   83.0  444.0
2017 227  8 15 1700  -19.3  967.9   13.1  158.0   83.0  444.0
2017 227  8 15 1800  -18.9  968.5   12.7  155.0   83.0  444.0
2017 227  8 15 1900  -19.4  969.3   18.1  156.0   81.9  444.0
2017 227  8 15 2000  -18.3  969.7   12.4  148.0   84.0  444.0
2017 227  8 15 2100  -17.4  970.6   11.9  152.0   84.0  444.0
2017 227  8 15 2200  -19.3  971.3   11.6  162.0   82.0  444.0
2017 227  8 15 2300  -20.1  971.8   11.7  158.0   82.0  444.0
2017 228  8 16 0000  -20.2  972.0   10.7  162.0   81.6  444.0
2017 228  8 16 0100  -20.5  972.5   10.4  164.0   82.0  444.0
2017 228  8 16 0200  -20.0  972.7    9.4  164.0   82.0  444.0
2017 228  8 16 0300  -19.9  972.9    9.2  168.0   82.0  444.0
2017 228  8 16 0400  -20.0  973.2    9.3  163.0   82.0  444.0
2017 228  8 16 0500  -20.6  973.2    9.9  167.0   81.5  444.0
2017 228  8 16 0600  -21.9  973.4   11.9  163.0   80.0  444.0
2017 228  8 16 0700  -22.1  974.1   10.7  162.0   80.1  444.0
2017 228  8 16 0800  -22.9  974.4   10.8  165.0   80.0  444.0
2017 228  8 16 0900  -22.5  975.1    9.1  159.0   77.0  444.0
2017 228  8 16 1000  -22.2  975.7    8.5  167.0   73.9  444.0
2017 228  8 16 1100  -22.4  976.3    8.3  188.0   75.0  444.0
2017 228  8 16 1200  -23.6  976.6    7.1  190.0   70.4  444.0
2017 228  8 16 1300  -24.5  976.7    6.7  195.0   73.0  444.0
2017 228  8 16 1400  -24.4  977.0    6.7  195.0   75.0  444.0
2017 228  8 16 1500  -24.0  977.5    7.3  196.0   75.0  444.0
2017 228  8 16 1600  -23.9  978.1    6.7  198.0   76.0  444.0
2017 228  8 16 1700  -24.4  978.4    6.4  202.0   76.4  444.0
2017 228  8 16 1800  -24.8  978.5    6.6  202.0   76.0  444.0
2017 228  8 16 1900  -25.4  978.8    5.9  207.0   74.0  444.0
2017 228  8 16 2000  -26.8  979.5    4.9  209.0   74.0  444.0
2017 228  8 16 2100  -27.9  979.6    4.8  204.0   76.0  444.0
2017 228  8 16 2200  -29.1  980.5    1.8  209.0   75.8  444.0
2017 228  8 16 2300  -27.9  981.4    2.6  209.0   75.0  444.0
2017 229  8 17 0000  -26.9  982.1    3.9  208.0   76.0  444.0
2017 229  8 17 0100  -26.0  983.0  444.0  444.0   74.0  444.0
2017 229  8 17 0200  -25.6  984.0  444.0  444.0   75.0  444.0
2017 229  8 17 0300  -25.9  984.5  444.0  444.0   74.9  444.0
2017 229  8 17 0400  -26.3  985.2  444.0  444.0   75.0  444.0
2017 229  8 17 0500  -27.0  986.5  444.0  444.0   75.2  444.0
2017 229  8 17 0600  -27.4  987.6  444.0  444.0   76.0  444.0
2017 229  8 17 0700  -27.5  988.7  444.0  444.0   75.0  444.0
2017 229  8 17 0800  -27.0  989.4  444.0  444.0   75.2  444.0
2017 229  8 17 0900  -26.0  990.3  444.0  444.0   76.9  444.0
2017 229  8 17 1000  -26.0  991.1  444.0  444.0   77.0  444.0
2017 229  8 17 1100  -26.5  991.8  444.0  444.0   77.0  444.0
2017 229  8 17 1200  -27.2  992.3  444.0  444.0   77.0  444.0
2017 229  8 17 1300  -28.3  992.9  444.0  444.0   77.0  444.0
2017 229  8 17 1400  -29.2  994.0  444.0  444.0   75.9  444.0
2017 229  8 17 1500  -29.9  994.8  444.0  444.0   75.1  444.0
2017 229  8 17 1600  -31.0  995.1  444.0  444.0   74.0  444.0
2017 229  8 17 1700  -31.6  995.5  444.0  444.0   73.0  444.0
2017 229  8 17 1800  -32.5  995.8  444.0  444.0   72.0  444.0
2017 229  8 17 1900  -32.3  996.3  444.0  444.0   72.7  444.0
2017 229  8 17 2000  -32.4  996.7  444.0  444.0   73.3  444.0
2017 229  8 17 2100  -32.3  997.4  444.0  444.0   74.0  444.0
2017 229  8 17 2200  -31.3  998.6    3.1  195.0   74.0  444.0
2017 229  8 17 2300  -31.0  999.6    1.5   97.0   73.0  444.0
2017 230  8 18 0000  -30.6 1000.1    1.6   97.0   74.2  444.0
2017 230  8 18 0100  -30.5 1000.8    2.7  200.0   71.0  444.0
2017 230  8 18 0200  -30.5 1000.9    3.2  186.0   70.5  444.0
2017 230  8 18 0300  -30.8 1001.8    2.6  214.0   72.0  444.0
2017 230  8 18 0400  -30.7 1002.6    2.7  217.0   73.0  444.0
2017 230  8 18 0500  -28.2 1002.7    3.7  192.0   70.3  444.0
2017 230  8 18 0600  -25.3 1003.0    7.9  187.0   73.0  444.0
2017 230  8 18 0700  -26.4 1003.2    4.2  201.0   70.4  444.0
2017 230  8 18 0800  -26.3 1003.7    5.6  187.0   71.0  444.0
2017 230  8 18 0900  -25.5 1003.9    4.7  173.0   71.0  444.0
2017 230  8 18 1000  -24.0 1004.0    9.5  189.0   71.0  444.0
2017 230  8 18 1100  -24.0 1003.7    8.3  183.0   73.0  444.0
2017 230  8 18 1200  -24.1 1003.4    8.3  169.0   74.6  444.0
2017 230  8 18 1300  -23.9 1003.5    7.7  167.0   74.0  444.0
2017 230  8 18 1400  -23.6 1003.1    7.7  160.0   76.0  444.0
2017 230  8 18 1500  -23.6 1002.8    5.7  140.0   76.0  444.0
2017 230  8 18 1600  -23.8 1002.5    6.2  134.0   77.0  444.0
2017 230  8 18 1700  -25.3 1002.3    6.3  104.0   75.9  444.0
2017 230  8 18 1800  -26.9 1002.0    5.1  113.0   75.0  444.0
2017 230  8 18 1900  -27.8 1001.3    7.3  129.0   75.0  444.0
2017 230  8 18 2000  -28.3 1001.0    8.6  104.0   75.0  444.0
2017 230  8 18 2100  -27.2 1000.4    7.2  126.0   76.0  444.0
2017 230  8 18 2200  -24.9  999.2    8.9  125.0   74.2  444.0
2017 230  8 18 2300  -23.9  998.9    9.0  125.0   76.0  444.0
2017 231  8 19 0000  -23.4  997.8    9.7  113.0   76.0  444.0
2017 231  8 19 0100  -23.1  997.3   10.1  109.0   77.0  444.0
2017 231  8 19 0200  -23.3  996.5    9.7   93.0   78.0  444.0
2017 231  8 19 0300  -24.4  996.1   10.2   91.0   77.8  444.0
2017 231  8 19 0400  -25.2  995.6   10.6   96.0   77.0  444.0
2017 231  8 19 0500  -25.6  995.2   11.5   92.0   77.0  444.0
2017 231  8 19 0600  -26.4  995.2   12.3   94.0   76.0  444.0
2017 231  8 19 0700  -27.4  994.8   13.5   96.0   76.0  444.0
2017 231  8 19 0800  -28.1  994.5   13.6   98.0   76.0  444.0
2017 231  8 19 0900  -28.9  994.0   13.6  100.0   75.0  444.0
2017 231  8 19 1000  -29.6  992.9   13.8  101.0   74.0  444.0
2017 231  8 19 1100  -30.1  992.6   14.0  102.0   74.0  444.0
2017 231  8 19 1200  -30.0  991.4   14.7  104.0   74.3  444.0
2017 231  8 19 1300  -29.9  990.9   13.7   98.0   74.0  444.0
2017 231  8 19 1400  -30.1  990.2   13.5  100.0   74.0  444.0
2017 231  8 19 1500  -29.7  989.4   13.3   94.0   74.0  444.0
2017 231  8 19 1600  -29.7  989.4   12.9   95.0   75.0  444.0
2017 231  8 19 1700  -29.5  988.9   10.7   91.0   75.0  444.0
2017 231  8 19 1800  -29.3  988.0   11.8   90.0   75.0  444.0
2017 231  8 19 1900  -29.2  987.2    9.9   95.0   75.0  444.0
2017 231  8 19 2000  -29.0  987.4    8.5   89.0   75.0  444.0
2017 231  8 19 2100  -28.7  986.9    8.4   96.0   75.0  444.0
2017 231  8 19 2200  -28.5  986.1    8.2  100.0   75.0  444.0
2017 231  8 19 2300  -28.3  985.8    6.9   96.0   75.0  444.0
2017 232  8 20 0000  -28.4  985.3    7.2   86.0   75.0  444.0
2017 232  8 20 0100  -28.5  985.0    6.8   84.0   75.1  444.0
2017 232  8 20 0200  -28.5  984.7    6.2   90.0   75.0  444.0
2017 232  8 20 0300  -28.6  984.9    5.8   89.0   75.0  444.0
2017 232  8 20 0400  -28.5  984.7    5.5   98.0   75.0  444.0
2017 232  8 20 0500  -28.4  984.1    6.2  104.0   75.0  444.0
2017 232  8 20 0600  -28.6  983.6    5.9  103.0   75.0  444.0
2017 232  8 20 0700  -28.5  983.6    5.8   98.0   75.0  444.0
2017 232  8 20 0800  -28.6  983.9    5.6  101.0   75.0  444.0
2017 232  8 20 0900  -28.7  983.6    5.3  117.0   75.0  444.0
2017 232  8 20 1000  -28.8  983.4    6.6  120.0   75.0  444.0
2017 232  8 20 1100  -28.6  983.2    6.6  116.0   75.0  444.0
2017 232  8 20 1200  -28.0  983.1    7.5  109.0   76.0  444.0
2017 232  8 20 1300  -27.5  982.6    6.8  116.0   76.0  444.0
2017 232  8 20 1400  -27.1  982.2    8.5  114.0   76.0  444.0
2017 232  8 20 1500  -26.9  981.8    8.2  113.0   76.5  444.0
2017 232  8 20 1600  -26.7  981.3    8.3  117.0   77.0  444.0
2017 232  8 20 1700  -26.8  980.9    9.3  109.0   77.0  444.0
2017 232  8 20 1800  -27.1  980.1    8.7  114.0   76.0  444.0
2017 232  8 20 1900  -27.1  979.4    9.6  120.0   76.0  444.0
2017 232  8 20 2000  -27.0  978.4   10.3   69.0   76.0  444.0
2017 232  8 20 2100  -26.6  977.5   10.5  125.0   77.0  444.0
2017 232  8 20 2200  -25.9  976.4    9.7  126.0   77.0  444.0
2017 232  8 20 2300  -25.2  974.9   11.1  122.0   78.0  444.0
2017 233  8 21 0000  -24.6  973.6   12.0  118.0   78.0  444.0
2017 233  8 21 0100  -23.6  972.0   10.6  125.0   79.0  444.0
2017 233  8 21 0200  -23.6  970.8   10.2  110.0   79.0  444.0
2017 233  8 21 0300  -22.9  969.8   12.6  112.0   79.0  444.0
2017 233  8 21 0400  -21.2  967.9   12.4  123.0   80.8  444.0
2017 233  8 21 0500  -20.7  966.9   13.3  120.0   81.0  444.0
2017 233  8 21 0600  -19.9  965.7   13.3  127.0   81.0  444.0
2017 233  8 21 0700  -19.5  964.5   12.9  127.0   81.0  444.0
2017 233  8 21 0800  -18.4  962.9   12.9  131.0   81.0  444.0
2017 233  8 21 0900  -17.5  961.8   13.6  125.0   83.0  444.0
2017 233  8 21 1000  -16.3  960.1   12.0  132.0   84.0  444.0
2017 233  8 21 1100  -15.8  958.3   11.8  148.0   85.0  444.0
2017 233  8 21 1200  -16.2  956.4   12.7  169.0   85.0  444.0
2017 233  8 21 1300  -16.5  954.0   12.5  172.0   84.0  444.0
2017 233  8 21 1400  -14.3  951.4   11.0  151.0   87.0  444.0
2017 233  8 21 1500  -12.1  948.8   16.4  118.0   88.0  444.0
2017 233  8 21 1600  -13.9  947.3   14.6   93.0   86.0  444.0
2017 233  8 21 1700  -14.4  946.2   11.9   97.0   86.0  444.0
2017 233  8 21 1800  -15.1  945.3   11.5  100.0   86.0  444.0
2017 233  8 21 1900  -15.1  944.5   10.3  104.0   86.0  444.0
2017 233  8 21 2000  -15.2  944.2    9.9  102.0   86.0  444.0
2017 233  8 21 2100  -15.4  944.1    8.9   98.0   85.0  444.0
2017 233  8 21 2200  -15.2  944.5    8.4   95.0   86.0  444.0
2017 233  8 21 2300  -15.0  944.6    9.8   96.0   86.0  444.0
2017 234  8 22 0000  -14.9  944.4    9.1  102.0   86.0  444.0
2017 234  8 22 0100  -14.5  944.6    9.2   87.0   87.0  444.0
2017 234  8 22 0200  -14.8  945.1    8.2   85.0   86.0  444.0
2017 234  8 22 0300  -15.7  946.1   10.4   74.0   86.0  444.0
2017 234  8 22 0400  -16.2  947.7   11.6   78.0   85.2  444.0
2017 234  8 22 0500  -18.2  949.1   10.9   83.0   83.0  444.0
2017 234  8 22 0600  -19.5  950.8   10.8   80.0   82.0  444.0
2017 234  8 22 0700  -21.4  952.3   11.8   35.0   80.9  444.0
2017 234  8 22 0800  -21.1  953.8   11.4   95.0   81.1  444.0
2017 234  8 22 0900  -20.5  954.5   10.0   97.0   82.0  444.0
2017 234  8 22 1000  -20.3  955.1   10.4   87.0   82.0  444.0
2017 234  8 22 1100  -21.2  956.6    8.4   73.0   82.0  444.0
2017 234  8 22 1200  -18.7  958.8   12.5   68.0   83.0  444.0
2017 234  8 22 1300  -18.9  961.0   12.3   78.0   83.1  444.0
2017 234  8 22 1400  -18.8  962.8   12.4   89.0   83.0  444.0
2017 234  8 22 1500  -18.8  963.6   15.3   96.0   83.0  444.0
2017 234  8 22 1600  -19.3  964.1   13.7  104.0   83.0  444.0
2017 234  8 22 1700  -19.3  963.8   11.7  110.0   83.0  444.0
2017 234  8 22 1800  -18.4  963.0   12.0  103.0   83.5  444.0
2017 234  8 22 1900  -17.9  963.0   12.7  106.0   84.0  444.0
2017 234  8 22 2000  -17.6  962.8   13.7  100.0   84.0  444.0
2017 234  8 22 2100  -17.4  962.9   14.0   94.0   84.0  444.0
2017 234  8 22 2200  -17.2  963.1   12.7  100.0   84.0  444.0
2017 234  8 22 2300  -16.8  963.4   11.8  104.0   85.0  444.0
2017 235  8 23 0000  -16.6  962.9   10.6  110.0   85.0  444.0
2017 235  8 23 0100  -15.9  963.0   11.1  109.0   85.5  444.0
2017 235  8 23 0200  -15.5  962.4   11.4  108.0   86.0  444.0
2017 235  8 23 0300  -14.9  961.6   11.2  116.0   86.0  444.0
2017 235  8 23 0400  -15.4  961.5   10.8  110.0   85.0  444.0
2017 235  8 23 0500  -16.0  961.1   11.3  103.0   85.0  444.0
2017 235  8 23 0600  -16.3  960.8    9.5  105.0   84.8  444.0
2017 235  8 23 0700  -16.4  961.0   10.1   99.0   85.0  444.0
2017 235  8 23 0800  -16.2  961.5   10.4   98.0   85.0  444.0
2017 235  8 23 0900  -15.9  962.3   10.5   98.0   85.0  444.0
2017 235  8 23 1000  -15.9  962.9    8.9  104.0   85.0  444.0
2017 235  8 23 1100  -16.1  963.7    8.9  106.0   85.2  444.0
2017 235  8 23 1200  -16.3  963.8    9.3  105.0   84.8  444.0
2017 235  8 23 1300  -16.8  964.3    8.1  108.0   84.0  444.0
2017 235  8 23 1400  -17.1  964.5    8.3  107.0   84.0  444.0
2017 235  8 23 1500  -16.9  964.8    8.9  102.0   84.0  444.0
2017 235  8 23 1600  -16.9  965.2    9.0  105.0   84.4  444.0
2017 235  8 23 1700  -17.2  965.7    9.0  107.0   83.9  444.0
2017 235  8 23 1800  -17.4  966.1    9.8  105.0   84.0  444.0
2017 235  8 23 1900  -17.8  966.6   11.0  103.0   84.0  444.0
2017 235  8 23 2000  -18.1  967.6   10.1   99.0   84.0  444.0
2017 235  8 23 2100  -19.2  968.6    8.6  113.0   82.7  444.0
2017 235  8 23 2200  -18.5  969.1    8.7  117.0   83.0  444.0
2017 235  8 23 2300  -17.6  969.1   10.3  110.0   84.0  444.0
2017 236  8 24 0000  -17.9  969.2    9.8  120.0   84.0  444.0
2017 236  8 24 0100  -18.1  969.4   10.8  110.0   84.0  444.0
2017 236  8 24 0200  -17.7  970.3   10.8  101.0   84.0  444.0
2017 236  8 24 0300  -17.9  971.3   10.8  106.0   84.0  444.0
2017 236  8 24 0400  -18.8  972.5    9.8  116.0   83.0  444.0
2017 236  8 24 0500  -19.3  972.9   10.5  128.0   83.0  444.0
2017 236  8 24 0600  -17.7  973.2   11.0  128.0   84.0  444.0
2017 236  8 24 0700  -16.9  973.5   10.9  122.0   85.0  444.0
2017 236  8 24 0800  -16.6  973.1   12.4  125.0   85.0  444.0
2017 236  8 24 0900  -17.4  973.6   12.7  123.0   84.4  444.0
2017 236  8 24 1000  -16.1  973.7   13.0  118.0   85.0  444.0
2017 236  8 24 1100  -15.8  973.4   12.1  115.0   85.6  444.0
2017 236  8 24 1200  -16.1  973.4   11.3  129.0   85.0  444.0
2017 236  8 24 1300  -16.1  973.0   10.6  130.0   85.0  444.0
2017 236  8 24 1400  -15.7  973.0   11.6  113.0   85.2  444.0
2017 236  8 24 1500  -17.3  973.3   12.3  155.0   85.0  444.0
2017 236  8 24 1600  -18.8  972.8   12.2  166.0   81.3  444.0
2017 236  8 24 1700  -20.7  972.6   10.6  170.0   82.0  444.0
2017 236  8 24 1800  -19.7  972.0    9.1  167.0   82.0  444.0
2017 236  8 24 1900  -19.9  971.9    9.7  167.0   82.0  444.0
2017 236  8 24 2000  -20.5  972.0   11.2  173.0   82.0  444.0
2017 236  8 24 2100  -20.9  972.0   10.7  175.0   81.4  444.0
2017 236  8 24 2200  -21.7  972.1   10.3  184.0   81.0  444.0
2017 236  8 24 2300  -21.4  972.1   10.3  180.0   81.0  444.0
2017 237  8 25 0000  -22.8  972.0    9.6  182.0   80.0  444.0
2017 237  8 25 0100  -22.1  971.9    9.4  182.0   80.0  444.0
2017 237  8 25 0200  -22.5  971.9    8.7  186.0   79.0  444.0
2017 237  8 25 0300  -23.0  971.3    7.9  202.0   75.6  444.0
2017 237  8 25 0400  -25.6  971.0    7.4  214.0   77.0  444.0
2017 237  8 25 0500  444.0  970.5    9.8  198.0   77.0  444.0
2017 237  8 25 0600  -27.7  971.0    8.2  207.0   76.0  444.0
2017 237  8 25 0700  -28.4  971.1    7.0  214.0   76.0  444.0
2017 237  8 25 0800  -29.2  970.6    7.5  217.0   76.0  444.0
2017 237  8 25 0900  -28.8  970.7    7.3  215.0   75.0  444.0
2017 237  8 25 1000  -29.8  970.4    6.9  214.0   75.0  444.0
2017 237  8 25 1100  -28.8  970.4    7.3  210.0   76.0  444.0
2017 237  8 25 1200  -29.4  970.5    7.9  220.0   76.1  444.0
2017 237  8 25 1300  -28.6  970.4    8.3  216.0   76.0  444.0
2017 237  8 25 1400  -28.4  969.9    8.5  198.0   76.1  444.0
2017 237  8 25 1500  -29.2  970.6    7.8  204.0   76.0  444.0
2017 237  8 25 1600  -27.8  970.1    9.2  186.0   77.0  444.0
2017 237  8 25 1700  -27.1  969.9   10.8  180.0   76.2  444.0
2017 237  8 25 1800  -27.3  969.8    9.9  180.0   76.0  444.0
2017 237  8 25 1900  -27.1  969.8   13.7  184.0   76.2  444.0
2017 237  8 25 2000  -28.3  969.8   14.0  190.0   75.0  444.0
2017 237  8 25 2100  -28.7  969.6   14.7  187.0   75.0  444.0
2017 237  8 25 2200  -29.1  969.6   14.8  183.0   74.9  444.0
2017 237  8 25 2300  -29.8  969.1   13.8  180.0   74.0  444.0
2017 238  8 26 0000  -30.6  968.2   10.6  174.0   74.2  444.0
2017 238  8 26 0100  -30.3  968.8    8.0  181.0   75.0  444.0
2017 238  8 26 0200  -30.0  967.8   10.3  174.0   75.0  444.0
2017 238  8 26 0300  -29.8  967.3   10.3  163.0   75.0  444.0
2017 238  8 26 0400  -30.1  967.3    9.2  169.0   75.0  444.0
2017 238  8 26 0500  -30.3  967.1    8.6  163.0   74.4  444.0
2017 238  8 26 0600  -29.6  967.3    6.5  163.0   75.0  444.0
2017 238  8 26 0700  -28.0  967.0   10.1  159.0   76.0  444.0
2017 238  8 26 0800  -27.5  966.8    8.7  157.0   76.0  444.0
2017 238  8 26 0900  -27.5  966.8   10.2  158.0   76.0  444.0
2017 238  8 26 1000  -27.8  966.8    9.2  166.0   76.1  444.0
2017 238  8 26 1100  -28.7  966.9   11.0  172.0   75.0  444.0
2017 238  8 26 1200  -28.3  966.9    9.8  167.0   75.9  444.0
2017 238  8 26 1300  -28.2  966.6   10.2  165.0   76.0  444.0
2017 238  8 26 1400  -28.5  966.8    9.3  169.0   76.0  444.0
2017 238  8 26 1500  -29.1  966.8   11.6  164.0   75.2  444.0
2017 238  8 26 1600  -29.2  966.9   10.7  166.0   75.0  444.0
2017 238  8 26 1700  -29.4  966.8   10.5  165.0   75.0  444.0
2017 238  8 26 1800  -29.9  966.7    9.1  166.0   75.0  444.0
2017 238  8 26 1900  -29.9  966.7   10.2  163.0   75.0  444.0
2017 238  8 26 2000  -29.4  966.9   10.3  168.0   75.0  444.0
2017 238  8 26 2100  -29.4  966.9   10.8  164.0   75.0  444.0
2017 238  8 26 2200  -30.0  966.7   10.7  164.0   74.3  444.0
2017 238  8 26 2300  -31.1  966.8    9.2  168.0   74.0  444.0
2017 239  8 27 0000  -30.7  966.8    9.5  186.0   74.0  444.0
2017 239  8 27 0100  -30.1  966.3   10.1  186.0   74.3  444.0
2017 239  8 27 0200  -30.7  966.3    9.1  189.0   74.1  444.0
2017 239  8 27 0300  -31.6  965.8    8.5  188.0   73.8  444.0
2017 239  8 27 0400  -30.3  965.9    9.3  182.0   74.0  444.0
2017 239  8 27 0500  -30.7  965.7    9.1  188.0   73.0  444.0
2017 239  8 27 0600  -31.2  965.2    9.4  185.0   74.0  444.0
2017 239  8 27 0700  -31.1  964.9    9.3  185.0   73.1  444.0
2017 239  8 27 0800  -31.6  964.7    7.5  186.0   72.7  444.0
2017 239  8 27 0900  -32.4  964.4    5.8  194.0   73.0  444.0
2017 239  8 27 1000  -30.4  964.0    7.8  188.0   74.0  444.0
2017 239  8 27 1100  -30.6  963.2   10.5  185.0   74.0  444.0
2017 239  8 27 1200  -31.0  962.7   11.4  178.0   73.0  444.0
2017 239  8 27 1300  -31.2  962.7    8.2  182.0   73.6  444.0
2017 239  8 27 1400  -31.6  961.8    9.2  169.0   73.0  444.0
2017 239  8 27 1500  -32.2  961.4    9.3  175.0   72.0  444.0
2017 239  8 27 1600  -33.0  960.5   10.7  175.0   72.0  444.0
2017 239  8 27 1700  -33.2  960.4   10.1  176.0   72.6  444.0
2017 239  8 27 1800  -32.4  960.3   12.8  170.0   73.0  444.0
2017 239  8 27 1900  -32.5  960.4   10.0  170.0   72.0  444.0
2017 239  8 27 2000  -34.7  960.5    6.0  185.0   70.0  444.0
2017 239  8 27 2100  -36.3  960.6    6.5  197.0   68.0  444.0
2017 239  8 27 2200  -36.5  960.8    4.6  200.0   71.0  444.0
2017 239  8 27 2300  444.0  960.4    8.7  182.0   72.3  444.0
2017 240  8 28 0000  444.0  961.0    6.3  194.0   68.8  444.0
2017 240  8 28 0100  -37.8  960.7    4.1  220.0   67.9  444.0
2017 240  8 28 0200  -39.5  960.7    4.9  212.0   69.0  444.0
2017 240  8 28 0300  -33.7  960.2   10.8  186.0   72.0  444.0
2017 240  8 28 0400  -37.6  960.5    5.6  206.0   70.0  444.0
2017 240  8 28 0500  -34.6  960.4   10.8  183.0   71.6  444.0
2017 240  8 28 0600  -36.0  960.7    7.4  201.0   70.0  444.0
2017 240  8 28 0700  -37.0  961.2    6.1  214.0   69.0  444.0
2017 240  8 28 0800  -37.2  961.2    7.7  202.0   70.0  444.0
2017 240  8 28 0900  -36.9  961.6    8.5  197.0   70.0  444.0
2017 240  8 28 1000  -38.5  962.2    7.1  213.0   69.3  444.0
2017 240  8 28 1100  -38.0  962.7    7.1  211.0   69.4  444.0
2017 240  8 28 1200  -35.8  962.8   10.2  199.0   71.0  444.0
2017 240  8 28 1300  -38.0  963.3    8.0  209.0   70.0  444.0
2017 240  8 28 1400  -38.8  963.9    7.4  216.0   69.0  444.0
2017 240  8 28 1500  -39.1  964.6    6.5  217.0   68.3  444.0
2017 240  8 28 1600  -38.6  965.2    7.8  208.0   69.4  444.0
2017 240  8 28 1700  -38.9  966.0    7.3  206.0   69.0  444.0
2017 240  8 28 1800  -37.3  966.4    8.1  203.0   70.0  444.0
2017 240  8 28 1900  -39.5  967.1    6.3  218.0   69.0  444.0
2017 240  8 28 2000  -39.0  967.5    5.8  232.0   69.0  444.0
2017 240  8 28 2100  -38.4  968.4    6.6  212.0   69.2  444.0
2017 240  8 28 2200  -39.5  969.2    5.0  212.0   68.7  444.0
2017 240  8 28 2300  -40.4  969.6    2.3  176.0   68.0  444.0
2017 241  8 29 0000  -42.2  970.0    0.6  227.0   67.0  444.0
2017 241  8 29 0100  -43.1  970.1  444.0  444.0   66.0  444.0
2017 241  8 29 0200  -44.2  970.3  444.0  444.0   66.0  444.0
2017 241  8 29 0300  -45.0  970.3  444.0  444.0   65.3  444.0
2017 241  8 29 0400  -44.9  970.2  444.0  444.0   66.0  444.0
2017 241  8 29 0500  -45.0  970.5  444.0  444.0   65.0  444.0
2017 241  8 29 0600  -44.0  970.5  444.0  444.0   66.0  444.0
2017 241  8 29 0700  -44.1  970.3  444.0  444.0   66.0  444.0
2017 241  8 29 0800  -43.8  970.2  444.0  444.0   66.4  444.0
2017 241  8 29 0900  -43.7  970.5  444.0  444.0   66.0  444.0
2017 241  8 29 1000  -43.1  970.5  444.0  444.0   66.6  444.0
2017 241  8 29 1100  -42.8  970.8  444.0  444.0   67.0  444.0
2017 241  8 29 1200  -41.3  970.6  444.0  444.0   68.0  444.0
2017 241  8 29 1300  -39.3  970.7  444.0  444.0   69.2  444.0
2017 241  8 29 1400  -38.7  970.6  444.0  444.0   69.0  444.0
2017 241  8 29 1500  -36.4  970.9    2.9  157.0   70.0  444.0
2017 241  8 29 1600  -37.7  970.8    3.8  146.0   69.0  444.0
2017 241  8 29 1700  -39.6  970.6    2.4  146.0   68.0  444.0
2017 241  8 29 1800  -40.0  970.8    0.4  192.0   68.0  444.0
2017 241  8 29 1900  -38.4  971.0  444.0  444.0   69.0  444.0
2017 241  8 29 2000  -39.1  971.1    2.7  143.0   68.2  444.0
2017 241  8 29 2100  -38.6  971.6    1.6  222.0   68.0  444.0
2017 241  8 29 2200  -37.7  971.6  444.0  444.0   69.0  444.0
2017 241  8 29 2300  -38.5  971.9    1.5  230.0   68.0  444.0
2017 242  8 30 0000  -37.9  972.0    1.5  230.0   68.0  444.0
2017 242  8 30 0100  -39.5  971.7    1.1  230.0   67.8  444.0
2017 242  8 30 0200  -39.4  972.0    2.8  230.0   68.0  444.0
2017 242  8 30 0300  -38.3  972.3    2.5  230.0   69.1  444.0
2017 242  8 30 0400  -36.1  972.5    6.3  182.0   70.0  444.0
2017 242  8 30 0500  -35.7  972.9    6.0  194.0   70.0  444.0
2017 242  8 30 0600  -38.3  973.3    4.4  209.0   68.6  444.0
2017 242  8 30 0700  -40.7  973.4    4.1  207.0   68.0  444.0
2017 242  8 30 0800  -42.0  973.7    4.8  210.0   67.0  444.0
2017 242  8 30 0900  -41.8  973.9    4.2  207.0   67.0  444.0
2017 242  8 30 1000  -42.3  974.3    3.4  214.0   67.0  444.0
2017 242  8 30 1100  -39.5  974.4    5.1  207.0   68.3  444.0
2017 242  8 30 1200  -39.4  974.6    5.1  206.0   68.0  444.0
2017 242  8 30 1300  -39.5  974.9    4.6  202.0   68.3  444.0
2017 242  8 30 1400  -39.3  975.0    5.0  195.0   68.0  444.0
2017 242  8 30 1500  -39.4  975.3    4.1  178.0   68.0  444.0
2017 242  8 30 1600  -40.3  975.8    3.2  181.0   67.7  444.0
2017 242  8 30 1700  -41.9  976.1    3.5  170.0   67.0  444.0
2017 242  8 30 1800  -42.1  976.0    3.6  171.0   67.1  444.0
2017 242  8 30 1900  -41.5  976.3    3.8  165.0   67.0  444.0
2017 242  8 30 2000  -41.0  976.7    4.6  161.0   68.0  444.0
2017 242  8 30 2100  -41.3  976.8    5.5  153.0   67.0  444.0
2017 242  8 30 2200  -39.5  976.8    6.4  153.0   68.0  444.0
2017 242  8 30 2300  -38.1  977.1    7.4  163.0   69.2  444.0
2017 243  8 31 0000  -37.5  977.3    7.0  144.0   69.0  444.0
2017 243  8 31 0100  -39.2  977.8    6.9  140.0   68.1  444.0
2017 243  8 31 0200  -40.8  977.8    7.1  162.0   67.0  444.0
2017 243  8 31 0300  -38.8  977.8    8.1  159.0   69.0  444.0
2017 243  8 31 0400  -37.8  977.6    8.5  160.0   69.2  444.0
2017 243  8 31 0500  -37.7  977.8    8.3  160.0   69.0  444.0
2017 243  8 31 0600  -37.7  977.5    8.5  159.0   69.3  444.0
2017 243  8 31 0700  -37.4  977.0    8.8  158.0   69.0  444.0
2017 243  8 31 0800  -37.6  976.6    8.0  163.0   69.0  444.0
2017 243  8 31 0900  -38.3  976.0    7.1  175.0   68.9  444.0
2017 243  8 31 1000  -38.4  975.2    7.6  179.0   69.0  444.0
2017 243  8 31 1100  -38.5  974.6    8.3  182.0   68.8  444.0
2017 243  8 31 1200  -39.3  973.3    6.3  179.0   68.0  444.0
2017 243  8 31 1300  -39.8  972.2    7.1  176.0   68.0  444.0
2017 243  8 31 1400  -38.3  971.1    9.3  172.0   69.2  444.0
2017 243  8 31 1500  -36.9  970.4   12.6  175.0   70.0  444.0
2017 243  8 31 1600  -37.0  969.1   12.6  182.0   69.7  444.0
2017 243  8 31 1700  -37.1  968.3   12.9  184.0   69.6  444.0
2017 243  8 31 1800  -36.7  967.1   12.9  182.0   70.0  444.0
2017 243  8 31 1900  -36.8  965.7   13.7  179.0   69.7  444.0
2017 243  8 31 2000  -36.4  965.1   13.4  183.0   70.0  444.0
2017 243  8 31 2100  -36.4  964.2   13.8  185.0   69.9  444.0
2017 243  8 31 2200  -36.3  963.5   13.9  181.0   70.0  444.0
2017 243  8 31 2300  -36.0  962.7   14.0  184.0   70.0  444.0
