Year: 2019  Month: 02  ID: MLN  ARGOS:  8934  Name: Marilyn             
Lat: 79.93S  Lon: 165.56E  Elev:   62m                  
2019  32  2  1 0000  -10.2  987.5    2.3  444.0   83.0  444.0
2019  32  2  1 0100  -10.0  987.5    2.9  444.0   84.0  444.0
2019  32  2  1 0200   -9.0  987.5    1.5  444.0   82.0  444.0
2019  32  2  1 0300   -8.8  987.5    2.4  444.0   83.0  444.0
2019  32  2  1 0400   -8.8  987.5    2.3  444.0   82.0  444.0
2019  32  2  1 0500   -9.7  987.2    1.3  444.0   86.0  444.0
2019  32  2  1 0600   -9.7  987.2    2.2  444.0   83.0  444.0
2019  32  2  1 0700   -9.1  987.3    0.8  444.0   85.2  444.0
2019  32  2  1 0800   -9.2  987.1    1.8  444.0   88.0  444.0
2019  32  2  1 0900   -9.2  987.1    2.0  444.0   87.0  444.0
2019  32  2  1 1000   -9.4  986.9    1.7  444.0   90.0  444.0
2019  32  2  1 1100   -9.6  987.0    2.6  444.0   91.8  444.0
2019  32  2  1 1200  -10.2  986.9    3.6  444.0   90.9  444.0
2019  32  2  1 1300  -11.5  986.8    2.9  444.0   90.0  444.0
2019  32  2  1 1400  -12.1  986.9    2.7  444.0   89.0  444.0
2019  32  2  1 1500  -12.6  987.0    4.5  444.0   87.0  444.0
2019  32  2  1 1600  -13.9  987.1    3.1  444.0   87.2  444.0
2019  32  2  1 1700  -15.2  986.8    3.5  444.0   87.0  444.0
2019  32  2  1 1800  -15.7  986.9    3.7  444.0   85.0  444.0
2019  32  2  1 1900  -16.1  987.3    3.1  444.0   83.0  444.0
2019  32  2  1 2000  -15.6  987.3    4.0  444.0   83.0  444.0
2019  32  2  1 2100  -14.6  987.5    3.7  444.0   83.6  444.0
2019  32  2  1 2200  -14.1  987.8    3.7  444.0   82.0  444.0
2019  32  2  1 2300  -13.1  987.9    4.3  444.0   82.0  444.0
2019  33  2  2 0000  -12.9  987.7    5.7  444.0   82.0  444.0
2019  33  2  2 0100  -12.4  987.8    5.4  444.0   82.0  444.0
2019  33  2  2 0200  -12.1  987.9    5.9  444.0   83.0  444.0
2019  33  2  2 0300  -11.6  987.6    6.2  444.0   82.0  444.0
2019  33  2  2 0400  -11.4  987.4    5.3  444.0   83.0  444.0
2019  33  2  2 0500  -11.2  987.3    5.9  444.0   85.2  444.0
2019  33  2  2 0600  -10.8  987.0    5.6  444.0   86.0  444.0
2019  33  2  2 0700  -10.7  986.6    6.4  444.0   88.0  444.0
2019  33  2  2 0800  -12.2  986.7    6.0  444.0   84.0  444.0
2019  33  2  2 0900  -12.7  986.3    6.7  444.0   87.6  444.0
2019  33  2  2 1000  -12.1  985.8    7.8  444.0   86.5  444.0
2019  33  2  2 1100  -11.5  985.7    7.9  444.0   88.0  444.0
2019  33  2  2 1200  -10.6  985.2    9.1  444.0   87.0  444.0
2019  33  2  2 1300  -10.8  984.6   10.0  444.0   89.0  444.0
2019  33  2  2 1400  -10.9  984.3   10.1  444.0   89.1  444.0
2019  33  2  2 1500  -10.9  983.9    9.7  444.0   89.3  444.0
2019  33  2  2 1600  -10.7  983.7    9.5  444.0   89.0  444.0
2019  33  2  2 1700  -10.7  983.1   10.4  444.0   89.0  444.0
2019  33  2  2 1800  -10.8  982.7   11.7  444.0   89.0  444.0
2019  33  2  2 1900  -10.6  982.5   12.1  444.0   89.0  444.0
2019  33  2  2 2000  -10.5  982.7   11.4  444.0   88.0  444.0
2019  33  2  2 2100  -10.4  982.1   11.6  444.0   88.0  444.0
2019  33  2  2 2200  -10.4  981.8   11.7  444.0   88.0  444.0
2019  33  2  2 2300  -10.2  981.1   12.1  444.0   87.3  444.0
2019  34  2  3 0000  -10.1  980.3   12.6  444.0   87.0  444.0
2019  34  2  3 0100   -9.8  979.9   12.2  444.0   88.0  444.0
2019  34  2  3 0200   -9.4  979.5   12.2  444.0   88.0  444.0
2019  34  2  3 0300   -9.2  979.1   11.1  444.0   87.7  444.0
2019  34  2  3 0400   -9.1  978.9   11.6  444.0   88.0  444.0
2019  34  2  3 0500   -8.8  978.5   10.9  444.0   88.0  444.0
2019  34  2  3 0600   -8.7  978.4   10.7  444.0   89.0  444.0
2019  34  2  3 0700   -8.7  978.5   10.6  444.0   90.0  444.0
2019  34  2  3 0800   -8.7  978.3   10.7  444.0   90.2  444.0
2019  34  2  3 0900   -8.8  978.0   11.0  444.0   91.0  444.0
2019  34  2  3 1000   -8.9  978.0   11.1  444.0   91.0  444.0
2019  34  2  3 1100   -9.0  977.5   11.7  444.0   91.0  444.0
2019  34  2  3 1200   -9.0  977.5   11.6  444.0   91.0  444.0
2019  34  2  3 1300   -9.3  977.4   11.5  444.0   91.1  444.0
2019  34  2  3 1400   -9.4  977.3   11.1  444.0   91.0  444.0
2019  34  2  3 1500   -9.4  977.0   10.3  444.0   91.0  444.0
2019  34  2  3 1600   -9.3  977.0   10.0  444.0   91.0  444.0
2019  34  2  3 1700   -9.5  977.2   10.3  444.0   90.0  444.0
2019  34  2  3 1800   -9.8  977.1    9.7  444.0   89.4  444.0
2019  34  2  3 1900   -9.9  977.1    8.9  444.0   88.0  444.0
2019  34  2  3 2000   -9.7  977.0    8.5  444.0   88.0  444.0
2019  34  2  3 2100   -9.3  976.8    7.0  444.0   83.0  444.0
2019  34  2  3 2200   -9.2  976.4    8.7  444.0   82.0  444.0
2019  34  2  3 2300   -8.5  976.1    9.1  444.0   86.0  444.0
2019  35  2  4 0000   -8.1  975.9    8.3  444.0   84.0  444.0
2019  35  2  4 0100   -7.8  975.5    7.5  444.0   82.0  444.0
2019  35  2  4 0200   -7.3  974.9    7.0  444.0   76.0  444.0
2019  35  2  4 0300   -6.7  974.3    6.9  444.0   75.0  444.0
2019  35  2  4 0400   -6.6  973.7    6.7  444.0   75.0  444.0
2019  35  2  4 0500   -7.1  973.2    7.1  444.0   75.0  444.0
2019  35  2  4 0600   -7.0  972.6    7.8  444.0   75.2  444.0
2019  35  2  4 0700   -7.1  971.9    7.2  444.0   76.6  444.0
2019  35  2  4 0800   -6.9  971.4    7.4  444.0   78.0  444.0
2019  35  2  4 0900   -6.7  971.2    8.3  444.0   79.0  444.0
2019  35  2  4 1000   -7.3  971.2    6.2  444.0   81.0  444.0
2019  35  2  4 1100   -7.7  970.9    6.1  444.0   80.8  444.0
2019  35  2  4 1200   -8.4  971.0    6.3  444.0   78.0  444.0
2019  35  2  4 1300   -8.8  971.1    5.6  444.0   79.0  444.0
2019  35  2  4 1400   -9.1  970.8    6.2  444.0   76.0  444.0
2019  35  2  4 1500   -9.6  970.4    5.5  444.0   76.0  444.0
2019  35  2  4 1600  -10.1  970.2    6.5  444.0   74.9  444.0
2019  35  2  4 1700   -9.7  970.1    5.6  444.0   77.0  444.0
2019  35  2  4 1800  -10.8  969.8    5.8  444.0   75.0  444.0
2019  35  2  4 1900  -10.7  969.9    4.3  444.0   79.0  444.0
2019  35  2  4 2000   -9.5  969.8    6.1  444.0   85.0  444.0
2019  35  2  4 2100   -8.9  969.8    5.3  444.0   88.4  444.0
2019  35  2  4 2200   -9.2  970.2    5.2  444.0   89.0  444.0
2019  35  2  4 2300   -8.0  970.3    3.8  444.0   85.0  444.0
2019  36  2  5 0000   -8.8  970.4    6.5  444.0   83.0  444.0
2019  36  2  5 0100   -9.2  970.7    6.9  444.0   86.0  444.0
2019  36  2  5 0200   -8.8  970.6    7.0  444.0   85.0  444.0
2019  36  2  5 0300   -8.7  970.6    7.0  444.0   86.0  444.0
2019  36  2  5 0400   -8.6  970.5    6.9  444.0   86.0  444.0
2019  36  2  5 0500   -8.4  970.4    7.1  444.0   87.0  444.0
2019  36  2  5 0600   -8.1  970.4    7.3  444.0   89.0  444.0
2019  36  2  5 0700   -8.0  970.6    7.4  444.0   90.0  444.0
2019  36  2  5 0800   -8.1  970.6    7.1  444.0   90.0  444.0
2019  36  2  5 0900   -7.7  970.8    6.7  444.0   91.1  444.0
2019  36  2  5 1000   -7.7  970.9    6.2  444.0   92.0  444.0
2019  36  2  5 1100   -7.6  971.2    6.2  444.0   92.0  444.0
2019  36  2  5 1200   -7.6  971.2    5.4  444.0   92.0  444.0
2019  36  2  5 1300   -7.7  971.2    3.8  444.0   91.9  444.0
2019  36  2  5 1400   -7.7  971.2    3.9  444.0   92.9  444.0
2019  36  2  5 1500   -7.7  971.4    3.0  444.0   93.0  444.0
2019  36  2  5 1600   -9.4  971.8    2.5  444.0   92.0  444.0
2019  36  2  5 1700   -9.4  972.1    2.8  444.0   92.0  444.0
2019  36  2  5 1800   -8.6  972.4    3.6  444.0   91.2  444.0
2019  36  2  5 1900   -8.2  972.8    4.6  444.0   90.0  444.0
2019  36  2  5 2000   -9.6  973.1    4.2  444.0   89.0  444.0
2019  36  2  5 2100   -8.7  973.3    5.2  444.0   89.0  444.0
2019  36  2  5 2200   -7.7  973.6    5.0  444.0   89.0  444.0
2019  36  2  5 2300   -6.8  973.7    4.6  444.0   89.8  444.0
2019  37  2  6 0000   -5.9  974.1    4.5  444.0   90.0  444.0
2019  37  2  6 0100   -5.4  974.2    5.3  444.0   91.0  444.0
2019  37  2  6 0200   -5.4  974.4    6.8  444.0   90.0  444.0
2019  37  2  6 0300   -5.6  974.5    6.4  444.0   90.0  444.0
2019  37  2  6 0400   -5.8  974.9    6.5  444.0   90.7  444.0
2019  37  2  6 0500   -6.2  975.3    6.7  444.0   91.0  444.0
2019  37  2  6 0600   -6.4  975.6    6.6  444.0   92.0  444.0
2019  37  2  6 0700   -6.7  975.6    7.1  444.0   91.0  444.0
2019  37  2  6 0800   -6.7  975.7    7.1  444.0   92.0  444.0
2019  37  2  6 0900   -6.9  976.0    5.9  444.0   93.0  444.0
2019  37  2  6 1000   -7.2  975.9    6.2  444.0   93.0  444.0
2019  37  2  6 1100   -7.2  976.1    5.6  444.0   93.0  444.0
2019  37  2  6 1200   -7.3  976.1    5.2  444.0   93.0  444.0
2019  37  2  6 1300   -7.5  976.4    5.1  444.0   93.0  444.0
2019  37  2  6 1400   -7.1  976.4    4.8  444.0   94.0  444.0
2019  37  2  6 1500   -6.9  976.3    5.4  444.0   94.0  444.0
2019  37  2  6 1600   -6.8  976.2    6.3  444.0   93.0  444.0
2019  37  2  6 1700   -6.4  976.1    5.8  444.0   94.0  444.0
2019  37  2  6 1800   -6.1  976.0    6.5  444.0   93.0  444.0
2019  37  2  6 1900   -6.2  975.9    6.0  444.0   93.0  444.0
2019  37  2  6 2000   -6.2  975.8    5.8  444.0   92.0  444.0
2019  37  2  6 2100   -6.3  975.8    6.6  444.0   92.2  444.0
2019  37  2  6 2200   -5.4  975.6    7.0  444.0   89.0  444.0
2019  37  2  6 2300   -4.8  975.5    5.6  444.0   86.0  444.0
2019  38  2  7 0000   -5.5  975.2    5.9  444.0   87.0  444.0
2019  38  2  7 0100   -6.0  974.9    6.1  444.0   84.0  444.0
2019  38  2  7 0200   -6.4  974.4    5.3  444.0   83.6  444.0
2019  38  2  7 0300   -7.1  974.1    5.5  444.0   85.0  444.0
2019  38  2  7 0400   -6.7  973.7    5.1  444.0   86.0  444.0
2019  38  2  7 0500   -7.0  973.3    5.7  444.0   85.0  444.0
2019  38  2  7 0600   -7.2  973.0    5.6  444.0   83.0  444.0
2019  38  2  7 0700   -7.2  972.6    5.2  444.0   84.1  444.0
2019  38  2  7 0800   -8.1  972.3    6.6  444.0   80.0  444.0
2019  38  2  7 0900   -8.8  971.8    7.5  444.0   77.0  444.0
2019  38  2  7 1000   -9.2  971.4    7.4  444.0   78.0  444.0
2019  38  2  7 1100   -9.4  970.7    7.8  444.0   76.0  444.0
2019  38  2  7 1200  -10.8  970.2    7.0  444.0   81.0  444.0
2019  38  2  7 1300  -10.8  969.7    7.2  444.0   81.0  444.0
2019  38  2  7 1400  -10.8  969.5    7.0  444.0   82.0  444.0
2019  38  2  7 1500  -10.9  969.0    7.1  444.0   83.0  444.0
2019  38  2  7 1600  -10.8  968.6    7.3  444.0   83.0  444.0
2019  38  2  7 1700  -10.6  968.4    6.2  444.0   86.0  444.0
2019  38  2  7 1800  -10.4  968.1    6.6  444.0   87.0  444.0
2019  38  2  7 1900  -10.3  967.8    6.6  444.0   86.0  444.0
2019  38  2  7 2000  -10.5  967.4    7.8  444.0   86.0  444.0
2019  38  2  7 2100  -10.7  967.2    7.9  444.0   85.0  444.0
2019  38  2  7 2200  -10.4  967.0    7.6  444.0   86.0  444.0
2019  38  2  7 2300   -9.8  966.8    7.0  444.0   86.0  444.0
2019  39  2  8 0000   -9.6  966.5    7.1  444.0   85.3  444.0
2019  39  2  8 0100   -9.6  966.4    6.2  444.0   86.0  444.0
2019  39  2  8 0200   -9.7  966.1    7.4  444.0   87.0  444.0
2019  39  2  8 0300   -9.4  965.9    7.1  444.0   88.0  444.0
2019  39  2  8 0400   -9.1  965.5    7.0  444.0   85.1  444.0
2019  39  2  8 0500   -8.7  965.3    7.4  444.0   87.4  444.0
2019  39  2  8 0600   -8.5  965.1    6.2  444.0   89.0  444.0
2019  39  2  8 0700   -8.6  965.1    6.2  444.0   89.0  444.0
2019  39  2  8 0800   -8.6  965.1    7.0  444.0   89.1  444.0
2019  39  2  8 0900   -8.6  965.3    8.2  444.0   90.0  444.0
2019  39  2  8 1000   -8.4  965.4    6.1  444.0   90.0  444.0
2019  39  2  8 1100   -8.2  965.6    5.2  444.0   92.0  444.0
2019  39  2  8 1200   -8.3  965.9    4.2  444.0   92.0  444.0
2019  39  2  8 1300   -8.7  966.1    2.5  444.0   92.6  444.0
2019  39  2  8 1400   -9.0  966.5    2.2  444.0   93.0  444.0
2019  39  2  8 1500   -9.2  966.7    2.7  444.0   93.0  444.0
2019  39  2  8 1600  -10.8  967.4    3.0  444.0   91.0  444.0
2019  39  2  8 1700  -12.3  967.9    2.3  444.0   89.7  444.0
2019  39  2  8 1800  -12.1  968.8    1.6  444.0   91.0  444.0
2019  39  2  8 1900  -10.7  969.6    2.7  444.0   88.0  444.0
2019  39  2  8 2000  -11.0  970.5    2.8  444.0   87.0  444.0
2019  39  2  8 2100  -11.8  971.2    3.7  444.0   87.0  444.0
2019  39  2  8 2200  -12.6  972.0    4.4  444.0   85.4  444.0
2019  39  2  8 2300  -11.5  972.9    5.4  444.0   84.0  444.0
2019  40  2  9 0000  -11.1  973.8    5.3  444.0   86.0  444.0
2019  40  2  9 0100   -9.9  974.7    5.6  444.0   86.2  444.0
2019  40  2  9 0200   -9.1  975.5    5.6  444.0   86.6  444.0
2019  40  2  9 0300   -9.1  976.4    6.0  444.0   85.9  444.0
2019  40  2  9 0400   -9.3  977.3    5.8  444.0   86.0  444.0
2019  40  2  9 0500   -9.6  978.0    5.7  444.0   87.0  444.0
2019  40  2  9 0600   -9.7  979.1    4.9  444.0   87.5  444.0
2019  40  2  9 0700   -9.9  980.0    3.9  444.0   88.8  444.0
2019  40  2  9 0800   -9.7  980.9    3.6  444.0   89.0  444.0
2019  40  2  9 0900   -9.8  981.8    3.6  444.0   91.0  444.0
2019  40  2  9 1000  -11.1  982.7    4.0  444.0   90.0  444.0
2019  40  2  9 1100  -12.2  983.5    3.5  444.0   91.0  444.0
2019  40  2  9 1200  -13.2  984.5    3.9  444.0   91.6  444.0
2019  40  2  9 1300  -12.6  985.3    4.2  444.0   90.0  444.0
2019  40  2  9 1400  -12.0  986.1    4.6  444.0   91.0  444.0
2019  40  2  9 1500  -10.7  986.8    5.6  444.0   90.0  444.0
2019  40  2  9 1600  -10.4  987.4    4.9  444.0   89.0  444.0
2019  40  2  9 1700  -10.8  987.8    5.2  444.0   88.2  444.0
2019  40  2  9 1800  -11.5  988.4    5.0  444.0   87.0  444.0
2019  40  2  9 1900  -10.7  989.1    5.8  444.0   87.0  444.0
2019  40  2  9 2000  -10.8  989.7    5.7  444.0   86.0  444.0
2019  40  2  9 2100  -10.3  990.3    4.4  444.0   85.0  444.0
2019  40  2  9 2200  -10.3  990.8    3.4  444.0   83.0  444.0
2019  40  2  9 2300   -9.9  990.9    2.5  444.0   84.0  444.0
2019  41  2 10 0000   -9.7  991.0    1.8  444.0   84.0  444.0
2019  41  2 10 0100  444.0  990.9    0.6  444.0   79.0  444.0
2019  41  2 10 0200   -9.2  990.4    2.3  444.0   65.0  444.0
2019  41  2 10 0300   -9.9  990.0    1.9  444.0   72.0  444.0
2019  41  2 10 0400  -10.2  989.6    2.8  444.0   70.5  444.0
2019  41  2 10 0500  -11.4  989.2    3.3  444.0   72.0  444.0
2019  41  2 10 0600  -11.6  988.5    4.3  444.0   69.0  444.0
2019  41  2 10 0700  -11.6  988.0    6.2  444.0   72.0  444.0
2019  41  2 10 0800  -12.4  987.6    5.5  444.0   74.0  444.0
2019  41  2 10 0900  -13.0  987.3    6.4  444.0   75.0  444.0
2019  41  2 10 1000  -12.9  986.7    8.3  444.0   73.0  444.0
2019  41  2 10 1100  -13.3  986.4    9.4  444.0   73.0  444.0
2019  41  2 10 1200  -13.8  986.1    6.0  444.0   73.0  444.0
2019  41  2 10 1300  -14.9  985.9    6.5  444.0   74.0  444.0
2019  41  2 10 1400  -15.9  985.6    5.7  444.0   75.0  444.0
2019  41  2 10 1500  -17.7  985.3    4.9  444.0   75.1  444.0
2019  41  2 10 1600  -17.7  985.3    5.0  444.0   76.0  444.0
2019  41  2 10 1700  -16.2  985.2    5.1  444.0   76.0  444.0
2019  41  2 10 1800  -14.8  985.2    4.9  444.0   75.0  444.0
2019  41  2 10 1900  -15.5  985.0    8.5  444.0   75.0  444.0
2019  41  2 10 2000  -15.3  984.8    7.0  444.0   72.8  444.0
2019  41  2 10 2100  -14.5  984.9    6.8  444.0   73.0  444.0
2019  41  2 10 2200  -14.4  984.6    6.5  444.0   72.0  444.0
2019  41  2 10 2300  -14.1  984.5    5.0  444.0   74.0  444.0
2019  42  2 11 0000  -14.0  984.4    4.3  444.0   75.4  444.0
2019  42  2 11 0100  -13.4  984.4    5.6  444.0   74.0  444.0
2019  42  2 11 0200  -13.1  984.2    5.8  444.0   75.0  444.0
2019  42  2 11 0300  -13.0  984.0    6.3  444.0   72.5  444.0
2019  42  2 11 0400  -12.9  983.8    6.1  444.0   71.0  444.0
2019  42  2 11 0500  -13.0  983.8    5.4  444.0   73.5  444.0
2019  42  2 11 0600  -13.2  984.0    5.1  444.0   74.0  444.0
2019  42  2 11 0700  -14.5  984.1    4.8  444.0   71.0  444.0
2019  42  2 11 0800  -14.9  984.0    4.4  444.0   73.0  444.0
2019  42  2 11 0900  -15.8  984.2    4.2  444.0   73.0  444.0
2019  42  2 11 1000  -15.9  984.3    3.4  444.0   77.0  444.0
2019  42  2 11 1100  -14.5  984.6    4.1  444.0   74.9  444.0
2019  42  2 11 1200  -14.1  984.6    4.4  444.0   71.0  444.0
2019  42  2 11 1300  -14.3  984.8    4.7  444.0   73.0  444.0
2019  42  2 11 1400  -13.7  984.9    4.5  444.0   72.0  444.0
2019  42  2 11 1500  -13.1  985.1    4.1  444.0   72.0  444.0
2019  42  2 11 1600  -12.6  985.3    4.9  444.0   71.0  444.0
2019  42  2 11 1700  -12.8  985.4    3.6  444.0   72.0  444.0
2019  42  2 11 1800  -12.9  985.7    4.1  444.0   74.0  444.0
2019  42  2 11 1900  -13.4  985.8    4.2  444.0   77.0  444.0
2019  42  2 11 2000  -12.7  985.9    3.8  444.0   79.0  444.0
2019  42  2 11 2100  -12.2  986.1    3.5  444.0   80.0  444.0
2019  42  2 11 2200  -12.3  986.3    4.9  444.0   78.3  444.0
2019  42  2 11 2300  -12.2  986.6    4.1  444.0   79.0  444.0
2019  43  2 12 0000  -12.0  986.6    4.6  444.0   80.0  444.0
2019  43  2 12 0100  -11.8  986.9    3.8  444.0   80.0  444.0
2019  43  2 12 0200  -11.7  986.8    3.0  444.0   80.0  444.0
2019  43  2 12 0300  -11.7  986.7    3.1  444.0   79.9  444.0
2019  43  2 12 0400  -11.9  986.8    3.6  444.0   79.0  444.0
2019  43  2 12 0500  -11.9  986.7    3.5  444.0   79.0  444.0
2019  43  2 12 0600  -11.8  986.6    3.6  444.0   79.0  444.0
2019  43  2 12 0700  -12.6  986.8    2.6  444.0   79.8  444.0
2019  43  2 12 0800  -14.3  986.5    2.9  444.0   78.0  444.0
2019  43  2 12 0900  -15.3  986.4    2.6  444.0   80.0  444.0
2019  43  2 12 1000  -16.4  986.3    2.5  444.0   78.0  444.0
2019  43  2 12 1100  -17.8  986.5    2.8  444.0   78.0  444.0
2019  43  2 12 1200  -16.1  986.4    4.2  444.0   75.0  444.0
2019  43  2 12 1300  -15.6  986.6    4.2  444.0   72.0  444.0
2019  43  2 12 1400  -14.7  986.5    4.5  444.0   68.0  444.0
2019  43  2 12 1500  -14.9  986.4    3.8  444.0   73.0  444.0
2019  43  2 12 1600  -15.4  986.3    4.0  444.0   76.0  444.0
2019  43  2 12 1700  -15.5  986.5    3.1  444.0   75.0  444.0
2019  43  2 12 1800  -15.5  986.5    4.4  444.0   74.0  444.0
2019  43  2 12 1900  -15.2  986.6    4.4  444.0   75.0  444.0
2019  43  2 12 2000  -14.7  986.8    4.7  444.0   73.4  444.0
2019  43  2 12 2100  -14.5  986.9    5.1  444.0   73.0  444.0
2019  43  2 12 2200  -14.2  987.0    5.0  444.0   73.0  444.0
2019  43  2 12 2300  -13.6  987.1    4.7  444.0   75.0  444.0
2019  44  2 13 0000  -12.9  987.2    5.2  444.0   75.0  444.0
2019  44  2 13 0100  -12.5  987.4    5.4  444.0   76.1  444.0
2019  44  2 13 0200  -12.3  987.4    5.4  444.0   77.0  444.0
2019  44  2 13 0300  -11.8  987.2    6.2  444.0   74.9  444.0
2019  44  2 13 0400  -11.3  987.1    6.4  444.0   75.2  444.0
2019  44  2 13 0500  -11.3  987.2    6.8  444.0   76.0  444.0
2019  44  2 13 0600  -11.5  987.4    7.7  444.0   74.0  444.0
2019  44  2 13 0700  -11.8  987.5    7.0  444.0   73.0  444.0
2019  44  2 13 0800  -11.9  987.6    5.7  444.0   75.0  444.0
2019  44  2 13 0900  -12.3  987.9    6.2  444.0   75.0  444.0
2019  44  2 13 1000  -12.9  988.2    3.7  444.0   73.0  444.0
2019  44  2 13 1100  -15.6  988.4    4.4  444.0   72.0  444.0
2019  44  2 13 1200  -17.6  988.7    4.5  444.0   74.0  444.0
2019  44  2 13 1300  -18.1  988.9    4.9  444.0   71.8  444.0
2019  44  2 13 1400  -18.5  989.2    5.1  444.0   71.6  444.0
2019  44  2 13 1500  -17.7  989.4    6.5  444.0   73.0  444.0
2019  44  2 13 1600  -18.2  989.8    5.0  444.0   76.0  444.0
2019  44  2 13 1700  -17.3  990.2    6.5  444.0   70.0  444.0
2019  44  2 13 1800  -17.4  990.8    6.3  444.0   71.8  444.0
2019  44  2 13 1900  -17.8  991.4    3.4  444.0   73.0  444.0
2019  44  2 13 2000  -16.4  991.6    5.7  444.0   70.0  444.0
2019  44  2 13 2100  -16.3  992.1    5.1  444.0   68.0  444.0
2019  44  2 13 2200  -14.3  992.6    5.4  444.0   69.0  444.0
2019  44  2 13 2300  -13.4  992.8    6.3  444.0   71.0  444.0
2019  45  2 14 0000  -12.3  993.4    6.8  444.0   72.0  444.0
2019  45  2 14 0100  -11.2  993.6    7.9  444.0   70.9  444.0
2019  45  2 14 0200  -11.1  993.9    6.0  444.0   69.0  444.0
2019  45  2 14 0300  -13.1  994.1    4.9  444.0   73.0  444.0
2019  45  2 14 0400  -12.6  994.2    4.0  444.0   67.5  444.0
2019  45  2 14 0500  -14.0  994.1    4.3  444.0   73.0  444.0
2019  45  2 14 0600  -14.1  994.4    2.4  444.0   73.4  444.0
2019  45  2 14 0700  -15.4  994.7    2.8  444.0   74.0  444.0
2019  45  2 14 0800  -16.8  994.6    2.3  444.0   77.0  444.0
2019  45  2 14 0900  -16.5  994.6    2.3  444.0   79.0  444.0
2019  45  2 14 1000  -17.3  994.9    2.7  444.0   79.0  444.0
2019  45  2 14 1100  -17.5  995.1    2.9  444.0   78.4  444.0
2019  45  2 14 1200  -16.9  995.5    4.1  444.0   78.7  444.0
2019  45  2 14 1300  -16.4  995.6    3.2  444.0   79.0  444.0
2019  45  2 14 1400  -17.8  995.6    0.9  444.0   81.0  444.0
2019  45  2 14 1500  -18.7  996.0    1.0  444.0   82.0  444.0
2019  45  2 14 1600  -18.3  996.3    2.0  444.0   82.2  444.0
2019  45  2 14 1700  -20.0  996.6    2.2  444.0   82.7  444.0
2019  45  2 14 1800  -20.3  997.1    2.1  444.0   81.0  444.0
2019  45  2 14 1900  -20.5  997.4    2.8  444.0   81.0  444.0
2019  45  2 14 2000  -22.6  998.0    5.0  444.0   76.0  444.0
2019  45  2 14 2100  -22.3  998.3    5.3  444.0   76.4  444.0
2019  45  2 14 2200  -21.1  998.8    6.1  444.0   76.5  444.0
2019  45  2 14 2300  -20.9  999.2    6.5  444.0   76.0  444.0
2019  46  2 15 0000  -20.0  999.1    6.3  444.0   77.0  444.0
2019  46  2 15 0100  -19.4  999.3    5.9  444.0   79.0  444.0
2019  46  2 15 0200  -18.6  999.4    5.5  444.0   78.8  444.0
2019  46  2 15 0300  -17.7  999.4    6.4  444.0   77.0  444.0
2019  46  2 15 0400  -17.3  999.1    7.4  444.0   76.0  444.0
2019  46  2 15 0500  -16.9  999.1    4.8  444.0   77.0  444.0
2019  46  2 15 0600  -16.6  999.1    3.0  444.0   81.0  444.0
2019  46  2 15 0700  -15.9  998.9    1.1  444.0   76.0  444.0
2019  46  2 15 0800  -17.4  998.6    3.0  444.0   77.0  444.0
2019  46  2 15 0900  -16.8  998.2    2.7  444.0   73.0  444.0
2019  46  2 15 1000  -19.0  997.8    2.7  444.0   70.0  444.0
2019  46  2 15 1100  -18.8  997.6    3.5  444.0   71.0  444.0
2019  46  2 15 1200  -20.7  997.2    2.8  444.0   74.6  444.0
2019  46  2 15 1300  -19.5  996.7    4.9  444.0   71.0  444.0
2019  46  2 15 1400  -21.3  996.4    2.9  444.0   72.9  444.0
2019  46  2 15 1500  -20.2  995.8    3.0  444.0   73.0  444.0
2019  46  2 15 1600  -19.1  995.3    3.3  444.0   63.0  444.0
2019  46  2 15 1700  -18.2  994.5    5.1  444.0   67.0  444.0
2019  46  2 15 1800  -13.8  994.0    9.1  444.0   63.0  444.0
2019  46  2 15 1900  -15.2  993.5    6.9  444.0   68.1  444.0
2019  46  2 15 2000  -15.5  993.0    5.2  444.0   67.8  444.0
2019  46  2 15 2100  -14.9  992.9    8.2  444.0   70.0  444.0
2019  46  2 15 2200  -14.8  993.2    5.2  444.0   70.0  444.0
2019  46  2 15 2300  -14.6  993.0    4.5  444.0   70.0  444.0
2019  47  2 16 0000  -14.2  993.0    3.7  444.0   71.0  444.0
2019  47  2 16 0100  -14.1  992.8    3.6  444.0   71.0  444.0
2019  47  2 16 0200  -13.8  992.7    2.1  444.0   74.0  444.0
2019  47  2 16 0300  -14.0  992.3    3.6  444.0   71.0  444.0
2019  47  2 16 0400  -14.3  992.5    1.7  444.0   72.6  444.0
2019  47  2 16 0500  -15.0  992.6    3.0  444.0   73.0  444.0
2019  47  2 16 0600  -14.8  992.7    1.1  444.0   73.0  444.0
2019  47  2 16 0700  -16.4  992.9    1.5  444.0   74.0  444.0
2019  47  2 16 0800  -16.6  993.3    2.9  444.0   68.8  444.0
2019  47  2 16 0900  -18.4  993.6    2.0  444.0   73.0  444.0
2019  47  2 16 1000  -22.6  994.1    1.5  444.0   78.0  444.0
2019  47  2 16 1100  -25.5  994.6    2.2  444.0   83.0  444.0
2019  47  2 16 1200  -27.3  994.9    1.0  444.0   88.0  444.0
2019  47  2 16 1300  -28.1  995.3    1.3  444.0   80.0  444.0
2019  47  2 16 1400  -26.7  995.5    2.3  444.0   79.0  444.0
2019  47  2 16 1500  -26.5  995.8    2.0  444.0   78.2  444.0
2019  47  2 16 1600  -27.2  996.0    1.9  444.0   77.0  444.0
2019  47  2 16 1700  -25.8  996.0    2.3  444.0   78.0  444.0
2019  47  2 16 1800  -25.9  996.2    1.4  444.0   76.0  444.0
2019  47  2 16 1900  -27.0  996.3    2.2  444.0   76.0  444.0
2019  47  2 16 2000  -26.0  996.6    1.2  444.0   76.0  444.0
2019  47  2 16 2100  444.0  996.6    1.1  444.0   76.0  444.0
2019  47  2 16 2200  444.0  996.9    0.6  444.0   74.4  444.0
2019  47  2 16 2300  444.0  997.0    0.8  444.0   75.0  444.0
2019  48  2 17 0000  444.0  997.2    0.8  444.0   77.0  444.0
2019  48  2 17 0100  -19.8  997.2    1.8  444.0   77.0  444.0
2019  48  2 17 0200  -19.6  997.3    2.2  444.0   76.8  444.0
2019  48  2 17 0300  -20.1  997.6    2.7  444.0   76.0  444.0
2019  48  2 17 0400  -20.5  997.6    3.3  444.0   76.0  444.0
2019  48  2 17 0500  -20.3  997.6    2.9  444.0   77.0  444.0
2019  48  2 17 0600  -20.3  997.8    2.7  444.0   76.0  444.0
2019  48  2 17 0700  -20.6  997.6    2.3  444.0   77.1  444.0
2019  48  2 17 0800  -22.0  997.5    2.8  444.0   77.0  444.0
2019  48  2 17 0900  -23.4  997.1    3.2  444.0   78.0  444.0
2019  48  2 17 1000  -22.6  996.5    3.7  444.0   80.0  444.0
2019  48  2 17 1100  -21.9  996.1    5.3  444.0   80.0  444.0
2019  48  2 17 1200  -20.9  995.7    5.2  444.0   75.0  444.0
2019  48  2 17 1300  -20.8  995.5    4.8  444.0   73.0  444.0
2019  48  2 17 1400  -20.2  995.0    5.0  444.0   73.0  444.0
2019  48  2 17 1500  -21.3  994.5    4.4  444.0   73.0  444.0
2019  48  2 17 1600  -21.8  994.3    3.8  444.0   71.0  444.0
2019  48  2 17 1700  -21.9  994.1    3.9  444.0   71.0  444.0
2019  48  2 17 1800  -21.1  993.9    3.6  444.0   70.0  444.0
2019  48  2 17 1900  -19.7  993.9    4.3  444.0   71.0  444.0
2019  48  2 17 2000  -18.6  993.6    3.3  444.0   71.0  444.0
2019  48  2 17 2100  -16.3  993.6    3.9  444.0   67.7  444.0
2019  48  2 17 2200  -14.0  993.5    4.7  444.0   65.0  444.0
2019  48  2 17 2300  -13.6  993.1    5.4  444.0   68.0  444.0
2019  49  2 18 0000  -13.0  992.6    6.5  444.0   69.0  444.0
2019  49  2 18 0100  -11.8  992.4    7.7  444.0   68.0  444.0
2019  49  2 18 0200  -13.2  992.3    4.7  444.0   69.3  444.0
2019  49  2 18 0300  -12.8  992.1    3.9  444.0   68.0  444.0
2019  49  2 18 0400  -12.2  991.8    5.1  444.0   65.0  444.0
2019  49  2 18 0500  -12.8  991.9    2.5  444.0   63.9  444.0
2019  49  2 18 0600  -14.4  991.7    2.5  444.0   71.0  444.0
2019  49  2 18 0700  -15.7  991.7    3.0  444.0   77.0  444.0
2019  49  2 18 0800  -17.8  992.2    5.2  444.0   73.0  444.0
2019  49  2 18 0900  -19.4  992.4    4.5  444.0   77.2  444.0
2019  49  2 18 1000  -21.3  992.9    4.4  444.0   77.8  444.0
2019  49  2 18 1100  -22.4  993.5    4.7  444.0   78.0  444.0
2019  49  2 18 1200  -22.6  994.2    4.4  444.0   76.0  444.0
2019  49  2 18 1300  -24.0  994.5    4.0  444.0   76.0  444.0
2019  49  2 18 1400  -25.1  994.9    3.6  444.0   77.0  444.0
2019  49  2 18 1500  -26.0  995.4    3.7  444.0   77.0  444.0
2019  49  2 18 1600  -26.6  995.9    4.0  444.0   77.0  444.0
2019  49  2 18 1700  -26.5  996.3    3.2  444.0   77.0  444.0
2019  49  2 18 1800  -25.7  996.8    4.5  444.0   77.0  444.0
2019  49  2 18 1900  -24.7  997.2    4.1  444.0   75.0  444.0
2019  49  2 18 2000  -23.4  997.5    3.9  444.0   74.0  444.0
2019  49  2 18 2100  -21.5  997.7    5.0  444.0   71.0  444.0
2019  49  2 18 2200  -20.2  998.4    5.8  444.0   70.0  444.0
2019  49  2 18 2300  -18.9  998.9    5.6  444.0   70.0  444.0
2019  50  2 19 0000  -18.4  999.5    5.9  444.0   71.1  444.0
2019  50  2 19 0100  -17.0  999.8    6.6  444.0   71.3  444.0
2019  50  2 19 0200  -16.0 1000.2    6.3  444.0   72.0  444.0
2019  50  2 19 0300  -15.4 1000.3    7.4  444.0   71.4  444.0
2019  50  2 19 0400  -15.4 1000.5    7.1  444.0   72.6  444.0
2019  50  2 19 0500  -15.2 1000.8    7.4  444.0   73.4  444.0
2019  50  2 19 0600  -15.3 1000.8    6.1  444.0   73.0  444.0
2019  50  2 19 0700  -16.0 1001.4    6.5  444.0   75.0  444.0
2019  50  2 19 0800  -17.0 1001.9    5.2  444.0   74.5  444.0
2019  50  2 19 0900  -17.8 1001.9    4.9  444.0   75.0  444.0
2019  50  2 19 1000  -18.7 1002.1    3.7  444.0   73.0  444.0
2019  50  2 19 1100  -20.9 1002.1    3.9  444.0   74.2  444.0
2019  50  2 19 1200  -21.9 1002.1    2.9  444.0   75.0  444.0
2019  50  2 19 1300  -19.2 1001.9    2.1  444.0   71.0  444.0
2019  50  2 19 1400  -22.0 1001.4    4.2  444.0   78.0  444.0
2019  50  2 19 1500  -21.0 1001.0    4.3  444.0   74.0  444.0
2019  50  2 19 1600  -21.5 1000.9    3.9  444.0   73.0  444.0
2019  50  2 19 1700  -21.7 1000.7    4.6  444.0   71.8  444.0
2019  50  2 19 1800  -19.5 1000.6    5.2  444.0   69.0  444.0
2019  50  2 19 1900  -19.1 1000.4    4.6  444.0   69.0  444.0
2019  50  2 19 2000  -18.0 1000.2    4.7  444.0   70.0  444.0
2019  50  2 19 2100  -18.5 1000.3    1.7  444.0   71.0  444.0
2019  50  2 19 2200  -17.3  999.9    4.2  444.0   69.2  444.0
2019  50  2 19 2300  -17.5  999.6    4.9  444.0   72.0  444.0
2019  51  2 20 0000  -16.5  999.0    3.7  444.0   69.0  444.0
2019  51  2 20 0100  -14.1  998.5    6.1  444.0   67.0  444.0
2019  51  2 20 0200  -14.3  997.9    4.0  444.0   71.0  444.0
2019  51  2 20 0300  -14.3  997.3    4.1  444.0   72.0  444.0
2019  51  2 20 0400  -14.2  996.8    4.6  444.0   73.0  444.0
2019  51  2 20 0500  -14.9  996.6    3.2  444.0   74.0  444.0
2019  51  2 20 0600  -15.1  996.3    3.9  444.0   71.8  444.0
2019  51  2 20 0700  -14.9  996.0    4.7  444.0   69.0  444.0
2019  51  2 20 0800  -16.7  995.8    4.8  444.0   74.0  444.0
2019  51  2 20 0900  -17.5  995.3    4.0  444.0   70.0  444.0
2019  51  2 20 1000  -18.5  995.1    2.2  444.0   68.0  444.0
2019  51  2 20 1100  -18.1  995.0    1.6  444.0   61.0  444.0
2019  51  2 20 1200  -16.5  994.7    4.3  444.0   58.0  444.0
2019  51  2 20 1300  -21.9  994.6    3.2  444.0   78.0  444.0
2019  51  2 20 1400  -21.6  994.4    4.2  444.0   75.0  444.0
2019  51  2 20 1500  -21.7  994.2    4.3  444.0   76.0  444.0
2019  51  2 20 1600  -22.8  994.1    4.1  444.0   75.0  444.0
2019  51  2 20 1700  -20.8  993.9    5.0  444.0   64.0  444.0
2019  51  2 20 1800  -19.3  994.2    6.0  444.0   65.0  444.0
2019  51  2 20 1900  -19.5  994.2    5.1  444.0   67.0  444.0
2019  51  2 20 2000  -17.2  994.1    7.8  444.0   63.0  444.0
2019  51  2 20 2100  -18.4  994.4    5.8  444.0   68.0  444.0
2019  51  2 20 2200  -18.6  994.2    4.0  444.0   68.0  444.0
2019  51  2 20 2300  -18.6  994.1    4.8  444.0   70.0  444.0
2019  52  2 21 0000  -18.5  994.3    3.2  444.0   74.0  444.0
2019  52  2 21 0100  -17.6  993.7    3.6  444.0   72.0  444.0
2019  52  2 21 0200  -16.9  993.5    4.0  444.0   70.0  444.0
2019  52  2 21 0300  -16.7  993.1    2.5  444.0   72.0  444.0
2019  52  2 21 0400  -17.0  993.0    2.1  444.0   73.0  444.0
2019  52  2 21 0500  -17.9  992.7    1.9  444.0   73.0  444.0
2019  52  2 21 0600  -18.6  992.8    2.9  444.0   73.0  444.0
2019  52  2 21 0700  -19.5  992.8    2.3  444.0   74.6  444.0
2019  52  2 21 0800  -20.6  992.9    2.5  444.0   74.1  444.0
2019  52  2 21 0900  -20.2  992.8    2.5  444.0   74.0  444.0
2019  52  2 21 1000  -20.2  992.7    2.2  444.0   74.0  444.0
2019  52  2 21 1100  444.0  992.7    1.1  444.0   72.0  444.0
2019  52  2 21 1200  -24.1  992.8    2.9  444.0   77.0  444.0
2019  52  2 21 1300  -26.2  992.9    2.8  444.0   77.7  444.0
2019  52  2 21 1400  -28.5  993.2    2.0  444.0   78.0  444.0
2019  52  2 21 1500  -29.5  993.3    1.5  444.0   77.0  444.0
2019  52  2 21 1600  -29.4  993.5    1.9  444.0   78.0  444.0
2019  52  2 21 1700  -27.5  993.5    2.6  444.0   83.0  444.0
2019  52  2 21 1800  -27.1  993.7    2.7  444.0   80.4  444.0
2019  52  2 21 1900  -26.5  994.1    3.3  444.0   74.0  444.0
2019  52  2 21 2000  -25.7  994.3    2.8  444.0   73.0  444.0
2019  52  2 21 2100  -25.2  994.4    4.3  444.0   77.0  444.0
2019  52  2 21 2200  -24.2  994.6    3.6  444.0   76.0  444.0
2019  52  2 21 2300  -23.3  994.9    3.4  444.0   77.0  444.0
2019  53  2 22 0000  -23.0  994.9    3.6  444.0   76.0  444.0
2019  53  2 22 0100  -21.8  995.0    3.1  444.0   75.0  444.0
2019  53  2 22 0200  -21.1  994.8    3.7  444.0   75.0  444.0
2019  53  2 22 0300  -19.8  994.3    5.0  444.0   74.0  444.0
2019  53  2 22 0400  -16.9  994.1    5.1  444.0   73.7  444.0
2019  53  2 22 0500  -16.1  993.7    4.8  444.0   74.9  444.0
2019  53  2 22 0600  -15.1  993.6    5.4  444.0   74.0  444.0
2019  53  2 22 0700  -14.7  993.2    5.1  444.0   74.0  444.0
2019  53  2 22 0800  -14.6  993.0    5.7  444.0   72.0  444.0
2019  53  2 22 0900  -17.8  992.9    6.0  444.0   74.0  444.0
2019  53  2 22 1000  -22.1  993.0    2.8  444.0   78.0  444.0
2019  53  2 22 1100  -24.0  993.0    3.5  444.0   86.5  444.0
2019  53  2 22 1200  -24.8  993.0    3.1  444.0   85.7  444.0
2019  53  2 22 1300  -25.6  993.1    2.5  444.0   81.0  444.0
2019  53  2 22 1400  -26.1  993.1    2.6  444.0   80.0  444.0
2019  53  2 22 1500  -27.0  992.9    1.5  444.0   78.0  444.0
2019  53  2 22 1600  -27.4  992.9    2.0  444.0   77.5  444.0
2019  53  2 22 1700  -27.1  993.0    1.8  444.0   78.0  444.0
2019  53  2 22 1800  -26.0  993.1    2.5  444.0   78.0  444.0
2019  53  2 22 1900  -25.7  993.1    2.4  444.0   78.0  444.0
2019  53  2 22 2000  -23.4  993.0    2.6  444.0   79.0  444.0
2019  53  2 22 2100  -21.7  993.0    3.5  444.0   78.6  444.0
2019  53  2 22 2200  -20.6  993.0    3.7  444.0   79.0  444.0
2019  53  2 22 2300  -19.5  993.2    4.8  444.0   79.0  444.0
2019  54  2 23 0000  -18.8  993.1    6.4  444.0   78.0  444.0
2019  54  2 23 0100  -18.8  993.1    6.3  444.0   78.0  444.0
2019  54  2 23 0200  -19.0  993.1    7.2  444.0   78.8  444.0
2019  54  2 23 0300  -19.1  992.9    7.6  444.0   78.0  444.0
2019  54  2 23 0400  -19.8  993.1    8.9  444.0   78.0  444.0
2019  54  2 23 0500  -20.1  993.4    7.9  444.0   78.0  444.0
2019  54  2 23 0600  -20.3  993.6    7.4  444.0   77.0  444.0
2019  54  2 23 0700  -20.4  993.5    7.5  444.0   79.0  444.0
2019  54  2 23 0800  -20.3  993.4    7.4  444.0   80.0  444.0
2019  54  2 23 0900  -20.1  993.4    7.9  444.0   81.0  444.0
2019  54  2 23 1000  -20.9  993.5    6.8  444.0   81.0  444.0
2019  54  2 23 1100  -21.3  993.2    6.5  444.0   77.0  444.0
2019  54  2 23 1200  -22.2  992.6    6.6  444.0   76.0  444.0
2019  54  2 23 1300  -22.4  992.4    5.8  444.0   74.0  444.0
2019  54  2 23 1400  -21.9  991.7    6.3  444.0   71.8  444.0
2019  54  2 23 1500  -21.6  991.2    6.7  444.0   70.0  444.0
2019  54  2 23 1600  -20.9  990.9    7.0  444.0   70.0  444.0
2019  54  2 23 1700  -20.3  990.5    6.8  444.0   71.0  444.0
2019  54  2 23 1800  -19.1  990.0    8.3  444.0   72.0  444.0
2019  54  2 23 1900  -17.1  989.6    8.5  444.0   73.1  444.0
2019  54  2 23 2000  -16.1  989.1    8.8  444.0   71.0  444.0
2019  54  2 23 2100  -16.0  989.0    8.8  444.0   70.0  444.0
2019  54  2 23 2200  -15.7  988.8    8.7  444.0   68.0  444.0
2019  54  2 23 2300  -15.7  988.4    9.3  444.0   69.0  444.0
2019  55  2 24 0000  -15.2  988.1    7.9  444.0   71.0  444.0
2019  55  2 24 0100  -14.9  987.7    7.1  444.0   72.0  444.0
2019  55  2 24 0200  -14.8  987.3    7.4  444.0   72.0  444.0
2019  55  2 24 0300  -14.3  986.5    7.4  444.0   73.0  444.0
2019  55  2 24 0400  -14.2  985.9    8.1  444.0   74.6  444.0
2019  55  2 24 0500  -13.4  985.4    8.1  444.0   75.2  444.0
2019  55  2 24 0600  -12.1  984.9    7.0  444.0   83.0  444.0
2019  55  2 24 0700  -11.8  984.5    8.6  444.0   87.0  444.0
2019  55  2 24 0800  -10.4  983.4   10.0  444.0   90.0  444.0
2019  55  2 24 0900   -8.9  982.7   10.1  444.0   91.0  444.0
2019  55  2 24 1000   -8.8  982.9    9.4  444.0   92.0  444.0
2019  55  2 24 1100   -8.6  983.1    9.6  444.0   92.7  444.0
2019  55  2 24 1200  -10.4  982.8    8.9  444.0   92.0  444.0
2019  55  2 24 1300  -10.1  982.4    7.0  444.0   92.0  444.0
2019  55  2 24 1400   -9.3  982.1    5.7  444.0   93.0  444.0
2019  55  2 24 1500  -10.5  981.6    6.3  444.0   92.0  444.0
2019  55  2 24 1600  -10.4  981.3    4.7  444.0   92.0  444.0
2019  55  2 24 1700  -10.4  981.0    3.3  444.0   92.0  444.0
2019  55  2 24 1800  -10.6  980.7    1.9  444.0   93.0  444.0
2019  55  2 24 1900  -11.5  980.8    1.7  444.0   91.0  444.0
2019  55  2 24 2000  -11.7  980.7    1.6  444.0   90.0  444.0
2019  55  2 24 2100  -11.7  980.8    1.8  444.0   90.0  444.0
2019  55  2 24 2200  -11.7  980.7    2.7  444.0   90.0  444.0
2019  55  2 24 2300  -11.6  980.6    3.1  444.0   88.0  444.0
2019  56  2 25 0000  -10.5  980.5    2.2  444.0   89.0  444.0
2019  56  2 25 0100  -10.4  980.3    1.9  444.0   89.0  444.0
2019  56  2 25 0200   -9.9  980.0    2.0  444.0   89.5  444.0
2019  56  2 25 0300  -10.5  979.4    2.5  444.0   89.0  444.0
2019  56  2 25 0400  -12.1  978.9    2.7  444.0   88.0  444.0
2019  56  2 25 0500  -11.9  978.3    2.1  444.0   89.0  444.0
2019  56  2 25 0600  -10.6  977.6    1.8  444.0   91.0  444.0
2019  56  2 25 0700   -9.4  976.7    3.5  444.0   92.2  444.0
2019  56  2 25 0800  -10.1  975.5    3.7  444.0   92.0  444.0
2019  56  2 25 0900   -9.8  974.6    3.2  444.0   93.0  444.0
2019  56  2 25 1000   -7.9  973.6    3.6  444.0   94.0  444.0
2019  56  2 25 1100   -5.2  972.6    4.6  444.0   98.0  444.0
2019  56  2 25 1200   -5.0  971.8    3.7  444.0   98.0  444.0
2019  56  2 25 1300   -6.1  971.3    6.1  444.0   95.0  444.0
2019  56  2 25 1400   -7.3  971.1    6.2  444.0   94.0  444.0
2019  56  2 25 1500   -7.6  970.7    2.9  444.0   95.0  444.0
2019  56  2 25 1600   -6.8  970.4    2.9  444.0   96.0  444.0
2019  56  2 25 1700   -5.4  970.1    3.5  444.0   98.0  444.0
2019  56  2 25 1800   -4.7  969.8    3.7  444.0   98.0  444.0
2019  56  2 25 1900   -4.6  969.4    3.8  444.0   98.0  444.0
2019  56  2 25 2000   -4.8  969.1    3.5  444.0   97.0  444.0
2019  56  2 25 2100   -4.8  968.8    2.9  444.0   96.3  444.0
2019  56  2 25 2200   -4.9  968.7    2.9  444.0   95.5  444.0
2019  56  2 25 2300   -4.5  968.6    3.1  444.0   95.0  444.0
2019  57  2 26 0000   -5.3  968.6    6.2  444.0   95.0  444.0
2019  57  2 26 0100   -4.4  968.2    5.3  444.0   95.0  444.0
2019  57  2 26 0200   -4.0  968.0    5.8  444.0   95.0  444.0
2019  57  2 26 0300   -3.7  967.9    7.2  444.0   95.0  444.0
2019  57  2 26 0400   -3.2  967.4    9.3  444.0   94.0  444.0
2019  57  2 26 0500   -5.5  966.9   10.7  444.0   95.0  444.0
2019  57  2 26 0600   -4.5  966.5   13.0  444.0   96.9  444.0
2019  57  2 26 0700   -3.6  966.0   12.0  444.0   97.7  444.0
2019  57  2 26 0800   -4.4  965.6   14.0  444.0   96.0  444.0
2019  57  2 26 0900   -7.2  966.1   12.6  444.0   95.0  444.0
2019  57  2 26 1000   -8.1  967.0   10.4  444.0   94.0  444.0
2019  57  2 26 1100   -8.9  967.8   10.7  444.0   94.0  444.0
2019  57  2 26 1200   -9.6  968.5   12.1  444.0   93.0  444.0
2019  57  2 26 1300   -9.6  969.1   11.7  444.0   93.0  444.0
2019  57  2 26 1400   -9.2  970.1   11.6  444.0   93.0  444.0
2019  57  2 26 1500   -8.9  971.2   11.5  444.0   93.2  444.0
2019  57  2 26 1600   -8.6  971.8   12.2  444.0   94.0  444.0
2019  57  2 26 1700   -8.7  972.9   11.3  444.0   93.0  444.0
2019  57  2 26 1800   -8.5  973.8   11.3  444.0   93.0  444.0
2019  57  2 26 1900   -8.4  974.8   10.8  444.0   92.8  444.0
2019  57  2 26 2000   -8.3  975.6   10.2  444.0   93.0  444.0
2019  57  2 26 2100   -7.8  976.4    9.1  444.0   93.0  444.0
2019  57  2 26 2200   -7.8  977.1    9.0  444.0   92.0  444.0
2019  57  2 26 2300   -7.7  977.6    8.6  444.0   93.0  444.0
2019  58  2 27 0000   -7.6  978.1    8.8  444.0   92.3  444.0
2019  58  2 27 0100   -7.7  978.3    9.2  444.0   92.0  444.0
2019  58  2 27 0200   -7.7  978.7    8.9  444.0   92.0  444.0
2019  58  2 27 0300   -8.1  978.9    9.3  444.0   92.0  444.0
2019  58  2 27 0400   -8.4  979.2    9.1  444.0   92.0  444.0
2019  58  2 27 0500   -8.5  979.7    9.8  444.0   93.0  444.0
2019  58  2 27 0600   -8.7  980.5    8.1  444.0   93.0  444.0
2019  58  2 27 0700   -9.1  981.2    8.1  444.0   92.3  444.0
2019  58  2 27 0800   -9.3  981.6    8.5  444.0   93.0  444.0
2019  58  2 27 0900   -9.4  982.0    8.4  444.0   93.0  444.0
2019  58  2 27 1000   -9.4  982.4    8.1  444.0   93.0  444.0
2019  58  2 27 1100  -10.9  983.4    7.7  444.0   91.0  444.0
2019  58  2 27 1200  -11.4  984.5    7.7  444.0   91.0  444.0
2019  58  2 27 1300  -14.3  985.8    5.3  444.0   89.0  444.0
2019  58  2 27 1400  -16.2  986.7    5.1  444.0   87.0  444.0
2019  58  2 27 1500  -16.4  987.2    5.8  444.0   88.0  444.0
2019  58  2 27 1600  -14.6  987.5    6.6  444.0   89.0  444.0
2019  58  2 27 1700  -13.9  988.1    5.5  444.0   89.4  444.0
2019  58  2 27 1800  -13.2  988.4    5.8  444.0   90.0  444.0
2019  58  2 27 1900  -12.1  988.7    4.7  444.0   90.0  444.0
2019  58  2 27 2000  -11.6  988.8    5.2  444.0   90.0  444.0
2019  58  2 27 2100  -11.0  988.8    4.8  444.0   90.0  444.0
2019  58  2 27 2200  -10.1  988.7    4.7  444.0   90.5  444.0
2019  58  2 27 2300  -10.9  988.7    5.0  444.0   89.0  444.0
2019  59  2 28 0000  -12.5  988.3    4.6  444.0   88.0  444.0
2019  59  2 28 0100  -11.2  987.7    4.2  444.0   83.9  444.0
2019  59  2 28 0200  -11.6  987.0    4.1  444.0   83.0  444.0
2019  59  2 28 0300  -10.4  986.4    5.3  444.0   84.0  444.0
2019  59  2 28 0400   -9.9  986.0    4.7  444.0   86.0  444.0
2019  59  2 28 0500   -9.0  985.3    5.3  444.0   85.0  444.0
2019  59  2 28 0600   -9.1  984.7    3.9  444.0   85.0  444.0
2019  59  2 28 0700   -9.2  984.3    4.1  444.0   86.0  444.0
2019  59  2 28 0800   -9.4  983.8    4.3  444.0   83.0  444.0
2019  59  2 28 0900  -10.1  983.1    3.5  444.0   82.0  444.0
2019  59  2 28 1000  -12.9  982.2    2.2  444.0   79.8  444.0
2019  59  2 28 1100  -12.9  981.3    2.4  444.0   76.0  444.0
2019  59  2 28 1200  -15.0  980.4    2.5  444.0   81.0  444.0
2019  59  2 28 1300  -13.6  978.9    7.4  444.0   79.0  444.0
2019  59  2 28 1400  -14.8  977.6    6.8  444.0   80.0  444.0
2019  59  2 28 1500  -15.9  976.8    6.0  444.0   78.9  444.0
2019  59  2 28 1600  -15.8  976.1    9.6  444.0   80.0  444.0
2019  59  2 28 1700  -15.2  976.0    9.8  444.0   79.0  444.0
2019  59  2 28 1800  -16.5  975.9    8.1  444.0   79.0  444.0
2019  59  2 28 1900  -17.3  975.7    8.6  444.0   83.0  444.0
2019  59  2 28 2000  -17.8  975.1    5.1  444.0   82.2  444.0
2019  59  2 28 2100  -19.3  975.1    5.1  444.0   81.0  444.0
2019  59  2 28 2200  -18.2  974.5    5.2  444.0   77.0  444.0
2019  59  2 28 2300  -16.0  974.7    7.7  444.0   78.0  444.0
