Year: 2021  Month: 06  ID: MLN  ARGOS:  8934  Name: Marilyn           
Lat: 79.91S  Lon: 165.78E  Elev:   62m                                
2021 152  6  1 0000  -26.1  977.7   11.9  444.0   79.2  444.0
2021 152  6  1 0100  -26.2  978.3   11.3  444.0   79.1  444.0
2021 152  6  1 0200  -26.7  978.9   12.7  444.0   78.0  444.0
2021 152  6  1 0300  -27.0  979.1   13.8  444.0   78.0  444.0
2021 152  6  1 0400  -26.2  979.1   11.9  444.0   79.0  444.0
2021 152  6  1 0500  -25.6  979.5   11.6  444.0   79.0  444.0
2021 152  6  1 0600  -24.8  980.3   11.2  444.0   80.0  444.0
2021 152  6  1 0700  -23.7  980.8   10.2  444.0   79.0  444.0
2021 152  6  1 0800  -24.2  981.3   10.5  444.0   81.0  444.0
2021 152  6  1 0900  -24.5  982.2    9.8  444.0   80.0  444.0
2021 152  6  1 1000  -24.6  982.7   10.0  444.0   79.0  444.0
2021 152  6  1 1100  -24.8  983.1    8.1  444.0   80.0  444.0
2021 152  6  1 1200  -21.4  983.2    7.2  444.0   83.7  444.0
2021 152  6  1 1300  -21.0  983.5    8.4  444.0   83.0  444.0
2021 152  6  1 1400  -21.2  983.7    8.9  444.0   83.0  444.0
2021 152  6  1 1500  -21.8  984.2    7.9  444.0   82.0  444.0
2021 152  6  1 1600  -21.5  984.3    8.1  444.0   83.0  444.0
2021 152  6  1 1700  -21.2  984.4    8.5  444.0   82.9  444.0
2021 152  6  1 1800  -21.3  985.0    7.2  444.0   82.0  444.0
2021 152  6  1 1900  -21.2  985.7    7.6  444.0   83.0  444.0
2021 152  6  1 2000  -22.0  986.2    7.8  444.0   82.0  444.0
2021 152  6  1 2100  -21.3  986.4    8.6  444.0   83.0  444.0
2021 152  6  1 2200  -20.5  986.8    9.6  444.0   83.0  444.0
2021 152  6  1 2300  -20.4  987.3    8.9  444.0   83.6  444.0
2021 153  6  2 0000  -20.2  987.9    8.1  444.0   84.0  444.0
2021 153  6  2 0100  -20.5  988.5    7.4  444.0   83.0  444.0
2021 153  6  2 0200  -20.8  988.7    7.1  444.0   83.0  444.0
2021 153  6  2 0300  -21.1  988.9    5.9  444.0   83.0  444.0
2021 153  6  2 0400  -23.8  989.0    7.4  444.0   80.0  444.0
2021 153  6  2 0500  -26.1  989.2    5.8  444.0   79.0  444.0
2021 153  6  2 0600  444.0  989.4    7.6  444.0   77.0  444.0
2021 153  6  2 0700  444.0  989.4    6.7  444.0   76.0  444.0
2021 153  6  2 0800  444.0  989.6    6.3  444.0   75.0  444.0
2021 153  6  2 0900  -29.9  989.6    7.2  444.0   74.0  444.0
2021 153  6  2 1000  -30.7  989.5    6.9  444.0   75.0  444.0
2021 153  6  2 1100  -31.5  989.4    5.4  444.0   76.0  444.0
2021 153  6  2 1200  -31.7  989.3    4.8  444.0   75.0  444.0
2021 153  6  2 1300  -31.7  989.4    4.6  444.0   74.0  444.0
2021 153  6  2 1400  -30.4  989.8    5.4  444.0   73.0  444.0
2021 153  6  2 1500  -28.7  989.6   11.8  444.0   77.0  444.0
2021 153  6  2 1600  -29.2  990.0   11.2  444.0   76.0  444.0
2021 153  6  2 1700  -30.1  990.2   11.0  444.0   76.0  444.0
2021 153  6  2 1800  -30.6  990.8   10.8  444.0   75.0  444.0
2021 153  6  2 1900  -31.4  991.1   10.3  444.0   75.0  444.0
2021 153  6  2 2000  -32.0  992.1    9.9  444.0   74.0  444.0
2021 153  6  2 2100  -32.1  992.7   10.5  444.0   75.0  444.0
2021 153  6  2 2200  -32.5  993.6   10.9  444.0   74.0  444.0
2021 153  6  2 2300  -32.8  994.1   11.3  444.0   74.0  444.0
2021 154  6  3 0000  -32.9  994.8   11.6  444.0   74.0  444.0
2021 154  6  3 0100  -34.1  995.6   11.8  444.0   73.0  444.0
2021 154  6  3 0200  -34.7  995.8   11.5  444.0   73.0  444.0
2021 154  6  3 0300  -34.6  996.4   11.8  444.0   73.0  444.0
2021 154  6  3 0400  -34.7  996.6   11.3  444.0   73.0  444.0
2021 154  6  3 0500  -35.0  996.6   10.2  444.0   72.6  444.0
2021 154  6  3 0600  -34.8  996.8    9.2  444.0   73.0  444.0
2021 154  6  3 0700  -35.2  996.6    9.9  444.0   73.0  444.0
2021 154  6  3 0800  -34.2  996.9   10.0  444.0   73.0  444.0
2021 154  6  3 0900  -34.0  997.0    8.3  444.0   74.0  444.0
2021 154  6  3 1000  -33.5  996.8   10.1  444.0   73.0  444.0
2021 154  6  3 1100  -35.2  996.7    8.0  444.0   72.0  444.0
2021 154  6  3 1200  -38.0  996.8    8.2  444.0   70.0  444.0
2021 154  6  3 1300  -39.4  996.7    8.5  444.0   70.0  444.0
2021 154  6  3 1400  -39.5  996.8    7.7  444.0   70.0  444.0
2021 154  6  3 1500  -39.2  996.5    7.7  444.0   70.0  444.0
2021 154  6  3 1600  -37.7  996.2    8.6  444.0   71.0  444.0
2021 154  6  3 1700  -35.3  995.9    8.0  444.0   73.0  444.0
2021 154  6  3 1800  -32.6  995.5    8.2  444.0   74.0  444.0
2021 154  6  3 1900  -29.9  995.1    8.2  444.0   76.0  444.0
2021 154  6  3 2000  444.0  994.6    9.0  444.0   77.0  444.0
2021 154  6  3 2100  444.0  993.8    9.2  444.0   76.0  444.0
2021 154  6  3 2200  -30.4  993.3    9.9  444.0   75.0  444.0
2021 154  6  3 2300  -30.8  992.6    9.8  444.0   75.0  444.0
2021 155  6  4 0000  -31.5  991.9    9.6  444.0   75.0  444.0
2021 155  6  4 0100  -32.0  991.0    9.5  444.0   74.0  444.0
2021 155  6  4 0200  -32.2  990.2    9.5  444.0   74.0  444.0
2021 155  6  4 0300  -32.8  989.1    8.3  444.0   73.6  444.0
2021 155  6  4 0400  -33.8  988.0    8.7  444.0   73.0  444.0
2021 155  6  4 0500  444.0  986.9    6.8  444.0   72.0  444.0
2021 155  6  4 0600  444.0  986.1    6.0  444.0   72.0  444.0
2021 155  6  4 0700  444.0  985.2    7.0  444.0   72.0  444.0
2021 155  6  4 0800  444.0  984.4    9.8  444.0   73.0  444.0
2021 155  6  4 0900  444.0  983.4   10.8  444.0   74.0  444.0
2021 155  6  4 1000  444.0  982.1   11.1  444.0   74.0  444.0
2021 155  6  4 1100  -31.9  981.6    9.3  444.0   73.0  444.0
2021 155  6  4 1200  -30.0  980.6   15.4  444.0   75.0  444.0
2021 155  6  4 1300  -30.4  979.7   12.1  444.0   75.0  444.0
2021 155  6  4 1400  -31.2  979.1   10.7  444.0   75.0  444.0
2021 155  6  4 1500  -34.4  978.6    8.3  444.0   72.0  444.0
2021 155  6  4 1600  444.0  978.1    6.3  444.0   70.2  444.0
2021 155  6  4 1700  444.0  977.4    9.5  444.0   73.0  444.0
2021 155  6  4 1800  444.0  977.2    8.7  444.0   73.0  444.0
2021 155  6  4 1900  444.0  977.2    7.0  444.0   71.0  444.0
2021 155  6  4 2000  444.0  976.8    9.3  444.0   72.0  444.0
2021 155  6  4 2100  444.0  976.6    8.7  444.0   72.4  444.0
2021 155  6  4 2200  -31.3  976.0   14.1  444.0   75.0  444.0
2021 155  6  4 2300  -31.1  976.3   13.1  444.0   75.0  444.0
2021 156  6  5 0000  -31.0  976.0   13.6  444.0   74.0  444.0
2021 156  6  5 0100  -31.7  976.2   11.3  444.0   74.0  444.0
2021 156  6  5 0200  -31.8  976.3   11.6  444.0   74.5  444.0
2021 156  6  5 0300  -31.5  976.7   11.7  444.0   74.3  444.0
2021 156  6  5 0400  -31.9  976.3   11.0  444.0   74.0  444.0
2021 156  6  5 0500  -31.6  976.4   12.9  444.0   74.0  444.0
2021 156  6  5 0600  -31.4  975.9   12.2  444.0   74.5  444.0
2021 156  6  5 0700  -31.2  975.8   12.9  444.0   74.7  444.0
2021 156  6  5 0800  -30.5  976.3   14.0  444.0   75.0  444.0
2021 156  6  5 0900  -30.2  976.0   13.7  444.0   75.3  444.0
2021 156  6  5 1000  -29.7  975.6   14.1  444.0   76.0  444.0
2021 156  6  5 1100  -28.7  975.2   13.1  444.0   76.0  444.0
2021 156  6  5 1200  -28.2  974.8   13.9  444.0   77.0  444.0
2021 156  6  5 1300  -27.7  974.4   14.1  444.0   77.0  444.0
2021 156  6  5 1400  -27.3  974.1   13.5  444.0   77.4  444.0
2021 156  6  5 1500  -27.1  973.4   14.0  444.0   78.0  444.0
2021 156  6  5 1600  -26.3  973.3   13.0  444.0   79.0  444.0
2021 156  6  5 1700  -25.6  973.4   10.8  444.0   78.9  444.0
2021 156  6  5 1800  -24.9  973.3   11.1  444.0   79.0  444.0
2021 156  6  5 1900  -24.7  973.1   11.0  444.0   79.7  444.0
2021 156  6  5 2000  -24.7  973.3   11.9  444.0   79.0  444.0
2021 156  6  5 2100  -23.7  973.5   10.8  444.0   81.0  444.0
2021 156  6  5 2200  -25.0  973.8   11.2  444.0   80.0  444.0
2021 156  6  5 2300  -24.5  973.9   12.9  444.0   80.0  444.0
2021 157  6  6 0000  -24.5  974.0   10.9  444.0   80.2  444.0
2021 157  6  6 0100  -23.9  974.3    9.4  444.0   80.0  444.0
2021 157  6  6 0200  -24.1  974.1    9.7  444.0   80.0  444.0
2021 157  6  6 0300  -23.8  974.6    8.2  444.0   81.0  444.0
2021 157  6  6 0400  -23.4  974.5    8.0  444.0   81.0  444.0
2021 157  6  6 0500  -23.1  974.2    7.9  444.0   81.2  444.0
2021 157  6  6 0600  -22.7  974.0    7.3  444.0   82.0  444.0
2021 157  6  6 0700  -22.5  974.0    6.1  444.0   82.0  444.0
2021 157  6  6 0800  -22.1  973.9    4.7  444.0   83.0  444.0
2021 157  6  6 0900  -22.0  974.0    6.7  444.0   82.0  444.0
2021 157  6  6 1000  -21.2  973.8    5.8  444.0   83.1  444.0
2021 157  6  6 1100  -19.2  973.4    3.7  444.0   86.0  444.0
2021 157  6  6 1200  -19.8  973.5    3.5  444.0   84.9  444.0
2021 157  6  6 1300  -19.3  973.3    3.7  444.0   85.0  444.0
2021 157  6  6 1400  -16.4  973.0    4.5  444.0   87.0  444.0
2021 157  6  6 1500  -16.8  973.4    4.9  444.0   87.0  444.0
2021 157  6  6 1600  -16.8  973.7    4.5  444.0   87.0  444.0
2021 157  6  6 1700  -16.8  973.9    5.2  444.0   86.8  444.0
2021 157  6  6 1800  -16.7  974.4    5.7  444.0   87.0  444.0
2021 157  6  6 1900  -16.6  974.9    7.1  444.0   87.0  444.0
2021 157  6  6 2000  -16.7  975.7    4.9  444.0   86.8  444.0
2021 157  6  6 2100  -16.8  976.1    6.9  444.0   86.0  444.0
2021 157  6  6 2200  -17.5  976.7    6.4  444.0   85.9  444.0
2021 157  6  6 2300  -17.8  977.3    5.1  444.0   86.0  444.0
2021 158  6  7 0000  -17.0  978.0    6.8  444.0   87.0  444.0
2021 158  6  7 0100  -17.5  978.9    6.2  444.0   86.0  444.0
2021 158  6  7 0200  -18.4  980.3    6.6  444.0   85.0  444.0
2021 158  6  7 0300  -20.9  981.6   15.4  444.0   82.5  444.0
2021 158  6  7 0400  -24.4  983.6    9.8  444.0   80.0  444.0
2021 158  6  7 0500  -27.4  985.2    9.5  444.0   78.0  444.0
2021 158  6  7 0600  444.0  986.4    8.5  444.0   77.0  444.0
2021 158  6  7 0700  444.0  987.3    8.2  444.0   77.0  444.0
2021 158  6  7 0800  444.0  988.3    8.9  444.0   77.0  444.0
2021 158  6  7 0900  444.0  989.0    8.2  444.0   77.0  444.0
2021 158  6  7 1000  444.0  989.5    8.4  444.0   78.0  444.0
2021 158  6  7 1100  444.0  989.9    7.2  444.0   77.0  444.0
2021 158  6  7 1200  444.0  989.6    7.6  444.0   78.0  444.0
2021 158  6  7 1300  444.0  989.3    5.5  444.0   77.0  444.0
2021 158  6  7 1400  444.0  988.6    3.7  444.0   77.0  444.0
2021 158  6  7 1500  444.0  988.2    4.7  444.0   76.6  444.0
2021 158  6  7 1600  444.0  987.6    5.5  444.0   77.0  444.0
2021 158  6  7 1700  444.0  987.0    6.1  444.0   77.0  444.0
2021 158  6  7 1800  444.0  986.7    7.9  444.0   77.0  444.0
2021 158  6  7 1900  444.0  986.0   10.2  444.0   78.0  444.0
2021 158  6  7 2000  -27.9  985.8   11.6  444.0   77.9  444.0
2021 158  6  7 2100  -28.0  985.4   11.1  444.0   78.0  444.0
2021 158  6  7 2200  -27.6  984.9   12.0  444.0   78.0  444.0
2021 158  6  7 2300  -28.6  985.1   12.0  444.0   77.0  444.0
2021 159  6  8 0000  -29.2  984.6   10.1  444.0   77.0  444.0
2021 159  6  8 0100  -29.5  984.2    9.8  444.0   76.0  444.0
2021 159  6  8 0200  -28.5  984.2   12.9  444.0   77.0  444.0
2021 159  6  8 0300  -29.2  983.9   12.2  444.0   77.0  444.0
2021 159  6  8 0400  -29.0  983.6   13.1  444.0   77.0  444.0
2021 159  6  8 0500  -29.1  983.3   13.5  444.0   76.0  444.0
2021 159  6  8 0600  -28.8  983.2   12.7  444.0   77.0  444.0
2021 159  6  8 0700  -29.1  982.8   12.8  444.0   76.0  444.0
2021 159  6  8 0800  -29.3  982.9   14.5  444.0   76.0  444.0
2021 159  6  8 0900  -30.0  982.6   13.6  444.0   76.0  444.0
2021 159  6  8 1000  -29.8  982.6   14.2  444.0   76.0  444.0
2021 159  6  8 1100  -29.9  982.1   13.6  444.0   76.0  444.0
2021 159  6  8 1200  -30.0  981.7   13.8  444.0   76.0  444.0
2021 159  6  8 1300  -30.3  981.2   13.7  444.0   75.7  444.0
2021 159  6  8 1400  -30.0  980.7   13.8  444.0   76.0  444.0
2021 159  6  8 1500  -30.1  980.2   11.6  444.0   76.0  444.0
2021 159  6  8 1600  -30.0  979.5   10.6  444.0   76.0  444.0
2021 159  6  8 1700  -30.0  978.8    9.9  444.0   76.0  444.0
2021 159  6  8 1800  -30.3  978.4   10.2  444.0   75.0  444.0
2021 159  6  8 1900  -30.9  978.1    9.8  444.0   75.0  444.0
2021 159  6  8 2000  -31.4  977.6    8.4  444.0   75.0  444.0
2021 159  6  8 2100  -30.4  977.3   12.1  444.0   75.7  444.0
2021 159  6  8 2200  -30.4  976.9   15.7  444.0   75.0  444.0
2021 159  6  8 2300  -32.1  976.2   14.3  444.0   74.0  444.0
2021 160  6  9 0000  -32.1  976.1   12.4  444.0   74.0  444.0
2021 160  6  9 0100  -32.2  975.6   12.8  444.0   74.0  444.0
2021 160  6  9 0200  -32.2  975.6   13.1  444.0   74.0  444.0
2021 160  6  9 0300  -32.2  976.6   12.6  444.0   74.0  444.0
2021 160  6  9 0400  -32.3  976.9   12.6  444.0   74.0  444.0
2021 160  6  9 0500  -31.6  977.4   12.4  444.0   75.0  444.0
2021 160  6  9 0600  -31.3  977.7   11.8  444.0   75.0  444.0
2021 160  6  9 0700  -31.5  978.0   12.8  444.0   75.0  444.0
2021 160  6  9 0800  -31.6  978.1   13.3  444.0   75.0  444.0
2021 160  6  9 0900  -32.8  978.2   12.5  444.0   73.8  444.0
2021 160  6  9 1000  -33.0  979.1   11.8  444.0   74.0  444.0
2021 160  6  9 1100  -33.2  979.2   12.4  444.0   74.0  444.0
2021 160  6  9 1200  -33.6  979.9   11.2  444.0   73.0  444.0
2021 160  6  9 1300  -33.6  979.9   10.9  444.0   73.0  444.0
2021 160  6  9 1400  -34.2  979.8   11.5  444.0   73.0  444.0
2021 160  6  9 1500  -34.5  980.2   10.5  444.0   73.0  444.0
2021 160  6  9 1600  -34.7  980.0   11.2  444.0   73.0  444.0
2021 160  6  9 1700  -35.3  980.0   10.3  444.0   72.0  444.0
2021 160  6  9 1800  -35.2  980.3   10.2  444.0   72.0  444.0
2021 160  6  9 1900  -35.2  980.4   10.6  444.0   72.0  444.0
2021 160  6  9 2000  -35.1  980.2    8.1  444.0   72.0  444.0
2021 160  6  9 2100  -35.1  980.2    8.9  444.0   72.0  444.0
2021 160  6  9 2200  -35.5  980.2    9.9  444.0   72.0  444.0
2021 160  6  9 2300  -36.0  980.6   10.0  444.0   72.0  444.0
2021 161  6 10 0000  -35.7  980.5    9.6  444.0   72.0  444.0
2021 161  6 10 0100  444.0  980.2   11.0  444.0   72.0  444.0
2021 161  6 10 0200  -35.7  980.1   11.3  444.0   71.9  444.0
2021 161  6 10 0300  -35.8  980.1   10.0  444.0   72.0  444.0
2021 161  6 10 0400  -35.6  979.9   11.3  444.0   72.0  444.0
2021 161  6 10 0500  -35.5  979.6   10.6  444.0   72.0  444.0
2021 161  6 10 0600  -35.2  979.6   11.0  444.0   72.0  444.0
2021 161  6 10 0700  -35.3  979.7   11.5  444.0   72.1  444.0
2021 161  6 10 0800  -35.4  979.7   10.5  444.0   72.0  444.0
2021 161  6 10 0900  -35.2  979.8    9.7  444.0   71.0  444.0
2021 161  6 10 1000  -36.4  979.9    7.4  444.0   70.0  444.0
2021 161  6 10 1100  -36.9  979.8    7.8  444.0   69.9  444.0
2021 161  6 10 1200  -37.2  979.6    7.6  444.0   70.5  444.0
2021 161  6 10 1300  -38.1  979.9    7.7  444.0   70.0  444.0
2021 161  6 10 1400  -38.2  980.0    7.2  444.0   70.0  444.0
2021 161  6 10 1500  -38.1  980.1    7.9  444.0   70.0  444.0
2021 161  6 10 1600  -36.7  979.9    9.6  444.0   71.0  444.0
2021 161  6 10 1700  -36.8  980.5    7.8  444.0   70.3  444.0
2021 161  6 10 1800  -36.5  980.8    7.0  444.0   70.0  444.0
2021 161  6 10 1900  -36.6  981.1    5.7  444.0   70.0  444.0
2021 161  6 10 2000  -36.5  981.3    5.4  444.0   70.0  444.0
2021 161  6 10 2100  -35.1  981.4    7.2  444.0   68.0  444.0
2021 161  6 10 2200  -35.4  981.8    6.9  444.0   69.0  444.0
2021 161  6 10 2300  -34.9  982.1    7.0  444.0   70.0  444.0
2021 162  6 11 0000  -33.8  982.8    7.8  444.0   70.7  444.0
2021 162  6 11 0100  -34.8  983.4    7.1  444.0   69.0  444.0
2021 162  6 11 0200  -34.9  983.5    8.1  444.0   70.0  444.0
2021 162  6 11 0300  -33.9  984.1    8.5  444.0   71.0  444.0
2021 162  6 11 0400  -34.0  984.7    8.7  444.0   70.0  444.0
2021 162  6 11 0500  -34.1  985.2    7.0  444.0   69.4  444.0
2021 162  6 11 0600  -34.9  985.5    7.7  444.0   69.4  444.0
2021 162  6 11 0700  -35.3  985.8    7.2  444.0   71.0  444.0
2021 162  6 11 0800  -36.9  986.4    3.8  444.0   70.0  444.0
2021 162  6 11 0900  -38.0  986.8    4.5  444.0   70.0  444.0
2021 162  6 11 1000  -37.7  987.2    5.4  444.0   69.9  444.0
2021 162  6 11 1100  -36.5  987.7    6.0  444.0   69.0  444.0
2021 162  6 11 1200  -36.6  987.9    5.8  444.0   68.0  444.0
2021 162  6 11 1300  -35.6  987.7    6.8  444.0   68.0  444.0
2021 162  6 11 1400  -35.8  987.9    6.7  444.0   69.0  444.0
2021 162  6 11 1500  -35.7  987.9    5.8  444.0   69.7  444.0
2021 162  6 11 1600  -37.7  987.7    5.6  444.0   70.0  444.0
2021 162  6 11 1700  -37.4  988.0    3.0  444.0   71.0  444.0
2021 162  6 11 1800  -38.5  988.0    4.0  444.0   71.0  444.0
2021 162  6 11 1900  -37.0  987.9    4.4  444.0   71.0  444.0
2021 162  6 11 2000  -35.7  987.8    5.6  444.0   72.0  444.0
2021 162  6 11 2100  -33.8  988.1    5.6  444.0   73.0  444.0
2021 162  6 11 2200  -33.4  988.0    5.2  444.0   73.0  444.0
2021 162  6 11 2300  -32.8  987.8    5.2  444.0   74.0  444.0
2021 163  6 12 0000  -31.7  987.7    5.4  444.0   74.0  444.0
2021 163  6 12 0100  -31.7  987.9    4.1  444.0   74.0  444.0
2021 163  6 12 0200  -31.9  987.7    6.5  444.0   74.0  444.0
2021 163  6 12 0300  -31.9  987.8    5.0  444.0   74.0  444.0
2021 163  6 12 0400  -31.7  987.9    5.3  444.0   74.0  444.0
2021 163  6 12 0500  -31.4  987.5    5.3  444.0   74.0  444.0
2021 163  6 12 0600  -31.2  987.4    4.9  444.0   75.0  444.0
2021 163  6 12 0700  -30.7  987.4    5.5  444.0   75.0  444.0
2021 163  6 12 0800  -30.2  987.0    7.8  444.0   75.0  444.0
2021 163  6 12 0900  -29.8  987.1    7.6  444.0   76.0  444.0
2021 163  6 12 1000  -29.6  986.5    7.4  444.0   75.7  444.0
2021 163  6 12 1100  -28.8  986.4    6.1  444.0   76.0  444.0
2021 163  6 12 1200  -28.1  986.0    8.2  444.0   77.0  444.0
2021 163  6 12 1300  -27.9  985.9    9.2  444.0   77.0  444.0
2021 163  6 12 1400  -29.3  985.9    7.1  444.0   76.0  444.0
2021 163  6 12 1500  444.0  985.9    7.5  444.0   75.0  444.0
2021 163  6 12 1600  444.0  986.4    3.7  444.0   74.0  444.0
2021 163  6 12 1700  444.0  986.2    5.6  444.0   76.0  444.0
2021 163  6 12 1800  444.0  986.3    9.1  444.0   75.0  444.0
2021 163  6 12 1900  444.0  986.4    9.8  444.0   76.0  444.0
2021 163  6 12 2000  444.0  986.0   10.1  444.0   75.0  444.0
2021 163  6 12 2100  444.0  985.5    9.8  444.0   75.0  444.0
2021 163  6 12 2200  444.0  985.5   10.1  444.0   75.0  444.0
2021 163  6 12 2300  -29.7  985.0    9.7  444.0   76.0  444.0
2021 164  6 13 0000  -29.0  984.6    8.7  444.0   76.0  444.0
2021 164  6 13 0100  -29.0  984.3   11.1  444.0   76.0  444.0
2021 164  6 13 0200  -30.5  984.0   10.8  444.0   75.0  444.0
2021 164  6 13 0300  -30.8  984.7    9.2  444.0   75.0  444.0
2021 164  6 13 0400  -31.5  984.4    8.9  444.0   75.0  444.0
2021 164  6 13 0500  -31.7  984.6   10.2  444.0   75.0  444.0
2021 164  6 13 0600  -31.8  984.4   12.0  444.0   74.0  444.0
2021 164  6 13 0700  -31.7  984.8   11.4  444.0   74.3  444.0
2021 164  6 13 0800  -32.1  984.6   10.6  444.0   74.0  444.0
2021 164  6 13 0900  -32.4  984.8    9.4  444.0   74.0  444.0
2021 164  6 13 1000  -32.3  985.1    9.3  444.0   74.0  444.0
2021 164  6 13 1100  -32.1  985.4   10.5  444.0   74.0  444.0
2021 164  6 13 1200  -31.9  985.4   10.8  444.0   75.0  444.0
2021 164  6 13 1300  -32.4  985.4    8.6  444.0   74.0  444.0
2021 164  6 13 1400  -32.4  985.4    8.6  444.0   74.0  444.0
2021 164  6 13 1500  -31.9  985.5   11.2  444.0   74.0  444.0
2021 164  6 13 1600  -31.7  985.8    8.9  444.0   74.0  444.0
2021 164  6 13 1700  -30.5  985.9   13.3  444.0   75.0  444.0
2021 164  6 13 1800  -29.6  985.5   11.5  444.0   75.0  444.0
2021 164  6 13 1900  -30.7  985.3    7.1  444.0   75.0  444.0
2021 164  6 13 2000  -29.4  984.6   10.3  444.0   75.0  444.0
2021 164  6 13 2100  -29.1  983.6   11.3  444.0   76.0  444.0
2021 164  6 13 2200  -28.6  983.7   10.8  444.0   77.0  444.0
2021 164  6 13 2300  -28.4  983.5   14.7  444.0   75.9  444.0
2021 165  6 14 0000  -28.9  982.7   13.6  444.0   77.0  444.0
2021 165  6 14 0100  -29.0  982.6   15.5  444.0   76.0  444.0
2021 165  6 14 0200  -29.6  982.6   14.7  444.0   76.0  444.0
2021 165  6 14 0300  -30.0  982.2   17.2  444.0   75.0  444.0
2021 165  6 14 0400  -30.0  982.2   14.3  444.0   75.0  444.0
2021 165  6 14 0500  -31.5  982.2   15.1  444.0   74.0  444.0
2021 165  6 14 0600  -30.4  981.8   18.4  444.0   75.0  444.0
2021 165  6 14 0700  -30.9  981.7   16.9  444.0   74.0  444.0
2021 165  6 14 0800  -31.4  981.3   17.7  444.0   74.0  444.0
2021 165  6 14 0900  -31.3  980.8   15.4  444.0   75.0  444.0
2021 165  6 14 1000  -32.1  981.1   16.4  444.0   73.0  444.0
2021 165  6 14 1100  -32.5  981.2   17.1  444.0   73.0  444.0
2021 165  6 14 1200  -33.3  981.5   14.7  444.0   73.0  444.0
2021 165  6 14 1300  -33.6  981.5   12.9  444.0   73.0  444.0
2021 165  6 14 1400  -33.7  981.5   12.3  444.0   72.9  444.0
2021 165  6 14 1500  -33.5  981.2   13.4  444.0   73.0  444.0
2021 165  6 14 1600  -33.4  981.3   13.3  444.0   73.0  444.0
2021 165  6 14 1700  -33.5  980.8   13.1  444.0   73.0  444.0
2021 165  6 14 1800  -33.1  980.7   13.2  444.0   73.0  444.0
2021 165  6 14 1900  -32.4  980.3   17.7  444.0   73.0  444.0
2021 165  6 14 2000  -32.4  980.4   14.7  444.0   73.0  444.0
2021 165  6 14 2100  -32.2  979.9   15.2  444.0   74.0  444.0
2021 165  6 14 2200  -32.3  979.8   15.3  444.0   73.0  444.0
2021 165  6 14 2300  -32.6  979.5   14.8  444.0   73.0  444.0
2021 166  6 15 0000  -33.3  979.8   14.5  444.0   73.0  444.0
2021 166  6 15 0100  -33.9  979.4   16.6  444.0   73.0  444.0
2021 166  6 15 0200  -33.3  979.1   13.2  444.0   73.0  444.0
2021 166  6 15 0300  -33.6  979.3   11.9  444.0   73.0  444.0
2021 166  6 15 0400  -32.8  978.7   13.1  444.0   73.0  444.0
2021 166  6 15 0500  -33.4  979.2   15.1  444.0   73.0  444.0
2021 166  6 15 0600  -32.3  979.6   13.5  444.0   74.0  444.0
2021 166  6 15 0700  -32.4  979.5   10.8  444.0   73.3  444.0
2021 166  6 15 0800  -29.6  978.9   14.0  444.0   75.0  444.0
2021 166  6 15 0900  -29.3  978.2   14.6  444.0   75.0  444.0
2021 166  6 15 1000  -28.5  977.3   10.8  444.0   77.0  444.0
2021 166  6 15 1100  -27.1  977.2   13.0  444.0   77.2  444.0
2021 166  6 15 1200  -27.4  977.2   12.9  444.0   77.3  444.0
2021 166  6 15 1300  -27.5  977.4   11.7  444.0   77.0  444.0
2021 166  6 15 1400  -29.2  978.5    8.2  444.0   76.0  444.0
2021 166  6 15 1500  -30.5  978.8    6.5  444.0   75.0  444.0
2021 166  6 15 1600  -29.2  978.8    8.8  444.0   76.0  444.0
2021 166  6 15 1700  -28.8  978.7    7.0  444.0   76.7  444.0
2021 166  6 15 1800  -28.9  977.9    9.7  444.0   76.0  444.0
2021 166  6 15 1900  -28.5  976.9   12.5  444.0   77.0  444.0
2021 166  6 15 2000  -29.2  977.0   10.6  444.0   76.0  444.0
2021 166  6 15 2100  -29.3  976.3    8.6  444.0   76.0  444.0
2021 166  6 15 2200  -28.6  974.9    9.2  444.0   76.7  444.0
2021 166  6 15 2300  -28.6  974.2    8.6  444.0   77.0  444.0
2021 167  6 16 0000  -28.3  973.8   11.0  444.0   76.7  444.0
2021 167  6 16 0100  -28.2  973.4   11.5  444.0   77.0  444.0
2021 167  6 16 0200  -28.2  973.2   13.9  444.0   77.0  444.0
2021 167  6 16 0300  -26.8  972.2   14.5  444.0   78.0  444.0
2021 167  6 16 0400  -25.4  971.2   15.2  444.0   78.0  444.0
2021 167  6 16 0500  -24.7  970.6   16.6  444.0   79.2  444.0
2021 167  6 16 0600  -25.9  969.9   17.5  444.0   78.0  444.0
2021 167  6 16 0700  -26.6  968.9   14.8  444.0   78.0  444.0
2021 167  6 16 0800  -26.7  968.3   14.2  444.0   78.0  444.0
2021 167  6 16 0900  -26.4  967.8   14.9  444.0   78.0  444.0
2021 167  6 16 1000  -26.6  967.6   15.0  444.0   77.7  444.0
2021 167  6 16 1100  -26.7  967.3   16.7  444.0   78.0  444.0
2021 167  6 16 1200  -26.0  966.6   14.7  444.0   78.0  444.0
2021 167  6 16 1300  -25.9  966.3   14.0  444.0   78.0  444.0
2021 167  6 16 1400  -25.7  965.3   16.1  444.0   79.0  444.0
2021 167  6 16 1500  -25.5  964.7   16.8  444.0   78.5  444.0
2021 167  6 16 1600  -25.6  963.8   14.5  444.0   79.0  444.0
2021 167  6 16 1700  -25.7  963.6   12.7  444.0   78.0  444.0
2021 167  6 16 1800  -26.0  961.8   11.5  444.0   78.0  444.0
2021 167  6 16 1900  -26.8  961.2    9.5  444.0   78.0  444.0
2021 167  6 16 2000  -26.9  961.0    9.0  444.0   78.1  444.0
2021 167  6 16 2100  -30.0  961.2    6.8  444.0   76.0  444.0
2021 167  6 16 2200  444.0  961.8    5.4  444.0   76.0  444.0
2021 167  6 16 2300  -31.7  962.5    4.9  444.0   75.0  444.0
2021 168  6 17 0000  -30.4  962.6    6.9  444.0   76.0  444.0
2021 168  6 17 0100  -31.0  962.3    5.9  444.0   76.0  444.0
2021 168  6 17 0200  -30.6  962.2    5.9  444.0   76.0  444.0
2021 168  6 17 0300  -31.3  961.9    5.8  444.0   75.5  444.0
2021 168  6 17 0400  -29.9  962.0    7.4  444.0   76.2  444.0
2021 168  6 17 0500  -28.7  961.8    8.8  444.0   77.0  444.0
2021 168  6 17 0600  -28.0  962.2    9.3  444.0   78.0  444.0
2021 168  6 17 0700  -25.2  962.5   11.3  444.0   79.0  444.0
2021 168  6 17 0800  444.0  962.2   11.6  444.0   80.3  444.0
2021 168  6 17 0900  -23.9  961.9   15.5  444.0   80.0  444.0
2021 168  6 17 1000  -23.7  962.8   16.5  444.0   80.0  444.0
2021 168  6 17 1100  -23.6  961.9   17.3  444.0   80.0  444.0
2021 168  6 17 1200  -22.0  961.2   14.2  444.0   82.0  444.0
2021 168  6 17 1300  -24.0  961.4   16.8  444.0   80.0  444.0
2021 168  6 17 1400  -22.5  961.7   10.9  444.0   82.0  444.0
2021 168  6 17 1500  -18.7  962.1   10.4  444.0   85.0  444.0
2021 168  6 17 1600  -20.9  963.0   10.9  444.0   83.0  444.0
2021 168  6 17 1700  -22.5  964.5   10.9  444.0   81.0  444.0
2021 168  6 17 1800  -23.0  966.1    9.5  444.0   81.2  444.0
2021 168  6 17 1900  -21.9  966.9    9.6  444.0   82.0  444.0
2021 168  6 17 2000  -21.6  968.1    8.4  444.0   82.0  444.0
2021 168  6 17 2100  -21.2  969.1    8.8  444.0   83.0  444.0
2021 168  6 17 2200  -19.6  968.8    9.8  444.0   84.0  444.0
2021 168  6 17 2300  -23.1  970.5   13.0  444.0   81.0  444.0
2021 169  6 18 0000  -25.7  972.4   14.4  444.0   79.0  444.0
2021 169  6 18 0100  -27.0  974.3   10.8  444.0   78.0  444.0
2021 169  6 18 0200  -26.2  975.5    9.7  444.0   79.0  444.0
2021 169  6 18 0300  -24.7  976.5    7.7  444.0   80.0  444.0
2021 169  6 18 0400  -23.8  977.4    6.0  444.0   80.0  444.0
2021 169  6 18 0500  -24.5  978.2    7.1  444.0   79.0  444.0
2021 169  6 18 0600  -24.7  979.7    5.5  444.0   79.8  444.0
2021 169  6 18 0700  -25.9  981.2    8.9  444.0   78.6  444.0
2021 169  6 18 0800  -27.8  982.7    8.8  444.0   77.0  444.0
2021 169  6 18 0900  -28.1  983.7    6.9  444.0   77.0  444.0
2021 169  6 18 1000  -27.4  984.5    6.0  444.0   77.0  444.0
2021 169  6 18 1100  444.0  984.3    4.1  444.0   78.4  444.0
2021 169  6 18 1200  444.0  984.3    5.0  444.0   81.0  444.0
2021 169  6 18 1300  -23.9  984.5    7.0  444.0   81.0  444.0
2021 169  6 18 1400  -23.4  984.5    8.3  444.0   81.0  444.0
2021 169  6 18 1500  -24.8  984.3    7.2  444.0   80.0  444.0
2021 169  6 18 1600  -24.0  984.2    7.6  444.0   81.0  444.0
2021 169  6 18 1700  -24.0  984.3    7.7  444.0   81.0  444.0
2021 169  6 18 1800  -25.4  984.5    7.3  444.0   80.0  444.0
2021 169  6 18 1900  -25.9  983.8    6.7  444.0   79.0  444.0
2021 169  6 18 2000  444.0  983.3    7.2  444.0   79.0  444.0
2021 169  6 18 2100  -27.0  982.9    4.6  444.0   77.0  444.0
2021 169  6 18 2200  -27.2  981.8    5.1  444.0   77.0  444.0
2021 169  6 18 2300  -27.3  981.2    4.0  444.0   76.0  444.0
2021 170  6 19 0000  -27.8  980.2    4.0  444.0   78.0  444.0
2021 170  6 19 0100  444.0  979.3    4.1  444.0   79.0  444.0
2021 170  6 19 0200  444.0  978.1    0.5  444.0   77.0  444.0
2021 170  6 19 0300  444.0  976.5    3.3  444.0   79.0  444.0
2021 170  6 19 0400  -26.5  975.4    5.7  444.0   79.0  444.0
2021 170  6 19 0500  -26.1  974.9    6.3  444.0   79.2  444.0
2021 170  6 19 0600  -26.8  974.4    5.6  444.0   77.0  444.0
2021 170  6 19 0700  444.0  973.5    4.2  444.0   78.0  444.0
2021 170  6 19 0800  444.0  972.8    1.0  444.0   76.0  444.0
2021 170  6 19 0900  444.0  972.3    9.2  444.0   79.0  444.0
2021 170  6 19 1000  444.0  971.7    7.9  444.0   79.0  444.0
2021 170  6 19 1100  -26.0  971.3   10.8  444.0   79.0  444.0
2021 170  6 19 1200  -25.3  970.9   10.9  444.0   78.0  444.0
2021 170  6 19 1300  -26.0  970.5    9.4  444.0   75.0  444.0
2021 170  6 19 1400  -27.4  970.3    7.6  444.0   75.0  444.0
2021 170  6 19 1500  -27.6  969.6    5.8  444.0   75.0  444.0
2021 170  6 19 1600  444.0  969.6    5.5  444.0   76.0  444.0
2021 170  6 19 1700  444.0  968.8    7.0  444.0   76.0  444.0
2021 170  6 19 1800  444.0  968.4    6.7  444.0   75.0  444.0
2021 170  6 19 1900  444.0  967.9    7.1  444.0   73.0  444.0
2021 170  6 19 2000  444.0  967.6    8.8  444.0   75.0  444.0
2021 170  6 19 2100  444.0  967.4    8.4  444.0   75.0  444.0
2021 170  6 19 2200  444.0  967.3    7.6  444.0   77.0  444.0
2021 170  6 19 2300  444.0  967.2    5.5  444.0   76.0  444.0
2021 171  6 20 0000  444.0  967.0    4.8  444.0   76.1  444.0
2021 171  6 20 0100  444.0  966.6    2.6  444.0   74.0  444.0
2021 171  6 20 0200  444.0  966.3    2.7  444.0   74.0  444.0
2021 171  6 20 0300  444.0  966.0    2.6  444.0   74.0  444.0
2021 171  6 20 0400  444.0  965.4    3.0  444.0   74.0  444.0
2021 171  6 20 0500  444.0  965.3    1.2  444.0   76.0  444.0
2021 171  6 20 0600  -25.7  964.7    7.8  444.0   79.0  444.0
2021 171  6 20 0700  444.0  964.1    6.5  444.0   80.0  444.0
2021 171  6 20 0800  -24.0  963.4    5.8  444.0   81.0  444.0
2021 171  6 20 0900  444.0  963.1    9.1  444.0   82.0  444.0
2021 171  6 20 1000  444.0  962.7    8.5  444.0   82.0  444.0
2021 171  6 20 1100  -21.7  962.3    8.6  444.0   82.0  444.0
2021 171  6 20 1200  -20.2  962.0    8.4  444.0   84.0  444.0
2021 171  6 20 1300  -20.6  961.9    6.5  444.0   83.0  444.0
2021 171  6 20 1400  -20.5  961.3    6.1  444.0   84.0  444.0
2021 171  6 20 1500  -17.8  961.2    9.1  444.0   85.0  444.0
2021 171  6 20 1600  -16.7  961.2    8.1  444.0   85.0  444.0
2021 171  6 20 1700  -15.7  960.9    9.9  444.0   86.0  444.0
2021 171  6 20 1800  -15.6  960.8   11.0  444.0   88.0  444.0
2021 171  6 20 1900  -15.0  960.6   11.4  444.0   88.0  444.0
2021 171  6 20 2000  -15.1  961.2   11.4  444.0   88.0  444.0
2021 171  6 20 2100  -15.3  961.8   13.3  444.0   88.0  444.0
2021 171  6 20 2200  -15.5  962.0   12.7  444.0   87.0  444.0
2021 171  6 20 2300  -15.9  962.0   14.4  444.0   87.0  444.0
2021 172  6 21 0000  -16.4  962.1   12.6  444.0   86.0  444.0
2021 172  6 21 0100  -15.6  962.4   13.4  444.0   87.0  444.0
2021 172  6 21 0200  -16.8  962.8   10.8  444.0   84.5  444.0
2021 172  6 21 0300  -17.1  963.3   11.5  444.0   84.0  444.0
2021 172  6 21 0400  -16.5  963.7   10.7  444.0   82.0  444.0
2021 172  6 21 0500  -16.2  964.1   11.1  444.0   82.0  444.0
2021 172  6 21 0600  -15.5  964.2   11.1  444.0   83.0  444.0
2021 172  6 21 0700  444.0  964.6   11.1  444.0   83.0  444.0
2021 172  6 21 0800  -17.3  965.1   10.2  444.0   84.0  444.0
2021 172  6 21 0900  -18.9  965.1   12.1  444.0   85.0  444.0
2021 172  6 21 1000  -20.2  965.3   12.4  444.0   84.0  444.0
2021 172  6 21 1100  -19.6  965.3   13.2  444.0   84.0  444.0
2021 172  6 21 1200  -18.1  964.9   11.1  444.0   86.0  444.0
2021 172  6 21 1300  -18.0  964.8   10.5  444.0   85.0  444.0
2021 172  6 21 1400  -18.2  964.8   11.1  444.0   85.0  444.0
2021 172  6 21 1500  -18.9  964.7   12.7  444.0   85.0  444.0
2021 172  6 21 1600  -18.8  965.1   10.9  444.0   86.0  444.0
2021 172  6 21 1700  -18.9  964.9    9.5  444.0   86.0  444.0
2021 172  6 21 1800  -18.4  964.8    3.5  444.0   86.0  444.0
2021 172  6 21 1900  -22.9  965.2    6.4  444.0   80.0  444.0
2021 172  6 21 2000  -29.5  966.1    5.8  444.0   77.0  444.0
2021 172  6 21 2100  -31.7  966.6    3.5  444.0   76.0  444.0
2021 172  6 21 2200  -32.2  967.2    0.3  444.0   75.0  444.0
2021 172  6 21 2300  -33.4  967.7    2.5  444.0   75.0  444.0
2021 173  6 22 0000  -34.4  968.2    2.2  444.0   74.0  444.0
2021 173  6 22 0100  -34.7  968.2    1.1  444.0   74.0  444.0
2021 173  6 22 0200  -33.9  968.3    0.6  444.0   74.0  444.0
2021 173  6 22 0300  -34.0  968.1    0.0  444.0   74.0  444.0
2021 173  6 22 0400  -33.3  968.1    0.9  444.0   75.0  444.0
2021 173  6 22 0500  -29.2  967.9    2.8  444.0   78.0  444.0
2021 173  6 22 0600  444.0  967.5    1.5  444.0   79.0  444.0
2021 173  6 22 0700  444.0  967.9    2.1  444.0   81.0  444.0
2021 173  6 22 0800  -22.1  967.8    2.7  444.0   83.0  444.0
2021 173  6 22 0900  -18.7  967.7    3.4  444.0   86.4  444.0
2021 173  6 22 1000  -15.1  968.0    2.3  444.0   89.0  444.0
2021 173  6 22 1100  -16.2  968.3    1.7  444.0   88.0  444.0
2021 173  6 22 1200  -16.6  967.7    2.7  444.0   88.0  444.0
2021 173  6 22 1300  -14.5  968.1    1.7  444.0   89.0  444.0
2021 173  6 22 1400  -18.7  968.9    3.0  444.0   85.3  444.0
2021 173  6 22 1500  -15.8  969.3    3.0  444.0   90.0  444.0
2021 173  6 22 1600  -18.7  969.5    0.4  444.0   85.0  444.0
2021 173  6 22 1700  -19.4  969.7    0.0  444.0   85.0  444.0
2021 173  6 22 1800  -18.3  969.9    0.3  444.0   86.0  444.0
2021 173  6 22 1900  -21.5  970.4    0.1  444.0   84.0  444.0
2021 173  6 22 2000  -20.9  970.9    0.2  444.0   84.0  444.0
2021 173  6 22 2100  -22.4  971.7    3.5  444.0   82.0  444.0
2021 173  6 22 2200  -24.6  972.0    3.8  444.0   80.0  444.0
2021 173  6 22 2300  -26.3  972.0    3.4  444.0   79.0  444.0
2021 174  6 23 0000  444.0  972.2    3.6  444.0   78.0  444.0
2021 174  6 23 0100  444.0  972.1    3.7  444.0   79.7  444.0
2021 174  6 23 0200  444.0  972.2    3.6  444.0   82.0  444.0
2021 174  6 23 0300  -18.8  971.8    3.7  444.0   85.0  444.0
2021 174  6 23 0400  -19.3  972.0    3.5  444.0   85.0  444.0
2021 174  6 23 0500  -20.0  971.9    4.8  444.0   85.0  444.0
2021 174  6 23 0600  -24.2  972.3    2.8  444.0   80.0  444.0
2021 174  6 23 0700  -25.6  972.3    4.0  444.0   80.0  444.0
2021 174  6 23 0800  -26.0  972.6    3.9  444.0   79.0  444.0
2021 174  6 23 0900  -25.8  972.6    4.4  444.0   80.0  444.0
2021 174  6 23 1000  -26.2  972.9    4.3  444.0   79.0  444.0
2021 174  6 23 1100  -26.4  972.9    3.2  444.0   79.2  444.0
2021 174  6 23 1200  -27.7  973.3    2.9  444.0   77.9  444.0
2021 174  6 23 1300  444.0  973.3    2.8  444.0   78.0  444.0
2021 174  6 23 1400  444.0  973.3    3.8  444.0   79.0  444.0
2021 174  6 23 1500  444.0  973.5    3.8  444.0   78.0  444.0
2021 174  6 23 1600  444.0  973.9    4.1  444.0   77.4  444.0
2021 174  6 23 1700  444.0  974.4    5.1  444.0   77.2  444.0
2021 174  6 23 1800  444.0  974.6    5.2  444.0   75.0  444.0
2021 174  6 23 1900  444.0  975.5    5.1  444.0   74.0  444.0
2021 174  6 23 2000  444.0  976.5    3.3  444.0   73.0  444.0
2021 174  6 23 2100  444.0  976.9    3.1  444.0   73.9  444.0
2021 174  6 23 2200  444.0  976.9    2.8  444.0   75.5  444.0
2021 174  6 23 2300  444.0  976.8    2.8  444.0   76.1  444.0
2021 175  6 24 0000  444.0  976.6    3.3  444.0   77.0  444.0
2021 175  6 24 0100  -28.8  976.3    3.1  444.0   77.0  444.0
2021 175  6 24 0200  444.0  975.9    3.5  444.0   78.0  444.0
2021 175  6 24 0300  444.0  976.0    2.7  444.0   78.0  444.0
2021 175  6 24 0400  444.0  976.0    2.9  444.0   78.0  444.0
2021 175  6 24 0500  444.0  976.3    2.5  444.0   77.0  444.0
2021 175  6 24 0600  444.0  976.4    3.3  444.0   77.9  444.0
2021 175  6 24 0700  444.0  976.6    3.7  444.0   78.0  444.0
2021 175  6 24 0800  444.0  976.5    2.9  444.0   78.0  444.0
2021 175  6 24 0900  444.0  976.6    2.5  444.0   78.0  444.0
2021 175  6 24 1000  444.0  976.5    3.5  444.0   78.4  444.0
2021 175  6 24 1100  444.0  976.5    4.2  444.0   80.0  444.0
2021 175  6 24 1200  444.0  976.3    4.0  444.0   79.0  444.0
2021 175  6 24 1300  444.0  976.6    3.5  444.0   77.0  444.0
2021 175  6 24 1400  444.0  976.2    2.9  444.0   78.0  444.0
2021 175  6 24 1500  444.0  975.8    4.4  444.0   78.0  444.0
2021 175  6 24 1600  444.0  976.1    3.6  444.0   77.0  444.0
2021 175  6 24 1700  444.0  976.2    3.8  444.0   77.0  444.0
2021 175  6 24 1800  444.0  976.3    4.4  444.0   76.0  444.0
2021 175  6 24 1900  444.0  976.9    5.6  444.0   76.0  444.0
2021 175  6 24 2000  -32.3  977.2    5.8  444.0   75.0  444.0
2021 175  6 24 2100  -31.9  977.4    5.2  444.0   75.0  444.0
2021 175  6 24 2200  -31.4  977.6    4.1  444.0   75.0  444.0
2021 175  6 24 2300  -31.0  977.7    5.7  444.0   75.0  444.0
2021 176  6 25 0000  -30.6  977.8    3.6  444.0   76.0  444.0
2021 176  6 25 0100  -31.1  977.5    4.0  444.0   75.0  444.0
2021 176  6 25 0200  -32.4  978.2    3.5  444.0   74.4  444.0
2021 176  6 25 0300  -32.8  978.5    3.2  444.0   74.0  444.0
2021 176  6 25 0400  -32.2  978.3    3.6  444.0   75.0  444.0
2021 176  6 25 0500  -31.6  978.2    3.5  444.0   75.0  444.0
2021 176  6 25 0600  -31.4  978.4    2.2  444.0   75.0  444.0
2021 176  6 25 0700  -30.8  978.4    3.2  444.0   76.0  444.0
2021 176  6 25 0800  -32.3  978.7    2.2  444.0   74.0  444.0
2021 176  6 25 0900  -32.2  978.8    2.5  444.0   75.0  444.0
2021 176  6 25 1000  -32.2  978.7    2.5  444.0   75.0  444.0
2021 176  6 25 1100  -31.4  979.1    2.9  444.0   75.0  444.0
2021 176  6 25 1200  -30.7  979.2    3.6  444.0   76.0  444.0
2021 176  6 25 1300  -30.2  979.3    3.2  444.0   76.0  444.0
2021 176  6 25 1400  -31.5  979.4    2.6  444.0   75.0  444.0
2021 176  6 25 1500  -32.3  979.3    3.0  444.0   75.0  444.0
2021 176  6 25 1600  -32.9  979.8    1.7  444.0   74.0  444.0
2021 176  6 25 1700  444.0  980.0    4.0  444.0   75.0  444.0
2021 176  6 25 1800  444.0  980.2    3.6  444.0   74.0  444.0
2021 176  6 25 1900  444.0  979.9    4.2  444.0   75.0  444.0
2021 176  6 25 2000  444.0  980.2    4.3  444.0   75.0  444.0
2021 176  6 25 2100  444.0  980.3    4.1  444.0   75.0  444.0
2021 176  6 25 2200  444.0  980.6    3.7  444.0   77.0  444.0
2021 176  6 25 2300  -29.9  981.4    3.5  444.0   76.0  444.0
2021 177  6 26 0000  -29.0  981.1    3.8  444.0   77.7  444.0
2021 177  6 26 0100  444.0  981.5    6.5  444.0   78.0  444.0
2021 177  6 26 0200  444.0  982.1    4.1  444.0   77.0  444.0
2021 177  6 26 0300  444.0  982.7    6.6  444.0   79.5  444.0
2021 177  6 26 0400  444.0  982.9    5.8  444.0   79.0  444.0
2021 177  6 26 0500  444.0  983.4    6.4  444.0   79.0  444.0
2021 177  6 26 0600  444.0  983.8    5.7  444.0   79.0  444.0
2021 177  6 26 0700  444.0  983.7    5.3  444.0   78.0  444.0
2021 177  6 26 0800  444.0  983.6    6.0  444.0   78.0  444.0
2021 177  6 26 0900  444.0  983.9    5.9  444.0   78.0  444.0
2021 177  6 26 1000  444.0  984.8    4.4  444.0   78.0  444.0
2021 177  6 26 1100  444.0  985.1    5.7  444.0   78.0  444.0
2021 177  6 26 1200  444.0  985.4    6.1  444.0   79.0  444.0
2021 177  6 26 1300  444.0  985.6    6.1  444.0   78.0  444.0
2021 177  6 26 1400  444.0  985.7    5.7  444.0   78.0  444.0
2021 177  6 26 1500  444.0  986.7    7.4  444.0   77.8  444.0
2021 177  6 26 1600  444.0  987.2    8.6  444.0   75.0  444.0
2021 177  6 26 1700  444.0  987.6    8.8  444.0   74.0  444.0
2021 177  6 26 1800  444.0  987.7    9.3  444.0   74.0  444.0
2021 177  6 26 1900  444.0  988.7    9.2  444.0   72.0  444.0
2021 177  6 26 2000  444.0  989.3    9.9  444.0   71.2  444.0
2021 177  6 26 2100  444.0  989.8    9.3  444.0   70.0  444.0
2021 177  6 26 2200  444.0  990.0   10.6  444.0   70.0  444.0
2021 177  6 26 2300  444.0  990.6    8.8  444.0   69.0  444.0
2021 178  6 27 0000  444.0  991.3    9.1  444.0   71.4  444.0
2021 178  6 27 0100  444.0  991.5   11.6  444.0   74.1  444.0
2021 178  6 27 0200  444.0  992.1    7.9  444.0   73.0  444.0
2021 178  6 27 0300  -27.3  992.4    9.2  444.0   72.0  444.0
2021 178  6 27 0400  -28.4  992.6    8.8  444.0   73.0  444.0
2021 178  6 27 0500  444.0  993.0    7.6  444.0   73.0  444.0
2021 178  6 27 0600  444.0  993.7    6.6  444.0   71.4  444.0
2021 178  6 27 0700  444.0  994.4    7.3  444.0   72.0  444.0
2021 178  6 27 0800  -31.6  994.8    6.7  444.0   72.0  444.0
2021 178  6 27 0900  444.0  995.1    7.0  444.0   72.0  444.0
2021 178  6 27 1000  444.0  995.4    8.1  444.0   71.0  444.0
2021 178  6 27 1100  444.0  995.8    6.6  444.0   70.0  444.0
2021 178  6 27 1200  444.0  996.0    6.7  444.0   66.0  444.0
2021 178  6 27 1300  444.0  995.6    4.9  444.0   68.0  444.0
2021 178  6 27 1400  444.0  995.3    5.2  444.0   68.0  444.0
2021 178  6 27 1500  444.0  995.4    6.1  444.0   66.0  444.0
2021 178  6 27 1600  444.0  995.1    4.9  444.0   68.0  444.0
2021 178  6 27 1700  444.0  995.8    7.2  444.0   69.0  444.0
2021 178  6 27 1800  444.0  996.1    6.7  444.0   69.0  444.0
2021 178  6 27 1900  444.0  996.6    5.9  444.0   65.0  444.0
2021 178  6 27 2000  444.0  996.3    4.6  444.0   66.0  444.0
2021 178  6 27 2100  444.0  995.9    5.2  444.0   71.0  444.0
2021 178  6 27 2200  444.0  995.7    4.6  444.0   69.0  444.0
2021 178  6 27 2300  444.0  995.3    4.1  444.0   68.3  444.0
2021 179  6 28 0000  444.0  994.8    7.2  444.0   70.0  444.0
2021 179  6 28 0100  444.0  994.8    7.4  444.0   72.0  444.0
2021 179  6 28 0200  444.0  995.1    4.7  444.0   73.0  444.0
2021 179  6 28 0300  444.0  995.0    6.1  444.0   73.0  444.0
2021 179  6 28 0400  444.0  994.4    4.7  444.0   70.9  444.0
2021 179  6 28 0500  444.0  994.1    5.9  444.0   72.0  444.0
2021 179  6 28 0600  444.0  994.5    6.3  444.0   72.9  444.0
2021 179  6 28 0700  444.0  994.5    5.6  444.0   72.0  444.0
2021 179  6 28 0800  444.0  994.3    5.4  444.0   73.0  444.0
2021 179  6 28 0900  444.0  993.7    5.4  444.0   72.0  444.0
2021 179  6 28 1000  444.0  993.5    3.7  444.0   72.0  444.0
2021 179  6 28 1100  444.0  993.5    3.7  444.0   71.0  444.0
2021 179  6 28 1200  444.0  993.3    3.3  444.0   70.0  444.0
2021 179  6 28 1300  444.0  993.2    5.9  444.0   71.0  444.0
2021 179  6 28 1400  444.0  992.7    6.6  444.0   72.0  444.0
2021 179  6 28 1500  444.0  992.4    7.2  444.0   73.0  444.0
2021 179  6 28 1600  444.0  992.2    6.7  444.0   71.8  444.0
2021 179  6 28 1700  444.0  991.9    6.8  444.0   72.0  444.0
2021 179  6 28 1800  444.0  991.9    6.2  444.0   71.0  444.0
2021 179  6 28 1900  444.0  991.3    5.6  444.0   71.0  444.0
2021 179  6 28 2000  444.0  990.6    7.2  444.0   71.0  444.0
2021 179  6 28 2100  444.0  990.7    7.0  444.0   71.1  444.0
2021 179  6 28 2200  444.0  990.3    7.2  444.0   71.0  444.0
2021 179  6 28 2300  444.0  989.7    5.3  444.0   71.4  444.0
2021 180  6 29 0000  444.0  989.3    5.6  444.0   71.0  444.0
2021 180  6 29 0100  444.0  988.8    6.6  444.0   70.0  444.0
2021 180  6 29 0200  444.0  988.3    7.0  444.0   70.3  444.0
2021 180  6 29 0300  444.0  987.8    8.0  444.0   72.0  444.0
2021 180  6 29 0400  -33.1  987.8    6.6  444.0   70.0  444.0
2021 180  6 29 0500  444.0  987.3    4.8  444.0   71.0  444.0
2021 180  6 29 0600  444.0  986.6    5.6  444.0   72.0  444.0
2021 180  6 29 0700  444.0  986.2    6.3  444.0   72.0  444.0
2021 180  6 29 0800  444.0  985.3    6.4  444.0   73.0  444.0
2021 180  6 29 0900  -34.4  984.5    6.9  444.0   72.9  444.0
2021 180  6 29 1000  -33.7  984.0    6.4  444.0   74.0  444.0
2021 180  6 29 1100  444.0  983.3    6.4  444.0   73.0  444.0
2021 180  6 29 1200  444.0  982.5    8.9  444.0   73.0  444.0
2021 180  6 29 1300  444.0  981.9   10.2  444.0   75.0  444.0
2021 180  6 29 1400  444.0  981.8   10.1  444.0   73.0  444.0
2021 180  6 29 1500  -28.2  981.3   10.7  444.0   75.0  444.0
2021 180  6 29 1600  -28.7  981.1   10.2  444.0   75.0  444.0
2021 180  6 29 1700  -26.2  980.4   15.5  444.0   78.0  444.0
2021 180  6 29 1800  -26.5  980.6   14.9  444.0   77.0  444.0
2021 180  6 29 1900  -27.2  980.8   12.3  444.0   76.3  444.0
2021 180  6 29 2000  -28.2  980.6    9.1  444.0   76.0  444.0
2021 180  6 29 2100  -30.0  980.7    6.8  444.0   73.0  444.0
2021 180  6 29 2200  -31.0  980.9    7.1  444.0   73.0  444.0
2021 180  6 29 2300  444.0  981.0    5.1  444.0   73.0  444.0
2021 181  6 30 0000  444.0  980.9    5.7  444.0   74.0  444.0
2021 181  6 30 0100  444.0  980.9    6.1  444.0   74.0  444.0
2021 181  6 30 0200  444.0  980.8    5.3  444.0   73.0  444.0
2021 181  6 30 0300  444.0  980.5    6.6  444.0   75.0  444.0
2021 181  6 30 0400  444.0  980.1    6.7  444.0   74.0  444.0
2021 181  6 30 0500  444.0  979.8    6.3  444.0   73.0  444.0
2021 181  6 30 0600  444.0  979.7    7.7  444.0   75.0  444.0
2021 181  6 30 0700  444.0  980.2    8.1  444.0   75.0  444.0
2021 181  6 30 0800  444.0  980.2    6.9  444.0   75.0  444.0
2021 181  6 30 0900  444.0  980.3    7.4  444.0   75.0  444.0
2021 181  6 30 1000  444.0  980.5    7.9  444.0   74.0  444.0
2021 181  6 30 1100  444.0  979.9    7.6  444.0   74.0  444.0
2021 181  6 30 1200  444.0  979.8    7.6  444.0   73.0  444.0
2021 181  6 30 1300  444.0  979.7    4.8  444.0   74.0  444.0
2021 181  6 30 1400  444.0  979.2    3.8  444.0   74.0  444.0
2021 181  6 30 1500  444.0  978.9    5.3  444.0   74.0  444.0
2021 181  6 30 1600  444.0  978.4    7.9  444.0   73.0  444.0
2021 181  6 30 1700  444.0  978.1    8.3  444.0   73.0  444.0
2021 181  6 30 1800  444.0  977.8    8.0  444.0   72.0  444.0
2021 181  6 30 1900  444.0  977.2    8.0  444.0   72.0  444.0
2021 181  6 30 2000  -30.6  976.5    6.0  444.0   71.0  444.0
2021 181  6 30 2100  -29.6  976.2    8.9  444.0   74.0  444.0
2021 181  6 30 2200  -29.2  975.5   10.1  444.0   73.0  444.0
2021 181  6 30 2300  -29.4  974.9    8.2  444.0   72.0  444.0
