Year: 2020  Month: 01  ID: MLN  ARGOS:  8934  Name: Marilyn           
Lat: 79.93S  Lon: 165.56E  Elev:   62m                                
2020   1  1  1 0000   -5.6  998.1    2.3  444.0   80.5  444.0
2020   1  1  1 0100   -5.1  998.0    3.3  444.0   82.0  444.0
2020   1  1  1 0200   -5.1  997.9    5.0  444.0   81.0  444.0
2020   1  1  1 0300   -5.2  997.3    4.3  444.0   82.0  444.0
2020   1  1  1 0400   -4.8  996.9    4.2  444.0   82.5  444.0
2020   1  1  1 0500   -4.7  996.7    4.1  444.0   80.5  444.0
2020   1  1  1 0600   -4.7  996.5    2.9  444.0   80.0  444.0
2020   1  1  1 0700   -4.6  996.2    2.8  444.0   82.0  444.0
2020   1  1  1 0800   -5.1  995.8    2.6  444.0   80.0  444.0
2020   1  1  1 0900   -5.7  995.2    5.0  444.0   78.2  444.0
2020   1  1  1 1000   -6.2  994.8    2.9  444.0   81.0  444.0
2020   1  1  1 1100   -7.2  994.2    2.5  444.0   85.0  444.0
2020   1  1  1 1200   -8.8  993.5    1.7  444.0   86.0  444.0
2020   1  1  1 1300   -8.9  992.9    3.7  444.0   83.0  444.0
2020   1  1  1 1400   -7.8  992.2    4.2  444.0   79.0  444.0
2020   1  1  1 1500   -8.0  991.0    5.6  444.0   81.0  444.0
2020   1  1  1 1600   -5.6  990.7    4.6  444.0   64.0  444.0
2020   1  1  1 1700   -7.0  990.3    3.4  444.0   75.0  444.0
2020   1  1  1 1800   -6.5  989.8    5.9  444.0   71.0  444.0
2020   1  1  1 1900   -5.3  989.2    6.4  444.0   63.0  444.0
2020   1  1  1 2000   -3.6  988.7    7.6  444.0   66.0  444.0
2020   1  1  1 2100   -2.9  988.4   10.0  444.0   63.0  444.0
2020   1  1  1 2200   -2.4  988.1    8.2  444.0   62.0  444.0
2020   1  1  1 2300   -2.3  987.1   10.8  444.0   62.0  444.0
2020   2  1  2 0000   -1.8  986.9   10.1  444.0   63.0  444.0
2020   2  1  2 0100   -2.0  986.7    9.7  444.0   71.0  444.0
2020   2  1  2 0200   -1.5  985.6   11.4  444.0   61.0  444.0
2020   2  1  2 0300   -1.6  985.0    8.9  444.0   68.0  444.0
2020   2  1  2 0400   -1.6  984.7   10.8  444.0   63.0  444.0
2020   2  1  2 0500   -1.5  983.9   12.2  444.0   63.6  444.0
2020   2  1  2 0600   -1.3  984.3    8.4  444.0   63.0  444.0
2020   2  1  2 0700   -2.0  983.8    8.3  444.0   70.3  444.0
2020   2  1  2 0800   -2.1  983.8    6.6  444.0   68.1  444.0
2020   2  1  2 0900   -4.3  983.7    6.3  444.0   84.0  444.0
2020   2  1  2 1000   -5.7  983.9    4.9  444.0   88.0  444.0
2020   2  1  2 1100   -6.1  984.1    4.1  444.0   87.0  444.0
2020   2  1  2 1200   -7.5  984.2    4.5  444.0   86.7  444.0
2020   2  1  2 1300   -8.8  984.6    5.6  444.0   87.4  444.0
2020   2  1  2 1400  -10.0  985.0    5.3  444.0   87.0  444.0
2020   2  1  2 1500  -11.2  985.3    5.2  444.0   85.0  444.0
2020   2  1  2 1600  -11.8  985.6    4.8  444.0   85.0  444.0
2020   2  1  2 1700  -12.0  986.0    4.9  444.0   86.0  444.0
2020   2  1  2 1800  -12.0  986.6    4.7  444.0   94.0  444.0
2020   2  1  2 1900  -11.4  986.9    4.1  444.0   89.0  444.0
2020   2  1  2 2000  -10.8  987.3    2.2  444.0   89.0  444.0
2020   2  1  2 2100   -9.8  987.4    1.9  444.0   89.0  444.0
2020   2  1  2 2200   -8.8  987.4    1.9  444.0   87.0  444.0
2020   2  1  2 2300   -8.5  987.4    2.0  444.0   87.0  444.0
2020   3  1  3 0000   -6.4  987.3    0.1  444.0   82.0  444.0
2020   3  1  3 0100   -6.7  986.9    0.7  444.0   78.0  444.0
2020   3  1  3 0200   -6.8  986.6    1.3  444.0   78.2  444.0
2020   3  1  3 0300   -6.4  986.2    0.6  444.0   75.0  444.0
2020   3  1  3 0400   -6.8  985.7    0.9  444.0   78.0  444.0
2020   3  1  3 0500   -7.3  985.5    1.6  444.0   79.0  444.0
2020   3  1  3 0600   -7.6  985.3    2.2  444.0   81.0  444.0
2020   3  1  3 0700   -7.8  985.2    2.0  444.0   82.0  444.0
2020   3  1  3 0800   -7.9  985.0    2.3  444.0   82.0  444.0
2020   3  1  3 0900   -8.0  984.7    1.7  444.0   83.0  444.0
2020   3  1  3 1000   -8.3  984.5    2.9  444.0   84.0  444.0
2020   3  1  3 1100   -8.6  984.2    0.0  444.0   86.0  444.0
2020   3  1  3 1200   -8.6  983.9    2.7  444.0   85.0  444.0
2020   3  1  3 1300   -9.1  983.9    1.5  444.0   87.0  444.0
2020   3  1  3 1400   -9.0  983.7    3.3  444.0   86.0  444.0
2020   3  1  3 1500   -9.4  983.2    2.2  444.0   85.0  444.0
2020   3  1  3 1600  -10.3  982.9    2.1  444.0   86.0  444.0
2020   3  1  3 1700  -11.1  983.1    3.2  444.0   96.0  444.0
2020   3  1  3 1800  -10.9  983.3    2.5  444.0   92.0  444.0
2020   3  1  3 1900   -9.8  983.1    0.9  444.0   91.5  444.0
2020   3  1  3 2000   -9.5  983.1    2.9  444.0   91.0  444.0
2020   3  1  3 2100   -9.2  983.3    2.8  444.0   90.0  444.0
2020   3  1  3 2200   -9.0  983.5    2.8  444.0   89.0  444.0
2020   3  1  3 2300   -8.6  983.6    1.0  444.0   89.0  444.0
2020   4  1  4 0000   -8.0  983.6    0.8  444.0   88.5  444.0
2020   4  1  4 0100   -7.9  983.7    2.0  444.0   88.0  444.0
2020   4  1  4 0200   -7.6  983.8    1.7  444.0   88.0  444.0
2020   4  1  4 0300   -7.5  983.6    3.1  444.0   86.0  444.0
2020   4  1  4 0400   -7.1  983.7    2.5  444.0   84.0  444.0
2020   4  1  4 0500   -6.8  983.7    2.3  444.0   83.6  444.0
2020   4  1  4 0600   -6.7  984.0    3.4  444.0   84.0  444.0
2020   4  1  4 0700   -6.5  984.2    1.8  444.0   84.0  444.0
2020   4  1  4 0800   -6.5  984.4    2.1  444.0   84.0  444.0
2020   4  1  4 0900   -6.4  984.4    1.2  444.0   84.0  444.0
2020   4  1  4 1000   -6.3  984.7    1.3  444.0   84.0  444.0
2020   4  1  4 1100   -6.1  984.7    0.7  444.0   83.2  444.0
2020   4  1  4 1200   -6.4  984.8    2.6  444.0   83.3  444.0
2020   4  1  4 1300   -6.2  985.1    0.7  444.0   84.0  444.0
2020   4  1  4 1400   -6.4  985.0    1.8  444.0   83.0  444.0
2020   4  1  4 1500   -6.5  985.1    1.4  444.0   84.0  444.0
2020   4  1  4 1600   -6.5  985.2    1.1  444.0   83.0  444.0
2020   4  1  4 1700   -6.6  985.4    2.0  444.0   83.0  444.0
2020   4  1  4 1800   -6.5  985.8    2.1  444.0   83.0  444.0
2020   4  1  4 1900   -6.4  986.0    1.9  444.0   80.0  444.0
2020   4  1  4 2000   -6.3  986.1    2.2  444.0   79.0  444.0
2020   4  1  4 2100   -6.2  986.2    2.6  444.0   77.0  444.0
2020   4  1  4 2200   -6.0  986.3    2.0  444.0   74.7  444.0
2020   4  1  4 2300   -5.9  986.4    2.0  444.0   74.0  444.0
2020   5  1  5 0000   -6.3  986.5    4.0  444.0   83.0  444.0
2020   5  1  5 0100   -6.3  986.5    3.4  444.0   81.0  444.0
2020   5  1  5 0200   -6.4  986.5    3.9  444.0   82.0  444.0
2020   5  1  5 0300   -6.5  986.4    3.9  444.0   81.5  444.0
2020   5  1  5 0400   -6.5  986.3    3.9  444.0   82.0  444.0
2020   5  1  5 0500   -6.3  986.5    2.9  444.0   81.0  444.0
2020   5  1  5 0600   -6.4  986.5    2.8  444.0   76.6  444.0
2020   5  1  5 0700   -6.4  986.5    2.4  444.0   75.0  444.0
2020   5  1  5 0800   -6.5  986.3    2.0  444.0   78.0  444.0
2020   5  1  5 0900   -6.7  986.2    1.9  444.0   75.0  444.0
2020   5  1  5 1000   -6.8  986.1    1.2  444.0   75.0  444.0
2020   5  1  5 1100   -7.1  986.0    0.7  444.0   76.4  444.0
2020   5  1  5 1200   -7.7  985.9    1.3  444.0   79.0  444.0
2020   5  1  5 1300   -8.3  985.7    1.9  444.0   80.0  444.0
2020   5  1  5 1400   -8.5  985.4    1.6  444.0   83.0  444.0
2020   5  1  5 1500   -9.0  985.2    1.7  444.0   85.0  444.0
2020   5  1  5 1600   -9.1  985.3    1.6  444.0   85.0  444.0
2020   5  1  5 1700   -9.5  985.2    2.1  444.0   86.0  444.0
2020   5  1  5 1800   -9.5  985.2    2.2  444.0   87.0  444.0
2020   5  1  5 1900   -9.5  985.1    3.3  444.0   88.0  444.0
2020   5  1  5 2000   -9.9  985.1    2.4  444.0   88.0  444.0
2020   5  1  5 2100   -9.5  985.1    0.6  444.0   88.0  444.0
2020   5  1  5 2200   -9.4  985.1    1.8  444.0   87.0  444.0
2020   5  1  5 2300   -9.1  985.1    2.8  444.0   87.0  444.0
2020   6  1  6 0000   -8.8  985.1    1.0  444.0   84.0  444.0
2020   6  1  6 0100   -8.6  985.2    2.6  444.0   84.9  444.0
2020   6  1  6 0200   -8.3  985.1    0.6  444.0   84.5  444.0
2020   6  1  6 0300   -8.1  985.0    1.8  444.0   84.0  444.0
2020   6  1  6 0400   -7.5  985.0    0.9  444.0   83.0  444.0
2020   6  1  6 0500   -7.6  985.1    2.1  444.0   81.0  444.0
2020   6  1  6 0600   -7.7  985.4    0.3  444.0   83.6  444.0
2020   6  1  6 0700   -7.9  985.6    2.0  444.0   84.0  444.0
2020   6  1  6 0800   -8.4  985.8    2.9  444.0   88.0  444.0
2020   6  1  6 0900   -8.2  986.1    2.5  444.0   87.7  444.0
2020   6  1  6 1000   -8.4  986.3    3.6  444.0   88.0  444.0
2020   6  1  6 1100   -8.6  986.9    3.0  444.0   88.0  444.0
2020   6  1  6 1200   -8.7  987.1    1.7  444.0   89.0  444.0
2020   6  1  6 1300   -8.4  987.6    1.9  444.0   89.3  444.0
2020   6  1  6 1400   -8.0  988.0    2.9  444.0   84.0  444.0
2020   6  1  6 1500   -8.3  988.2    3.3  444.0   86.0  444.0
2020   6  1  6 1600   -8.7  988.8    3.3  444.0   85.0  444.0
2020   6  1  6 1700   -9.0  989.4    3.1  444.0   87.0  444.0
2020   6  1  6 1800   -8.7  990.0    3.3  444.0   86.0  444.0
2020   6  1  6 1900   -7.9  990.7    3.8  444.0   83.0  444.0
2020   6  1  6 2000   -7.6  991.3    3.6  444.0   81.0  444.0
2020   6  1  6 2100   -7.2  991.8    3.4  444.0   82.0  444.0
2020   6  1  6 2200   -7.3  992.5    3.6  444.0   81.0  444.0
2020   6  1  6 2300   -7.1  993.1    3.0  444.0   80.4  444.0
2020   7  1  7 0000   -6.9  993.8    2.2  444.0   79.0  444.0
2020   7  1  7 0100   -6.4  994.1    2.1  444.0   76.0  444.0
2020   7  1  7 0200   -6.9  994.4    4.0  444.0   79.0  444.0
2020   7  1  7 0300   -6.9  994.7    4.2  444.0   80.0  444.0
2020   7  1  7 0400   -6.9  995.1    4.5  444.0   82.3  444.0
2020   7  1  7 0500   -6.9  995.4    4.1  444.0   82.0  444.0
2020   7  1  7 0600   -7.0  995.9    3.9  444.0   82.0  444.0
2020   7  1  7 0700   -7.0  996.1    3.5  444.0   82.0  444.0
2020   7  1  7 0800   -7.2  996.5    3.8  444.0   81.0  444.0
2020   7  1  7 0900   -7.2  996.7    3.2  444.0   82.0  444.0
2020   7  1  7 1000   -7.4  996.8    3.2  444.0   83.0  444.0
2020   7  1  7 1100   -7.5  996.9    3.3  444.0   87.0  444.0
2020   7  1  7 1200   -7.5  996.9    3.8  444.0   90.0  444.0
2020   7  1  7 1300   -7.0  996.7    2.2  444.0   92.0  444.0
2020   7  1  7 1400   -6.9  996.7    3.0  444.0   90.0  444.0
2020   7  1  7 1500   -7.1  996.4    2.7  444.0   90.0  444.0
2020   7  1  7 1600   -7.5  996.3    3.6  444.0   91.0  444.0
2020   7  1  7 1700   -7.5  996.3    4.1  444.0   90.0  444.0
2020   7  1  7 1800   -7.4  996.5    4.2  444.0   89.0  444.0
2020   7  1  7 1900   -7.5  996.3    4.3  444.0   89.0  444.0
2020   7  1  7 2000   -7.5  996.1    4.0  444.0   89.0  444.0
2020   7  1  7 2100   -7.3  995.8    3.3  444.0   88.0  444.0
2020   7  1  7 2200   -7.0  995.7    3.0  444.0   87.0  444.0
2020   7  1  7 2300   -6.6  995.5    3.4  444.0   86.0  444.0
2020   8  1  8 0000   -5.6  995.3    1.5  444.0   86.0  444.0
2020   8  1  8 0100   -5.4  995.1    1.6  444.0   85.6  444.0
2020   8  1  8 0200   -4.8  994.7    1.9  444.0   78.6  444.0
2020   8  1  8 0300   -4.8  994.2    1.6  444.0   76.0  444.0
2020   8  1  8 0400  444.0  993.9    0.4  444.0   76.0  444.0
2020   8  1  8 0500  444.0  993.6    0.0  444.0   69.0  444.0
2020   8  1  8 0600  444.0  993.4    0.0  444.0   71.4  444.0
2020   8  1  8 0700   -5.1  993.0    2.2  444.0   75.4  444.0
2020   8  1  8 0800   -5.4  992.7    2.1  444.0   73.0  444.0
2020   8  1  8 0900   -5.6  992.6    0.5  444.0   77.0  444.0
2020   8  1  8 1000   -6.7  992.5    1.4  444.0   87.0  444.0
2020   8  1  8 1100   -7.9  992.5    2.4  444.0   87.3  444.0
2020   8  1  8 1200   -9.0  992.3    2.3  444.0   89.0  444.0
2020   8  1  8 1300   -9.0  992.2    1.7  444.0   88.0  444.0
2020   8  1  8 1400   -8.8  991.8    1.0  444.0   88.0  444.0
2020   8  1  8 1500   -8.4  991.6    0.5  444.0   89.0  444.0
2020   8  1  8 1600   -8.1  991.5    0.6  444.0   89.0  444.0
2020   8  1  8 1700   -8.3  991.5    0.8  444.0   89.0  444.0
2020   8  1  8 1800   -8.6  991.6    2.3  444.0   90.0  444.0
2020   8  1  8 1900   -8.2  991.5    1.5  444.0   86.0  444.0
2020   8  1  8 2000   -7.5  991.5    0.5  444.0   83.0  444.0
2020   8  1  8 2100  444.0  991.5    0.1  444.0   78.0  444.0
2020   8  1  8 2200   -7.1  991.3    1.0  444.0   79.0  444.0
2020   8  1  8 2300   -6.9  991.3    1.8  444.0   72.6  444.0
2020   9  1  9 0000   -7.2  991.3    2.2  444.0   75.0  444.0
2020   9  1  9 0100   -7.3  991.2    2.5  444.0   75.0  444.0
2020   9  1  9 0200   -7.6  991.1    2.2  444.0   78.0  444.0
2020   9  1  9 0300   -7.4  991.1    1.9  444.0   77.0  444.0
2020   9  1  9 0400   -7.3  990.9    2.2  444.0   78.4  444.0
2020   9  1  9 0500   -7.3  990.8    2.3  444.0   75.9  444.0
2020   9  1  9 0600   -6.6  990.8    1.9  444.0   73.0  444.0
2020   9  1  9 0700   -7.3  990.5    1.8  444.0   79.0  444.0
2020   9  1  9 0800   -7.3  990.4    1.2  444.0   83.0  444.0
2020   9  1  9 0900   -7.5  990.4    0.9  444.0   85.1  444.0
2020   9  1  9 1000   -7.9  990.2    1.3  444.0   86.0  444.0
2020   9  1  9 1100   -8.3  989.9    2.3  444.0   88.0  444.0
2020   9  1  9 1200   -8.6  989.9    2.4  444.0   90.0  444.0
2020   9  1  9 1300   -8.7  989.7    3.3  444.0   91.0  444.0
2020   9  1  9 1400   -8.7  989.5    3.8  444.0   90.3  444.0
2020   9  1  9 1500   -8.7  989.2    3.5  444.0   90.0  444.0
2020   9  1  9 1600   -8.7  989.0    3.5  444.0   90.0  444.0
2020   9  1  9 1700   -8.7  989.0    2.9  444.0   89.0  444.0
2020   9  1  9 1800   -8.3  988.9    2.9  444.0   88.0  444.0
2020   9  1  9 1900   -8.3  988.7    1.9  444.0   87.5  444.0
2020   9  1  9 2000   -7.2  988.3    2.9  444.0   85.0  444.0
2020   9  1  9 2100   -6.2  988.2    2.2  444.0   79.0  444.0
2020   9  1  9 2200   -6.9  988.3    3.2  444.0   82.0  444.0
2020   9  1  9 2300   -7.9  988.4    3.3  444.0   81.0  444.0
2020  10  1 10 0000   -8.9  988.4    3.5  444.0   81.1  444.0
2020  10  1 10 0100   -9.5  988.4    3.4  444.0   80.0  444.0
2020  10  1 10 0200  -10.3  988.3    2.8  444.0   82.4  444.0
2020  10  1 10 0300  -10.1  988.1    2.1  444.0   84.0  444.0
2020  10  1 10 0400   -9.0  987.9    0.3  444.0   76.0  444.0
2020  10  1 10 0500  444.0  987.8    0.0  444.0   73.0  444.0
2020  10  1 10 0600   -8.7  987.8    1.4  444.0   79.0  444.0
2020  10  1 10 0700   -8.9  987.5    1.1  444.0   80.3  444.0
2020  10  1 10 0800   -9.5  987.1    1.7  444.0   83.0  444.0
2020  10  1 10 0900  -10.1  986.9    1.9  444.0   84.0  444.0
2020  10  1 10 1000  -10.8  986.5    2.2  444.0   84.0  444.0
2020  10  1 10 1100  -11.4  986.2    1.8  444.0   82.7  444.0
2020  10  1 10 1200  -12.3  986.2    2.9  444.0   84.5  444.0
2020  10  1 10 1300  -12.4  985.8    3.0  444.0   85.0  444.0
2020  10  1 10 1400  -12.6  985.6    3.3  444.0   85.0  444.0
2020  10  1 10 1500  -12.7  985.4    2.7  444.0   84.0  444.0
2020  10  1 10 1600  -12.2  985.1    1.2  444.0   82.0  444.0
2020  10  1 10 1700  -12.7  985.3    3.0  444.0   82.6  444.0
2020  10  1 10 1800  -12.1  985.4    1.2  444.0   83.0  444.0
2020  10  1 10 1900  -11.2  985.0    3.6  444.0   79.0  444.0
2020  10  1 10 2000  -10.3  985.0    4.4  444.0   78.0  444.0
2020  10  1 10 2100   -9.3  985.1    3.3  444.0   76.9  444.0
2020  10  1 10 2200   -8.7  985.3    3.8  444.0   76.8  444.0
2020  10  1 10 2300   -6.8  985.3    3.3  444.0   76.0  444.0
2020  11  1 11 0000   -5.2  985.4    8.0  444.0   69.2  444.0
2020  11  1 11 0100   -5.8  985.4    4.8  444.0   75.0  444.0
2020  11  1 11 0200   -5.1  985.2    4.0  444.0   74.2  444.0
2020  11  1 11 0300   -4.3  985.0    4.4  444.0   73.0  444.0
2020  11  1 11 0400   -4.7  984.9    2.7  444.0   73.0  444.0
2020  11  1 11 0500   -5.0  984.8    3.1  444.0   76.2  444.0
2020  11  1 11 0600   -4.8  984.9    3.7  444.0   78.0  444.0
2020  11  1 11 0700   -5.0  984.9    2.0  444.0   78.0  444.0
2020  11  1 11 0800   -4.8  984.8    1.7  444.0   71.0  444.0
2020  11  1 11 0900   -6.7  984.8    2.6  444.0   74.0  444.0
2020  11  1 11 1000   -6.6  984.8    1.4  444.0   70.0  444.0
2020  11  1 11 1100   -8.2  984.8    0.1  444.0   75.0  444.0
2020  11  1 11 1200  -10.1  984.8    2.4  444.0   84.0  444.0
2020  11  1 11 1300  -10.7  984.9    0.1  444.0   85.0  444.0
2020  11  1 11 1400  -11.2  984.9    2.5  444.0   86.3  444.0
2020  11  1 11 1500  -12.0  984.9    1.3  444.0   83.0  444.0
2020  11  1 11 1600  444.0  984.9    0.3  444.0   77.0  444.0
2020  11  1 11 1700  -10.8  985.0    0.1  444.0   75.0  444.0
2020  11  1 11 1800   -9.7  985.3    1.7  444.0   70.0  444.0
2020  11  1 11 1900  -10.3  985.7    1.1  444.0   78.5  444.0
2020  11  1 11 2000   -9.2  985.9    1.3  444.0   77.0  444.0
2020  11  1 11 2100   -8.8  986.3    1.6  444.0   73.0  444.0
2020  11  1 11 2200   -7.5  986.8    1.8  444.0   72.0  444.0
2020  11  1 11 2300   -6.6  987.2    2.2  444.0   73.0  444.0
2020  12  1 12 0000  444.0  987.9    0.0  444.0   67.0  444.0
2020  12  1 12 0100   -4.7  988.1    2.1  444.0   73.8  444.0
2020  12  1 12 0200   -4.2  988.5    2.5  444.0   71.0  444.0
2020  12  1 12 0300   -3.8  988.6    1.9  444.0   74.9  444.0
2020  12  1 12 0400   -3.4  988.9    1.3  444.0   76.0  444.0
2020  12  1 12 0500  444.0  989.1    0.0  444.0   63.0  444.0
2020  12  1 12 0600   -4.1  989.6    1.2  444.0   77.0  444.0
2020  12  1 12 0700   -4.2  989.8    1.2  444.0   78.0  444.0
2020  12  1 12 0800   -6.3  990.1    1.7  444.0   81.2  444.0
2020  12  1 12 0900   -7.7  990.7    0.2  444.0   85.0  444.0
2020  12  1 12 1000   -7.7  990.7    0.3  444.0   86.0  444.0
2020  12  1 12 1100   -8.1  991.0    1.6  444.0   90.0  444.0
2020  12  1 12 1200   -9.6  991.1    0.4  444.0   86.0  444.0
2020  12  1 12 1300  -11.3  991.3    2.1  444.0   86.8  444.0
2020  12  1 12 1400  -11.0  991.5    1.4  444.0   87.0  444.0
2020  12  1 12 1500  -12.2  991.6    2.3  444.0   86.0  444.0
2020  12  1 12 1600  -12.7  991.7    1.9  444.0   84.0  444.0
2020  12  1 12 1700  -12.8  991.8    1.6  444.0   87.0  444.0
2020  12  1 12 1800  -12.4  991.8    2.7  444.0   87.5  444.0
2020  12  1 12 1900  -12.1  992.1    3.2  444.0   84.0  444.0
2020  12  1 12 2000  -11.4  992.2    3.6  444.0   83.0  444.0
2020  12  1 12 2100  -12.1  992.2    4.1  444.0   88.0  444.0
2020  12  1 12 2200  -11.4  992.3    3.6  444.0   87.0  444.0
2020  12  1 12 2300  -10.7  992.3    1.9  444.0   87.5  444.0
2020  13  1 13 0000  -10.2  992.1    0.7  444.0   87.0  444.0
2020  13  1 13 0100   -9.3  991.8    0.2  444.0   86.3  444.0
2020  13  1 13 0200   -8.6  991.5    3.6  444.0   85.0  444.0
2020  13  1 13 0300   -8.1  991.1    3.1  444.0   85.0  444.0
2020  13  1 13 0400   -7.0  990.8    3.2  444.0   83.0  444.0
2020  13  1 13 0500   -6.3  990.6    2.6  444.0   80.0  444.0
2020  13  1 13 0600   -6.3  990.2    3.5  444.0   78.7  444.0
2020  13  1 13 0700   -6.9  990.0    3.8  444.0   84.0  444.0
2020  13  1 13 0800   -8.3  989.6    3.9  444.0   87.0  444.0
2020  13  1 13 0900   -9.2  989.2    4.0  444.0   87.0  444.0
2020  13  1 13 1000  -10.0  989.2    2.2  444.0   88.0  444.0
2020  13  1 13 1100  -10.1  988.9    3.2  444.0   88.0  444.0
2020  13  1 13 1200  -11.0  988.6    4.2  444.0   96.0  444.0
2020  13  1 13 1300  -10.1  988.2    1.8  444.0   94.0  444.0
2020  13  1 13 1400   -9.4  987.7    4.1  444.0   94.0  444.0
2020  13  1 13 1500   -9.0  987.5    0.2  444.0   94.0  444.0
2020  13  1 13 1600   -8.5  987.1    3.9  444.0   95.4  444.0
2020  13  1 13 1700   -7.9  986.9    3.2  444.0   95.0  444.0
2020  13  1 13 1800   -7.6  986.9    0.2  444.0   94.0  444.0
2020  13  1 13 1900   -7.6  986.7    2.7  444.0   93.0  444.0
2020  13  1 13 2000   -6.8  986.9    1.8  444.0   94.0  444.0
2020  13  1 13 2100   -6.1  987.0    0.1  444.0   92.0  444.0
2020  13  1 13 2200   -5.6  987.2    0.8  444.0   93.0  444.0
2020  13  1 13 2300   -6.1  987.3    1.5  444.0   92.6  444.0
2020  14  1 14 0000   -5.9  987.3    2.1  444.0   90.0  444.0
2020  14  1 14 0100   -6.0  987.2    3.2  444.0   90.0  444.0
2020  14  1 14 0200   -6.4  987.1    4.3  444.0   89.0  444.0
2020  14  1 14 0300   -6.7  987.2    4.5  444.0   88.0  444.0
2020  14  1 14 0400   -7.3  987.2    4.1  444.0   87.3  444.0
2020  14  1 14 0500   -8.0  987.3    4.8  444.0   87.9  444.0
2020  14  1 14 0600   -7.8  987.2    4.7  444.0   88.0  444.0
2020  14  1 14 0700   -7.3  987.3    4.9  444.0   89.0  444.0
2020  14  1 14 0800   -7.3  987.4    3.9  444.0   90.0  444.0
2020  14  1 14 0900   -8.2  987.3    4.7  444.0   91.2  444.0
2020  14  1 14 1000   -8.5  987.4    4.7  444.0   91.0  444.0
2020  14  1 14 1100   -8.9  987.5    4.0  444.0   92.0  444.0
2020  14  1 14 1200   -9.1  987.7    3.8  444.0   92.0  444.0
2020  14  1 14 1300   -9.3  987.5    4.0  444.0   91.0  444.0
2020  14  1 14 1400   -9.4  987.5    3.8  444.0   93.0  444.0
2020  14  1 14 1500   -9.5  987.5    3.7  444.0   95.0  444.0
2020  14  1 14 1600   -9.5  987.6    3.5  444.0   95.0  444.0
2020  14  1 14 1700  -10.0  987.6    3.9  444.0   93.0  444.0
2020  14  1 14 1800  -10.0  987.7    4.0  444.0   92.0  444.0
2020  14  1 14 1900  -10.0  987.7    4.0  444.0   92.0  444.0
2020  14  1 14 2000  -10.0  987.7    4.2  444.0   90.0  444.0
2020  14  1 14 2100  -10.0  987.7    4.0  444.0   89.0  444.0
2020  14  1 14 2200   -9.8  987.9    3.6  444.0   89.0  444.0
2020  14  1 14 2300   -9.5  988.1    2.9  444.0   88.2  444.0
2020  15  1 15 0000   -9.2  988.1    2.9  444.0   87.0  444.0
2020  15  1 15 0100   -9.0  988.1    2.7  444.0   87.0  444.0
2020  15  1 15 0200   -8.9  987.8    2.4  444.0   87.0  444.0
2020  15  1 15 0300   -8.5  987.7    1.7  444.0   86.7  444.0
2020  15  1 15 0400   -8.4  987.6    2.0  444.0   84.5  444.0
2020  15  1 15 0500   -8.4  987.5    2.3  444.0   86.0  444.0
2020  15  1 15 0600   -8.6  987.5    1.6  444.0   84.0  444.0
2020  15  1 15 0700   -9.3  987.3    2.3  444.0   86.0  444.0
2020  15  1 15 0800   -9.1  987.2    0.7  444.0   88.2  444.0
2020  15  1 15 0900   -8.8  987.2    0.2  444.0   86.0  444.0
2020  15  1 15 1000   -8.8  987.1    0.9  444.0   87.0  444.0
2020  15  1 15 1100   -9.5  987.3    2.3  444.0   89.0  444.0
2020  15  1 15 1200  -10.6  987.3    2.1  444.0   90.0  444.0
2020  15  1 15 1300  -10.7  987.3    1.0  444.0   89.2  444.0
2020  15  1 15 1400  -10.8  987.0    1.0  444.0   92.0  444.0
2020  15  1 15 1500  -10.3  987.0    1.0  444.0   93.0  444.0
2020  15  1 15 1600  -10.0  986.9    1.2  444.0   93.0  444.0
2020  15  1 15 1700  -10.2  987.1    2.0  444.0   91.0  444.0
2020  15  1 15 1800  -10.3  987.3    2.1  444.0   90.0  444.0
2020  15  1 15 1900   -9.9  987.5    2.3  444.0   93.0  444.0
2020  15  1 15 2000   -9.6  987.5    2.4  444.0   89.0  444.0
2020  15  1 15 2100   -9.6  987.5    2.6  444.0   87.0  444.0
2020  15  1 15 2200   -9.5  987.8    2.8  444.0   85.0  444.0
2020  15  1 15 2300   -9.8  987.8    3.5  444.0   86.0  444.0
2020  16  1 16 0000   -9.9  988.0    3.4  444.0   84.0  444.0
2020  16  1 16 0100   -9.6  988.1    3.3  444.0   85.0  444.0
2020  16  1 16 0200   -9.4  987.9    3.5  444.0   85.6  444.0
2020  16  1 16 0300   -8.9  987.7    3.9  444.0   85.0  444.0
2020  16  1 16 0400   -8.9  987.7    4.2  444.0   83.0  444.0
2020  16  1 16 0500   -8.9  987.5    3.6  444.0   85.0  444.0
2020  16  1 16 0600   -8.9  987.5    3.8  444.0   85.8  444.0
2020  16  1 16 0700   -9.1  987.6    3.8  444.0   88.0  444.0
2020  16  1 16 0800   -8.7  987.4    3.9  444.0   88.0  444.0
2020  16  1 16 0900   -8.8  987.3    3.6  444.0   90.0  444.0
2020  16  1 16 1000   -8.7  987.3    3.9  444.0   89.0  444.0
2020  16  1 16 1100   -8.9  987.3    4.0  444.0   89.7  444.0
2020  16  1 16 1200   -9.1  987.3    4.1  444.0   94.0  444.0
2020  16  1 16 1300   -9.0  987.1    4.1  444.0   97.0  444.0
2020  16  1 16 1400   -9.1  986.9    4.1  444.0   96.0  444.0
2020  16  1 16 1500   -9.2  986.6    4.5  444.0   93.0  444.0
2020  16  1 16 1600   -9.4  986.4    5.2  444.0   93.2  444.0
2020  16  1 16 1700   -9.3  986.2    4.6  444.0   92.0  444.0
2020  16  1 16 1800   -9.7  986.2    5.2  444.0   90.0  444.0
2020  16  1 16 1900   -9.6  986.0    5.1  444.0   89.0  444.0
2020  16  1 16 2000   -9.3  985.8    5.2  444.0   89.0  444.0
2020  16  1 16 2100   -9.0  985.7    5.1  444.0   89.0  444.0
2020  16  1 16 2200   -9.0  985.6    5.3  444.0   92.0  444.0
2020  16  1 16 2300   -8.8  985.5    5.8  444.0   90.0  444.0
2020  17  1 17 0000   -8.4  985.3    5.5  444.0   91.0  444.0
2020  17  1 17 0100   -8.1  985.1    5.4  444.0   90.0  444.0
2020  17  1 17 0200   -7.8  984.9    5.0  444.0   90.0  444.0
2020  17  1 17 0300   -7.8  984.7    5.1  444.0   89.0  444.0
2020  17  1 17 0400   -7.6  984.4    4.7  444.0   89.5  444.0
2020  17  1 17 0500   -7.7  984.4    4.7  444.0   89.5  444.0
2020  17  1 17 0600   -7.9  984.3    4.7  444.0   90.0  444.0
2020  17  1 17 0700   -7.8  984.3    3.7  444.0   90.0  444.0
2020  17  1 17 0800   -8.0  984.3    3.8  444.0   90.0  444.0
2020  17  1 17 0900   -8.3  984.1    4.3  444.0   91.0  444.0
2020  17  1 17 1000   -8.2  984.1    3.1  444.0   91.0  444.0
2020  17  1 17 1100   -8.5  984.1    3.4  444.0   91.0  444.0
2020  17  1 17 1200   -8.8  984.2    3.7  444.0   91.0  444.0
2020  17  1 17 1300   -8.8  984.1    3.4  444.0   91.0  444.0
2020  17  1 17 1400   -8.8  984.1    3.1  444.0   91.8  444.0
2020  17  1 17 1500   -9.0  984.1    3.5  444.0   91.0  444.0
2020  17  1 17 1600   -9.4  984.1    3.2  444.0   91.0  444.0
2020  17  1 17 1700  -10.0  984.3    2.6  444.0   90.0  444.0
2020  17  1 17 1800   -9.5  984.3    3.3  444.0   89.0  444.0
2020  17  1 17 1900   -9.7  984.6    2.8  444.0   88.6  444.0
2020  17  1 17 2000  -10.6  984.6    2.3  444.0   85.0  444.0
2020  17  1 17 2100  -11.6  984.8    2.6  444.0   84.0  444.0
2020  17  1 17 2200  -10.9  984.8    3.2  444.0   84.0  444.0
2020  17  1 17 2300  -10.4  985.0    3.1  444.0   82.0  444.0
2020  18  1 18 0000  -10.5  985.0    3.6  444.0   82.0  444.0
2020  18  1 18 0100  -10.1  985.1    3.7  444.0   82.0  444.0
2020  18  1 18 0200   -9.7  984.9    2.6  444.0   79.0  444.0
2020  18  1 18 0300   -9.7  984.8    2.2  444.0   81.0  444.0
2020  18  1 18 0400   -9.9  984.6    1.3  444.0   80.0  444.0
2020  18  1 18 0500  -10.6  984.7    1.3  444.0   81.0  444.0
2020  18  1 18 0600  -11.1  984.5    1.5  444.0   81.9  444.0
2020  18  1 18 0700  -12.2  984.4    1.7  444.0   82.3  444.0
2020  18  1 18 0800  -12.9  984.2    1.8  444.0   84.0  444.0
2020  18  1 18 0900  -13.4  983.8    2.0  444.0   84.0  444.0
2020  18  1 18 1000  444.0  983.5    1.3  444.0   87.0  444.0
2020  18  1 18 1100  444.0  983.5    0.1  444.0   82.5  444.0
2020  18  1 18 1200  -16.1  983.4    1.5  444.0   88.0  444.0
2020  18  1 18 1300  -16.5  983.1    1.0  444.0   86.0  444.0
2020  18  1 18 1400  -15.9  982.8    0.7  444.0   86.0  444.0
2020  18  1 18 1500  -13.5  982.5    0.9  444.0   88.0  444.0
2020  18  1 18 1600  -11.8  982.1    0.2  444.0   85.3  444.0
2020  18  1 18 1700  -11.4  981.8    0.4  444.0   85.3  444.0
2020  18  1 18 1800  -11.7  981.5    3.2  444.0   91.0  444.0
2020  18  1 18 1900  -11.9  981.3    3.1  444.0   92.0  444.0
2020  18  1 18 2000  -12.6  980.7    3.5  444.0   89.0  444.0
2020  18  1 18 2100  -13.3  980.5    3.2  444.0   85.3  444.0
2020  18  1 18 2200  -11.0  979.9    3.6  444.0   85.0  444.0
2020  18  1 18 2300  -10.7  979.5    3.9  444.0   88.0  444.0
2020  19  1 19 0000  -10.2  979.2    3.4  444.0   86.0  444.0
2020  19  1 19 0100   -9.2  978.7    3.9  444.0   86.0  444.0
2020  19  1 19 0200   -8.4  978.4    2.6  444.0   84.8  444.0
2020  19  1 19 0300   -7.5  978.0    1.8  444.0   83.0  444.0
2020  19  1 19 0400   -7.4  977.5    3.1  444.0   81.8  444.0
2020  19  1 19 0500   -7.2  977.3    3.2  444.0   81.0  444.0
2020  19  1 19 0600   -7.0  977.3    2.4  444.0   81.0  444.0
2020  19  1 19 0700   -7.7  977.3    2.6  444.0   83.0  444.0
2020  19  1 19 0800   -8.2  977.2    2.6  444.0   76.0  444.0
2020  19  1 19 0900   -9.5  977.0    2.3  444.0   78.0  444.0
2020  19  1 19 1000  -10.2  976.9    2.4  444.0   78.0  444.0
2020  19  1 19 1100  -10.9  976.9    2.5  444.0   78.0  444.0
2020  19  1 19 1200  -10.3  976.8    0.8  444.0   66.0  444.0
2020  19  1 19 1300  444.0  976.8    0.6  444.0   68.0  444.0
2020  19  1 19 1400   -7.6  976.5    1.5  444.0   49.1  444.0
2020  19  1 19 1500   -8.8  976.6    1.9  444.0   59.0  444.0
2020  19  1 19 1600   -9.8  976.6    1.4  444.0   69.0  444.0
2020  19  1 19 1700  -11.8  976.7    1.8  444.0   73.0  444.0
2020  19  1 19 1800  -11.1  976.9    2.4  444.0   74.0  444.0
2020  19  1 19 1900   -9.6  977.0    3.1  444.0   70.1  444.0
2020  19  1 19 2000   -8.3  977.3    1.7  444.0   66.4  444.0
2020  19  1 19 2100   -6.0  977.3    0.3  444.0   60.0  444.0
2020  19  1 19 2200  444.0  977.4    0.0  444.0   56.0  444.0
2020  19  1 19 2300   -5.1  977.4    0.7  444.0   55.0  444.0
2020  20  1 20 0000   -5.2  977.6    1.2  444.0   65.4  444.0
2020  20  1 20 0100   -5.3  977.6    1.2  444.0   75.0  444.0
2020  20  1 20 0200   -5.2  977.7    1.1  444.0   76.0  444.0
2020  20  1 20 0300   -5.8  977.7    1.5  444.0   76.0  444.0
2020  20  1 20 0400   -5.6  977.7    1.2  444.0   76.0  444.0
2020  20  1 20 0500   -6.8  977.8    1.9  444.0   79.8  444.0
2020  20  1 20 0600   -7.3  978.0    1.9  444.0   80.0  444.0
2020  20  1 20 0700   -7.4  978.2    1.0  444.0   73.0  444.0
2020  20  1 20 0800   -7.7  978.3    1.6  444.0   77.0  444.0
2020  20  1 20 0900  -10.5  978.5    1.7  444.0   81.0  444.0
2020  20  1 20 1000  -11.5  978.7    1.4  444.0   82.0  444.0
2020  20  1 20 1100  -11.9  979.0    1.8  444.0   83.0  444.0
2020  20  1 20 1200  -12.7  979.4    1.8  444.0   86.0  444.0
2020  20  1 20 1300  -12.6  979.8    2.1  444.0   90.0  444.0
2020  20  1 20 1400  -13.9  980.1    1.8  444.0   89.0  444.0
2020  20  1 20 1500  -13.5  980.3    1.4  444.0   83.0  444.0
2020  20  1 20 1600  -14.2  980.5    1.2  444.0   81.0  444.0
2020  20  1 20 1700  -15.1  980.9    1.9  444.0   80.3  444.0
2020  20  1 20 1800  -14.0  981.3    1.1  444.0   79.0  444.0
2020  20  1 20 1900  -14.1  981.7    1.7  444.0   82.0  444.0
2020  20  1 20 2000  -13.6  982.1    1.4  444.0   82.0  444.0
2020  20  1 20 2100  -13.2  982.7    2.6  444.0   81.0  444.0
2020  20  1 20 2200  -11.9  983.0    2.3  444.0   81.7  444.0
2020  20  1 20 2300  -10.8  983.4    2.4  444.0   84.0  444.0
2020  21  1 21 0000   -9.9  983.8    2.2  444.0   83.0  444.0
2020  21  1 21 0100   -9.7  984.2    3.6  444.0   83.0  444.0
2020  21  1 21 0200   -9.5  984.5    3.7  444.0   83.0  444.0
2020  21  1 21 0300   -9.2  984.6    3.9  444.0   82.9  444.0
2020  21  1 21 0400   -8.6  984.5    3.7  444.0   81.0  444.0
2020  21  1 21 0500   -8.3  984.8    3.8  444.0   80.1  444.0
2020  21  1 21 0600   -8.5  985.2    3.7  444.0   82.0  444.0
2020  21  1 21 0700   -8.9  985.4    3.5  444.0   82.0  444.0
2020  21  1 21 0800   -9.2  985.6    3.1  444.0   79.0  444.0
2020  21  1 21 0900  -10.0  985.5    3.6  444.0   79.0  444.0
2020  21  1 21 1000   -9.9  985.7    4.9  444.0   80.7  444.0
2020  21  1 21 1100   -9.9  985.8    5.2  444.0   81.5  444.0
2020  21  1 21 1200  -10.5  986.5    3.6  444.0   81.0  444.0
2020  21  1 21 1300  -13.0  986.8    2.7  444.0   82.0  444.0
2020  21  1 21 1400  -12.8  987.3    3.9  444.0   81.0  444.0
2020  21  1 21 1500  -11.5  987.9    5.1  444.0   83.1  444.0
2020  21  1 21 1600  -12.6  988.6    4.1  444.0   85.0  444.0
2020  21  1 21 1700  -11.4  989.2    4.8  444.0   88.0  444.0
2020  21  1 21 1800  -10.3  990.1    5.6  444.0   86.0  444.0
2020  21  1 21 1900  -12.7  991.0    3.3  444.0   85.0  444.0
2020  21  1 21 2000  -13.1  991.6    0.3  444.0   86.0  444.0
2020  21  1 21 2100  -12.2  992.5    1.7  444.0   85.0  444.0
2020  21  1 21 2200  -12.1  993.2    1.6  444.0   85.0  444.0
2020  21  1 21 2300  -11.7  993.9    2.8  444.0   87.0  444.0
2020  22  1 22 0000  -11.4  994.4    2.9  444.0   86.0  444.0
2020  22  1 22 0100  -10.6  994.9    3.3  444.0   83.0  444.0
2020  22  1 22 0200  -10.3  995.0    3.6  444.0   85.0  444.0
2020  22  1 22 0300  -10.1  995.0    3.5  444.0   85.0  444.0
2020  22  1 22 0400   -9.9  995.2    3.7  444.0   84.0  444.0
2020  22  1 22 0500   -9.3  995.3    3.1  444.0   83.0  444.0
2020  22  1 22 0600   -8.9  994.9    3.1  444.0   84.8  444.0
2020  22  1 22 0700   -8.2  994.9    3.1  444.0   88.0  444.0
2020  22  1 22 0800   -8.9  994.9    2.3  444.0   85.7  444.0
2020  22  1 22 0900   -9.4  994.9    2.5  444.0   87.0  444.0
2020  22  1 22 1000  -10.2  994.8    1.8  444.0   87.0  444.0
2020  22  1 22 1100   -9.2  994.4    2.5  444.0   92.0  444.0
2020  22  1 22 1200   -8.0  994.2    2.7  444.0   90.0  444.0
2020  22  1 22 1300   -8.2  993.9    2.5  444.0   90.0  444.0
2020  22  1 22 1400   -7.9  993.5    2.9  444.0   92.0  444.0
2020  22  1 22 1500   -7.1  993.0    3.2  444.0   89.0  444.0
2020  22  1 22 1600   -6.3  992.7    3.5  444.0   88.0  444.0
2020  22  1 22 1700   -5.2  992.2    3.8  444.0   93.0  444.0
2020  22  1 22 1800   -4.6  992.0    5.0  444.0   94.5  444.0
2020  22  1 22 1900   -4.2  991.8    5.3  444.0   92.0  444.0
2020  22  1 22 2000   -6.5  991.9    6.5  444.0   92.0  444.0
2020  22  1 22 2100   -6.5  991.9    5.8  444.0   93.0  444.0
2020  22  1 22 2200   -5.8  991.9    6.0  444.0   94.0  444.0
2020  22  1 22 2300   -5.3  992.2    6.0  444.0   93.9  444.0
2020  23  1 23 0000   -6.1  992.3    5.7  444.0   92.0  444.0
2020  23  1 23 0100   -5.4  992.2    5.5  444.0   91.0  444.0
2020  23  1 23 0200   -4.5  992.0    5.4  444.0   92.0  444.0
2020  23  1 23 0300   -3.5  991.8    5.1  444.0   91.0  444.0
2020  23  1 23 0400   -2.9  991.5    4.7  444.0   91.6  444.0
2020  23  1 23 0500   -2.4  991.2    3.8  444.0   95.0  444.0
2020  23  1 23 0600   -2.7  991.1    5.0  444.0   94.0  444.0
2020  23  1 23 0700   -3.0  991.1    6.5  444.0   95.0  444.0
2020  23  1 23 0800   -3.7  991.1    5.8  444.0   94.0  444.0
2020  23  1 23 0900   -3.1  991.0    3.2  444.0   98.0  444.0
2020  23  1 23 1000   -2.9  990.9    1.9  444.0   97.0  444.0
2020  23  1 23 1100   -3.3  990.9    2.5  444.0   96.0  444.0
2020  23  1 23 1200   -3.9  991.1    3.2  444.0   94.0  444.0
2020  23  1 23 1300   -4.7  991.4    2.2  444.0   95.0  444.0
2020  23  1 23 1400   -5.4  991.6    4.1  444.0   98.0  444.0
2020  23  1 23 1500   -5.2  991.8    3.8  444.0   98.0  444.0
2020  23  1 23 1600   -5.3  992.0    3.3  444.0   98.0  444.0
2020  23  1 23 1700   -5.4  992.2    3.2  444.0   98.0  444.0
2020  23  1 23 1800   -5.3  992.7    2.1  444.0   97.0  444.0
2020  23  1 23 1900   -5.2  993.0    2.2  444.0   97.0  444.0
2020  23  1 23 2000   -5.0  993.3    3.2  444.0   95.0  444.0
2020  23  1 23 2100   -4.9  993.6    2.9  444.0   93.0  444.0
2020  23  1 23 2200   -4.4  994.1    2.5  444.0   94.0  444.0
2020  23  1 23 2300   -4.4  994.1    2.3  444.0   90.0  444.0
2020  24  1 24 0000   -4.1  994.3    1.7  444.0   90.0  444.0
2020  24  1 24 0100  444.0  994.4    0.2  444.0   84.0  444.0
2020  24  1 24 0200  444.0  994.3    0.9  444.0   87.4  444.0
2020  24  1 24 0300  444.0  994.1    0.0  444.0   80.0  444.0
2020  24  1 24 0400   -3.0  993.8    0.2  444.0   79.0  444.0
2020  24  1 24 0500   -3.8  993.6    1.6  444.0   84.0  444.0
2020  24  1 24 0600   -3.4  993.6    2.8  444.0   77.3  444.0
2020  24  1 24 0700   -4.9  993.5    2.1  444.0   90.7  444.0
2020  24  1 24 0800   -7.2  993.3    1.2  444.0   91.0  444.0
2020  24  1 24 0900   -9.5  993.0    1.9  444.0   95.0  444.0
2020  24  1 24 1000  -10.8  992.5    2.9  444.0   94.0  444.0
2020  24  1 24 1100  -11.4  992.1    3.4  444.0   92.0  444.0
2020  24  1 24 1200  -11.1  992.0    2.8  444.0   91.0  444.0
2020  24  1 24 1300  -11.8  991.6    2.8  444.0   88.0  444.0
2020  24  1 24 1400  -12.0  991.3    2.2  444.0   86.0  444.0
2020  24  1 24 1500  -12.9  990.7    2.8  444.0   85.0  444.0
2020  24  1 24 1600  -13.5  990.4    1.9  444.0   85.0  444.0
2020  24  1 24 1700  -13.6  990.1    2.6  444.0   85.0  444.0
2020  24  1 24 1800  -13.4  990.3    1.2  444.0   83.0  444.0
2020  24  1 24 1900  -13.1  990.5    2.1  444.0   83.0  444.0
2020  24  1 24 2000  -12.5  990.7    1.7  444.0   83.0  444.0
2020  24  1 24 2100  -11.6  991.0    1.5  444.0   81.0  444.0
2020  24  1 24 2200  -11.1  991.1    1.7  444.0   83.0  444.0
2020  24  1 24 2300  -11.1  991.2    1.8  444.0   83.0  444.0
2020  25  1 25 0000  -10.7  991.2    1.7  444.0   82.0  444.0
2020  25  1 25 0100   -8.3  991.2    2.7  444.0   83.6  444.0
2020  25  1 25 0200   -6.9  991.2    2.8  444.0   84.0  444.0
2020  25  1 25 0300   -6.4  991.2    3.1  444.0   84.0  444.0
2020  25  1 25 0400   -6.0  991.0    3.7  444.0   85.4  444.0
2020  25  1 25 0500   -7.0  991.0    3.8  444.0   84.7  444.0
2020  25  1 25 0600   -7.6  991.1    4.2  444.0   88.0  444.0
2020  25  1 25 0700   -8.2  991.0    2.5  444.0   86.0  444.0
2020  25  1 25 0800   -7.9  991.2    4.0  444.0   88.0  444.0
2020  25  1 25 0900   -8.5  991.3    3.9  444.0   89.0  444.0
2020  25  1 25 1000  -10.2  991.3    3.3  444.0   88.0  444.0
2020  25  1 25 1100  -10.6  991.4    3.2  444.0   86.0  444.0
2020  25  1 25 1200  -10.8  991.4    3.7  444.0   87.0  444.0
2020  25  1 25 1300   -9.3  991.5    3.7  444.0   81.4  444.0
2020  25  1 25 1400   -9.8  991.5    3.2  444.0   80.0  444.0
2020  25  1 25 1500  -12.1  991.4    3.1  444.0   79.0  444.0
2020  25  1 25 1600  -12.8  991.3    2.0  444.0   81.0  444.0
2020  25  1 25 1700  -12.7  991.2    2.1  444.0   79.0  444.0
2020  25  1 25 1800  -11.7  991.1    2.4  444.0   82.4  444.0
2020  25  1 25 1900  -11.9  991.2    2.2  444.0   83.0  444.0
2020  25  1 25 2000  -11.6  991.1    1.9  444.0   80.0  444.0
2020  25  1 25 2100  -10.0  990.9    1.1  444.0   79.0  444.0
2020  25  1 25 2200   -8.6  990.8    1.6  444.0   79.0  444.0
2020  25  1 25 2300   -7.7  990.6    1.9  444.0   81.0  444.0
2020  26  1 26 0000   -5.9  990.7    2.2  444.0   81.4  444.0
2020  26  1 26 0100   -5.7  990.6    2.4  444.0   80.0  444.0
2020  26  1 26 0200   -4.6  990.4    2.3  444.0   79.1  444.0
2020  26  1 26 0300   -5.1  990.1    1.3  444.0   77.0  444.0
2020  26  1 26 0400   -5.9  989.9    2.5  444.0   82.0  444.0
2020  26  1 26 0500   -6.8  990.1    1.6  444.0   83.0  444.0
2020  26  1 26 0600   -6.9  990.3    1.1  444.0   84.0  444.0
2020  26  1 26 0700   -7.1  990.4    0.5  444.0   84.0  444.0
2020  26  1 26 0800   -7.6  990.6    0.5  444.0   86.0  444.0
2020  26  1 26 0900   -9.7  990.6    0.8  444.0   91.0  444.0
2020  26  1 26 1000  -10.7  990.5    0.8  444.0   93.0  444.0
2020  26  1 26 1100  -10.9  990.5    1.0  444.0   93.0  444.0
2020  26  1 26 1200  -10.8  990.2    0.4  444.0   93.0  444.0
2020  26  1 26 1300  -10.8  990.3    1.4  444.0   93.0  444.0
2020  26  1 26 1400  -10.6  990.1    1.3  444.0   93.0  444.0
2020  26  1 26 1500  -11.0  990.0    1.4  444.0   92.0  444.0
2020  26  1 26 1600  -10.8  989.8    1.2  444.0   91.9  444.0
2020  26  1 26 1700  -10.5  989.6    1.2  444.0   91.0  444.0
2020  26  1 26 1800  -10.2  989.6    1.3  444.0   92.0  444.0
2020  26  1 26 1900  -10.2  989.6    2.1  444.0   91.0  444.0
2020  26  1 26 2000  -10.7  989.6    2.2  444.0   91.0  444.0
2020  26  1 26 2100   -9.8  989.3    2.9  444.0   90.3  444.0
2020  26  1 26 2200   -8.8  989.0    2.9  444.0   89.0  444.0
2020  26  1 26 2300   -8.1  989.0    3.5  444.0   88.0  444.0
2020  27  1 27 0000   -7.8  988.8    4.2  444.0   86.0  444.0
2020  27  1 27 0100   -7.0  988.7    4.0  444.0   87.0  444.0
2020  27  1 27 0200   -6.5  988.7    3.9  444.0   83.3  444.0
2020  27  1 27 0300   -5.7  988.3    4.7  444.0   79.0  444.0
2020  27  1 27 0400   -5.7  988.0    5.2  444.0   80.0  444.0
2020  27  1 27 0500   -5.8  987.8    5.9  444.0   79.2  444.0
2020  27  1 27 0600   -5.9  987.7    5.6  444.0   81.0  444.0
2020  27  1 27 0700   -6.2  988.0    4.6  444.0   82.0  444.0
2020  27  1 27 0800   -7.0  988.2    3.6  444.0   87.0  444.0
2020  27  1 27 0900   -8.6  988.3    3.6  444.0   88.0  444.0
2020  27  1 27 1000   -7.3  988.3    3.8  444.0   87.0  444.0
2020  27  1 27 1100   -7.7  988.2    4.1  444.0   87.0  444.0
2020  27  1 27 1200   -6.9  988.4    4.7  444.0   82.0  444.0
2020  27  1 27 1300   -6.6  988.6    5.0  444.0   81.0  444.0
2020  27  1 27 1400   -6.8  988.7    4.9  444.0   80.0  444.0
2020  27  1 27 1500   -7.1  988.7    6.0  444.0   83.0  444.0
2020  27  1 27 1600   -8.0  988.9    4.9  444.0   86.0  444.0
2020  27  1 27 1700   -7.6  989.1    4.8  444.0   87.0  444.0
2020  27  1 27 1800   -7.1  989.5    4.5  444.0   91.0  444.0
2020  27  1 27 1900   -7.0  989.9    5.3  444.0   92.0  444.0
2020  27  1 27 2000   -7.2  990.3    5.0  444.0   90.0  444.0
2020  27  1 27 2100   -7.0  990.7    5.1  444.0   91.0  444.0
2020  27  1 27 2200   -6.9  990.9    4.4  444.0   91.0  444.0
2020  27  1 27 2300   -6.8  990.8    3.6  444.0   88.0  444.0
2020  28  1 28 0000   -6.5  991.2    3.1  444.0   89.3  444.0
2020  28  1 28 0100   -6.2  991.3    2.6  444.0   88.0  444.0
2020  28  1 28 0200   -5.9  991.4    2.0  444.0   88.0  444.0
2020  28  1 28 0300   -5.9  991.4    1.3  444.0   84.9  444.0
2020  28  1 28 0400   -5.8  991.3    1.3  444.0   87.0  444.0
2020  28  1 28 0500   -5.5  991.2    0.6  444.0   86.0  444.0
2020  28  1 28 0600  444.0  991.1    0.2  444.0   82.0  444.0
2020  28  1 28 0700  444.0  991.1    1.0  444.0   83.0  444.0
2020  28  1 28 0800   -6.6  990.8    1.6  444.0   90.0  444.0
2020  28  1 28 0900   -7.5  990.6    1.9  444.0   92.0  444.0
2020  28  1 28 1000   -9.1  990.4    1.9  444.0   91.0  444.0
2020  28  1 28 1100   -9.5  990.0    2.7  444.0   94.0  444.0
2020  28  1 28 1200  -11.9  990.1    2.5  444.0   98.0  444.0
2020  28  1 28 1300  -12.7  989.8    1.7  444.0   92.0  444.0
2020  28  1 28 1400  -13.8  989.7    2.0  444.0   91.0  444.0
2020  28  1 28 1500  -11.7  989.5    3.7  444.0   93.0  444.0
2020  28  1 28 1600  -11.8  989.5    2.1  444.0   92.0  444.0
2020  28  1 28 1700  -11.3  989.3    1.6  444.0   92.0  444.0
2020  28  1 28 1800   -9.3  989.3    1.9  444.0   93.0  444.0
2020  28  1 28 1900   -7.5  989.3    2.1  444.0   94.0  444.0
2020  28  1 28 2000   -7.4  989.4    1.6  444.0   94.0  444.0
2020  28  1 28 2100   -7.4  989.3    2.1  444.0   93.0  444.0
2020  28  1 28 2200   -7.6  989.1    1.8  444.0   93.2  444.0
2020  28  1 28 2300   -6.7  988.9    0.8  444.0   91.0  444.0
2020  29  1 29 0000   -7.0  988.7    0.8  444.0   92.0  444.0
2020  29  1 29 0100   -6.7  988.7    0.8  444.0   90.0  444.0
2020  29  1 29 0200   -7.2  988.4    1.3  444.0   91.2  444.0
2020  29  1 29 0300   -6.6  988.0    1.7  444.0   89.0  444.0
2020  29  1 29 0400   -7.0  987.8    1.5  444.0   90.0  444.0
2020  29  1 29 0500   -7.2  987.4    1.1  444.0   91.0  444.0
2020  29  1 29 0600   -7.2  987.1    0.5  444.0   90.3  444.0
2020  29  1 29 0700   -7.4  986.8    0.5  444.0   91.0  444.0
2020  29  1 29 0800   -7.3  986.7    0.7  444.0   91.0  444.0
2020  29  1 29 0900   -7.5  986.2    0.7  444.0   91.0  444.0
2020  29  1 29 1000   -7.4  986.1    2.7  444.0   91.0  444.0
2020  29  1 29 1100   -7.5  985.8    2.6  444.0   91.0  444.0
2020  29  1 29 1200   -7.5  985.5    2.5  444.0   91.0  444.0
2020  29  1 29 1300  -10.5  985.4    2.0  444.0   91.0  444.0
2020  29  1 29 1400  -13.1  985.2    1.2  444.0   90.0  444.0
2020  29  1 29 1500  -14.7  984.9    1.5  444.0   87.0  444.0
2020  29  1 29 1600  -15.4  984.8    0.5  444.0   87.0  444.0
2020  29  1 29 1700  -15.9  984.6    1.7  444.0   86.0  444.0
2020  29  1 29 1800  -14.7  984.6    1.3  444.0   84.0  444.0
2020  29  1 29 1900  -14.4  984.5    2.9  444.0   84.9  444.0
2020  29  1 29 2000  -12.1  984.5    1.5  444.0   80.0  444.0
2020  29  1 29 2100  -11.8  984.4    2.0  444.0   73.0  444.0
2020  29  1 29 2200   -9.9  984.4    3.4  444.0   69.0  444.0
2020  29  1 29 2300   -9.0  984.4    2.3  444.0   72.0  444.0
2020  30  1 30 0000   -8.9  984.2    2.8  444.0   71.8  444.0
2020  30  1 30 0100   -8.1  984.4    2.7  444.0   69.0  444.0
2020  30  1 30 0200   -7.5  984.2    1.4  444.0   73.0  444.0
2020  30  1 30 0300  444.0  984.1    0.9  444.0   61.0  444.0
2020  30  1 30 0400   -7.1  984.1    2.4  444.0   62.0  444.0
2020  30  1 30 0500   -8.1  983.9    1.6  444.0   70.2  444.0
2020  30  1 30 0600   -8.5  984.1    1.7  444.0   73.0  444.0
2020  30  1 30 0700  -10.4  984.3    1.6  444.0   80.0  444.0
2020  30  1 30 0800  -11.0  984.5    0.5  444.0   85.0  444.0
2020  30  1 30 0900  -11.1  984.6    1.6  444.0   86.0  444.0
2020  30  1 30 1000  -12.4  984.8    1.3  444.0   88.0  444.0
2020  30  1 30 1100  -13.0  985.0    0.6  444.0   88.0  444.0
2020  30  1 30 1200  -12.1  985.2    1.7  444.0   89.1  444.0
2020  30  1 30 1300  -12.1  985.5    2.1  444.0   90.0  444.0
2020  30  1 30 1400  -13.6  985.8    2.2  444.0   92.0  444.0
2020  30  1 30 1500  -14.1  985.9    3.6  444.0   92.9  444.0
2020  30  1 30 1600  -13.8  986.1    3.8  444.0   91.0  444.0
2020  30  1 30 1700  -13.6  986.4    3.4  444.0   89.5  444.0
2020  30  1 30 1800  -12.5  986.7    4.0  444.0   88.0  444.0
2020  30  1 30 1900  -12.1  987.0    5.6  444.0   88.0  444.0
2020  30  1 30 2000  -11.6  987.4    5.6  444.0   87.0  444.0
2020  30  1 30 2100  -12.0  987.6    6.1  444.0   87.0  444.0
2020  30  1 30 2200  -10.6  987.7    6.4  444.0   86.7  444.0
2020  30  1 30 2300  -11.1  988.0    6.6  444.0   84.1  444.0
2020  31  1 31 0000  -10.6  988.3    8.0  444.0   84.0  444.0
2020  31  1 31 0100  -10.2  988.4    5.7  444.0   85.0  444.0
2020  31  1 31 0200  -10.3  988.5    6.0  444.0   85.0  444.0
2020  31  1 31 0300  -10.1  988.6    6.4  444.0   86.2  444.0
2020  31  1 31 0400  -10.5  988.6    5.6  444.0   87.6  444.0
2020  31  1 31 0500  -12.1  989.2    6.4  444.0   84.0  444.0
2020  31  1 31 0600  -12.7  989.7    5.2  444.0   84.0  444.0
2020  31  1 31 0700  -13.0  989.9    5.4  444.0   84.0  444.0
2020  31  1 31 0800  -13.1  990.2    4.9  444.0   85.7  444.0
2020  31  1 31 0900  -12.9  990.3    4.7  444.0   86.0  444.0
2020  31  1 31 1000  -12.6  990.6    4.5  444.0   86.4  444.0
2020  31  1 31 1100  -12.1  990.7    4.3  444.0   87.0  444.0
2020  31  1 31 1200  -11.9  990.8    3.8  444.0   89.0  444.0
2020  31  1 31 1300  -11.8  991.1    3.8  444.0   88.2  444.0
2020  31  1 31 1400  -11.8  991.1    4.4  444.0   88.0  444.0
2020  31  1 31 1500  -11.6  991.2    3.6  444.0   89.1  444.0
2020  31  1 31 1600  -11.5  991.1    3.2  444.0   89.0  444.0
2020  31  1 31 1700  -11.4  991.2    3.2  444.0   89.0  444.0
2020  31  1 31 1800  -11.4  991.3    3.0  444.0   88.5  444.0
2020  31  1 31 1900  -11.3  991.5    2.9  444.0   88.0  444.0
2020  31  1 31 2000  -11.1  991.6    3.0  444.0   87.6  444.0
2020  31  1 31 2100  -10.8  991.5    3.4  444.0   87.0  444.0
2020  31  1 31 2200  -10.5  991.7    2.8  444.0   87.0  444.0
2020  31  1 31 2300  -10.4  991.5    3.0  444.0   86.0  444.0
