Year: 2022  Month: 02  ID: LET  ARGOS:  8928  Name: Lettau              
Lat: 82.49S  Lon: 174.58W  Elev:   39m
2022  32  2  1 0000   -6.0  982.5    7.0   40.0   89.0  444.0
2022  32  2  1 0100   -5.8  983.4    6.2   56.0   86.0  444.0
2022  32  2  1 0200   -5.8  984.2    6.6   59.0   89.0  444.0
2022  32  2  1 0300   -7.1  985.0    3.7   78.0   85.0  444.0
2022  32  2  1 0400   -8.2  985.3    3.2   91.0   88.5  444.0
2022  32  2  1 0500   -9.1  985.9    3.3  102.0   88.0  444.0
2022  32  2  1 0600   -9.1  986.5    3.0   99.0   88.0  444.0
2022  32  2  1 0700  -10.0  986.9    3.0  121.0   89.0  444.0
2022  32  2  1 0800  -10.6  987.3    3.0  108.0   89.0  444.0
2022  32  2  1 0900  -11.3  987.6    2.5   96.0   88.8  444.0
2022  32  2  1 1000  -12.1  988.0    2.1   97.0   86.0  444.0
2022  32  2  1 1100  -13.8  988.5    2.1  103.0   92.0  444.0
2022  32  2  1 1200  -12.9  988.8    2.5  102.0   91.0  444.0
2022  32  2  1 1300  -14.2  989.2    2.6  119.0   84.0  444.0
2022  32  2  1 1400  -13.9  989.4    2.1   93.0   86.2  444.0
2022  32  2  1 1500  -15.0  989.7    1.8  119.0   80.0  444.0
2022  32  2  1 1600  -14.1  989.7    3.1  103.0   88.0  444.0
2022  32  2  1 1700  -12.8  990.0    1.4   66.0   87.0  444.0
2022  32  2  1 1800  -11.9  990.2    3.4  124.0   89.0  444.0
2022  32  2  1 1900  444.0  990.6    1.0  125.0   87.3  444.0
2022  32  2  1 2000  444.0  990.7    0.8  131.0   86.0  444.0
2022  32  2  1 2100  444.0  990.9    0.7   61.0   84.0  444.0
2022  32  2  1 2200  -10.2  991.1    1.8  157.0   87.0  444.0
2022  32  2  1 2300  -12.6  991.3    1.4  162.0   85.0  444.0
2022  33  2  2 0000  -10.3  991.3    1.2  154.0   78.0  444.0
2022  33  2  2 0100  -10.8  991.4    1.4  181.0   89.0  444.0
2022  33  2  2 0200  444.0  991.3    1.2  163.0   81.1  444.0
2022  33  2  2 0300  444.0  991.2    0.9  196.0   80.0  444.0
2022  33  2  2 0400  444.0  991.2    0.5  280.0   76.0  444.0
2022  33  2  2 0500  444.0  991.1    1.2  284.0   78.1  444.0
2022  33  2  2 0600  444.0  991.3    1.3  266.0   81.0  444.0
2022  33  2  2 0700  -13.1  991.2    1.8  248.0   88.8  444.0
2022  33  2  2 0800  -12.2  991.1    1.6  195.0   93.0  444.0
2022  33  2  2 0900  -13.8  991.0    1.2  273.0   89.0  444.0
2022  33  2  2 1000  -12.5  990.8    1.7  277.0   91.0  444.0
2022  33  2  2 1100  444.0  990.8    1.2  261.0   91.0  444.0
2022  33  2  2 1200  444.0  990.7    1.3  282.0   91.8  444.0
2022  33  2  2 1300  -10.9  990.4    1.5  296.0   92.0  444.0
2022  33  2  2 1400  -10.2  990.0    2.3  295.0   92.0  444.0
2022  33  2  2 1500  444.0  989.8    0.5  328.0   89.0  444.0
2022  33  2  2 1600   -8.9  989.6    2.2  222.0   89.0  444.0
2022  33  2  2 1700   -9.8  989.3    5.8  223.0   91.6  444.0
2022  33  2  2 1800   -9.5  989.0    2.8  240.0   90.0  444.0
2022  33  2  2 1900  -10.4  988.8    2.9  245.0   91.0  444.0
2022  33  2  2 2000   -9.3  988.4    4.2  225.0   95.0  444.0
2022  33  2  2 2100   -9.1  988.4    3.9  217.0   95.0  444.0
2022  33  2  2 2200   -8.4  988.2    4.1  201.0   93.2  444.0
2022  33  2  2 2300   -8.4  988.1    5.0  168.0   96.0  444.0
2022  34  2  3 0000   -8.0  987.9    4.0  164.0   85.6  444.0
2022  34  2  3 0100   -7.8  987.6    3.5  187.0   86.0  444.0
2022  34  2  3 0200   -8.6  987.3    4.4  202.0   91.0  444.0
2022  34  2  3 0300   -9.1  986.8    4.3  202.0   97.0  444.0
2022  34  2  3 0400   -9.7  986.5    5.1  206.0  100.0  444.0
2022  34  2  3 0500   -9.9  985.7    3.8  215.0   91.0  444.0
2022  34  2  3 0600  -10.0  985.3    4.5  199.0   89.0  444.0
2022  34  2  3 0700  -10.8  985.2    4.5  186.0   88.0  444.0
2022  34  2  3 0800  -11.4  985.0    4.8  157.0   88.0  444.0
2022  34  2  3 0900  -12.4  984.8    4.0  164.0   89.0  444.0
2022  34  2  3 1000  -10.7  984.8    5.0  203.0   92.2  444.0
2022  34  2  3 1100  -11.9  984.4    2.4  157.0   91.0  444.0
2022  34  2  3 1200  -13.6  984.1    3.4  211.0   90.0  444.0
2022  34  2  3 1300  -14.2  983.2    2.3  226.0   89.0  444.0
2022  34  2  3 1400  -14.0  982.3    2.7  239.0   90.3  444.0
2022  34  2  3 1500  -13.2  981.4    2.2  244.0   88.2  444.0
2022  34  2  3 1600  -11.2  980.9    4.2  174.0   86.0  444.0
2022  34  2  3 1700   -9.6  980.9    7.1  154.0   88.0  444.0
2022  34  2  3 1800  -10.3  981.0    7.8  145.0   84.0  444.0
2022  34  2  3 1900  -11.1  981.4    9.1  136.0   87.0  444.0
2022  34  2  3 2000  -11.8  981.4    8.5  138.0   87.7  444.0
2022  34  2  3 2100  -11.6  981.8    6.9  135.0   84.0  444.0
2022  34  2  3 2200  -11.7  982.2    7.3  136.0   86.0  444.0
2022  34  2  3 2300  -11.3  982.7    5.8  113.0   86.0  444.0
2022  35  2  4 0000  -11.1  983.0    5.8  133.0   87.3  444.0
2022  35  2  4 0100  -10.4  983.4    7.6  135.0   89.5  444.0
2022  35  2  4 0200  -10.7  983.5    8.5  131.0   90.0  444.0
2022  35  2  4 0300  -10.7  983.8    8.2  139.0   89.0  444.0
2022  35  2  4 0400  -11.4  984.0    8.0  142.0   89.0  444.0
2022  35  2  4 0500  -10.8  984.4    6.2  134.0   91.0  444.0
2022  35  2  4 0600  -10.2  984.1    6.3  135.0   91.0  444.0
2022  35  2  4 0700  -10.6  984.1    6.9  114.0   91.8  444.0
2022  35  2  4 0800  -10.5  984.4    5.4  126.0   93.0  444.0
2022  35  2  4 0900  -10.3  984.6    5.0  126.0   93.0  444.0
2022  35  2  4 1000  -10.5  984.5    4.5  117.0   94.0  444.0
2022  35  2  4 1100  -10.8  984.7    3.9  139.0   95.0  444.0
2022  35  2  4 1200  -11.5  984.8    4.8  155.0   96.1  444.0
2022  35  2  4 1300  -11.4  984.6    2.7  134.0   94.0  444.0
2022  35  2  4 1400  -11.9  984.4    3.8  154.0   94.0  444.0
2022  35  2  4 1500  -11.9  984.0    3.3  150.0   92.0  444.0
2022  35  2  4 1600  -11.9  983.7    2.7  179.0   91.0  444.0
2022  35  2  4 1700  -12.3  983.4    2.3  212.0   89.0  444.0
2022  35  2  4 1800  -12.6  982.7    2.9  223.0   84.8  444.0
2022  35  2  4 1900  -12.7  982.2    3.7  230.0   79.0  444.0
2022  35  2  4 2000  -11.8  981.4    3.7  197.0   82.0  444.0
2022  35  2  4 2100  -10.2  980.8    3.8  177.0   81.0  444.0
2022  35  2  4 2200   -9.0  980.4    6.0  169.0   81.8  444.0
2022  35  2  4 2300   -8.9  980.1    5.5  144.0   82.0  444.0
2022  36  2  5 0000   -8.8  979.7    8.8  133.0   79.7  444.0
2022  36  2  5 0100  -10.4  979.6    7.5  133.0   83.0  444.0
2022  36  2  5 0200  -11.8  979.4    7.8  129.0   83.0  444.0
2022  36  2  5 0300  -11.6  980.0    8.4   90.0   84.6  444.0
2022  36  2  5 0400  -12.2  981.1    6.7  105.0   83.0  444.0
2022  36  2  5 0500  -12.1  981.5    7.2  100.0   84.2  444.0
2022  36  2  5 0600  -12.0  982.0    7.3  120.0   90.0  444.0
2022  36  2  5 0700  -11.7  982.1    7.4  141.0   91.0  444.0
2022  36  2  5 0800  -11.6  982.3    7.1  132.0   93.3  444.0
2022  36  2  5 0900  -11.4  982.2    7.0  134.0   94.0  444.0
2022  36  2  5 1000  -11.0  982.3    7.0  132.0   94.9  444.0
2022  36  2  5 1100  -11.3  982.1    5.9  133.0   95.0  444.0
2022  36  2  5 1200  -11.3  982.0    4.9  127.0   96.0  444.0
2022  36  2  5 1300  -11.2  982.0    5.5  147.0   96.0  444.0
2022  36  2  5 1400  -11.4  981.8    6.0  134.0   95.0  444.0
2022  36  2  5 1500  -11.4  981.6    4.5  135.0   95.2  444.0
2022  36  2  5 1600  -11.1  981.4    5.4  133.0   95.3  444.0
2022  36  2  5 1700  -11.4  981.3    5.0  136.0   94.0  444.0
2022  36  2  5 1800  -11.3  981.4    5.3  134.0   94.0  444.0
2022  36  2  5 1900  -11.2  981.3    5.3  134.0   94.0  444.0
2022  36  2  5 2000  -11.2  981.3    5.2  130.0   93.0  444.0
2022  36  2  5 2100  -11.1  981.2    4.4  118.0   93.0  444.0
2022  36  2  5 2200  -10.7  981.1    4.8  129.0   92.6  444.0
2022  36  2  5 2300  -11.2  981.3    4.4  143.0   92.0  444.0
2022  37  2  6 0000  -11.5  981.2    4.7  144.0   91.0  444.0
2022  37  2  6 0100  -12.0  981.0    3.2  151.0   90.0  444.0
2022  37  2  6 0200  -12.8  981.0    2.6  115.0   90.0  444.0
2022  37  2  6 0300  -12.9  981.0    3.5  129.0   89.0  444.0
2022  37  2  6 0400  -13.0  981.0    2.7  140.0   87.8  444.0
2022  37  2  6 0500  -13.2  981.0    2.8  134.0   86.1  444.0
2022  37  2  6 0600  -13.8  980.9    1.9  154.0   84.9  444.0
2022  37  2  6 0700  -14.3  980.9    1.9  155.0   85.0  444.0
2022  37  2  6 0800  -14.8  980.8    1.7  176.0   84.6  444.0
2022  37  2  6 0900  -16.2  980.6    1.6  210.0   83.2  444.0
2022  37  2  6 1000  -16.8  980.5    2.4  197.0   83.2  444.0
2022  37  2  6 1100  -17.1  980.2    1.9  236.0   80.0  444.0
2022  37  2  6 1200  -17.9  979.9    2.3  224.0   80.0  444.0
2022  37  2  6 1300  -18.3  979.4    2.5  239.0   81.0  444.0
2022  37  2  6 1400  -18.3  979.0    1.7  248.0   79.0  444.0
2022  37  2  6 1500  -18.4  978.4    2.2  240.0   79.0  444.0
2022  37  2  6 1600  -18.2  978.3    2.6  215.0   79.0  444.0
2022  37  2  6 1700  -17.8  978.2    2.1  190.0   77.0  444.0
2022  37  2  6 1800  -16.9  978.3    3.0  169.0   80.0  444.0
2022  37  2  6 1900  -16.0  978.2    2.2  170.0   78.0  444.0
2022  37  2  6 2000  -15.5  978.6    3.3  177.0   79.1  444.0
2022  37  2  6 2100  -15.0  978.0    1.9  212.0   76.0  444.0
2022  37  2  6 2200  -13.2  978.0    2.9  195.0   79.0  444.0
2022  37  2  6 2300  -11.9  977.8    2.6  190.0   78.7  444.0
2022  38  2  7 0000  -10.1  977.9    3.1  172.0   80.0  444.0
2022  38  2  7 0100   -9.4  977.7    3.2  175.0   82.7  444.0
2022  38  2  7 0200   -9.2  977.4    3.4  187.0   83.0  444.0
2022  38  2  7 0300   -9.2  977.2    2.8  199.0   83.0  444.0
2022  38  2  7 0400   -8.5  976.9    3.8  182.0   88.0  444.0
2022  38  2  7 0500   -7.7  976.7    4.4  178.0   88.0  444.0
2022  38  2  7 0600   -7.5  976.9    5.6  161.0   88.0  444.0
2022  38  2  7 0700   -8.3  977.1    4.3  159.0   90.0  444.0
2022  38  2  7 0800   -8.5  977.3    4.5  156.0   92.0  444.0
2022  38  2  7 0900   -8.5  977.4    5.6  147.0   90.0  444.0
2022  38  2  7 1000   -8.7  977.5    5.5  157.0   89.0  444.0
2022  38  2  7 1100   -9.0  977.6    6.1  157.0   87.0  444.0
2022  38  2  7 1200   -9.8  977.7    6.4  168.0   90.0  444.0
2022  38  2  7 1300   -9.0  977.8    5.4  170.0   91.0  444.0
2022  38  2  7 1400   -8.4  977.7    7.1  163.0   86.0  444.0
2022  38  2  7 1500   -9.0  977.9    7.1  165.0   84.0  444.0
2022  38  2  7 1600   -9.5  978.2    7.7  157.0   84.0  444.0
2022  38  2  7 1700   -9.6  978.4    7.3  156.0   82.0  444.0
2022  38  2  7 1800   -9.6  978.7    7.5  152.0   82.0  444.0
2022  38  2  7 1900   -9.1  978.7    7.2  151.0   80.0  444.0
2022  38  2  7 2000   -8.8  978.8    5.9  164.0   80.0  444.0
2022  38  2  7 2100   -6.6  978.6    7.9  161.0   83.0  444.0
2022  38  2  7 2200   -6.7  978.3    8.7  152.0   85.0  444.0
2022  38  2  7 2300   -6.2  978.3    8.4  157.0   84.3  444.0
2022  39  2  8 0000   -5.7  978.2    9.0  156.0   85.0  444.0
2022  39  2  8 0100   -5.7  977.9    9.2  152.0   87.0  444.0
2022  39  2  8 0200   -5.8  977.6   10.8  144.0   89.0  444.0
2022  39  2  8 0300   -5.9  977.7   10.6  144.0   89.0  444.0
2022  39  2  8 0400   -6.1  977.5   10.6  141.0   91.0  444.0
2022  39  2  8 0500   -6.2  977.8    8.5  153.0   89.0  444.0
2022  39  2  8 0600   -6.3  977.7    8.6  156.0   87.0  444.0
2022  39  2  8 0700   -6.2  977.4    9.4  156.0   88.0  444.0
2022  39  2  8 0800   -6.2  977.0   10.4  157.0   88.0  444.0
2022  39  2  8 0900   -6.5  976.9   10.3  158.0   90.0  444.0
2022  39  2  8 1000   -6.1  976.5   12.0  153.0   93.0  444.0
2022  39  2  8 1100   -5.8  976.3   11.4  157.0   91.0  444.0
2022  39  2  8 1200   -5.4  975.6   10.8  169.0   91.0  444.0
2022  39  2  8 1300   -4.9  975.3   12.4  166.0   92.0  444.0
2022  39  2  8 1400   -4.9  975.0   12.7  162.0   98.0  444.0
2022  39  2  8 1500   -4.8  974.4   13.4  162.0   98.0  444.0
2022  39  2  8 1600   -4.6  973.5   13.4  160.0  100.0  444.0
2022  39  2  8 1700   -4.1  972.7   16.5  156.0  100.0  444.0
2022  39  2  8 1800   -4.5  972.0   17.8  158.0  100.0  444.0
2022  39  2  8 1900   -4.6  972.5   19.4  148.0  100.0  444.0
2022  39  2  8 2000   -4.5  972.5   18.7  148.0  100.0  444.0
2022  39  2  8 2100   -4.4  973.2   17.9  146.0  100.0  444.0
2022  39  2  8 2200   -4.3  973.9   17.1  142.0  100.0  444.0
2022  39  2  8 2300   -4.2  974.6   17.1  143.0  100.0  444.0
2022  40  2  9 0000   -4.1  975.1   18.1  142.0  100.0  444.0
2022  40  2  9 0100   -4.1  976.1   16.6  140.0  100.1  444.0
2022  40  2  9 0200   -4.1  977.1   15.1  145.0  100.0  444.0
2022  40  2  9 0300   -4.2  977.7   14.1  144.0   99.0  444.0
2022  40  2  9 0400   -4.3  978.2   14.6  149.0  100.0  444.0
2022  40  2  9 0500   -4.3  978.5   15.3  150.0  100.1  444.0
2022  40  2  9 0600   -4.4  979.1   15.5  150.0  100.3  444.0
2022  40  2  9 0700   -4.5  979.5   16.3  144.0  100.0  444.0
2022  40  2  9 0800   -4.4  980.5   16.6  148.0  100.0  444.0
2022  40  2  9 0900   -4.9  981.3   14.6  147.0  100.1  444.0
2022  40  2  9 1000   -5.1  982.3   15.8  144.0  100.0  444.0
2022  40  2  9 1100   -5.2  983.1   15.6  138.0  100.0  444.0
2022  40  2  9 1200   -5.5  984.0   14.1  145.0  100.0  444.0
2022  40  2  9 1300   -5.5  984.8   13.8  145.0  100.0  444.0
2022  40  2  9 1400   -5.3  985.7   13.5  149.0   99.5  444.0
2022  40  2  9 1500   -5.6  986.6   12.6  151.0  100.0  444.0
2022  40  2  9 1600   -5.3  987.3   11.9  150.0   97.0  444.0
2022  40  2  9 1700   -5.2  987.8   13.8  137.0   98.0  444.0
2022  40  2  9 1800   -4.4  988.6   13.9  147.0   94.0  444.0
2022  40  2  9 1900   -4.8  989.3   12.2  143.0   94.0  444.0
2022  40  2  9 2000   -4.8  989.9   11.6  140.0   93.0  444.0
2022  40  2  9 2100   -4.9  990.6    9.3  148.0   91.0  444.0
2022  40  2  9 2200   -4.7  991.4    9.2  149.0   90.0  444.0
2022  40  2  9 2300   -4.6  991.6    9.7  153.0   88.5  444.0
2022  41  2 10 0000   -4.9  991.9    8.5  126.0   91.3  444.0
2022  41  2 10 0100   -4.7  992.0    7.7  166.0   91.0  444.0
2022  41  2 10 0200   -4.3  991.9    8.4  160.0   88.0  444.0
2022  41  2 10 0300   -4.9  991.7    8.5  156.0   90.0  444.0
2022  41  2 10 0400   -4.7  991.5    7.6  196.0   89.8  444.0
2022  41  2 10 0500   -4.9  991.4    8.1  161.0   89.3  444.0
2022  41  2 10 0600   -5.1  991.4    6.2  167.0   88.0  444.0
2022  41  2 10 0700   -5.1  991.0    7.3  166.0   86.0  444.0
2022  41  2 10 0800   -5.8  990.9    5.0  174.0   86.0  444.0
2022  41  2 10 0900   -6.0  990.7    5.4  165.0   83.0  444.0
2022  41  2 10 1000   -7.0  990.4    4.5  177.0   84.0  444.0
2022  41  2 10 1100   -7.7  990.0    4.1  192.0   81.0  444.0
2022  41  2 10 1200   -8.0  989.7    4.4  196.0   79.6  444.0
2022  41  2 10 1300   -9.0  989.2    4.2  207.0   81.0  444.0
2022  41  2 10 1400   -8.6  988.5    4.7  210.0   76.0  444.0
2022  41  2 10 1500   -8.6  987.5    4.9  222.0   74.0  444.0
2022  41  2 10 1600   -8.4  986.9    4.1  219.0   72.8  444.0
2022  41  2 10 1700   -8.5  986.2    3.6  236.0   72.0  444.0
2022  41  2 10 1800   -9.2  985.6    2.7  250.0   77.0  444.0
2022  41  2 10 1900   -8.6  985.1    2.8  231.0   76.0  444.0
2022  41  2 10 2000   -8.6  984.5    2.9  226.0   78.0  444.0
2022  41  2 10 2100   -8.5  984.1    3.4  238.0   79.0  444.0
2022  41  2 10 2200   -8.2  983.4    3.0  223.0   78.5  444.0
2022  41  2 10 2300   -8.0  983.2    3.3  228.0   79.0  444.0
2022  42  2 11 0000   -7.6  982.9    2.4  232.0   78.0  444.0
2022  42  2 11 0100   -7.1  982.3    2.4  224.0   79.0  444.0
2022  42  2 11 0200   -6.9  981.4    2.6  214.0   81.1  444.0
2022  42  2 11 0300   -6.5  980.8    1.9  224.0   80.8  444.0
2022  42  2 11 0400   -6.8  980.3    2.6  224.0   85.0  444.0
2022  42  2 11 0500   -6.9  980.1    2.4  191.0   85.2  444.0
2022  42  2 11 0600   -6.7  979.7    2.1  178.0   82.0  444.0
2022  42  2 11 0700   -7.2  979.2    2.2  196.0   81.9  444.0
2022  42  2 11 0800   -7.5  978.7    2.5  184.0   81.0  444.0
2022  42  2 11 0900   -8.6  978.2    2.3  199.0   80.4  444.0
2022  42  2 11 1000   -9.6  977.9    2.8  214.0   79.9  444.0
2022  42  2 11 1100  -10.5  977.8    2.9  194.0   80.0  444.0
2022  42  2 11 1200  -11.0  977.5    3.3  196.0   81.0  444.0
2022  42  2 11 1300  -11.0  977.1    3.7  182.0   80.0  444.0
2022  42  2 11 1400  -10.2  976.8    4.0  201.0   78.3  444.0
2022  42  2 11 1500  -11.0  976.5    3.8  185.0   79.7  444.0
2022  42  2 11 1600  -11.4  976.3    3.2  191.0   80.0  444.0
2022  42  2 11 1700  -11.4  975.9    3.2  197.0   80.0  444.0
2022  42  2 11 1800  -10.9  975.9    3.7  194.0   79.0  444.0
2022  42  2 11 1900   -9.8  975.7    4.3  183.0   76.1  444.0
2022  42  2 11 2000  -10.0  975.4    3.4  199.0   78.0  444.0
2022  42  2 11 2100   -8.4  975.3    4.2  172.0   75.0  444.0
2022  42  2 11 2200   -7.2  975.2    5.2  169.0   76.9  444.0
2022  42  2 11 2300   -6.1  975.1    5.2  170.0   72.0  444.0
2022  43  2 12 0000   -5.8  975.2    5.8  173.0   72.7  444.0
2022  43  2 12 0100   -4.8  974.9    5.2  170.0   71.5  444.0
2022  43  2 12 0200   -5.7  974.6    3.4  155.0   78.0  444.0
2022  43  2 12 0300   -5.7  974.1    4.0  186.0   79.0  444.0
2022  43  2 12 0400   -5.0  973.6    5.4  177.0   78.0  444.0
2022  43  2 12 0500   -5.0  973.4    6.1  170.0   80.2  444.0
2022  43  2 12 0600   -5.9  973.3    5.7  170.0   85.0  444.0
2022  43  2 12 0700   -7.8  973.3    4.3  162.0   89.0  444.0
2022  43  2 12 0800   -9.0  973.5    5.3  155.0   87.0  444.0
2022  43  2 12 0900  -11.1  973.9    5.1  150.0   90.0  444.0
2022  43  2 12 1000  -12.5  974.3    3.9  149.0   86.0  444.0
2022  43  2 12 1100  -12.8  974.6    4.8  141.0   86.0  444.0
2022  43  2 12 1200  -14.0  975.0    3.9  137.0   88.3  444.0
2022  43  2 12 1300  -15.7  975.2    3.2   92.0   84.2  444.0
2022  43  2 12 1400  -16.0  975.5    2.3  110.0   80.0  444.0
2022  43  2 12 1500  -16.2  975.6    2.9  135.0   80.0  444.0
2022  43  2 12 1600  -16.7  975.8    2.8  154.0   80.0  444.0
2022  43  2 12 1700  -16.4  976.0    2.6  143.0   79.4  444.0
2022  43  2 12 1800  -16.2  976.5    3.2  162.0   80.0  444.0
2022  43  2 12 1900  -15.6  976.7    2.9  148.0   79.0  444.0
2022  43  2 12 2000  -14.9  976.7    4.1  144.0   80.4  444.0
2022  43  2 12 2100  -14.3  976.8    3.3  138.0   81.0  444.0
2022  43  2 12 2200  -13.5  977.0    3.4  131.0   80.9  444.0
2022  43  2 12 2300  -13.3  977.2    2.7  118.0   81.0  444.0
2022  44  2 13 0000  -12.5  977.4    3.4  139.0   80.0  444.0
2022  44  2 13 0100  -12.2  977.3    3.2  122.0   81.0  444.0
2022  44  2 13 0200  -12.0  977.5    4.0  140.0   80.0  444.0
2022  44  2 13 0300  -11.7  977.6    2.5  118.0   80.2  444.0
2022  44  2 13 0400  -11.4  977.4    3.8  141.0   85.0  444.0
2022  44  2 13 0500  -10.6  977.2    4.0  146.0   84.0  444.0
2022  44  2 13 0600  -10.6  977.4    3.5  133.0   88.0  444.0
2022  44  2 13 0700  -10.9  977.8    2.3  149.0   89.0  444.0
2022  44  2 13 0800  -10.6  978.0    2.9  157.0   89.7  444.0
2022  44  2 13 0900  -11.7  978.0    3.0  164.0   89.0  444.0
2022  44  2 13 1000  -11.7  978.0    4.6  154.0   89.0  444.0
2022  44  2 13 1100  -11.1  978.2    3.0  145.0   88.0  444.0
2022  44  2 13 1200  -10.9  978.1    3.4  134.0   89.0  444.0
2022  44  2 13 1300  -11.4  978.2    3.9  166.0   88.2  444.0
2022  44  2 13 1400  -12.1  978.0    4.5  146.0   91.0  444.0
2022  44  2 13 1500  -12.0  977.9    3.8  145.0   91.0  444.0
2022  44  2 13 1600  -11.8  977.8    4.3  146.0   90.0  444.0
2022  44  2 13 1700  -11.9  977.9    4.7  158.0   89.0  444.0
2022  44  2 13 1800  -11.8  978.0    4.8  169.0   88.0  444.0
2022  44  2 13 1900  -12.6  978.0    4.9  165.0   86.0  444.0
2022  44  2 13 2000  -12.3  978.1    4.6  155.0   85.0  444.0
2022  44  2 13 2100  -12.3  978.1    3.9  150.0   82.0  444.0
2022  44  2 13 2200  -12.0  978.0    4.6  169.0   82.0  444.0
2022  44  2 13 2300  -11.7  978.1    4.0  152.0   80.0  444.0
2022  45  2 14 0000  -12.1  978.1    3.7  147.0   83.5  444.0
2022  45  2 14 0100  -11.8  978.0    4.6  145.0   83.0  444.0
2022  45  2 14 0200  -11.8  977.8    5.3  143.0   83.0  444.0
2022  45  2 14 0300  -11.6  977.7    5.4  135.0   84.0  444.0
2022  45  2 14 0400  -11.8  977.8    5.8  142.0   85.0  444.0
2022  45  2 14 0500  -12.1  977.8    5.7  141.0   86.0  444.0
2022  45  2 14 0600  -13.2  978.1    4.2  154.0   87.0  444.0
2022  45  2 14 0700  -12.9  978.1    5.5  158.0   87.0  444.0
2022  45  2 14 0800  -13.0  978.0    5.0  146.0   87.0  444.0
2022  45  2 14 0900  -13.4  977.9    4.8  152.0   86.7  444.0
2022  45  2 14 1000  -14.4  977.9    3.7  157.0   87.6  444.0
2022  45  2 14 1100  -14.4  978.0    4.2  156.0   87.7  444.0
2022  45  2 14 1200  -13.9  978.0    4.2  154.0   88.0  444.0
2022  45  2 14 1300  -13.4  977.9    4.3  154.0   88.0  444.0
2022  45  2 14 1400  -13.5  977.9    4.6  167.0   89.0  444.0
2022  45  2 14 1500  -13.4  977.8    4.6  160.0   89.0  444.0
2022  45  2 14 1600  -13.2  977.6    4.1  153.0   89.0  444.0
2022  45  2 14 1700  -12.5  977.6    4.3  157.0   90.0  444.0
2022  45  2 14 1800  -11.8  977.5    4.7  146.0   90.0  444.0
2022  45  2 14 1900  -11.1  977.6    5.0  142.0   90.0  444.0
2022  45  2 14 2000  -10.5  977.7    4.7  146.0   91.0  444.0
2022  45  2 14 2100  -10.2  977.5    3.5  148.0   92.0  444.0
2022  45  2 14 2200   -9.9  977.2    3.2  184.0   92.0  444.0
2022  45  2 14 2300  -10.5  977.0    4.2  172.0   85.0  444.0
2022  46  2 15 0000  -10.3  976.8    3.8  184.0   84.0  444.0
2022  46  2 15 0100   -9.9  976.4    4.3  177.0   84.1  444.0
2022  46  2 15 0200   -9.9  976.2    3.7  184.0   87.0  444.0
2022  46  2 15 0300   -9.8  975.8    3.0  176.0   86.0  444.0
2022  46  2 15 0400  -10.1  975.5    3.7  195.0   85.6  444.0
2022  46  2 15 0500  -10.1  975.3    3.7  166.0   83.1  444.0
2022  46  2 15 0600  -10.4  975.2    2.9  184.0   85.6  444.0
2022  46  2 15 0700  -10.6  975.1    2.5  182.0   87.0  444.0
2022  46  2 15 0800  -10.9  974.8    2.7  191.0   89.0  444.0
2022  46  2 15 0900  -11.1  974.7    3.0  191.0   89.0  444.0
2022  46  2 15 1000  -11.2  974.5    2.9  186.0   88.5  444.0
2022  46  2 15 1100  -11.4  974.3    2.5  204.0   87.0  444.0
2022  46  2 15 1200  -11.7  974.3    2.4  202.0   87.0  444.0
2022  46  2 15 1300  -10.9  974.2    3.6  173.0   79.0  444.0
2022  46  2 15 1400  -10.4  973.9    2.7  176.0   76.0  444.0
2022  46  2 15 1500  -11.6  973.8    2.7  173.0   76.9  444.0
2022  46  2 15 1600  -11.4  973.5    2.4  135.0   76.0  444.0
2022  46  2 15 1700  444.0  973.5    1.2  181.0   79.2  444.0
2022  46  2 15 1800  -12.4  973.5    1.4  188.0   81.0  444.0
2022  46  2 15 1900  444.0  973.5    0.8  168.0   79.0  444.0
2022  46  2 15 2000  444.0  973.7    1.3  177.0   77.1  444.0
2022  46  2 15 2100  444.0  973.5    0.5  117.0   72.0  444.0
2022  46  2 15 2200  444.0  973.4    1.1  200.0   78.0  444.0
2022  46  2 15 2300  444.0  973.7    0.9  198.0   79.0  444.0
2022  47  2 16 0000  444.0  973.6    1.4  218.0   79.0  444.0
2022  47  2 16 0100  444.0  973.3    0.9  256.0   66.5  444.0
2022  47  2 16 0200  -11.6  973.1    2.0  268.0   70.0  444.0
2022  47  2 16 0300  -11.9  972.8    1.6  250.0   74.1  444.0
2022  47  2 16 0400  -13.1  972.6    2.1  268.0   73.5  444.0
2022  47  2 16 0500  -13.8  972.6    2.0  222.0   74.0  444.0
2022  47  2 16 0600  -14.2  972.6    1.7  249.0   74.0  444.0
2022  47  2 16 0700  -14.9  972.5    2.9  245.0   73.0  444.0
2022  47  2 16 0800  -14.2  972.5    2.9  250.0   74.0  444.0
2022  47  2 16 0900  -12.7  972.5    3.0  231.0   70.0  444.0
2022  47  2 16 1000  -12.6  972.5    2.6  227.0   78.0  444.0
2022  47  2 16 1100  -12.0  972.4    3.8  239.0   78.0  444.0
2022  47  2 16 1200  -12.2  972.4    3.8  241.0   81.0  444.0
2022  47  2 16 1300  -12.9  972.4    2.4  250.0   85.4  444.0
2022  47  2 16 1400  -12.2  972.4    3.3  242.0   91.0  444.0
2022  47  2 16 1500  -11.7  972.2    3.1  221.0   92.0  444.0
2022  47  2 16 1600  -11.2  972.4    5.3  164.0   89.0  444.0
2022  47  2 16 1700  -12.8  972.6    4.0  158.0   83.0  444.0
2022  47  2 16 1800  -12.7  972.6    2.7  221.0   79.9  444.0
2022  47  2 16 1900  -11.7  972.7    4.3  213.0   83.3  444.0
2022  47  2 16 2000  -12.2  973.1    5.7  163.0   84.0  444.0
2022  47  2 16 2100  -12.9  973.4    6.3  169.0   85.0  444.0
2022  47  2 16 2200  -13.5  973.5    6.6  167.0   86.0  444.0
2022  47  2 16 2300  -13.9  973.8    5.9  172.0   83.9  444.0
2022  48  2 17 0000  -13.8  974.0    5.9  175.0   85.0  444.0
2022  48  2 17 0100  -13.8  974.2    5.1  156.0   85.0  444.0
2022  48  2 17 0200  -13.9  974.1    5.2  149.0   86.2  444.0
2022  48  2 17 0300  -13.6  974.4    5.2  145.0   90.0  444.0
2022  48  2 17 0400  -13.5  974.5    5.1  136.0   87.9  444.0
2022  48  2 17 0500  -13.8  974.8    6.0  138.0   88.1  444.0
2022  48  2 17 0600  -14.0  974.8    6.4  144.0   89.0  444.0
2022  48  2 17 0700  -13.5  975.0    5.2  138.0   89.0  444.0
2022  48  2 17 0800  -14.4  975.0    4.7  125.0   86.0  444.0
2022  48  2 17 0900  -14.4  975.7    5.7   88.0   92.0  444.0
2022  48  2 17 1000  -13.7  976.0    5.8  108.0   91.0  444.0
2022  48  2 17 1100  -13.7  976.4    7.4  125.0   91.0  444.0
2022  48  2 17 1200  -14.1  977.0    6.7  126.0   91.0  444.0
2022  48  2 17 1300  -14.4  977.6    6.1  120.0   90.0  444.0
2022  48  2 17 1400  -14.9  977.8    3.3  130.0   91.0  444.0
2022  48  2 17 1500  -15.0  977.9    3.9  155.0   90.0  444.0
2022  48  2 17 1600  -15.6  978.0    3.4  145.0   88.9  444.0
2022  48  2 17 1700  -15.6  978.1    3.5  161.0   88.0  444.0
2022  48  2 17 1800  -16.1  978.3    4.4  172.0   87.0  444.0
2022  48  2 17 1900  -15.3  978.3    1.9  147.0   88.0  444.0
2022  48  2 17 2000  -13.3  978.1    2.0  188.0   87.0  444.0
2022  48  2 17 2100  -14.8  978.2    1.9  206.0   85.8  444.0
2022  48  2 17 2200  -14.8  978.2    1.8  113.0   84.0  444.0
2022  48  2 17 2300  -15.9  978.4    2.4  110.0   83.0  444.0
2022  49  2 18 0000  -16.4  978.6    2.3  101.0   83.0  444.0
2022  49  2 18 0100  444.0  978.9    1.4  134.0   84.0  444.0
2022  49  2 18 0200  444.0  978.9    1.1  175.0   84.9  444.0
2022  49  2 18 0300  -14.4  978.7    1.8  180.0   84.0  444.0
2022  49  2 18 0400  -14.8  978.6    2.2  185.0   87.0  444.0
2022  49  2 18 0500  -14.3  978.6    1.9  177.0   86.6  444.0
2022  49  2 18 0600  444.0  978.7    1.1  222.0   80.0  444.0
2022  49  2 18 0700  444.0  978.8    1.0  301.0   86.0  444.0
2022  49  2 18 0800  444.0  978.8    1.2  312.0   86.0  444.0
2022  49  2 18 0900  444.0  978.8    0.9  332.0   87.0  444.0
2022  49  2 18 1000  444.0  979.1    1.2   10.0   88.0  444.0
2022  49  2 18 1100  -15.6  979.1    1.6  354.0   89.0  444.0
2022  49  2 18 1200  -14.8  979.2    2.2  342.0   90.0  444.0
2022  49  2 18 1300  -14.4  979.2    2.4  326.0   90.0  444.0
2022  49  2 18 1400  -16.9  979.1    1.9  280.0   86.5  444.0
2022  49  2 18 1500  -19.0  979.1    1.7  286.0   85.0  444.0
2022  49  2 18 1600  444.0  979.5    0.9  249.0   83.7  444.0
2022  49  2 18 1700  444.0  979.9    1.6  250.0   85.0  444.0
2022  49  2 18 1800  -15.7  980.5    2.2  184.0   86.0  444.0
2022  49  2 18 1900  -15.6  981.0    1.7  194.0   85.6  444.0
2022  49  2 18 2000  444.0  981.4    1.5  183.0   79.0  444.0
2022  49  2 18 2100  444.0  981.7    0.8  133.0   75.0  444.0
2022  49  2 18 2200  444.0  982.2    1.2  142.0   74.0  444.0
2022  49  2 18 2300  444.0  982.6    0.3   41.0   69.0  444.0
2022  50  2 19 0000  444.0  983.3    0.8   41.0   73.7  444.0
2022  50  2 19 0100  -18.2  983.6    1.7  102.0   70.0  444.0
2022  50  2 19 0200  -18.3  983.7    1.9  126.0   72.0  444.0
2022  50  2 19 0300  -19.0  983.7    1.8  102.0   75.0  444.0
2022  50  2 19 0400  -19.3  983.8    1.4  128.0   70.0  444.0
2022  50  2 19 0500  -20.6  984.0    2.2  106.0   75.8  444.0
2022  50  2 19 0600  -21.4  983.9    2.6   81.0   88.2  444.0
2022  50  2 19 0700  -20.0  983.9    2.7   38.0   85.1  444.0
2022  50  2 19 0800  -20.5  983.8    1.8   15.0   83.0  444.0
2022  50  2 19 0900  444.0  984.0    1.0   48.0   80.0  444.0
2022  50  2 19 1000  -22.3  983.8    2.0   60.0   85.0  444.0
2022  50  2 19 1100  -21.7  984.0    2.0   41.0   84.0  444.0
2022  50  2 19 1200  -22.3  983.7    1.7   52.0   82.0  444.0
2022  50  2 19 1300  -23.0  983.7    1.3   78.0   80.0  444.0
2022  50  2 19 1400  -22.4  983.7    2.0   83.0   82.1  444.0
2022  50  2 19 1500  -21.9  983.5    2.4   65.0   82.0  444.0
2022  50  2 19 1600  -21.2  983.4    1.6   71.0   82.0  444.0
2022  50  2 19 1700  444.0  983.2    1.2   97.0   82.0  444.0
2022  50  2 19 1800  444.0  983.1    1.1   94.0   81.0  444.0
2022  50  2 19 1900  -20.8  982.9    1.8   83.0   81.0  444.0
2022  50  2 19 2000  -19.8  983.2    2.0  146.0   81.0  444.0
2022  50  2 19 2100  -20.1  982.9    1.9  132.0   81.0  444.0
2022  50  2 19 2200  -19.3  982.7    3.3  135.0   81.0  444.0
2022  50  2 19 2300  -17.7  982.7    3.4  147.0   79.0  444.0
2022  51  2 20 0000  -17.7  982.3    2.1  145.0   77.5  444.0
2022  51  2 20 0100  -20.1  982.0    2.2  190.0   77.5  444.0
2022  51  2 20 0200  -20.4  981.6    2.2  175.0   78.0  444.0
2022  51  2 20 0300  -19.4  981.1    2.8  175.0   78.0  444.0
2022  51  2 20 0400  -20.0  980.8    2.9  184.0   78.0  444.0
2022  51  2 20 0500  -20.9  980.6    2.5  185.0   78.0  444.0
2022  51  2 20 0600  -23.2  980.1    2.9  193.0   78.4  444.0
2022  51  2 20 0700  -22.9  979.9    2.8  221.0   78.0  444.0
2022  51  2 20 0800  -24.2  979.7    2.9  175.0   78.0  444.0
2022  51  2 20 0900  -26.1  979.6    2.8  187.0   78.0  444.0
2022  51  2 20 1000  -26.2  979.4    2.9  179.0   77.0  444.0
2022  51  2 20 1100  -27.3  979.1    2.7  190.0   77.0  444.0
2022  51  2 20 1200  -26.7  978.8    2.7  195.0   78.0  444.0
2022  51  2 20 1300  -24.8  978.4    2.9  204.0   79.0  444.0
2022  51  2 20 1400  -25.0  978.0    2.8  186.0   80.0  444.0
2022  51  2 20 1500  -25.5  977.7    2.9  182.0   77.1  444.0
2022  51  2 20 1600  -26.2  977.2    2.9  190.0   76.0  444.0
2022  51  2 20 1700  -26.4  976.8    2.9  187.0   76.0  444.0
2022  51  2 20 1800  -26.1  976.6    2.6  196.0   75.0  444.0
2022  51  2 20 1900  -24.8  976.3    2.9  202.0   75.0  444.0
2022  51  2 20 2000  -24.2  975.9    2.6  211.0   74.9  444.0
2022  51  2 20 2100  -23.0  975.4    2.6  201.0   76.0  444.0
2022  51  2 20 2200  -23.7  975.2    1.8  216.0   74.0  444.0
2022  51  2 20 2300  -23.2  974.5    3.5  223.0   76.0  444.0
2022  52  2 21 0000  -21.0  974.3    3.6  217.0   77.0  444.0
2022  52  2 21 0100  -19.5  973.9    2.9  184.0   76.0  444.0
2022  52  2 21 0200  -19.3  973.0    3.5  185.0   77.2  444.0
2022  52  2 21 0300  -19.4  972.4    3.4  186.0   77.0  444.0
2022  52  2 21 0400  -20.4  972.1    2.4  217.0   78.0  444.0
2022  52  2 21 0500  -19.9  971.9    3.0  207.0   78.0  444.0
2022  52  2 21 0600  -21.0  971.7    2.9  208.0   77.0  444.0
2022  52  2 21 0700  -20.9  971.6    2.7  208.0   77.0  444.0
2022  52  2 21 0800  -21.0  971.3    2.0  196.0   78.1  444.0
2022  52  2 21 0900  -22.7  971.0    2.0  209.0   78.0  444.0
2022  52  2 21 1000  -24.2  970.9    2.2  234.0   78.0  444.0
2022  52  2 21 1100  -25.6  970.9    2.1  263.0   77.0  444.0
2022  52  2 21 1200  -25.4  970.7    2.2  232.0   77.3  444.0
2022  52  2 21 1300  -24.6  970.5    2.5  258.0   76.8  444.0
2022  52  2 21 1400  -25.8  970.4    2.2  265.0   76.0  444.0
2022  52  2 21 1500  -22.8  970.0    4.0  259.0   78.0  444.0
2022  52  2 21 1600  -21.4  970.1    4.6  252.0   78.0  444.0
2022  52  2 21 1700  -20.6  970.0    5.2  245.0   77.2  444.0
2022  52  2 21 1800  -20.4  970.0    4.5  246.0   77.4  444.0
2022  52  2 21 1900  -18.9  970.1    3.6  224.0   75.0  444.0
2022  52  2 21 2000  -20.3  970.4    2.5  164.0   73.0  444.0
2022  52  2 21 2100  -18.9  970.3    3.9  234.0   70.0  444.0
2022  52  2 21 2200  -18.8  970.2    4.0  253.0   71.5  444.0
2022  52  2 21 2300  -18.4  970.4    5.6  272.0   71.6  444.0
2022  53  2 22 0000  -18.0  970.5    4.7  276.0   71.4  444.0
2022  53  2 22 0100  -18.2  970.7    4.0  285.0   70.7  444.0
2022  53  2 22 0200  -17.5  970.6    4.7  266.0   69.0  444.0
2022  53  2 22 0300  -17.4  970.5    5.2  265.0   68.0  444.0
2022  53  2 22 0400  -16.9  970.5    4.0  263.0   72.0  444.0
2022  53  2 22 0500  -14.9  970.5    4.5  270.0   72.1  444.0
2022  53  2 22 0600  -15.9  970.6    5.0  260.0   76.0  444.0
2022  53  2 22 0700  -15.3  970.8    4.9  262.0   76.0  444.0
2022  53  2 22 0800  -15.6  970.8    5.8  268.0   74.0  444.0
2022  53  2 22 0900  -15.4  970.8    5.5  265.0   73.0  444.0
2022  53  2 22 1000  -15.4  970.8    5.3  261.0   74.1  444.0
2022  53  2 22 1100  -15.0  970.8    6.1  260.0   75.2  444.0
2022  53  2 22 1200  -16.0  970.6    6.6  267.0   78.0  444.0
2022  53  2 22 1300  -15.6  970.4    6.5  267.0   78.0  444.0
2022  53  2 22 1400  -15.3  970.0    6.5  268.0   76.0  444.0
2022  53  2 22 1500  -16.2  969.6    6.3  274.0   79.8  444.0
2022  53  2 22 1600  -15.7  969.4    6.6  270.0   78.6  444.0
2022  53  2 22 1700  -15.3  969.2    6.3  274.0   80.0  444.0
2022  53  2 22 1800  -16.4  969.1    5.8  289.0   82.0  444.0
2022  53  2 22 1900  -16.4  969.0    6.5  286.0   81.0  444.0
2022  53  2 22 2000  -16.4  968.7    6.7  279.0   79.8  444.0
2022  53  2 22 2100  -16.9  968.4    5.2  289.0   81.0  444.0
2022  53  2 22 2200  -16.0  967.9    5.1  284.0   81.0  444.0
2022  53  2 22 2300  -17.4  967.7    3.4  160.0   77.0  444.0
2022  54  2 23 0000  -17.9  967.7    1.9  183.0   78.0  444.0
2022  54  2 23 0100  444.0  967.4    0.8  153.0   75.0  444.0
2022  54  2 23 0200  -17.9  967.1    1.7  216.0   77.0  444.0
2022  54  2 23 0300  -17.7  966.5    2.5  213.0   79.0  444.0
2022  54  2 23 0400  -17.1  966.0    1.6  215.0   80.3  444.0
2022  54  2 23 0500  -17.1  965.7    3.6  173.0   80.0  444.0
2022  54  2 23 0600  -17.9  965.7    4.5  171.0   81.0  444.0
2022  54  2 23 0700  -17.5  965.3    2.7  207.0   86.0  444.0
2022  54  2 23 0800  -17.5  964.9    5.8  157.0   86.0  444.0
2022  54  2 23 0900  -18.1  965.1    5.5  142.0   85.0  444.0
2022  54  2 23 1000  -18.9  965.2    4.7  139.0   84.4  444.0
2022  54  2 23 1100  -19.0  965.1    4.0  156.0   88.0  444.0
2022  54  2 23 1200  -19.7  965.3    5.3  125.0   84.0  444.0
2022  54  2 23 1300  -19.1  965.6    4.7  128.0   85.0  444.0
2022  54  2 23 1400  -19.1  965.6    4.4  130.0   85.0  444.0
2022  54  2 23 1500  -20.0  965.6    4.5  154.0   83.0  444.0
2022  54  2 23 1600  -21.5  965.7    5.1  140.0   81.0  444.0
2022  54  2 23 1700  -21.4  965.7    4.5  141.0   80.0  444.0
2022  54  2 23 1800  -22.2  965.9    4.2  137.0   80.4  444.0
2022  54  2 23 1900  -22.7  966.1    3.8  143.0   78.0  444.0
2022  54  2 23 2000  -22.5  966.2    3.0  142.0   76.0  444.0
2022  54  2 23 2100  -21.7  966.4    2.2  132.0   76.0  444.0
2022  54  2 23 2200  -19.7  966.5    3.2  137.0   75.0  444.0
2022  54  2 23 2300  -18.6  966.7    2.5  126.0   76.6  444.0
2022  55  2 24 0000  -18.9  966.7    2.4  108.0   80.0  444.0
2022  55  2 24 0100  -19.2  966.6    2.4   92.0   81.0  444.0
2022  55  2 24 0200  -19.2  966.6    2.3   81.0   84.2  444.0
2022  55  2 24 0300  -18.4  966.6    2.2   76.0   84.0  444.0
2022  55  2 24 0400  -18.0  967.0    2.7   57.0   84.6  444.0
2022  55  2 24 0500  -17.8  967.4    2.4   47.0   85.0  444.0
2022  55  2 24 0600  -17.6  967.8    2.5   50.0   85.0  444.0
2022  55  2 24 0700  -17.6  968.2    2.3   72.0   86.0  444.0
2022  55  2 24 0800  -17.6  968.4    2.6   75.0   86.1  444.0
2022  55  2 24 0900  -17.6  968.7    3.0   90.0   86.0  444.0
2022  55  2 24 1000  -17.6  969.2    4.0  112.0   86.0  444.0
2022  55  2 24 1100  -17.5  969.3    6.5  112.0   87.0  444.0
2022  55  2 24 1200  -17.5  969.6    7.3  111.0   87.0  444.0
2022  55  2 24 1300  -17.3  969.9    7.7   93.0   86.9  444.0
2022  55  2 24 1400  -17.1  970.1    6.4  105.0   87.0  444.0
2022  55  2 24 1500  -16.3  970.4    5.7  110.0   87.0  444.0
2022  55  2 24 1600  -15.8  970.7    5.8  113.0   86.0  444.0
2022  55  2 24 1700  -15.6  971.3    5.9  112.0   86.0  444.0
2022  55  2 24 1800  -15.8  971.8    6.1  122.0   86.0  444.0
2022  55  2 24 1900  -15.5  972.1    6.5  108.0   85.0  444.0
2022  55  2 24 2000  -15.5  972.6    6.6  114.0   83.0  444.0
2022  55  2 24 2100  -16.0  973.1    5.2  106.0   81.0  444.0
2022  55  2 24 2200  -16.5  973.4    5.4  118.0   79.0  444.0
2022  55  2 24 2300  -17.2  973.6    4.7  101.0   76.0  444.0
2022  56  2 25 0000  -17.1  973.7    4.4   99.0   74.0  444.0
2022  56  2 25 0100  -17.7  973.6    3.7   98.0   71.0  444.0
2022  56  2 25 0200  -18.6  973.6    3.3  112.0   74.0  444.0
2022  56  2 25 0300  -19.0  973.6    4.0  114.0   73.7  444.0
2022  56  2 25 0400  -19.1  973.7    5.1  127.0   75.0  444.0
2022  56  2 25 0500  -18.6  973.8    5.5  118.0   78.5  444.0
2022  56  2 25 0600  -18.7  974.1    6.3  112.0   80.0  444.0
2022  56  2 25 0700  -20.0  974.5    6.9  108.0   80.0  444.0
2022  56  2 25 0800  -20.7  974.8    6.7  111.0   80.0  444.0
2022  56  2 25 0900  -20.6  975.1    6.0  122.0   80.1  444.0
2022  56  2 25 1000  -21.3  975.3    5.5  127.0   81.0  444.0
2022  56  2 25 1100  -20.5  975.3    5.5  128.0   82.0  444.0
2022  56  2 25 1200  -19.6  975.3    5.0  151.0   82.0  444.0
2022  56  2 25 1300  -20.6  975.3    5.5  141.0   81.0  444.0
2022  56  2 25 1400  -21.4  975.3    5.8  148.0   80.1  444.0
2022  56  2 25 1500  -23.7  975.0    3.7  147.0   78.0  444.0
2022  56  2 25 1600  -25.0  974.8    3.3  178.0   76.9  444.0
2022  56  2 25 1700  -26.0  974.7    3.1  179.0   77.0  444.0
2022  56  2 25 1800  -26.3  974.5    2.6  197.0   75.0  444.0
2022  56  2 25 1900  -26.8  974.3    3.1  196.0   74.0  444.0
2022  56  2 25 2000  -25.8  974.3    2.6  223.0   74.0  444.0
2022  56  2 25 2100  -25.6  973.9    2.8  202.0   74.1  444.0
2022  56  2 25 2200  -25.5  973.8    2.5  223.0   73.0  444.0
2022  56  2 25 2300  -22.6  973.5    2.8  223.0   79.0  444.0
2022  57  2 26 0000  -19.7  973.2    3.3  241.0   81.0  444.0
2022  57  2 26 0100  -18.1  972.4    5.0  250.0   81.7  444.0
2022  57  2 26 0200  -18.2  971.9    4.7  256.0   78.5  444.0
2022  57  2 26 0300  -19.2  971.7    3.5  240.0   76.0  444.0
2022  57  2 26 0400  -18.5  971.3    3.1  228.0   77.0  444.0
2022  57  2 26 0500  -20.1  971.4    3.1  214.0   77.0  444.0
2022  57  2 26 0600  -21.9  971.5    3.5  198.0   77.4  444.0
2022  57  2 26 0700  -20.8  971.6    4.1  199.0   79.6  444.0
2022  57  2 26 0800  -19.3  971.7    3.5  171.0   83.0  444.0
2022  57  2 26 0900  -19.2  972.1    4.3  143.0   83.0  444.0
2022  57  2 26 1000  -19.4  972.5    4.4  153.0   83.0  444.0
2022  57  2 26 1100  -19.3  972.9    4.0  144.0   87.2  444.0
2022  57  2 26 1200  -19.1  973.2    3.0  136.0   87.4  444.0
2022  57  2 26 1300  -19.3  973.1    2.1   90.0   86.0  444.0
2022  57  2 26 1400  444.0  973.6    0.3  205.0   84.5  444.0
2022  57  2 26 1500  444.0  973.7    1.0  248.0   85.0  444.0
2022  57  2 26 1600  444.0  973.9    0.3  253.0   85.0  444.0
2022  57  2 26 1700  444.0  974.4    0.0    0.0   84.4  444.0
2022  57  2 26 1800  444.0  974.7    0.9   31.0   84.0  444.0
2022  57  2 26 1900  -19.4  975.2    3.0   53.0   84.0  444.0
2022  57  2 26 2000  -19.3  975.7    3.0   61.0   83.0  444.0
2022  57  2 26 2100  -19.2  976.5    3.9   59.0   83.0  444.0
2022  57  2 26 2200  -19.2  977.2    4.3   71.0   82.3  444.0
2022  57  2 26 2300  -19.4  978.1    4.8   72.0   82.5  444.0
2022  58  2 27 0000  -18.5  978.7    4.9   82.0   83.0  444.0
2022  58  2 27 0100  -18.3  978.9    4.5   99.0   83.0  444.0
2022  58  2 27 0200  -18.4  979.2    4.6  120.0   83.0  444.0
2022  58  2 27 0300  -19.7  979.1    4.2  134.0   82.0  444.0
2022  58  2 27 0400  -19.9  979.0    3.9  158.0   82.3  444.0
2022  58  2 27 0500  -20.3  979.1    4.7  159.0   82.1  444.0
2022  58  2 27 0600  -21.3  979.1    4.6  169.0   81.0  444.0
2022  58  2 27 0700  -22.1  978.9    3.4  180.0   81.0  444.0
2022  58  2 27 0800  -22.1  978.9    3.5  166.0   81.0  444.0
2022  58  2 27 0900  -21.6  978.9    2.7  167.0   81.9  444.0
2022  58  2 27 1000  -21.4  978.8    1.8  214.0   82.3  444.0
2022  58  2 27 1100  -21.0  978.4    1.5  216.0   83.0  444.0
2022  58  2 27 1200  -21.3  978.2    1.7  228.0   82.0  444.0
2022  58  2 27 1300  -23.3  977.9    2.3  241.0   80.0  444.0
2022  58  2 27 1400  -23.1  977.5    2.3  232.0   80.8  444.0
2022  58  2 27 1500  -23.1  977.1    1.9  230.0   80.6  444.0
2022  58  2 27 1600  -23.1  976.8    2.4  228.0   79.0  444.0
2022  58  2 27 1700  -24.7  976.7    2.0  225.0   78.4  444.0
2022  58  2 27 1800  -24.5  976.6    1.5  269.0   78.0  444.0
2022  58  2 27 1900  -23.9  976.5    2.7  246.0   79.0  444.0
2022  58  2 27 2000  -22.5  976.2    2.8  245.0   80.0  444.0
2022  58  2 27 2100  -21.8  976.0    2.9  228.0   80.0  444.0
2022  58  2 27 2200  -20.9  975.6    3.2  208.0   78.5  444.0
2022  58  2 27 2300  -20.2  975.6    3.2  207.0   78.0  444.0
2022  59  2 28 0000  -20.0  975.5    1.8  208.0   78.0  444.0
2022  59  2 28 0100  -19.2  975.4    1.9  217.0   78.0  444.0
2022  59  2 28 0200  -18.3  975.1    2.1  176.0   82.0  444.0
2022  59  2 28 0300  -19.7  975.0    2.5  169.0   82.0  444.0
2022  59  2 28 0400  -21.4  974.8    2.9  140.0   79.0  444.0
2022  59  2 28 0500  -23.2  974.8    2.4  150.0   76.0  444.0
2022  59  2 28 0600  -24.6  975.1    3.8  146.0   76.0  444.0
2022  59  2 28 0700  -25.8  975.4    2.8  148.0   76.0  444.0
2022  59  2 28 0800  -27.2  975.4    2.8  153.0   77.0  444.0
2022  59  2 28 0900  -28.7  975.7    2.2  183.0   74.0  444.0
2022  59  2 28 1000  -29.3  975.5    2.6  216.0   75.0  444.0
2022  59  2 28 1100  -30.1  975.7    3.7  198.0   75.0  444.0
2022  59  2 28 1200  -30.1  975.7    3.6  193.0   75.0  444.0
2022  59  2 28 1300  -29.1  975.8    3.7  194.0   76.0  444.0
2022  59  2 28 1400  -27.8  975.9    3.8  195.0   77.0  444.0
2022  59  2 28 1500  -26.9  975.7    4.0  180.0   76.5  444.0
2022  59  2 28 1600  -24.6  975.7    3.8  187.0   79.0  444.0
2022  59  2 28 1700  -21.8  975.7    5.1  191.0   80.9  444.0
2022  59  2 28 1800  -20.9  976.0    5.4  192.0   82.0  444.0
2022  59  2 28 1900  -19.8  976.1    5.8  186.0   82.0  444.0
2022  59  2 28 2000  -19.9  976.0    5.9  192.0   82.0  444.0
2022  59  2 28 2100  -19.1  976.1    6.1  181.0   82.0  444.0
2022  59  2 28 2200  -20.0  976.4    4.8  183.0   81.0  444.0
2022  59  2 28 2300  -20.8  976.8    3.2  159.0   79.0  444.0
