Year: 2017  Month: 03  ID: LET  ARGOS:  8928  Name: Lettau              
Lat: 82.49S  Lon: 174.58W  Elev:   39m
2017  60  3  1 0000  -21.9 1002.1    1.9  177.0   77.0  444.0
2017  60  3  1 0100  -21.5 1002.0    1.9  195.0   72.1  444.0
2017  60  3  1 0200  -21.4 1002.0    1.9  203.0   70.0  444.0
2017  60  3  1 0300  -21.3 1001.8    1.7  245.0   70.0  444.0
2017  60  3  1 0400  -22.9 1002.1    2.5  200.0   73.0  444.0
2017  60  3  1 0500  -23.5 1002.5    1.8  205.0   72.0  444.0
2017  60  3  1 0600  -22.9 1003.0    2.2  235.0   72.0  444.0
2017  60  3  1 0700  -23.5 1003.4    3.0  222.0   72.4  444.0
2017  60  3  1 0800  -25.1 1003.3    2.8  248.0   75.0  444.0
2017  60  3  1 0900  -26.0 1003.6    2.0  214.0   75.1  444.0
2017  60  3  1 1000  -26.6 1003.6    2.5  239.0   77.0  444.0
2017  60  3  1 1100  -25.7 1003.6    2.6  217.0   78.0  444.0
2017  60  3  1 1200  -25.9 1004.0    2.5  148.0   78.5  444.0
2017  60  3  1 1300  -25.0 1004.2    1.0  244.0   78.0  444.0
2017  60  3  1 1400  -25.1 1004.3    1.9  209.0   76.8  444.0
2017  60  3  1 1500  444.0 1004.4    0.8  108.0   76.0  444.0
2017  60  3  1 1600  -25.4 1004.4    1.2  112.0   75.0  444.0
2017  60  3  1 1700  -25.8 1004.3    2.3  154.0   74.5  444.0
2017  60  3  1 1800  -26.9 1004.3    1.6  156.0   73.0  444.0
2017  60  3  1 1900  -27.6 1004.2    2.1  199.0   72.0  444.0
2017  60  3  1 2000  -27.8 1003.9    2.2  195.0   72.0  444.0
2017  60  3  1 2100  -27.5 1003.7    2.0  211.0   71.0  444.0
2017  60  3  1 2200  -27.1 1003.4    2.5  211.0   70.8  444.0
2017  60  3  1 2300  -25.8 1003.1    1.5  206.0   70.0  444.0
2017  61  3  2 0000  -26.3 1002.6    2.6  190.0   73.8  444.0
2017  61  3  2 0100  -24.8 1002.3    2.2  196.0   71.0  444.0
2017  61  3  2 0200  -24.8 1001.6    2.8  205.0   72.0  444.0
2017  61  3  2 0300  -25.0 1000.9    2.7  200.0   72.0  444.0
2017  61  3  2 0400  -25.2 1000.6    2.7  197.0   73.0  444.0
2017  61  3  2 0500  -26.0 1000.5    2.8  182.0   73.6  444.0
2017  61  3  2 0600  -25.9 1000.2    2.3  177.0   72.0  444.0
2017  61  3  2 0700  -27.0 1000.0    2.6  193.0   73.9  444.0
2017  61  3  2 0800  -27.4 1000.0    2.5  173.0   75.0  444.0
2017  61  3  2 0900  -28.2  999.7    1.7  159.0   76.0  444.0
2017  61  3  2 1000  -28.1  999.7    1.9  168.0   77.0  444.0
2017  61  3  2 1100  -26.7  999.5    1.9  153.0   78.0  444.0
2017  61  3  2 1200  -26.4  999.4    2.0  187.0   77.6  444.0
2017  61  3  2 1300  -26.2  999.5    2.2  181.0   77.0  444.0
2017  61  3  2 1400  -25.3  999.4    2.7  172.0   75.0  444.0
2017  61  3  2 1500  -24.5  999.3    2.8  170.0   74.7  444.0
2017  61  3  2 1600  -24.5  999.4    2.3  180.0   74.7  444.0
2017  61  3  2 1700  -24.2  999.5    3.2  177.0   74.7  444.0
2017  61  3  2 1800  -23.9  999.7    2.7  191.0   74.0  444.0
2017  61  3  2 1900  -23.5  999.5    3.7  192.0   73.0  444.0
2017  61  3  2 2000  -22.2  999.3    4.1  186.0   73.0  444.0
2017  61  3  2 2100  -21.3  999.0    4.1  178.0   72.0  444.0
2017  61  3  2 2200  -21.4  998.8    4.1  183.0   73.8  444.0
2017  61  3  2 2300  -20.7  998.5    4.1  182.0   72.0  444.0
2017  62  3  3 0000  -20.9  998.2    4.4  183.0   70.0  444.0
2017  62  3  3 0100  -20.4  998.2    4.1  180.0   68.0  444.0
2017  62  3  3 0200  -22.0  998.0    3.1  184.0   69.0  444.0
2017  62  3  3 0300  -22.4  997.7    3.7  198.0   70.0  444.0
2017  62  3  3 0400  -22.6  997.1    4.3  197.0   69.2  444.0
2017  62  3  3 0500  -22.8  996.6    4.9  186.0   70.6  444.0
2017  62  3  3 0600  -24.5  996.4    4.8  205.0   73.0  444.0
2017  62  3  3 0700  -24.9  996.3    4.9  207.0   71.0  444.0
2017  62  3  3 0800  -26.1  996.1    3.9  221.0   72.0  444.0
2017  62  3  3 0900  -26.4  995.6    3.8  208.0   71.3  444.0
2017  62  3  3 1000  -27.1  995.2    4.4  220.0   71.8  444.0
2017  62  3  3 1100  -28.2  995.0    3.9  219.0   73.0  444.0
2017  62  3  3 1200  -28.2  994.4    5.1  228.0   75.0  444.0
2017  62  3  3 1300  -27.2  993.7    4.3  224.0   75.0  444.0
2017  62  3  3 1400  -26.8  993.0    4.4  236.0   76.6  444.0
2017  62  3  3 1500  -23.6  992.6    6.0  226.0   76.4  444.0
2017  62  3  3 1600  -20.0  991.5    6.9  248.0   73.0  444.0
2017  62  3  3 1700  -17.5  990.4    8.1  246.0   71.0  444.0
2017  62  3  3 1800  -16.0  989.5    8.2  247.0   70.0  444.0
2017  62  3  3 1900  -15.2  988.8    8.2  238.0   74.8  444.0
2017  62  3  3 2000  -14.5  988.0    6.7  240.0   81.2  444.0
2017  62  3  3 2100  -13.3  987.5    5.4  250.0   86.0  444.0
2017  62  3  3 2200  -12.0  987.3    4.2  242.0   88.0  444.0
2017  62  3  3 2300  -11.4  986.9    3.2  220.0   89.0  444.0
2017  63  3  4 0000  -11.0  986.7    2.3  227.0   86.8  444.0
2017  63  3  4 0100  -11.1  986.7    1.8  213.0   89.0  444.0
2017  63  3  4 0200  -10.8  986.7    0.8  232.0   87.3  444.0
2017  63  3  4 0300  -11.1  987.1    0.5  357.0   85.0  444.0
2017  63  3  4 0400  -11.9  987.5    3.0  355.0   89.0  444.0
2017  63  3  4 0500  -12.5  988.3    3.6  331.0   88.0  444.0
2017  63  3  4 0600  -13.0  989.3    4.4  328.0   87.0  444.0
2017  63  3  4 0700  -14.9  990.6    4.8  322.0   85.3  444.0
2017  63  3  4 0800  -18.0  992.2    4.9  338.0   84.0  444.0
2017  63  3  4 0900  -20.6  993.8    4.2  351.0   82.0  444.0
2017  63  3  4 1000  -22.3  995.0    2.9  337.0   82.0  444.0
2017  63  3  4 1100  -22.5  996.8    3.1    4.0   80.7  444.0
2017  63  3  4 1200  -24.3  998.0    2.8  355.0   80.3  444.0
2017  63  3  4 1300  -25.3  999.2    2.8  339.0   78.8  444.0
2017  63  3  4 1400  -26.1 1000.6    2.3  322.0   78.0  444.0
2017  63  3  4 1500  -25.1 1001.1    2.2  297.0   79.0  444.0
2017  63  3  4 1600  -24.4 1001.5    2.2  305.0   83.0  444.0
2017  63  3  4 1700  -24.5 1002.2    1.7  259.0   80.6  444.0
2017  63  3  4 1800  -21.9 1002.7    1.9  246.0   81.8  444.0
2017  63  3  4 1900  -19.8 1003.1    6.0  234.0   83.0  444.0
2017  63  3  4 2000  -18.5 1003.4    1.9  213.0   84.0  444.0
2017  63  3  4 2100  -17.2 1003.6    1.6  212.0   84.0  444.0
2017  63  3  4 2200  -16.9 1003.8    1.4  197.0   84.4  444.0
2017  63  3  4 2300  -16.8 1003.9    1.8  206.0   84.0  444.0
2017  64  3  5 0000  -16.8 1003.8    1.8  214.0   84.1  444.0
2017  64  3  5 0100  -17.0 1004.1    1.7  193.0   85.0  444.0
2017  64  3  5 0200  -16.8 1004.1    2.1  197.0   85.0  444.0
2017  64  3  5 0300  -16.5 1004.0    1.4  211.0   84.3  444.0
2017  64  3  5 0400  -16.4 1003.8    1.2  213.0   84.0  444.0
2017  64  3  5 0500  -16.5 1004.0    1.0  172.0   84.8  444.0
2017  64  3  5 0600  -16.9 1003.9    0.8  196.0   84.1  444.0
2017  64  3  5 0700  -18.5 1003.9    1.0  182.0   84.0  444.0
2017  64  3  5 0800  -18.0 1004.0    0.0    0.0   85.0  444.0
2017  64  3  5 0900  -17.6 1004.1    0.5  162.0   85.0  444.0
2017  64  3  5 1000  -17.5 1004.0    0.7  156.0   85.5  444.0
2017  64  3  5 1100  -17.4 1003.9    0.7  176.0   86.0  444.0
2017  64  3  5 1200  -17.3 1003.8    0.7  188.0   86.0  444.0
2017  64  3  5 1300  -17.1 1003.5    0.8  215.0   86.0  444.0
2017  64  3  5 1400  -17.2 1003.6    1.1  200.0   86.0  444.0
2017  64  3  5 1500  -17.0 1003.4    3.2  187.0   85.9  444.0
2017  64  3  5 1600  -16.9 1003.1    2.8  185.0   86.0  444.0
2017  64  3  5 1700  -16.4 1002.8    2.2  192.0   86.0  444.0
2017  64  3  5 1800  -17.0 1002.4    1.8  215.0   85.0  444.0
2017  64  3  5 1900  -17.2 1002.1    2.4  226.0   85.0  444.0
2017  64  3  5 2000  -17.3 1001.9    2.1  249.0   80.6  444.0
2017  64  3  5 2100  -19.6 1001.7    2.6  254.0   81.0  444.0
2017  64  3  5 2200  -19.2 1001.4    2.7  265.0   80.0  444.0
2017  64  3  5 2300  -18.9 1000.9    2.9  249.0   80.0  444.0
2017  65  3  6 0000  -18.7 1000.8    2.5  260.0   79.1  444.0
2017  65  3  6 0100  -19.3 1000.1    3.1  251.0   81.0  444.0
2017  65  3  6 0200  -19.4  999.8    2.9  243.0   81.0  444.0
2017  65  3  6 0300  -17.7  999.3    1.9  240.0   79.9  444.0
2017  65  3  6 0400  -17.6  998.9    1.9  229.0   80.0  444.0
2017  65  3  6 0500  -20.2  998.5    2.5  263.0   80.0  444.0
2017  65  3  6 0600  -20.4  998.3    2.7  240.0   80.6  444.0
2017  65  3  6 0700  -18.5  998.6    1.9  237.0   82.0  444.0
2017  65  3  6 0800  -19.9  998.3    2.7  226.0   82.0  444.0
2017  65  3  6 0900  -21.1  998.1    1.9  217.0   81.0  444.0
2017  65  3  6 1000  -22.7  997.9    2.6  192.0   81.0  444.0
2017  65  3  6 1100  -22.7  997.6    2.0  185.0   81.0  444.0
2017  65  3  6 1200  -21.8  997.5    1.3  281.0   82.0  444.0
2017  65  3  6 1300  -20.9  997.4    2.2  195.0   82.2  444.0
2017  65  3  6 1400  -21.6  997.0    1.5  231.0   81.0  444.0
2017  65  3  6 1500  -21.1  996.8    1.5  195.0   82.0  444.0
2017  65  3  6 1600  -20.0  996.4    2.5  208.0   83.0  444.0
2017  65  3  6 1700  -19.3  996.0    3.3  188.0   83.0  444.0
2017  65  3  6 1800  -19.4  995.9    1.9  164.0   82.9  444.0
2017  65  3  6 1900  -18.5  995.9    0.1  130.0   83.0  444.0
2017  65  3  6 2000  444.0  995.6    1.8  184.0   83.0  444.0
2017  65  3  6 2100  444.0  995.4    0.7  166.0   82.0  444.0
2017  65  3  6 2200  -17.6  994.9    2.2  168.0   83.0  444.0
2017  65  3  6 2300  -17.4  994.8    3.6  151.0   82.4  444.0
2017  66  3  7 0000  -17.0  994.7    1.5  118.0   81.0  444.0
2017  66  3  7 0100  -16.6  994.3    2.7  152.0   82.0  444.0
2017  66  3  7 0200  -16.5  994.0    2.5  141.0   83.0  444.0
2017  66  3  7 0300  -16.6  993.7    1.4  152.0   83.0  444.0
2017  66  3  7 0400  -17.3  993.5    2.4  146.0   83.3  444.0
2017  66  3  7 0500  -19.6  993.3    3.7  144.0   81.6  444.0
2017  66  3  7 0600  -21.5  993.2    3.3  140.0   80.8  444.0
2017  66  3  7 0700  -22.5  992.9    2.9  136.0   83.0  444.0
2017  66  3  7 0800  -22.9  992.7    2.4  133.0   82.0  444.0
2017  66  3  7 0900  -22.2  992.6    2.6  145.0   82.0  444.0
2017  66  3  7 1000  -21.4  992.7    1.9  137.0   82.2  444.0
2017  66  3  7 1100  -21.0  992.6    2.0  131.0   82.6  444.0
2017  66  3  7 1200  -20.3  992.4    1.9  139.0   83.0  444.0
2017  66  3  7 1300  -20.3  992.4    1.8  104.0   83.0  444.0
2017  66  3  7 1400  -20.4  992.2    1.6  138.0   83.0  444.0
2017  66  3  7 1500  -20.4  991.9    1.6  114.0   83.0  444.0
2017  66  3  7 1600  -19.8  991.9    1.2  100.0   83.6  444.0
2017  66  3  7 1700  -19.4  991.8    1.2   97.0   84.0  444.0
2017  66  3  7 1800  -18.8  991.5    0.9   93.0   84.0  444.0
2017  66  3  7 1900  -18.2  991.4    0.7  107.0   84.0  444.0
2017  66  3  7 2000  -17.9  991.4    0.8  107.0   85.0  444.0
2017  66  3  7 2100  -17.4  991.1    0.6  104.0   84.8  444.0
2017  66  3  7 2200  -16.7  991.1    0.6   84.0   85.0  444.0
2017  66  3  7 2300  -16.1  990.9    1.8   69.0   86.0  444.0
2017  67  3  8 0000  -15.6  990.6    1.0   86.0   86.0  444.0
2017  67  3  8 0100  -15.4  990.3    1.8   58.0   86.0  444.0
2017  67  3  8 0200  -15.1  989.9    1.6   88.0   86.8  444.0
2017  67  3  8 0300  -14.8  989.5    1.5   52.0   87.3  444.0
2017  67  3  8 0400  -14.5  988.9    1.4   49.0   87.4  444.0
2017  67  3  8 0500  -14.1  988.6    0.6   83.0   88.0  444.0
2017  67  3  8 0600  -14.4  988.2    0.9   99.0   88.0  444.0
2017  67  3  8 0700  -14.8  987.8    0.8   37.0   88.0  444.0
2017  67  3  8 0800  -14.9  987.7    0.0    0.0   88.0  444.0
2017  67  3  8 0900  -15.3  987.3    1.3  153.0   87.2  444.0
2017  67  3  8 1000  -16.5  986.9    1.8  104.0   85.0  444.0
2017  67  3  8 1100  -17.4  986.6    1.4   47.0   86.0  444.0
2017  67  3  8 1200  -17.3  986.3    1.2   19.0   86.0  444.0
2017  67  3  8 1300  -17.4  986.1    0.9   11.0   85.9  444.0
2017  67  3  8 1400  -17.5  985.6    0.5    5.0   85.6  444.0
2017  67  3  8 1500  -17.8  984.9    0.0    0.0   86.0  444.0
2017  67  3  8 1600  -17.3  984.6    0.0    0.0   86.0  444.0
2017  67  3  8 1700  -17.0  984.4    0.0    0.0   86.0  444.0
2017  67  3  8 1800  -17.5  984.0    0.0    0.0   85.4  444.0
2017  67  3  8 1900  -17.5  983.7    0.0    0.0   85.4  444.0
2017  67  3  8 2000  -17.3  983.4    0.0    0.0   85.0  444.0
2017  67  3  8 2100  -17.3  983.1    0.0    0.0   85.0  444.0
2017  67  3  8 2200  -17.6  982.9    0.0    0.0   84.0  444.0
2017  67  3  8 2300  -17.4  982.7    0.9  284.0   84.3  444.0
2017  68  3  9 0000  -17.8  982.1    0.8  303.0   84.0  444.0
2017  68  3  9 0100  444.0  981.8    1.3  104.0   83.5  444.0
2017  68  3  9 0200  444.0  981.5    2.3  340.0   78.0  444.0
2017  68  3  9 0300  -17.6  981.0    1.2  175.0   80.0  444.0
2017  68  3  9 0400  -18.8  980.7    1.8  154.0   83.0  444.0
2017  68  3  9 0500  -18.2  980.5    1.4  113.0   84.0  444.0
2017  68  3  9 0600  -17.5  980.2    0.3  194.0   84.9  444.0
2017  68  3  9 0700  -17.9  980.3    0.6  193.0   84.0  444.0
2017  68  3  9 0800  -19.0  980.1    1.5  200.0   84.0  444.0
2017  68  3  9 0900  -19.1  980.0    0.3  213.0   84.0  444.0
2017  68  3  9 1000  -19.3  979.8    0.9  279.0   84.0  444.0
2017  68  3  9 1100  -19.6  979.9    2.3  296.0   83.6  444.0
2017  68  3  9 1200  -20.3  979.9    2.3  281.0   83.3  444.0
2017  68  3  9 1300  -20.3  979.9    1.9  309.0   83.0  444.0
2017  68  3  9 1400  -21.2  979.7    1.8  318.0   83.0  444.0
2017  68  3  9 1500  -22.1  979.6    2.4  344.0   82.0  444.0
2017  68  3  9 1600  -22.4  979.8    2.1  332.0   81.4  444.0
2017  68  3  9 1700  -23.8  979.7    2.4  344.0   80.3  444.0
2017  68  3  9 1800  -24.5  979.6    2.5  339.0   79.0  444.0
2017  68  3  9 1900  -25.0  979.7    2.2  340.0   79.0  444.0
2017  68  3  9 2000  -24.9  979.9    2.8   11.0   79.0  444.0
2017  68  3  9 2100  -24.4  980.1    2.6    3.0   79.4  444.0
2017  68  3  9 2200  -24.4  980.5    2.3  355.0   79.0  444.0
2017  68  3  9 2300  -24.1  980.8    2.1   12.0   80.0  444.0
2017  69  3 10 0000  -23.9  980.9    2.2   32.0   80.0  444.0
2017  69  3 10 0100  -23.6  981.2    2.1   35.0   80.0  444.0
2017  69  3 10 0200  -23.6  981.8    1.7   32.0   80.0  444.0
2017  69  3 10 0300  -23.0  982.0    1.6   52.0   80.0  444.0
2017  69  3 10 0400  -22.9  982.4    2.4   71.0   81.0  444.0
2017  69  3 10 0500  -22.8  983.1    2.9   75.0   81.0  444.0
2017  69  3 10 0600  -22.8  983.8    2.8   86.0   80.8  444.0
2017  69  3 10 0700  -22.7  984.4    2.5   97.0   81.0  444.0
2017  69  3 10 0800  -22.4  985.0    2.4  113.0   81.0  444.0
2017  69  3 10 0900  -22.0  985.7    2.6  110.0   82.0  444.0
2017  69  3 10 1000  -21.4  986.1    2.5  110.0   82.0  444.0
2017  69  3 10 1100  -20.9  986.7    2.0  119.0   82.5  444.0
2017  69  3 10 1200  -20.3  987.2    1.7  114.0   83.0  444.0
2017  69  3 10 1300  -20.1  987.5    2.2  136.0   83.0  444.0
2017  69  3 10 1400  -19.9  987.6    1.7  138.0   83.0  444.0
2017  69  3 10 1500  -19.8  987.6    1.0  166.0   83.0  444.0
2017  69  3 10 1600  -19.4  987.6    0.6  191.0   83.7  444.0
2017  69  3 10 1700  -19.1  987.8    1.0  162.0   84.0  444.0
2017  69  3 10 1800  -19.2  987.9    0.9  146.0   84.0  444.0
2017  69  3 10 1900  -19.1  987.9    0.6  175.0   84.0  444.0
2017  69  3 10 2000  -19.0  988.0    0.6  205.0   84.0  444.0
2017  69  3 10 2100  -18.2  988.0    0.7  213.0   84.0  444.0
2017  69  3 10 2200  -17.2  988.1    0.9  181.0   85.0  444.0
2017  69  3 10 2300  -17.2  988.2    1.1  171.0   85.0  444.0
2017  70  3 11 0000  -17.0  988.0    1.1  175.0   85.4  444.0
2017  70  3 11 0100  -17.0  987.8    1.1  172.0   85.0  444.0
2017  70  3 11 0200  -18.2  987.5    1.1  190.0   84.0  444.0
2017  70  3 11 0300  -20.0  987.2    1.2  195.0   82.0  444.0
2017  70  3 11 0400  -20.8  987.1    4.3  193.0   86.0  444.0
2017  70  3 11 0500  -21.6  987.1    5.0  197.0   82.0  444.0
2017  70  3 11 0600  -20.8  987.1    4.2  202.0   83.0  444.0
2017  70  3 11 0700  -19.8  987.0    4.1  197.0   84.0  444.0
2017  70  3 11 0800  -19.1  987.0    4.0  190.0   84.0  444.0
2017  70  3 11 0900  -18.3  986.9    4.6  190.0   85.0  444.0
2017  70  3 11 1000  -17.8  986.9    4.2  200.0   85.0  444.0
2017  70  3 11 1100  -17.4  986.9    4.4  200.0   86.0  444.0
2017  70  3 11 1200  -16.9  986.8    4.0  198.0   86.0  444.0
2017  70  3 11 1300  -16.7  986.8    4.5  203.0   86.0  444.0
2017  70  3 11 1400  -18.9  986.6    4.0  218.0   82.6  444.0
2017  70  3 11 1500  -25.1  986.8    3.5  178.0   78.0  444.0
2017  70  3 11 1600  -28.0  986.7    3.7  203.0   77.0  444.0
2017  70  3 11 1700  -29.8  986.8    2.9  214.0   75.0  444.0
2017  70  3 11 1800  -31.7  987.0    3.7  227.0   74.0  444.0
2017  70  3 11 1900  -30.6  987.1    3.7  224.0   74.3  444.0
2017  70  3 11 2000  -28.6  987.1    3.6  220.0   76.0  444.0
2017  70  3 11 2100  -29.6  987.2    3.2  221.0   74.0  444.0
2017  70  3 11 2200  -27.5  987.3    2.9  224.0   75.0  444.0
2017  70  3 11 2300  -26.9  987.4    2.9  216.0   74.0  444.0
2017  71  3 12 0000  -26.7  987.5    2.5  211.0   74.3  444.0
2017  71  3 12 0100  -27.1  987.2    2.9  214.0   74.0  444.0
2017  71  3 12 0200  -28.4  987.1    3.3  245.0   74.0  444.0
2017  71  3 12 0300  -27.9  987.0    3.2  230.0   74.5  444.0
2017  71  3 12 0400  -28.0  987.0    3.7  213.0   74.0  444.0
2017  71  3 12 0500  -27.9  987.1    3.1  217.0   74.0  444.0
2017  71  3 12 0600  -29.7  987.4    3.4  225.0   74.0  444.0
2017  71  3 12 0700  -29.8  987.5    4.1  221.0   74.0  444.0
2017  71  3 12 0800  -31.6  987.4    3.6  226.0   73.0  444.0
2017  71  3 12 0900  -32.0  987.6    3.2  215.0   73.2  444.0
2017  71  3 12 1000  -31.9  987.6    3.7  223.0   73.0  444.0
2017  71  3 12 1100  -31.5  987.7    3.0  220.0   74.0  444.0
2017  71  3 12 1200  -30.7  987.9    3.2  219.0   74.8  444.0
2017  71  3 12 1300  -30.2  988.1    3.4  212.0   74.0  444.0
2017  71  3 12 1400  -27.5  988.1    5.4  217.0   77.0  444.0
2017  71  3 12 1500  -29.1  988.0    3.9  221.0   74.8  444.0
2017  71  3 12 1600  -31.2  988.3    2.8  225.0   74.0  444.0
2017  71  3 12 1700  -33.2  988.8    2.7  252.0   72.7  444.0
2017  71  3 12 1800  -33.0  989.0    2.9  267.0   72.0  444.0
2017  71  3 12 1900  -33.2  989.1    2.7  258.0   72.0  444.0
2017  71  3 12 2000  -32.4  989.1    1.8  248.0   73.0  444.0
2017  71  3 12 2100  -30.5  989.5    3.1  248.0   73.1  444.0
2017  71  3 12 2200  -30.5  990.0    3.5  248.0   73.0  444.0
2017  71  3 12 2300  -29.1  989.9    3.8  235.0   74.0  444.0
2017  72  3 13 0000  -28.7  990.5    1.9  195.0   72.0  444.0
2017  72  3 13 0100  -29.7  990.6    2.2  228.0   72.3  444.0
2017  72  3 13 0200  -30.1  990.5    3.9  231.0   72.7  444.0
2017  72  3 13 0300  -30.1  990.7    3.2  223.0   72.3  444.0
2017  72  3 13 0400  -30.2  991.1    2.9  222.0   73.0  444.0
2017  72  3 13 0500  -31.0  990.9    3.5  212.0   73.0  444.0
2017  72  3 13 0600  -32.1  991.0    3.4  222.0   73.0  444.0
2017  72  3 13 0700  -32.4  991.1    3.6  243.0   73.0  444.0
2017  72  3 13 0800  -32.9  991.2    3.6  218.0   73.0  444.0
2017  72  3 13 0900  -33.8  991.2    2.9  237.0   72.0  444.0
2017  72  3 13 1000  -32.9  991.0    4.1  213.0   73.0  444.0
2017  72  3 13 1100  -31.3  990.9    4.3  214.0   74.0  444.0
2017  72  3 13 1200  -31.5  991.0    4.9  222.0   74.0  444.0
2017  72  3 13 1300  -31.7  990.9    3.4  204.0   74.0  444.0
2017  72  3 13 1400  -32.9  990.7    2.5  176.0   73.0  444.0
2017  72  3 13 1500  -32.9  990.7    3.6  250.0   73.0  444.0
2017  72  3 13 1600  -32.4  990.4    4.4  245.0   73.0  444.0
2017  72  3 13 1700  -31.9  990.3    4.4  223.0   74.0  444.0
2017  72  3 13 1800  -32.2  990.1    3.6  214.0   73.0  444.0
2017  72  3 13 1900  -31.5  990.2    2.6  248.0   72.9  444.0
2017  72  3 13 2000  -31.1  990.0    4.5  232.0   73.0  444.0
2017  72  3 13 2100  -30.4  990.1    3.0  241.0   73.0  444.0
2017  72  3 13 2200  -29.4  989.7    3.9  217.0   73.0  444.0
2017  72  3 13 2300  -29.5  989.7    2.6  240.0   73.0  444.0
2017  73  3 14 0000  -29.9  989.7    3.2  229.0   72.7  444.0
2017  73  3 14 0100  -29.7  989.7    3.2  244.0   73.0  444.0
2017  73  3 14 0200  -30.4  989.5    1.5  241.0   72.0  444.0
2017  73  3 14 0300  -31.2  989.1    2.8  275.0   71.4  444.0
2017  73  3 14 0400  -30.5  988.9    2.2  285.0   72.0  444.0
2017  73  3 14 0500  -30.8  988.9    2.3  279.0   71.5  444.0
2017  73  3 14 0600  -31.1  989.0    2.8  281.0   73.0  444.0
2017  73  3 14 0700  -31.7  989.1    2.3  289.0   72.0  444.0
2017  73  3 14 0800  -32.9  989.1    2.1  307.0   72.0  444.0
2017  73  3 14 0900  -33.3  989.1    2.3  324.0   71.0  444.0
2017  73  3 14 1000  -34.3  989.4    3.1  316.0   70.8  444.0
2017  73  3 14 1100  -34.8  989.5    2.6  312.0   70.0  444.0
2017  73  3 14 1200  -36.3  989.7    2.1  313.0   70.1  444.0
2017  73  3 14 1300  -35.8  989.9    1.7  313.0   70.0  444.0
2017  73  3 14 1400  -36.0  990.1    1.5  334.0   71.0  444.0
2017  73  3 14 1500  -34.0  990.0    1.5  284.0   72.0  444.0
2017  73  3 14 1600  -33.8  990.2    1.3  248.0   71.7  444.0
2017  73  3 14 1700  -34.3  990.3    1.4  250.0   71.8  444.0
2017  73  3 14 1800  -34.2  990.5    1.4  230.0   72.0  444.0
2017  73  3 14 1900  -34.2  990.6    1.2  221.0   72.0  444.0
2017  73  3 14 2000  -35.2  991.0    1.4  295.0   71.0  444.0
2017  73  3 14 2100  -34.7  991.1    1.4  219.0   70.0  444.0
2017  73  3 14 2200  -33.8  991.3    1.0  210.0   70.3  444.0
2017  73  3 14 2300  -33.4  991.3    1.7  236.0   70.0  444.0
2017  74  3 15 0000  -32.3  991.2    1.4  187.0   70.0  444.0
2017  74  3 15 0100  -32.2  991.0    1.0  230.0   71.0  444.0
2017  74  3 15 0200  -31.5  990.9    1.9  208.0   71.0  444.0
2017  74  3 15 0300  -31.7  990.9    1.2  220.0   71.8  444.0
2017  74  3 15 0400  -33.0  990.9    2.2  234.0   72.0  444.0
2017  74  3 15 0500  -33.1  990.6    2.4  220.0   72.2  444.0
2017  74  3 15 0600  -33.4  990.7    2.0  224.0   72.0  444.0
2017  74  3 15 0700  -33.1  990.6    1.7  209.0   73.0  444.0
2017  74  3 15 0800  -33.6  990.3    1.5  241.0   72.2  444.0
2017  74  3 15 0900  -34.9  989.9    1.6  240.0   71.0  444.0
2017  74  3 15 1000  -35.0  989.6    1.5  243.0   71.3  444.0
2017  74  3 15 1100  -35.0  989.3    1.7  239.0   71.3  444.0
2017  74  3 15 1200  -36.3  989.0    1.8  248.0   70.0  444.0
2017  74  3 15 1300  -37.2  988.6    1.3  239.0   70.0  444.0
2017  74  3 15 1400  -37.0  988.2    1.1  268.0   70.0  444.0
2017  74  3 15 1500  -37.5  987.5    1.7  277.0   69.7  444.0
2017  74  3 15 1600  -37.2  987.0    2.0  280.0   70.0  444.0
2017  74  3 15 1700  -37.6  986.6    1.7  300.0   69.0  444.0
2017  74  3 15 1800  -37.5  986.2    1.9  301.0   69.3  444.0
2017  74  3 15 1900  -37.1  986.0    1.6  322.0   69.0  444.0
2017  74  3 15 2000  -35.8  985.6    1.7  322.0   69.7  444.0
2017  74  3 15 2100  -33.4  985.2    1.4  309.0   70.5  444.0
2017  74  3 15 2200  -32.0  985.0    1.4  307.0   71.0  444.0
2017  74  3 15 2300  -29.0  984.8    2.3  308.0   72.0  444.0
2017  75  3 16 0000  -29.0  984.4    3.4  306.0   73.0  444.0
2017  75  3 16 0100  -28.7  984.3    3.2  297.0   73.0  444.0
2017  75  3 16 0200  -28.8  984.1    3.1  285.0   73.0  444.0
2017  75  3 16 0300  -28.4  984.0    3.2  295.0   74.0  444.0
2017  75  3 16 0400  -29.4  983.6    3.0  305.0   73.0  444.0
2017  75  3 16 0500  -29.3  983.5    4.2  290.0   74.0  444.0
2017  75  3 16 0600  -28.8  983.6    3.3  294.0   74.0  444.0
2017  75  3 16 0700  -30.9  983.7    3.6  294.0   74.0  444.0
2017  75  3 16 0800  -30.9  983.4    4.4  285.0   73.9  444.0
2017  75  3 16 0900  -31.9  983.4    1.8  232.0   73.0  444.0
2017  75  3 16 1000  -32.1  983.3    3.6  299.0   72.0  444.0
2017  75  3 16 1100  -34.0  983.0    2.9  267.0   71.8  444.0
2017  75  3 16 1200  -33.9  983.0    2.1  278.0   72.0  444.0
2017  75  3 16 1300  -34.2  982.9    2.9  297.0   71.1  444.0
2017  75  3 16 1400  -35.0  982.8    1.4  304.0   71.0  444.0
2017  75  3 16 1500  -34.0  982.6    2.2  320.0   71.0  444.0
2017  75  3 16 1600  -34.8  982.5    2.5  320.0   70.7  444.0
2017  75  3 16 1700  -35.1  982.6    1.0  337.0   71.0  444.0
2017  75  3 16 1800  -34.1  982.7    1.2    7.0   71.5  444.0
2017  75  3 16 1900  -33.9  983.3    2.9  327.0   71.0  444.0
2017  75  3 16 2000  -32.7  983.8    1.5  330.0   72.0  444.0
2017  75  3 16 2100  -32.9  984.1    1.8  321.0   70.6  444.0
2017  75  3 16 2200  -33.4  985.2    1.9  195.0   71.0  444.0
2017  75  3 16 2300  -32.2  985.8    3.6  160.0   72.3  444.0
2017  76  3 17 0000  -32.5  986.5    4.2  156.0   71.0  444.0
2017  76  3 17 0100  -34.3  987.0    4.6  143.0   70.0  444.0
2017  76  3 17 0200  -35.8  987.2    4.2  139.0   70.0  444.0
2017  76  3 17 0300  -36.1  987.0    4.7  132.0   70.0  444.0
2017  76  3 17 0400  -35.9  987.2    3.7  133.0   70.2  444.0
2017  76  3 17 0500  -36.8  987.4    3.6  146.0   70.0  444.0
2017  76  3 17 0600  -37.2  987.5    3.3  165.0   69.7  444.0
2017  76  3 17 0700  -37.7  987.5    3.3  177.0   70.0  444.0
2017  76  3 17 0800  -38.3  987.3    2.6  192.0   69.0  444.0
2017  76  3 17 0900  -38.2  986.8    2.4  174.0   69.0  444.0
2017  76  3 17 1000  -37.7  986.3    1.8  170.0   69.0  444.0
2017  76  3 17 1100  -37.4  985.7    1.2  242.0   69.0  444.0
2017  76  3 17 1200  -39.5  985.2    2.3  227.0   69.0  444.0
2017  76  3 17 1300  -39.8  984.9    2.1  240.0   69.0  444.0
2017  76  3 17 1400  -39.5  984.3    2.3  233.0   68.8  444.0
2017  76  3 17 1500  -39.2  983.7    2.0  251.0   69.0  444.0
2017  76  3 17 1600  -39.2  983.1    2.0  251.0   68.8  444.0
2017  76  3 17 1700  -39.2  982.6    0.6  245.0   69.0  444.0
2017  76  3 17 1800  -38.1  982.3    1.3  215.0   69.0  444.0
2017  76  3 17 1900  -37.1  982.1    1.3  256.0   69.4  444.0
2017  76  3 17 2000  -35.6  981.6    1.4  263.0   70.0  444.0
2017  76  3 17 2100  -35.2  981.5    1.6  265.0   70.1  444.0
2017  76  3 17 2200  -34.9  981.2    1.9  250.0   70.0  444.0
2017  76  3 17 2300  444.0  980.9    0.7  290.0   71.0  444.0
2017  77  3 18 0000  444.0  980.6    0.1  300.0   74.0  444.0
2017  77  3 18 0100  -32.8  980.0    1.6  231.0   70.1  444.0
2017  77  3 18 0200  -33.2  979.7    2.1  265.0   69.9  444.0
2017  77  3 18 0300  -33.3  979.1    2.8  316.0   70.0  444.0
2017  77  3 18 0400  -34.0  978.9    1.1  217.0   70.0  444.0
2017  77  3 18 0500  -33.9  978.6    2.0  327.0   69.0  444.0
2017  77  3 18 0600  -35.3  978.3    2.5  329.0   69.4  444.0
2017  77  3 18 0700  -36.3  978.2    1.0  350.0   69.4  444.0
2017  77  3 18 0800  -36.9  978.2    2.4  320.0   69.0  444.0
2017  77  3 18 0900  -37.9  977.9    2.1  332.0   69.0  444.0
2017  77  3 18 1000  -38.9  977.7    2.1  322.0   68.0  444.0
2017  77  3 18 1100  -39.7  977.6    2.0  266.0   68.0  444.0
2017  77  3 18 1200  -39.8  977.6    1.5  201.0   68.1  444.0
2017  77  3 18 1300  -40.2  977.6    2.0  204.0   68.0  444.0
2017  77  3 18 1400  -41.1  977.7    2.2  217.0   68.0  444.0
2017  77  3 18 1500  -41.7  977.9    1.7  201.0   67.0  444.0
2017  77  3 18 1600  -41.1  978.3    2.1  189.0   68.0  444.0
2017  77  3 18 1700  -40.3  978.6    2.7  187.0   68.1  444.0
2017  77  3 18 1800  -40.2  978.8    2.3  203.0   68.1  444.0
2017  77  3 18 1900  -40.2  979.0    2.5  217.0   68.0  444.0
2017  77  3 18 2000  -36.6  979.1    2.8  202.0   69.0  444.0
2017  77  3 18 2100  -33.8  979.6    2.2  160.0   69.0  444.0
2017  77  3 18 2200  -35.6  979.5    2.3  197.0   69.0  444.0
2017  77  3 18 2300  -35.2  979.8    1.9  209.0   67.8  444.0
2017  78  3 19 0000  -35.5  979.8    2.4  211.0   68.0  444.0
2017  78  3 19 0100  -35.4  980.3    2.8  200.0   68.0  444.0
2017  78  3 19 0200  -35.5  980.1    2.9  203.0   68.0  444.0
2017  78  3 19 0300  -35.4  980.2    3.1  203.0   69.0  444.0
2017  78  3 19 0400  -35.4  980.0    3.2  210.0   68.8  444.0
2017  78  3 19 0500  -35.2  980.0    3.9  204.0   69.8  444.0
2017  78  3 19 0600  -34.8  980.5    3.7  192.0   70.5  444.0
2017  78  3 19 0700  -33.1  980.6    5.0  191.0   72.0  444.0
2017  78  3 19 0800  -33.6  980.7    4.7  187.0   72.0  444.0
2017  78  3 19 0900  -33.5  980.9    5.0  191.0   72.0  444.0
2017  78  3 19 1000  -33.3  980.9    4.0  193.0   72.0  444.0
2017  78  3 19 1100  -31.4  980.9    4.4  180.0   73.1  444.0
2017  78  3 19 1200  -31.7  981.1    3.4  170.0   73.0  444.0
2017  78  3 19 1300  -30.4  980.9    4.0  166.0   74.0  444.0
2017  78  3 19 1400  -31.1  981.2    3.2  162.0   73.0  444.0
2017  78  3 19 1500  -30.6  981.4    3.5  168.0   75.0  444.0
2017  78  3 19 1600  -29.4  981.1    4.1  162.0   75.0  444.0
2017  78  3 19 1700  -29.0  981.5    5.3  152.0   75.0  444.0
2017  78  3 19 1800  -30.5  981.8    3.6  152.0   73.0  444.0
2017  78  3 19 1900  -31.1  981.9    3.4  159.0   73.0  444.0
2017  78  3 19 2000  -30.2  982.0    4.1  166.0   74.0  444.0
2017  78  3 19 2100  -28.5  982.5    4.7  149.0   74.7  444.0
2017  78  3 19 2200  -29.7  982.5    4.2  168.0   73.0  444.0
2017  78  3 19 2300  -29.1  982.5    4.6  162.0   72.8  444.0
2017  79  3 20 0000  -28.8  982.4    3.8  154.0   73.0  444.0
2017  79  3 20 0100  -29.2  982.5    4.3  167.0   72.0  444.0
2017  79  3 20 0200  -29.3  982.3    4.1  170.0   72.8  444.0
2017  79  3 20 0300  -28.6  982.2    4.1  168.0   73.0  444.0
2017  79  3 20 0400  -28.2  982.1    4.0  177.0   74.9  444.0
2017  79  3 20 0500  -26.4  982.1    5.6  166.0   77.0  444.0
2017  79  3 20 0600  -27.7  981.8    4.5  176.0   76.0  444.0
2017  79  3 20 0700  -28.1  981.4    5.2  188.0   76.2  444.0
2017  79  3 20 0800  -27.2  981.4    4.6  185.0   77.0  444.0
2017  79  3 20 0900  -26.7  981.0    3.8  187.0   76.7  444.0
2017  79  3 20 1000  -27.3  980.5    4.3  178.0   77.0  444.0
2017  79  3 20 1100  -25.1  980.3    5.1  174.0   78.0  444.0
2017  79  3 20 1200  -26.2  980.0    5.1  188.0   77.0  444.0
2017  79  3 20 1300  -26.0  979.9    4.5  181.0   77.0  444.0
2017  79  3 20 1400  -23.5  979.7    5.4  180.0   79.4  444.0
2017  79  3 20 1500  -21.3  979.6    6.9  171.0   81.0  444.0
2017  79  3 20 1600  -20.3  979.2    6.8  171.0   83.0  444.0
2017  79  3 20 1700  -19.8  978.8    6.0  161.0   83.0  444.0
2017  79  3 20 1800  -19.0  978.6    8.1  154.0   84.0  444.0
2017  79  3 20 1900  -19.3  978.4    9.8  140.0   83.2  444.0
2017  79  3 20 2000  -19.2  978.5    8.4  141.0   83.0  444.0
2017  79  3 20 2100  -18.8  978.8    5.9  144.0   81.0  444.0
2017  79  3 20 2200  -19.1  979.0    5.3  153.0   81.0  444.0
2017  79  3 20 2300  -21.1  978.6    4.3  185.0   78.0  444.0
2017  80  3 21 0000  -21.4  978.7    3.7  183.0   77.9  444.0
2017  80  3 21 0100  -21.8  978.3    3.6  206.0   76.0  444.0
2017  80  3 21 0200  -20.0  978.0    4.5  180.0   78.9  444.0
2017  80  3 21 0300  -21.7  977.7    3.8  188.0   77.0  444.0
2017  80  3 21 0400  -23.0  977.6    3.8  180.0   78.0  444.0
2017  80  3 21 0500  -26.2  977.6    3.9  188.0   76.7  444.0
2017  80  3 21 0600  -26.0  977.3    4.5  202.0   77.0  444.0
2017  80  3 21 0700  -25.6  977.1    4.5  196.0   78.5  444.0
2017  80  3 21 0800  -25.8  976.8    4.2  193.0   78.0  444.0
2017  80  3 21 0900  -26.5  976.6    4.0  201.0   77.0  444.0
2017  80  3 21 1000  -27.1  976.2    4.3  203.0   77.1  444.0
2017  80  3 21 1100  -27.4  975.9    3.8  191.0   76.0  444.0
2017  80  3 21 1200  -27.0  975.8    4.5  178.0   77.7  444.0
2017  80  3 21 1300  -27.5  976.1    4.1  151.0   78.0  444.0
2017  80  3 21 1400  -28.0  976.1    2.6  157.0   76.0  444.0
2017  80  3 21 1500  -28.8  976.0    3.2  180.0   76.0  444.0
2017  80  3 21 1600  -29.2  975.5    3.0  191.0   74.0  444.0
2017  80  3 21 1700  -29.7  975.3    3.1  198.0   75.8  444.0
2017  80  3 21 1800  -27.1  974.8    3.8  202.0   77.0  444.0
2017  80  3 21 1900  -26.2  974.6    3.4  205.0   78.0  444.0
2017  80  3 21 2000  -23.5  974.3    3.7  204.0   80.0  444.0
2017  80  3 21 2100  -21.5  973.9    3.3  202.0   80.0  444.0
2017  80  3 21 2200  -21.5  973.7    3.4  176.0   79.4  444.0
2017  80  3 21 2300  -21.5  973.6    3.1  181.0   79.0  444.0
2017  81  3 22 0000  -20.8  973.6    2.6  176.0   79.2  444.0
2017  81  3 22 0100  -21.2  973.6    2.3  185.0   78.0  444.0
2017  81  3 22 0200  -17.5  973.3    5.5  137.0   83.0  444.0
2017  81  3 22 0300  -18.5  973.7    4.7  136.0   82.6  444.0
2017  81  3 22 0400  -22.4  973.7    3.8  165.0   80.0  444.0
2017  81  3 22 0500  -21.9  974.0    4.4  150.0   81.2  444.0
2017  81  3 22 0600  -23.4  974.1    4.2  142.0   81.0  444.0
2017  81  3 22 0700  -22.5  974.6    4.6  143.0   81.0  444.0
2017  81  3 22 0800  -22.9  974.7    5.6  134.0   80.7  444.0
2017  81  3 22 0900  -24.9  975.6    3.0  168.0   79.0  444.0
2017  81  3 22 1000  -24.8  975.8    4.2  134.0   78.7  444.0
2017  81  3 22 1100  -27.1  976.2    3.6  123.0   77.0  444.0
2017  81  3 22 1200  -29.3  976.5    2.1  162.0   75.0  444.0
2017  81  3 22 1300  -30.1  976.9    2.1  174.0   74.0  444.0
2017  81  3 22 1400  -29.6  977.1    2.4  158.0   74.0  444.0
2017  81  3 22 1500  -29.3  977.3    2.4  164.0   74.4  444.0
2017  81  3 22 1600  -31.9  977.3    3.1  163.0   74.0  444.0
2017  81  3 22 1700  -30.2  977.8    3.0  155.0   75.0  444.0
2017  81  3 22 1800  -30.8  978.2    2.3  161.0   75.0  444.0
2017  81  3 22 1900  -26.9  978.3    4.1  138.0   78.0  444.0
2017  81  3 22 2000  -25.4  978.7    4.4  126.0   78.3  444.0
2017  81  3 22 2100  -26.1  979.2    3.5  104.0   77.0  444.0
2017  81  3 22 2200  -27.7  979.9    4.7  112.0   76.0  444.0
2017  81  3 22 2300  -28.0  980.2    3.0  136.0   76.0  444.0
2017  82  3 23 0000  -27.9  980.3    3.8  153.0   75.0  444.0
2017  82  3 23 0100  -27.9  980.5    3.0  152.0   74.1  444.0
2017  82  3 23 0200  -24.0  980.6    3.9  164.0   76.0  444.0
2017  82  3 23 0300  -24.6  980.7    4.3  187.0   78.0  444.0
2017  82  3 23 0400  -23.7  980.5    4.1  174.0   80.0  444.0
2017  82  3 23 0500  -23.4  980.5    4.0  169.0   79.0  444.0
2017  82  3 23 0600  -20.5  980.8    4.6  149.0   82.6  444.0
2017  82  3 23 0700  -18.9  981.1    4.9  139.0   84.0  444.0
2017  82  3 23 0800  -18.6  981.4    5.3  140.0   84.0  444.0
2017  82  3 23 0900  -18.0  981.7    5.4  140.0   85.0  444.0
2017  82  3 23 1000  -18.3  981.9    5.3  142.0   84.0  444.0
2017  82  3 23 1100  -18.1  982.3    3.5  152.0   84.8  444.0
2017  82  3 23 1200  -19.0  982.3    4.8  160.0   84.0  444.0
2017  82  3 23 1300  -19.1  982.4    4.3  157.0   83.8  444.0
2017  82  3 23 1400  -20.9  982.6    2.2  150.0   82.0  444.0
2017  82  3 23 1500  -25.7  982.7    1.6  218.0   78.0  444.0
2017  82  3 23 1600  -27.2  982.8    3.6  184.0   77.0  444.0
2017  82  3 23 1700  -27.8  982.5    3.7  189.0   77.0  444.0
2017  82  3 23 1800  -27.4  982.5    4.0  193.0   76.6  444.0
2017  82  3 23 1900  -26.5  982.7    2.1  203.0   77.0  444.0
2017  82  3 23 2000  -26.2  982.8    3.5  205.0   77.0  444.0
2017  82  3 23 2100  -25.2  982.9    2.7  218.0   80.0  444.0
2017  82  3 23 2200  -20.0  982.9    3.4  190.0   83.0  444.0
2017  82  3 23 2300  -19.0  982.9    3.8  169.0   83.3  444.0
2017  83  3 24 0000  -18.7  982.6    2.7  194.0   83.4  444.0
2017  83  3 24 0100  -18.5  982.5    5.7  180.0   84.0  444.0
2017  83  3 24 0200  -18.5  982.5    3.7  176.0   84.0  444.0
2017  83  3 24 0300  -18.4  982.3    6.1  170.0   84.0  444.0
2017  83  3 24 0400  -18.7  982.1    6.7  171.0   84.1  444.0
2017  83  3 24 0500  -19.4  982.1    6.1  169.0   83.0  444.0
2017  83  3 24 0600  -21.6  982.3    4.3  184.0   81.0  444.0
2017  83  3 24 0700  -23.1  982.3    4.7  190.0   79.0  444.0
2017  83  3 24 0800  -25.6  982.2    4.5  201.0   78.0  444.0
2017  83  3 24 0900  -25.5  982.0    4.8  195.0   78.0  444.0
2017  83  3 24 1000  -24.6  981.9    5.8  180.0   80.0  444.0
2017  83  3 24 1100  -25.4  981.9    5.7  189.0   79.0  444.0
2017  83  3 24 1200  -25.3  981.9    5.5  188.0   79.0  444.0
2017  83  3 24 1300  -24.5  981.9    6.1  178.0   80.0  444.0
2017  83  3 24 1400  -25.8  982.1    5.3  181.0   78.0  444.0
2017  83  3 24 1500  -25.6  982.0    5.8  187.0   78.0  444.0
2017  83  3 24 1600  -26.5  982.3    5.2  188.0   77.0  444.0
2017  83  3 24 1700  -27.6  982.4    4.5  185.0   76.0  444.0
2017  83  3 24 1800  -27.8  982.4    5.4  192.0   76.0  444.0
2017  83  3 24 1900  -28.8  982.7    4.6  184.0   74.0  444.0
2017  83  3 24 2000  -29.5  982.7    4.4  189.0   74.0  444.0
2017  83  3 24 2100  -26.5  982.9    5.8  191.0   75.0  444.0
2017  83  3 24 2200  -26.5  983.0    6.4  186.0   73.3  444.0
2017  83  3 24 2300  -27.1  983.5    5.5  189.0   73.0  444.0
2017  84  3 25 0000  -27.9  983.3    5.0  199.0   72.0  444.0
2017  84  3 25 0100  -27.2  983.5    5.1  180.0   72.0  444.0
2017  84  3 25 0200  -29.1  983.7    4.2  189.0   72.0  444.0
2017  84  3 25 0300  -23.6  983.5    6.4  167.0   73.1  444.0
2017  84  3 25 0400  -29.8  984.0    3.8  207.0   70.8  444.0
2017  84  3 25 0500  -30.7  984.0    4.1  211.0   73.0  444.0
2017  84  3 25 0600  -31.0  984.2    4.3  211.0   74.0  444.0
2017  84  3 25 0700  -30.7  984.6    5.5  199.0   73.0  444.0
2017  84  3 25 0800  -31.0  984.9    3.8  194.0   72.0  444.0
2017  84  3 25 0900  -31.0  985.0    5.2  178.0   73.5  444.0
2017  84  3 25 1000  -32.8  985.3    3.6  198.0   73.0  444.0
2017  84  3 25 1100  -32.3  985.2    3.3  193.0   72.0  444.0
2017  84  3 25 1200  -31.5  985.7    4.9  202.0   74.0  444.0
2017  84  3 25 1300  -31.4  985.8    3.9  195.0   73.0  444.0
2017  84  3 25 1400  -31.9  986.0    4.2  205.0   73.0  444.0
2017  84  3 25 1500  -31.2  985.9    4.0  213.0   73.0  444.0
2017  84  3 25 1600  -31.0  986.2    4.0  210.0   73.0  444.0
2017  84  3 25 1700  -31.4  986.4    4.1  211.0   72.0  444.0
2017  84  3 25 1800  -30.2  986.8    3.4  183.0   73.0  444.0
2017  84  3 25 1900  -29.9  986.8    3.5  216.0   72.0  444.0
2017  84  3 25 2000  -25.1  986.9    2.1  200.0   69.7  444.0
2017  84  3 25 2100  -25.3  987.1    2.7  225.0   68.0  444.0
2017  84  3 25 2200  -25.0  987.2    2.0  208.0   67.0  444.0
2017  84  3 25 2300  444.0  987.3    0.6  179.0   62.0  444.0
2017  85  3 26 0000  -26.1  987.2    2.6  277.0   68.0  444.0
2017  85  3 26 0100  -25.7  987.4    2.1  239.0   68.2  444.0
2017  85  3 26 0200  -31.8  987.2    2.4  190.0   68.3  444.0
2017  85  3 26 0300  -29.5  987.0    0.5  157.0   71.0  444.0
2017  85  3 26 0400  -29.4  987.1    1.9  198.0   71.0  444.0
2017  85  3 26 0500  -29.0  987.0    1.9  178.0   71.0  444.0
2017  85  3 26 0600  -28.3  986.8    0.7  188.0   71.5  444.0
2017  85  3 26 0700  -27.7  986.8    0.7  144.0   72.5  444.0
2017  85  3 26 0800  -27.2  986.9    0.5  298.0   73.0  444.0
2017  85  3 26 0900  -26.5  986.9    0.4   43.0   74.0  444.0
2017  85  3 26 1000  -26.1  986.8    0.6  157.0   74.0  444.0
2017  85  3 26 1100  -25.7  986.6    1.3  121.0   76.0  444.0
2017  85  3 26 1200  -25.5  986.6    0.9  220.0   75.0  444.0
2017  85  3 26 1300  -25.3  986.4    0.7  115.0   75.0  444.0
2017  85  3 26 1400  -24.8  986.0    0.7   16.0   74.0  444.0
2017  85  3 26 1500  -25.0  985.7    1.2  337.0   75.0  444.0
2017  85  3 26 1600  -27.7  985.4    2.6   40.0   74.4  444.0
2017  85  3 26 1700  -28.8  985.0    3.1    3.0   76.0  444.0
2017  85  3 26 1800  -31.5  984.8    3.7   18.0   73.0  444.0
2017  85  3 26 1900  -33.2  984.6    2.7    7.0   73.0  444.0
2017  85  3 26 2000  -34.0  984.5    2.3  125.0   70.0  444.0
2017  85  3 26 2100  -32.8  984.0    1.5   56.0   71.0  444.0
2017  85  3 26 2200  -34.8  983.7    1.9   64.0   70.0  444.0
2017  85  3 26 2300  -35.4  983.3    1.7  340.0   69.5  444.0
2017  86  3 27 0000  -36.9  983.0    2.3  342.0   69.0  444.0
2017  86  3 27 0100  -36.7  982.9    0.4  285.0   69.0  444.0
2017  86  3 27 0200  -37.7  982.4    1.1  186.0   68.0  444.0
2017  86  3 27 0300  -38.3  982.1    1.4  124.0   69.0  444.0
2017  86  3 27 0400  -37.7  981.8    1.1  338.0   68.9  444.0
2017  86  3 27 0500  -36.7  981.4    0.9  206.0   69.0  444.0
2017  86  3 27 0600  -38.3  981.5    0.9  299.0   69.0  444.0
2017  86  3 27 0700  -36.3  981.3    2.4  278.0   69.0  444.0
2017  86  3 27 0800  -38.2  981.3    2.0  265.0   69.0  444.0
2017  86  3 27 0900  -35.7  981.0    1.9  233.0   69.6  444.0
2017  86  3 27 1000  -39.2  981.1    2.8  284.0   69.0  444.0
2017  86  3 27 1100  -38.9  981.2    2.0  263.0   69.0  444.0
2017  86  3 27 1200  -36.6  981.2    1.7  230.0   70.0  444.0
2017  86  3 27 1300  -38.3  981.2    2.4  258.0   70.0  444.0
2017  86  3 27 1400  -37.2  980.9    2.6  227.0   70.0  444.0
2017  86  3 27 1500  -37.4  980.9    2.1  232.0   70.0  444.0
2017  86  3 27 1600  -36.6  980.8    2.5  231.0   70.0  444.0
2017  86  3 27 1700  -37.3  980.8    2.5  228.0   70.0  444.0
2017  86  3 27 1800  -37.6  981.1    2.8  250.0   69.7  444.0
2017  86  3 27 1900  -36.1  981.3    2.5  229.0   70.4  444.0
2017  86  3 27 2000  -36.1  981.1    2.5  230.0   70.0  444.0
2017  86  3 27 2100  -36.2  981.3    2.4  250.0   69.0  444.0
2017  86  3 27 2200  -36.8  981.5    2.6  265.0   68.0  444.0
2017  86  3 27 2300  -37.0  981.4    2.0  264.0   68.0  444.0
2017  87  3 28 0000  -35.8  981.0    2.2  246.0   68.7  444.0
2017  87  3 28 0100  -35.3  980.5    3.0  271.0   70.0  444.0
2017  87  3 28 0200  -34.5  980.4    2.7  256.0   71.0  444.0
2017  87  3 28 0300  -33.0  980.1    3.5  228.0   72.0  444.0
2017  87  3 28 0400  -31.5  979.6    4.5  230.0   73.0  444.0
2017  87  3 28 0500  -31.1  979.2    4.9  238.0   74.0  444.0
2017  87  3 28 0600  -30.3  979.3    4.0  222.0   74.0  444.0
2017  87  3 28 0700  -30.2  979.0    3.3  232.0   74.2  444.0
2017  87  3 28 0800  -29.6  978.9    1.8  189.0   75.0  444.0
2017  87  3 28 0900  -29.6  978.7    2.4  188.0   74.0  444.0
2017  87  3 28 1000  -29.8  978.6    1.9  230.0   74.0  444.0
2017  87  3 28 1100  -28.2  978.4    4.6  240.0   75.8  444.0
2017  87  3 28 1200  -24.8  978.0    4.8  214.0   78.1  444.0
2017  87  3 28 1300  -22.5  978.2    4.4  210.0   76.0  444.0
2017  87  3 28 1400  -21.9  978.2    2.6  191.0   76.0  444.0
2017  87  3 28 1500  -21.1  978.5    2.4  178.0   74.0  444.0
2017  87  3 28 1600  -20.9  978.8    2.4  220.0   72.9  444.0
2017  87  3 28 1700  -20.7  978.8    4.8  244.0   73.9  444.0
2017  87  3 28 1800  -21.9  979.1    5.7  230.0   75.0  444.0
2017  87  3 28 1900  -20.7  979.3    5.6  236.0   74.0  444.0
2017  87  3 28 2000  -20.4  979.4    5.2  241.0   76.0  444.0
2017  87  3 28 2100  -19.9  979.6    7.6  251.0   78.5  444.0
2017  87  3 28 2200  -21.2  979.6    7.7  266.0   80.0  444.0
2017  87  3 28 2300  -20.6  979.7    8.5  261.0   81.0  444.0
2017  88  3 29 0000  -20.3  979.4    8.9  254.0   81.0  444.0
2017  88  3 29 0100  -20.4  979.3    8.7  260.0   82.0  444.0
2017  88  3 29 0200  -20.9  979.3    9.2  262.0   81.0  444.0
2017  88  3 29 0300  -20.8  979.1   10.1  262.0   81.8  444.0
2017  88  3 29 0400  -20.5  979.3   10.1  259.0   82.2  444.0
2017  88  3 29 0500  -20.7  979.7    9.4  246.0   82.0  444.0
2017  88  3 29 0600  -21.3  979.6    8.3  252.0   81.0  444.0
2017  88  3 29 0700  -21.1  979.8    8.1  248.0   82.0  444.0
2017  88  3 29 0800  -21.0  980.0    8.8  252.0   82.0  444.0
2017  88  3 29 0900  -21.3  980.0    8.4  255.0   81.7  444.0
2017  88  3 29 1000  -21.6  980.1    8.6  261.0   81.0  444.0
2017  88  3 29 1100  -22.6  980.5    7.3  263.0   80.0  444.0
2017  88  3 29 1200  -23.2  980.8    7.4  259.0   79.0  444.0
2017  88  3 29 1300  -23.5  980.9    6.7  262.0   77.0  444.0
2017  88  3 29 1400  -23.3  981.2    6.0  257.0   75.0  444.0
2017  88  3 29 1500  -23.1  981.5    4.1  246.0   75.0  444.0
2017  88  3 29 1600  -24.1  981.7    5.6  263.0   75.0  444.0
2017  88  3 29 1700  -25.8  981.7    6.0  260.0   76.0  444.0
2017  88  3 29 1800  -30.4  982.6    3.1  138.0   74.0  444.0
2017  88  3 29 1900  -31.1  983.3    3.5  112.0   72.9  444.0
2017  88  3 29 2000  -31.0  983.7    1.4   74.0   73.0  444.0
2017  88  3 29 2100  -31.8  983.8    2.2    1.0   72.4  444.0
2017  88  3 29 2200  -33.0  983.4    2.4  132.0   72.0  444.0
2017  88  3 29 2300  -31.6  984.0    0.7   55.0   70.0  444.0
2017  89  3 30 0000  -33.6  983.9    2.2  357.0   72.0  444.0
2017  89  3 30 0100  -33.8  983.8    1.7   46.0   71.0  444.0
2017  89  3 30 0200  -36.4  983.9    1.9   96.0   71.3  444.0
2017  89  3 30 0300  -34.6  983.6    2.7  112.0   71.9  444.0
2017  89  3 30 0400  -35.8  983.5    2.6   74.0   72.0  444.0
2017  89  3 30 0500  -34.5  983.2    3.7  113.0   73.0  444.0
2017  89  3 30 0600  -32.1  982.7    4.7   92.0   74.0  444.0
2017  89  3 30 0700  -30.2  982.1    5.6   84.0   74.6  444.0
2017  89  3 30 0800  -29.0  981.3    6.9   89.0   75.6  444.0
2017  89  3 30 0900  -28.4  980.3    8.1  103.0   76.0  444.0
2017  89  3 30 1000  -28.0  979.7    8.7   98.0   76.0  444.0
2017  89  3 30 1100  -27.4  978.5    9.1  100.0   77.0  444.0
2017  89  3 30 1200  -27.6  977.8    8.7   99.0   76.5  444.0
2017  89  3 30 1300  -27.6  976.7    9.0   99.0   77.0  444.0
2017  89  3 30 1400  -27.0  976.3    6.4   99.0   77.0  444.0
2017  89  3 30 1500  -26.0  976.0    2.5  136.0   78.0  444.0
2017  89  3 30 1600  -31.2  976.0    4.8  356.0   73.0  444.0
2017  89  3 30 1700  -35.1  976.3    4.1   20.0   71.6  444.0
2017  89  3 30 1800  -36.1  976.2    4.1   36.0   71.0  444.0
2017  89  3 30 1900  -37.1  976.6    3.2   30.0   70.0  444.0
2017  89  3 30 2000  -37.9  976.8    2.4   58.0   70.0  444.0
2017  89  3 30 2100  -37.2  977.6    1.2  117.0   70.0  444.0
2017  89  3 30 2200  -36.6  977.6    3.8  145.0   70.1  444.0
2017  89  3 30 2300  -35.6  977.9    5.1  137.0   70.0  444.0
2017  90  3 31 0000  -35.0  978.7    2.9  122.0   70.6  444.0
2017  90  3 31 0100  -34.8  979.3    1.8  163.0   71.0  444.0
2017  90  3 31 0200  -34.5  979.6    2.6  203.0   71.0  444.0
2017  90  3 31 0300  -34.2  979.8    3.7  188.0   72.0  444.0
2017  90  3 31 0400  -34.6  980.3    3.4  170.0   72.0  444.0
2017  90  3 31 0500  -34.9  981.0    2.2  136.0   71.2  444.0
2017  90  3 31 0600  -35.1  981.1    2.2  176.0   70.6  444.0
2017  90  3 31 0700  -34.1  981.3    2.5  202.0   71.0  444.0
2017  90  3 31 0800  -33.3  981.5    3.2  205.0   71.0  444.0
2017  90  3 31 0900  -33.8  981.6    2.1  229.0   71.0  444.0
2017  90  3 31 1000  -38.1  981.9    2.8  259.0   70.0  444.0
2017  90  3 31 1100  -37.9  982.0    2.7  221.0   70.0  444.0
2017  90  3 31 1200  -38.6  982.4    1.5  204.0   70.0  444.0
2017  90  3 31 1300  -36.4  982.5    2.2  157.0   71.0  444.0
2017  90  3 31 1400  -34.9  982.5    0.8  176.0   72.0  444.0
2017  90  3 31 1500  -34.7  982.3    1.7  198.0   71.2  444.0
2017  90  3 31 1600  -36.5  982.5    1.2  213.0   70.0  444.0
2017  90  3 31 1700  -39.5  982.7    1.2  236.0   69.0  444.0
2017  90  3 31 1800  -39.3  982.8    1.4  253.0   69.0  444.0
2017  90  3 31 1900  -41.0  982.8    1.6  257.0   68.0  444.0
2017  90  3 31 2000  -38.9  982.9    0.9  244.0   68.5  444.0
2017  90  3 31 2100  -38.3  983.2    0.8  188.0   70.0  444.0
2017  90  3 31 2200  -36.9  983.0    0.6   25.0   70.0  444.0
2017  90  3 31 2300  -35.8  983.3    0.8   84.0   71.0  444.0
