Year: 2019  Month: 03  ID: LET  ARGOS:  8928  Name: Lettau              
Lat: 82.49S  Lon: 174.58W  Elev:   39m
2019  60  3  1 0000  -13.2  974.5    5.0  267.0   73.0  444.0
2019  60  3  1 0100  -13.5  975.0    3.3  282.0   73.3  444.0
2019  60  3  1 0200  -12.8  975.5    2.4  298.0   72.0  444.0
2019  60  3  1 0300  -12.5  976.1    2.0  273.0   73.0  444.0
2019  60  3  1 0400  -12.7  976.8    2.4  295.0   76.0  444.0
2019  60  3  1 0500  -13.2  977.5    3.0  309.0   76.0  444.0
2019  60  3  1 0600  -13.6  978.7    4.2  306.0   78.8  444.0
2019  60  3  1 0700  -13.8  979.7    2.6  320.0   80.0  444.0
2019  60  3  1 0800  -13.9  981.1    3.1  318.0   82.0  444.0
2019  60  3  1 0900  -13.2  982.0    2.7  334.0   82.8  444.0
2019  60  3  1 1000  -12.8  982.9    2.8  333.0   81.0  444.0
2019  60  3  1 1100  -13.0  984.2    3.1  323.0   83.0  444.0
2019  60  3  1 1200  -13.3  985.2    1.7  311.0   84.0  444.0
2019  60  3  1 1300  -13.9  986.0    1.5  350.0   84.2  444.0
2019  60  3  1 1400  -14.0  986.7    2.7  358.0   83.9  444.0
2019  60  3  1 1500  -14.8  987.3    3.5  346.0   84.0  444.0
2019  60  3  1 1600  -15.0  988.1    3.3  333.0   85.0  444.0
2019  60  3  1 1700  -14.5  988.9    3.2  337.0   83.0  444.0
2019  60  3  1 1800  -15.2  989.7    3.2  336.0   82.4  444.0
2019  60  3  1 1900  -16.6  990.4    3.6  343.0   81.3  444.0
2019  60  3  1 2000  -17.3  991.1    2.6  344.0   77.0  444.0
2019  60  3  1 2100  -17.2  991.8    2.9  331.0   75.0  444.0
2019  60  3  1 2200  -17.9  992.0    4.7  353.0   76.0  444.0
2019  60  3  1 2300  -17.9  992.6    3.3  326.0   77.6  444.0
2019  61  3  2 0000  -17.7  993.0    5.0  311.0   78.0  444.0
2019  61  3  2 0100  -17.4  993.6    5.1  311.0   77.0  444.0
2019  61  3  2 0200  -17.9  994.0    4.5  302.0   77.0  444.0
2019  61  3  2 0300  -18.6  994.5    3.9  314.0   77.0  444.0
2019  61  3  2 0400  -18.8  995.1    5.1  305.0   79.2  444.0
2019  61  3  2 0500  -18.8  995.8    4.0  296.0   79.0  444.0
2019  61  3  2 0600  -20.2  996.4    3.9  308.0   81.0  444.0
2019  61  3  2 0700  -18.1  996.9    4.3  293.0   83.0  444.0
2019  61  3  2 0800  -16.2  997.4    3.1  284.0   83.0  444.0
2019  61  3  2 0900  -15.3  998.0    3.6  298.0   83.0  444.0
2019  61  3  2 1000  -15.0  998.7    3.6  320.0   83.0  444.0
2019  61  3  2 1100  -14.7  999.2    2.6  326.0   85.0  444.0
2019  61  3  2 1200  -14.4  999.7    3.2  325.0   83.4  444.0
2019  61  3  2 1300  -14.3 1000.0    2.7  336.0   87.0  444.0
2019  61  3  2 1400  -14.4 1000.0    3.4    6.0   88.0  444.0
2019  61  3  2 1500  -15.9 1000.0    3.9  357.0   85.0  444.0
2019  61  3  2 1600  -15.8 1000.0    4.0  338.0   89.7  444.0
2019  61  3  2 1700  -15.6 1000.0    3.8    5.0   90.1  444.0
2019  61  3  2 1800  -15.9 1000.3    2.1  352.0   87.0  444.0
2019  61  3  2 1900  -15.9 1000.6    2.6  324.0   86.0  444.0
2019  61  3  2 2000  -17.1 1000.8    2.2  316.0   85.0  444.0
2019  61  3  2 2100  -17.1 1000.8    1.8  313.0   84.3  444.0
2019  61  3  2 2200  -18.0 1000.9    1.3  280.0   82.0  444.0
2019  61  3  2 2300  -19.4 1000.9    1.0  212.0   83.0  444.0
2019  62  3  3 0000  -19.4 1000.9    1.6  202.0   82.0  444.0
2019  62  3  3 0100  -19.5 1000.8    1.8  188.0   79.8  444.0
2019  62  3  3 0200  -19.8 1000.6    2.6  180.0   81.0  444.0
2019  62  3  3 0300  -19.7 1000.2    3.1  175.0   83.0  444.0
2019  62  3  3 0400  -19.1 1000.0    3.9  161.0   83.0  444.0
2019  62  3  3 0500  -18.0  999.9    4.5  153.0   84.6  444.0
2019  62  3  3 0600  -17.1  999.7    3.5  137.0   86.0  444.0
2019  62  3  3 0700  -16.7  999.5    5.4  162.0   86.0  444.0
2019  62  3  3 0800  -16.4  999.6    4.6  152.0   87.0  444.0
2019  62  3  3 0900  -16.6  999.4    5.1  159.0   87.5  444.0
2019  62  3  3 1000  -16.7  999.3    4.8  160.0   87.0  444.0
2019  62  3  3 1100  -16.7  999.1    4.6  159.0   87.0  444.0
2019  62  3  3 1200  -16.5  998.9    5.2  156.0   87.0  444.0
2019  62  3  3 1300  -17.5  998.8    4.8  166.0   86.0  444.0
2019  62  3  3 1400  -17.9  998.7    3.9  184.0   84.7  444.0
2019  62  3  3 1500  -17.7  998.4    4.1  170.0   86.0  444.0
2019  62  3  3 1600  -17.1  998.2    4.1  175.0   86.0  444.0
2019  62  3  3 1700  -17.3  998.1    3.1  186.0   85.0  444.0
2019  62  3  3 1800  -17.3  997.9    3.4  183.0   85.0  444.0
2019  62  3  3 1900  -16.9  997.8    3.7  186.0   85.0  444.0
2019  62  3  3 2000  -15.9  997.4    3.9  176.0   85.0  444.0
2019  62  3  3 2100  -15.7  997.4    3.6  178.0   86.0  444.0
2019  62  3  3 2200  -15.0  997.4    2.4  168.0   86.0  444.0
2019  62  3  3 2300  -15.3  997.4    1.8  162.0   83.7  444.0
2019  63  3  4 0000  -15.4  997.1    2.3  195.0   84.0  444.0
2019  63  3  4 0100  -14.4  997.0    2.5  196.0   85.0  444.0
2019  63  3  4 0200  -14.4  996.4    3.9  199.0   86.0  444.0
2019  63  3  4 0300  -14.1  995.8    1.9  127.0   86.0  444.0
2019  63  3  4 0400  -14.2  995.7    2.5  192.0   85.6  444.0
2019  63  3  4 0500  -14.1  995.4    1.9  195.0   86.0  444.0
2019  63  3  4 0600  -14.1  995.2    0.9  293.0   86.0  444.0
2019  63  3  4 0700  -14.2  994.9    2.8  216.0   88.0  444.0
2019  63  3  4 0800  -13.7  994.8    2.4  185.0   89.0  444.0
2019  63  3  4 0900  -13.4  994.7    2.3  202.0   89.1  444.0
2019  63  3  4 1000  -13.2  994.5    1.7  205.0   89.5  444.0
2019  63  3  4 1100  -13.1  994.3    1.3  170.0   90.0  444.0
2019  63  3  4 1200  -13.1  994.2    1.2  212.0   90.0  444.0
2019  63  3  4 1300  -13.1  994.0    1.9  175.0   90.0  444.0
2019  63  3  4 1400  -13.0  993.9    1.2  173.0   90.0  444.0
2019  63  3  4 1500  -12.9  993.6    1.6  210.0   92.0  444.0
2019  63  3  4 1600  -13.6  993.4    2.2  185.0   90.0  444.0
2019  63  3  4 1700  -14.7  993.1    2.2  203.0   88.0  444.0
2019  63  3  4 1800  -15.2  993.0    2.8  174.0   87.0  444.0
2019  63  3  4 1900  -15.5  993.1    2.2  183.0   86.0  444.0
2019  63  3  4 2000  -15.3  993.1    2.7  179.0   86.0  444.0
2019  63  3  4 2100  -15.6  992.9    3.0  187.0   85.0  444.0
2019  63  3  4 2200  -16.0  993.1    3.2  190.0   84.0  444.0
2019  63  3  4 2300  -16.0  993.1    3.1  184.0   83.8  444.0
2019  64  3  5 0000  -16.8  993.0    3.4  190.0   83.0  444.0
2019  64  3  5 0100  -16.7  992.9    3.0  176.0   83.0  444.0
2019  64  3  5 0200  -17.1  992.8    2.9  175.0   82.4  444.0
2019  64  3  5 0300  -17.5  992.7    3.5  181.0   82.0  444.0
2019  64  3  5 0400  -17.6  992.5    4.1  184.0   81.0  444.0
2019  64  3  5 0500  -17.6  992.5    3.1  185.0   80.0  444.0
2019  64  3  5 0600  -17.9  992.5    3.0  186.0   80.0  444.0
2019  64  3  5 0700  -17.9  992.2    3.8  177.0   81.8  444.0
2019  64  3  5 0800  -18.0  992.6    3.5  174.0   81.0  444.0
2019  64  3  5 0900  -18.3  992.3    4.5  160.0   81.0  444.0
2019  64  3  5 1000  -18.2  992.7    3.0  180.0   82.0  444.0
2019  64  3  5 1100  -18.2  992.6    2.4  202.0   82.0  444.0
2019  64  3  5 1200  -17.9  992.4    3.6  174.0   80.0  444.0
2019  64  3  5 1300  -18.0  992.2    3.5  175.0   81.0  444.0
2019  64  3  5 1400  -18.0  991.9    4.0  166.0   82.0  444.0
2019  64  3  5 1500  -18.0  991.7    4.5  168.0   83.0  444.0
2019  64  3  5 1600  -17.8  991.6    3.5  168.0   83.7  444.0
2019  64  3  5 1700  -17.6  991.3    3.2  180.0   84.0  444.0
2019  64  3  5 1800  -17.3  991.2    3.3  170.0   85.0  444.0
2019  64  3  5 1900  -16.7  991.1    3.6  162.0   84.0  444.0
2019  64  3  5 2000  -16.4  991.1    4.6  157.0   83.0  444.0
2019  64  3  5 2100  -16.5  990.9    4.9  157.0   82.2  444.0
2019  64  3  5 2200  -17.0  990.9    4.8  164.0   81.0  444.0
2019  64  3  5 2300  -17.5  990.8    4.7  171.0   78.0  444.0
2019  65  3  6 0000  -17.6  990.8    4.3  170.0   78.1  444.0
2019  65  3  6 0100  -17.8  990.3    4.1  167.0   77.0  444.0
2019  65  3  6 0200  -17.8  989.9    3.8  176.0   78.0  444.0
2019  65  3  6 0300  -17.8  989.6    3.6  174.0   77.0  444.0
2019  65  3  6 0400  -18.5  989.3    4.6  187.0   77.2  444.0
2019  65  3  6 0500  -18.8  989.1    3.6  177.0   77.1  444.0
2019  65  3  6 0600  -19.7  988.9    3.0  184.0   75.0  444.0
2019  65  3  6 0700  -24.1  988.7    3.8  193.0   71.0  444.0
2019  65  3  6 0800  -25.6  988.6    3.8  196.0   71.0  444.0
2019  65  3  6 0900  -26.0  988.7    3.2  196.0   72.0  444.0
2019  65  3  6 1000  -27.6  988.5    3.8  187.0   75.0  444.0
2019  65  3  6 1100  -27.6  988.7    3.4  198.0   73.0  444.0
2019  65  3  6 1200  -28.9  988.7    4.1  202.0   73.0  444.0
2019  65  3  6 1300  -28.9  988.7    3.5  199.0   74.0  444.0
2019  65  3  6 1400  -28.7  988.5    3.6  200.0   74.0  444.0
2019  65  3  6 1500  -30.0  988.3    3.3  178.0   72.0  444.0
2019  65  3  6 1600  -29.0  988.0    4.3  207.0   71.0  444.0
2019  65  3  6 1700  -30.0  988.2    3.3  202.0   71.0  444.0
2019  65  3  6 1800  -29.3  988.4    3.5  182.0   71.0  444.0
2019  65  3  6 1900  -28.1  988.5    4.0  183.0   70.0  444.0
2019  65  3  6 2000  -29.3  988.8    3.2  192.0   69.0  444.0
2019  65  3  6 2100  -29.0  988.8    3.4  194.0   70.0  444.0
2019  65  3  6 2200  -27.4  989.0    4.0  193.0   68.0  444.0
2019  65  3  6 2300  -26.9  989.1    3.0  192.0   68.0  444.0
2019  66  3  7 0000  -27.8  989.4    2.7  186.0   67.4  444.0
2019  66  3  7 0100  -27.0  989.5    3.3  175.0   68.0  444.0
2019  66  3  7 0200  -26.6  989.4    3.3  171.0   69.0  444.0
2019  66  3  7 0300  -26.3  989.5    3.3  156.0   68.2  444.0
2019  66  3  7 0400  -25.9  989.6    3.1  151.0   70.0  444.0
2019  66  3  7 0500  -27.2  989.7    2.6  199.0   70.0  444.0
2019  66  3  7 0600  -30.7  989.7    3.3  214.0   70.0  444.0
2019  66  3  7 0700  -30.8  989.6    3.5  203.0   70.0  444.0
2019  66  3  7 0800  -31.2  990.0    2.9  215.0   70.0  444.0
2019  66  3  7 0900  -31.4  990.0    3.3  209.0   73.0  444.0
2019  66  3  7 1000  -31.4  989.8    3.6  214.0   73.0  444.0
2019  66  3  7 1100  -31.3  989.8    4.1  205.0   73.0  444.0
2019  66  3  7 1200  -30.4  989.8    4.1  199.0   71.9  444.0
2019  66  3  7 1300  -31.1  989.5    3.7  208.0   71.0  444.0
2019  66  3  7 1400  -31.1  989.1    3.9  210.0   71.0  444.0
2019  66  3  7 1500  -29.2  989.2    4.4  201.0   70.0  444.0
2019  66  3  7 1600  -28.6  989.3    3.7  199.0   70.0  444.0
2019  66  3  7 1700  -26.9  989.1    4.2  197.0   69.5  444.0
2019  66  3  7 1800  -26.8  988.7    6.1  191.0   70.0  444.0
2019  66  3  7 1900  -28.5  988.7    3.7  167.0   71.0  444.0
2019  66  3  7 2000  -27.4  988.5    3.6  199.0   71.0  444.0
2019  66  3  7 2100  -27.0  988.6    2.9  176.0   70.0  444.0
2019  66  3  7 2200  -27.5  988.6    3.3  192.0   69.3  444.0
2019  66  3  7 2300  -27.1  988.1    4.2  197.0   71.0  444.0
2019  67  3  8 0000  -27.4  987.6    4.0  215.0   68.0  444.0
2019  67  3  8 0100  -25.6  987.2    5.3  200.0   68.0  444.0
2019  67  3  8 0200  -23.9  986.7    5.4  188.0   67.0  444.0
2019  67  3  8 0300  -23.9  986.2    5.2  204.0   69.0  444.0
2019  67  3  8 0400  -24.3  985.5    5.5  195.0   68.0  444.0
2019  67  3  8 0500  -24.5  985.1    6.0  192.0   68.0  444.0
2019  67  3  8 0600  -24.3  984.6    5.9  201.0   68.0  444.0
2019  67  3  8 0700  -25.1  984.3    6.6  209.0   67.0  444.0
2019  67  3  8 0800  -25.9  983.9    5.4  196.0   68.0  444.0
2019  67  3  8 0900  -27.8  983.7    3.7  209.0   70.0  444.0
2019  67  3  8 1000  -28.4  983.1    4.4  213.0   70.0  444.0
2019  67  3  8 1100  -28.1  982.9    3.9  208.0   71.5  444.0
2019  67  3  8 1200  -28.3  982.7    3.9  212.0   72.0  444.0
2019  67  3  8 1300  -29.8  982.3    3.1  234.0   72.0  444.0
2019  67  3  8 1400  -30.5  982.0    3.7  228.0   72.0  444.0
2019  67  3  8 1500  -31.4  981.7    3.2  231.0   72.0  444.0
2019  67  3  8 1600  -31.5  981.5    3.5  227.0   70.7  444.0
2019  67  3  8 1700  -31.5  981.3    2.5  244.0   70.0  444.0
2019  67  3  8 1800  -30.9  981.2    3.0  260.0   70.0  444.0
2019  67  3  8 1900  -29.5  980.9    3.0  250.0   68.0  444.0
2019  67  3  8 2000  -27.7  980.7    4.1  236.0   67.0  444.0
2019  67  3  8 2100  -26.6  980.4    3.6  245.0   66.0  444.0
2019  67  3  8 2200  -26.0  980.7    3.2  226.0   66.0  444.0
2019  67  3  8 2300  -25.1  980.5    2.8  233.0   64.0  444.0
2019  68  3  9 0000  -25.0  980.8    1.8  208.0   65.2  444.0
2019  68  3  9 0100  -26.2  980.9    2.6  236.0   66.0  444.0
2019  68  3  9 0200  -26.6  980.7    2.9  248.0   66.0  444.0
2019  68  3  9 0300  -26.7  980.6    3.4  259.0   67.0  444.0
2019  68  3  9 0400  -27.4  980.6    3.4  243.0   68.2  444.0
2019  68  3  9 0500  -27.2  980.1    5.7  270.0   70.0  444.0
2019  68  3  9 0600  -27.2  980.2    5.1  264.0   72.0  444.0
2019  68  3  9 0700  -26.4  979.9    6.2  260.0   71.0  444.0
2019  68  3  9 0800  -24.8  980.1    5.7  225.0   72.9  444.0
2019  68  3  9 0900  -24.2  980.4    3.1  208.0   71.3  444.0
2019  68  3  9 1000  -25.6  980.6    4.2  250.0   72.0  444.0
2019  68  3  9 1100  -26.6  980.7    3.7  235.0   71.0  444.0
2019  68  3  9 1200  -29.1  981.0    3.2  186.0   71.0  444.0
2019  68  3  9 1300  -31.3  981.2    2.6  159.0   72.6  444.0
2019  68  3  9 1400  -32.6  981.3    2.5  185.0   73.1  444.0
2019  68  3  9 1500  -32.6  981.7    3.3  200.0   74.0  444.0
2019  68  3  9 1600  -32.3  981.7    3.2  188.0   73.0  444.0
2019  68  3  9 1700  -31.9  981.5    3.7  160.0   73.0  444.0
2019  68  3  9 1800  -31.6  981.7    2.8  202.0   70.2  444.0
2019  68  3  9 1900  -30.8  981.9    3.4  179.0   70.0  444.0
2019  68  3  9 2000  -30.3  982.2    3.7  161.0   71.0  444.0
2019  68  3  9 2100  -30.9  982.1    3.2  189.0   69.0  444.0
2019  68  3  9 2200  -30.7  982.2    2.8  178.0   68.9  444.0
2019  68  3  9 2300  -28.8  982.1    4.6  164.0   69.0  444.0
2019  69  3 10 0000  -27.5  982.1    4.5  159.0   69.0  444.0
2019  69  3 10 0100  -26.8  981.8    3.6  170.0   73.0  444.0
2019  69  3 10 0200  -26.0  981.5    2.4  180.0   73.0  444.0
2019  69  3 10 0300  -26.1  981.1    3.1  195.0   74.0  444.0
2019  69  3 10 0400  -26.8  980.5    1.6  237.0   73.0  444.0
2019  69  3 10 0500  -28.3  980.4    3.2  183.0   76.0  444.0
2019  69  3 10 0600  -30.9  980.4    2.9  136.0   72.5  444.0
2019  69  3 10 0700  -32.5  980.4    3.4  141.0   72.0  444.0
2019  69  3 10 0800  -33.6  980.2    3.3  156.0   73.0  444.0
2019  69  3 10 0900  -34.7  980.1    2.6  150.0   72.0  444.0
2019  69  3 10 1000  -35.5  979.8    2.5  138.0   72.0  444.0
2019  69  3 10 1100  -36.3  979.7    2.3  144.0   71.6  444.0
2019  69  3 10 1200  -36.5  979.6    2.4  171.0   72.0  444.0
2019  69  3 10 1300  -36.5  979.4    2.1  149.0   71.0  444.0
2019  69  3 10 1400  -36.4  979.2    1.6  155.0   71.0  444.0
2019  69  3 10 1500  -36.4  979.1    1.5  179.0   71.0  444.0
2019  69  3 10 1600  -37.1  978.7    0.8  233.0   70.4  444.0
2019  69  3 10 1700  -37.5  978.0    2.2  325.0   70.0  444.0
2019  69  3 10 1800  -35.5  978.2    2.9  246.0   71.0  444.0
2019  69  3 10 1900  -34.1  977.6    2.9  298.0   69.0  444.0
2019  69  3 10 2000  -33.7  977.5    3.0  305.0   69.7  444.0
2019  69  3 10 2100  -31.9  977.0    3.6  301.0   71.0  444.0
2019  69  3 10 2200  -29.7  976.9    4.2  295.0   74.0  444.0
2019  69  3 10 2300  -28.3  976.3    4.2  292.0   73.0  444.0
2019  70  3 11 0000  -26.4  976.3    4.3  263.0   74.0  444.0
2019  70  3 11 0100  -25.5  976.4    3.1  328.0   73.2  444.0
2019  70  3 11 0200  -24.1  976.4    4.1  288.0   72.0  444.0
2019  70  3 11 0300  -22.1  976.3    3.7  261.0   74.0  444.0
2019  70  3 11 0400  -19.9  976.3    4.0  272.0   77.0  444.0
2019  70  3 11 0500  -15.8  976.3    3.8  243.0   83.0  444.0
2019  70  3 11 0600  -12.7  976.9    6.5  218.0   83.0  444.0
2019  70  3 11 0700  -11.5  977.1    7.6  215.0   90.0  444.0
2019  70  3 11 0800  -11.0  977.6    7.1  205.0   91.0  444.0
2019  70  3 11 0900  -10.5  978.1    8.2  187.0   87.0  444.0
2019  70  3 11 1000  -12.4  979.0    6.6  196.0   86.0  444.0
2019  70  3 11 1100  -16.3  980.1   10.3  168.0   85.0  444.0
2019  70  3 11 1200  -21.1  981.4    9.8  161.0   81.0  444.0
2019  70  3 11 1300  -23.7  982.9   10.3  154.0   80.0  444.0
2019  70  3 11 1400  -26.0  983.3   10.7  134.0   78.0  444.0
2019  70  3 11 1500  -27.7  984.9    8.2  139.0   77.0  444.0
2019  70  3 11 1600  -27.4  986.1    7.0  148.0   76.0  444.0
2019  70  3 11 1700  -28.5  987.1    3.7  156.0   75.0  444.0
2019  70  3 11 1800  -28.5  987.7    3.8  190.0   76.0  444.0
2019  70  3 11 1900  -28.7  988.2    4.2  193.0   74.0  444.0
2019  70  3 11 2000  -28.5  988.9    3.4  196.0   73.0  444.0
2019  70  3 11 2100  -28.2  989.3    6.3  185.0   73.0  444.0
2019  70  3 11 2200  -28.0  989.5    6.8  189.0   73.0  444.0
2019  70  3 11 2300  -27.6  990.1    6.9  184.0   73.3  444.0
2019  71  3 12 0000  -25.7  990.2    6.7  154.0   76.0  444.0
2019  71  3 12 0100  -24.9  990.8    4.5  171.0   76.0  444.0
2019  71  3 12 0200  -26.3  990.8    4.3  192.0   76.0  444.0
2019  71  3 12 0300  -27.5  991.0    4.2  213.0   73.0  444.0
2019  71  3 12 0400  -27.6  990.9    3.5  204.0   73.3  444.0
2019  71  3 12 0500  -28.6  990.8    2.5  229.0   73.0  444.0
2019  71  3 12 0600  -27.8  990.6    3.4  221.0   76.0  444.0
2019  71  3 12 0700  -28.4  990.3    4.4  203.0   77.0  444.0
2019  71  3 12 0800  -29.3  990.1    3.3  232.0   75.0  444.0
2019  71  3 12 0900  -28.3  989.9    4.4  211.0   76.0  444.0
2019  71  3 12 1000  -28.7  989.8    4.3  221.0   76.0  444.0
2019  71  3 12 1100  -29.1  989.8    4.3  218.0   76.0  444.0
2019  71  3 12 1200  -28.5  989.7    4.6  216.0   76.0  444.0
2019  71  3 12 1300  -28.8  989.6    4.8  210.0   76.0  444.0
2019  71  3 12 1400  -28.7  989.4    3.6  206.0   76.0  444.0
2019  71  3 12 1500  -28.9  989.3    3.5  219.0   76.0  444.0
2019  71  3 12 1600  -28.3  989.2    2.9  216.0   76.0  444.0
2019  71  3 12 1700  -28.0  989.2    2.6  239.0   76.0  444.0
2019  71  3 12 1800  -29.5  989.2    4.1  263.0   75.0  444.0
2019  71  3 12 1900  -29.8  989.1    3.8  244.0   75.0  444.0
2019  71  3 12 2000  -30.6  988.8    3.6  244.0   74.0  444.0
2019  71  3 12 2100  -30.6  989.0    2.5  283.0   72.0  444.0
2019  71  3 12 2200  -29.4  988.9    1.7  252.0   71.8  444.0
2019  71  3 12 2300  -28.0  988.8    2.0  282.0   73.0  444.0
2019  72  3 13 0000  -28.1  989.1    2.4  265.0   72.0  444.0
2019  72  3 13 0100  -27.9  988.7    1.7  242.0   73.0  444.0
2019  72  3 13 0200  -27.7  988.8    3.4  295.0   75.5  444.0
2019  72  3 13 0300  -25.9  988.5    2.0  289.0   77.0  444.0
2019  72  3 13 0400  -25.3  988.3    2.1  313.0   78.0  444.0
2019  72  3 13 0500  -25.1  988.3    1.7  339.0   78.0  444.0
2019  72  3 13 0600  -24.4  988.1    2.1  352.0   78.9  444.0
2019  72  3 13 0700  -24.1  987.7    2.5   28.0   79.2  444.0
2019  72  3 13 0800  -23.3  987.4    2.5   45.0   80.0  444.0
2019  72  3 13 0900  -22.7  987.5    2.6  346.0   81.0  444.0
2019  72  3 13 1000  -22.8  987.7    5.8  335.0   80.0  444.0
2019  72  3 13 1100  -23.7  987.8    2.5  352.0   76.8  444.0
2019  72  3 13 1200  -24.5  988.0    3.2  343.0   75.0  444.0
2019  72  3 13 1300  -27.0  987.9    1.7   62.0   75.0  444.0
2019  72  3 13 1400  -28.5  987.8    1.8   43.0   75.0  444.0
2019  72  3 13 1500  -26.9  987.6    2.0   57.0   75.0  444.0
2019  72  3 13 1600  -25.0  987.5    2.1   68.0   76.0  444.0
2019  72  3 13 1700  -24.4  987.8    2.8   68.0   77.0  444.0
2019  72  3 13 1800  -23.4  987.8    3.1   62.0   78.0  444.0
2019  72  3 13 1900  -23.0  988.1    2.2   83.0   78.0  444.0
2019  72  3 13 2000  -22.1  988.0    4.4   89.0   78.0  444.0
2019  72  3 13 2100  -22.0  987.9    5.4  103.0   78.7  444.0
2019  72  3 13 2200  -22.5  987.9    5.9  102.0   79.0  444.0
2019  72  3 13 2300  -21.8  988.1    5.0  103.0   79.0  444.0
2019  73  3 14 0000  -20.9  987.8    5.5  102.0   79.0  444.0
2019  73  3 14 0100  -20.9  987.9    5.4  106.0   79.0  444.0
2019  73  3 14 0200  -20.9  987.8    5.5  104.0   79.4  444.0
2019  73  3 14 0300  -21.1  987.7    4.8  110.0   79.0  444.0
2019  73  3 14 0400  -20.9  987.7    4.8  107.0   80.0  444.0
2019  73  3 14 0500  -21.3  987.7    4.7  117.0   80.0  444.0
2019  73  3 14 0600  -21.2  987.8    5.9  126.0   81.0  444.0
2019  73  3 14 0700  -20.9  987.9    6.6  127.0   82.0  444.0
2019  73  3 14 0800  -20.8  988.0    6.3  117.0   82.0  444.0
2019  73  3 14 0900  -20.2  988.0    6.0  114.0   82.2  444.0
2019  73  3 14 1000  -20.5  988.2    5.3  113.0   82.0  444.0
2019  73  3 14 1100  -21.2  988.2    6.0  117.0   82.0  444.0
2019  73  3 14 1200  -21.4  988.2    6.6  122.0   81.0  444.0
2019  73  3 14 1300  -21.4  988.2    6.1  130.0   81.0  444.0
2019  73  3 14 1400  -21.5  988.1    4.9  129.0   81.1  444.0
2019  73  3 14 1500  -21.8  988.0    4.3  142.0   81.0  444.0
2019  73  3 14 1600  -22.2  987.9    4.2  145.0   81.0  444.0
2019  73  3 14 1700  -22.8  987.9    4.3  142.0   80.0  444.0
2019  73  3 14 1800  -23.5  987.7    4.5  150.0   79.0  444.0
2019  73  3 14 1900  -24.6  987.5    4.1  148.0   77.5  444.0
2019  73  3 14 2000  -25.3  987.2    4.4  161.0   76.0  444.0
2019  73  3 14 2100  -26.3  986.9    4.7  148.0   75.0  444.0
2019  73  3 14 2200  -27.5  986.4    5.1  156.0   76.0  444.0
2019  73  3 14 2300  -29.0  985.9    5.3  149.0   75.0  444.0
2019  74  3 15 0000  -28.6  985.8    3.2  176.0   74.0  444.0
2019  74  3 15 0100  -29.8  985.1    3.4  184.0   72.0  444.0
2019  74  3 15 0200  -31.2  984.6    4.6  192.0   71.0  444.0
2019  74  3 15 0300  -31.3  983.9    4.8  194.0   71.0  444.0
2019  74  3 15 0400  -31.1  983.0    5.9  186.0   72.0  444.0
2019  74  3 15 0500  -31.5  982.4    6.3  188.0   73.0  444.0
2019  74  3 15 0600  -32.0  982.0    5.5  185.0   73.0  444.0
2019  74  3 15 0700  -32.2  981.6    5.6  183.0   72.7  444.0
2019  74  3 15 0800  -32.3  981.3    5.0  194.0   73.0  444.0
2019  74  3 15 0900  -32.8  980.7    4.8  208.0   72.0  444.0
2019  74  3 15 1000  -32.7  980.0    5.1  201.0   72.0  444.0
2019  74  3 15 1100  -31.5  979.1    6.7  188.0   73.0  444.0
2019  74  3 15 1200  -30.5  978.7    6.6  186.0   73.4  444.0
2019  74  3 15 1300  -31.2  977.9    7.9  183.0   74.0  444.0
2019  74  3 15 1400  -31.7  977.7    6.1  176.0   73.0  444.0
2019  74  3 15 1500  -31.6  977.2    6.0  131.0   73.0  444.0
2019  74  3 15 1600  -32.6  977.0    5.2  187.0   73.0  444.0
2019  74  3 15 1700  -33.3  976.7    4.8  190.0   71.4  444.0
2019  74  3 15 1800  -33.1  976.6    5.7  189.0   70.0  444.0
2019  74  3 15 1900  -32.0  976.4    6.5  184.0   69.0  444.0
2019  74  3 15 2000  -31.4  975.9    6.0  179.0   68.0  444.0
2019  74  3 15 2100  -31.0  975.2    6.0  193.0   67.0  444.0
2019  74  3 15 2200  -30.7  974.9    5.7  194.0   65.8  444.0
2019  74  3 15 2300  -30.1  974.7    5.6  198.0   65.0  444.0
2019  75  3 16 0000  -30.3  974.3    5.5  210.0   64.0  444.0
2019  75  3 16 0100  -30.1  973.7    5.3  208.0   64.0  444.0
2019  75  3 16 0200  -29.3  973.0    6.0  215.0   66.0  444.0
2019  75  3 16 0300  -30.4  972.4    5.9  208.0   66.4  444.0
2019  75  3 16 0400  -30.8  972.4    4.7  198.0   66.0  444.0
2019  75  3 16 0500  -31.0  972.0    4.6  208.0   66.2  444.0
2019  75  3 16 0600  -31.2  971.6    5.3  212.0   66.0  444.0
2019  75  3 16 0700  -30.7  971.1    6.1  210.0   65.0  444.0
2019  75  3 16 0800  -31.4  970.6    6.6  213.0   65.0  444.0
2019  75  3 16 0900  -31.9  970.6    6.3  211.0   67.0  444.0
2019  75  3 16 1000  -30.5  970.3    6.1  201.0   66.7  444.0
2019  75  3 16 1100  -31.2  970.1    5.9  209.0   68.0  444.0
2019  75  3 16 1200  -32.2  970.2    4.7  221.0   67.0  444.0
2019  75  3 16 1300  -31.6  969.8    6.0  211.0   67.0  444.0
2019  75  3 16 1400  -30.8  969.5    5.1  200.0   64.0  444.0
2019  75  3 16 1500  -32.1  969.2    5.1  207.0   65.0  444.0
2019  75  3 16 1600  -31.4  968.9    5.3  212.0   67.0  444.0
2019  75  3 16 1700  -30.6  968.9    5.5  207.0   68.0  444.0
2019  75  3 16 1800  -30.4  968.8    5.7  203.0   70.0  444.0
2019  75  3 16 1900  -31.1  968.6    4.6  202.0   71.0  444.0
2019  75  3 16 2000  -31.2  968.5    4.1  203.0   71.6  444.0
2019  75  3 16 2100  -30.8  968.4    4.4  204.0   71.0  444.0
2019  75  3 16 2200  -28.8  968.5    4.4  192.0   69.0  444.0
2019  75  3 16 2300  -29.7  968.8    4.5  190.0   67.0  444.0
2019  76  3 17 0000  -28.9  968.7    5.0  208.0   63.0  444.0
2019  76  3 17 0100  -29.0  968.4    4.0  201.0   64.1  444.0
2019  76  3 17 0200  -28.7  967.9    4.2  186.0   64.0  444.0
2019  76  3 17 0300  -28.6  968.1    3.3  184.0   63.0  444.0
2019  76  3 17 0400  -27.9  968.0    3.6  196.0   64.7  444.0
2019  76  3 17 0500  -30.0  968.0    3.4  214.0   68.0  444.0
2019  76  3 17 0600  -29.4  968.0    5.0  209.0   66.0  444.0
2019  76  3 17 0700  -29.4  968.0    5.3  201.0   65.0  444.0
2019  76  3 17 0800  -29.4  968.3    5.4  209.0   65.5  444.0
2019  76  3 17 0900  -27.9  968.1    6.5  209.0   63.0  444.0
2019  76  3 17 1000  -23.8  968.0    8.0  205.0   63.0  444.0
2019  76  3 17 1100  -22.3  967.8    8.8  189.0   70.0  444.0
2019  76  3 17 1200  -25.4  968.0    5.8  195.0   71.0  444.0
2019  76  3 17 1300  -23.0  967.5    8.6  183.0   70.7  444.0
2019  76  3 17 1400  -23.3  967.2   10.3  192.0   73.0  444.0
2019  76  3 17 1500  -21.8  967.5   11.0  179.0   77.0  444.0
2019  76  3 17 1600  -21.9  967.8   11.5  189.0   75.0  444.0
2019  76  3 17 1700  -25.5  968.1   10.4  211.0   73.0  444.0
2019  76  3 17 1800  -22.3  967.9   10.6  200.0   74.2  444.0
2019  76  3 17 1900  -23.2  968.0    8.6  185.0   75.0  444.0
2019  76  3 17 2000  -20.9  967.7    8.8  180.0   77.0  444.0
2019  76  3 17 2100  -21.1  967.6    8.6  183.0   77.0  444.0
2019  76  3 17 2200  -22.0  967.5    9.4  186.0   78.0  444.0
2019  76  3 17 2300  -22.0  967.5    8.6  171.0   77.0  444.0
2019  77  3 18 0000  -21.6  967.5    7.5  179.0   76.0  444.0
2019  77  3 18 0100  -21.5  967.2    8.8  176.0   76.0  444.0
2019  77  3 18 0200  -22.2  966.9    7.2  185.0   76.0  444.0
2019  77  3 18 0300  -22.9  966.5    5.8  179.0   74.0  444.0
2019  77  3 18 0400  -21.9  966.5    6.8  163.0   78.0  444.0
2019  77  3 18 0500  -23.4  966.4    5.5  172.0   77.0  444.0
2019  77  3 18 0600  -24.7  966.2    3.6  187.0   78.0  444.0
2019  77  3 18 0700  -25.3  966.2    5.6  136.0   77.0  444.0
2019  77  3 18 0800  -28.8  966.8    5.6  149.0   73.0  444.0
2019  77  3 18 0900  -31.3  967.3    5.4  138.0   72.0  444.0
2019  77  3 18 1000  -32.6  967.6    4.2  150.0   71.2  444.0
2019  77  3 18 1100  -33.1  968.0    4.1  134.0   70.0  444.0
2019  77  3 18 1200  -33.4  968.3    3.2  116.0   70.0  444.0
2019  77  3 18 1300  -34.8  968.6    1.7   86.0   70.0  444.0
2019  77  3 18 1400  -34.7  968.5    1.2   57.0   70.0  444.0
2019  77  3 18 1500  -34.1  968.6    0.4   47.0   69.5  444.0
2019  77  3 18 1600  -33.7  969.0    0.4  170.0   70.0  444.0
2019  77  3 18 1700  -33.1  969.3    1.6  142.0   71.0  444.0
2019  77  3 18 1800  -32.9  969.5    1.8  155.0   71.0  444.0
2019  77  3 18 1900  -32.8  969.4    1.8  168.0   71.0  444.0
2019  77  3 18 2000  -32.7  969.5    2.0  169.0   69.0  444.0
2019  77  3 18 2100  -31.9  969.8    1.0  164.0   68.0  444.0
2019  77  3 18 2200  -31.8  969.9    1.4  198.0   67.0  444.0
2019  77  3 18 2300  -31.7  970.2    1.9  201.0   68.0  444.0
2019  78  3 19 0000  -30.9  970.5    1.9  198.0   68.0  444.0
2019  78  3 19 0100  -30.6  970.8    2.2  174.0   69.2  444.0
2019  78  3 19 0200  -34.0  970.9    2.4   60.0   68.3  444.0
2019  78  3 19 0300  -35.6  970.8    1.9   30.0   67.0  444.0
2019  78  3 19 0400  -36.6  971.3    2.2   46.0   67.0  444.0
2019  78  3 19 0500  -37.5  972.8    2.2   95.0   67.0  444.0
2019  78  3 19 0600  -38.6  973.2    2.7   88.0   68.0  444.0
2019  78  3 19 0700  -39.7  973.6    3.1   83.0   68.0  444.0
2019  78  3 19 0800  -40.7  974.5    2.0   79.0   67.0  444.0
2019  78  3 19 0900  -39.2  975.2    2.2   84.0   68.0  444.0
2019  78  3 19 1000  -37.5  976.5    3.9  165.0   70.0  444.0
2019  78  3 19 1100  -36.8  976.7    2.8  158.0   70.0  444.0
2019  78  3 19 1200  -37.3  976.9    1.3  149.0   70.0  444.0
2019  78  3 19 1300  -38.1  977.5    3.9  163.0   70.0  444.0
2019  78  3 19 1400  -38.7  978.1    4.0  153.0   70.0  444.0
2019  78  3 19 1500  -38.1  978.6    3.9  121.0   70.0  444.0
2019  78  3 19 1600  -40.0  979.7    3.1  130.0   69.0  444.0
2019  78  3 19 1700  -39.7  980.5    3.6  145.0   69.0  444.0
2019  78  3 19 1800  -40.2  981.0    3.2  144.0   68.4  444.0
2019  78  3 19 1900  -40.3  981.4    3.0  135.0   68.0  444.0
2019  78  3 19 2000  -40.1  981.9    2.6  125.0   67.0  444.0
2019  78  3 19 2100  -39.8  982.5    2.4  148.0   66.0  444.0
2019  78  3 19 2200  -39.7  983.0    2.0  153.0   66.0  444.0
2019  78  3 19 2300  -39.1  983.4    2.4  160.0   65.5  444.0
2019  79  3 20 0000  -38.9  983.5    3.1  144.0   65.9  444.0
2019  79  3 20 0100  -39.4  984.2    3.4  131.0   66.0  444.0
2019  79  3 20 0200  -39.2  984.3    3.3  149.0   66.0  444.0
2019  79  3 20 0300  -38.6  984.1    2.2  184.0   66.0  444.0
2019  79  3 20 0400  -38.3  983.8    3.1  209.0   67.1  444.0
2019  79  3 20 0500  -37.2  983.3    3.6  228.0   68.0  444.0
2019  79  3 20 0600  -35.8  982.6    4.0  235.0   70.0  444.0
2019  79  3 20 0700  -34.9  981.8    4.4  245.0   71.0  444.0
2019  79  3 20 0800  -31.7  980.7    3.0  253.0   73.0  444.0
2019  79  3 20 0900  -27.4  979.5    3.4  247.0   76.0  444.0
2019  79  3 20 1000  -26.4  979.1    3.1  231.0   76.0  444.0
2019  79  3 20 1100  -25.5  978.7    3.4  220.0   76.2  444.0
2019  79  3 20 1200  -28.0  978.2    2.7  221.0   75.0  444.0
2019  79  3 20 1300  -28.0  978.3    2.3  185.0   76.0  444.0
2019  79  3 20 1400  -30.1  978.2    2.4  185.0   74.0  444.0
2019  79  3 20 1500  -29.4  978.2    3.0  200.0   73.0  444.0
2019  79  3 20 1600  -32.5  978.6    2.5  194.0   72.0  444.0
2019  79  3 20 1700  -32.1  978.7    2.5  180.0   72.0  444.0
2019  79  3 20 1800  -30.7  978.8    1.7  172.0   72.3  444.0
2019  79  3 20 1900  -32.6  978.9    1.9  215.0   71.0  444.0
2019  79  3 20 2000  -32.0  979.1    2.1  214.0   70.0  444.0
2019  79  3 20 2100  -31.6  979.0    0.6  271.0   70.5  444.0
2019  79  3 20 2200  -31.9  979.0    1.8  300.0   70.0  444.0
2019  79  3 20 2300  -32.4  979.0    2.3  289.0   70.2  444.0
2019  80  3 21 0000  -32.4  978.9    2.3  304.0   70.0  444.0
2019  80  3 21 0100  -32.5  978.8    2.5  310.0   70.0  444.0
2019  80  3 21 0200  -31.9  978.9    2.0  324.0   72.1  444.0
2019  80  3 21 0300  -32.1  979.2    2.2  317.0   72.0  444.0
2019  80  3 21 0400  -32.2  980.2    0.6   33.0   73.0  444.0
2019  80  3 21 0500  -32.2  981.2    1.5  106.0   73.0  444.0
2019  80  3 21 0600  -32.2  982.1    2.4  117.0   73.1  444.0
2019  80  3 21 0700  -32.4  982.6    4.0  114.0   73.0  444.0
2019  80  3 21 0800  -33.2  983.2    3.6  118.0   73.0  444.0
2019  80  3 21 0900  -33.3  982.7    3.0  128.0   73.0  444.0
2019  80  3 21 1000  -33.5  983.1    3.0  136.0   72.0  444.0
2019  80  3 21 1100  -33.3  982.7    2.7  160.0   72.5  444.0
2019  80  3 21 1200  -33.1  982.7    1.7  177.0   72.0  444.0
2019  80  3 21 1300  -33.6  982.0    2.8  214.0   72.0  444.0
2019  80  3 21 1400  -33.4  981.8    0.0    0.0   72.0  444.0
2019  80  3 21 1500  -33.1  981.2    1.7  240.0   72.0  444.0
2019  80  3 21 1600  -31.1  981.4    4.7  138.0   73.7  444.0
2019  80  3 21 1700  -34.0  981.9    3.7  119.0   72.0  444.0
2019  80  3 21 1800  -34.7  982.2    4.9  133.0   71.0  444.0
2019  80  3 21 1900  -35.4  982.4    5.2  128.0   71.0  444.0
2019  80  3 21 2000  -35.7  982.7    6.0  122.0   71.0  444.0
2019  80  3 21 2100  -36.0  983.0    5.2  127.0   70.5  444.0
2019  80  3 21 2200  -34.6  983.2    4.3  123.0   71.0  444.0
2019  80  3 21 2300  -33.8  983.8    5.4  120.0   71.0  444.0
2019  81  3 22 0000  -34.3  984.1    4.9  126.0   70.1  444.0
2019  81  3 22 0100  -34.6  983.9    4.5  115.0   70.0  444.0
2019  81  3 22 0200  -34.2  984.1    3.9  140.0   71.0  444.0
2019  81  3 22 0300  -33.4  984.1    5.5  151.0   72.0  444.0
2019  81  3 22 0400  -32.5  984.1    4.9  134.0   72.5  444.0
2019  81  3 22 0500  -32.6  984.5    5.3  145.0   72.7  444.0
2019  81  3 22 0600  -32.8  984.7    4.6  141.0   73.0  444.0
2019  81  3 22 0700  -32.8  984.7    4.8  152.0   73.0  444.0
2019  81  3 22 0800  -32.8  984.7    4.4  148.0   73.0  444.0
2019  81  3 22 0900  -33.3  984.9    2.7  156.0   72.4  444.0
2019  81  3 22 1000  -34.4  984.9    1.8  150.0   72.0  444.0
2019  81  3 22 1100  -36.0  984.8    2.2  186.0   71.0  444.0
2019  81  3 22 1200  -37.0  984.9    3.0  197.0   70.0  444.0
2019  81  3 22 1300  -36.9  984.6    2.6  210.0   70.0  444.0
2019  81  3 22 1400  -37.3  984.1    2.5  204.0   70.0  444.0
2019  81  3 22 1500  -37.2  984.1    2.9  173.0   70.0  444.0
2019  81  3 22 1600  -36.8  984.1    2.9  156.0   70.0  444.0
2019  81  3 22 1700  -37.8  984.3    3.0  141.0   70.0  444.0
2019  81  3 22 1800  -38.4  984.4    2.6  134.0   69.0  444.0
2019  81  3 22 1900  -38.6  984.5    2.8  147.0   68.6  444.0
2019  81  3 22 2000  -38.7  984.8    2.2  162.0   68.0  444.0
2019  81  3 22 2100  -38.6  984.7    1.7  173.0   68.0  444.0
2019  81  3 22 2200  -37.5  984.8    1.5  190.0   67.0  444.0
2019  81  3 22 2300  -36.6  984.5    2.0  219.0   67.0  444.0
2019  82  3 23 0000  -37.3  984.4    2.4  216.0   67.0  444.0
2019  82  3 23 0100  -36.6  984.0    2.8  206.0   68.0  444.0
2019  82  3 23 0200  -35.2  983.7    3.4  181.0   69.0  444.0
2019  82  3 23 0300  -34.5  983.7    2.8  179.0   69.0  444.0
2019  82  3 23 0400  -35.0  983.6    2.2  185.0   69.3  444.0
2019  82  3 23 0500  -34.6  983.5    3.8  188.0   70.0  444.0
2019  82  3 23 0600  -34.5  983.1    2.8  195.0   71.0  444.0
2019  82  3 23 0700  -34.2  982.8    4.4  191.0   72.0  444.0
2019  82  3 23 0800  -33.6  982.6    4.0  184.0   72.0  444.0
2019  82  3 23 0900  -31.8  982.5    4.6  176.0   73.0  444.0
2019  82  3 23 1000  -30.1  982.1    5.2  166.0   74.0  444.0
2019  82  3 23 1100  -30.4  982.3    4.6  173.0   74.0  444.0
2019  82  3 23 1200  -30.2  982.1    4.9  173.0   74.0  444.0
2019  82  3 23 1300  -30.5  981.7    4.7  176.0   74.0  444.0
2019  82  3 23 1400  -30.3  981.3    4.8  180.0   74.0  444.0
2019  82  3 23 1500  -30.1  980.6    4.5  188.0   74.0  444.0
2019  82  3 23 1600  -29.9  979.9    3.8  194.0   74.0  444.0
2019  82  3 23 1700  -28.1  979.3    5.1  174.0   76.2  444.0
2019  82  3 23 1800  -27.1  978.5    6.0  166.0   76.0  444.0
2019  82  3 23 1900  -26.3  978.2    6.6  166.0   76.0  444.0
2019  82  3 23 2000  -29.4  977.5    5.4  190.0   74.0  444.0
2019  82  3 23 2100  -28.5  976.1    4.9  186.0   74.0  444.0
2019  82  3 23 2200  -29.2  974.3    3.5  214.0   73.3  444.0
2019  82  3 23 2300  -25.4  972.4    7.7  210.0   77.0  444.0
2019  83  3 24 0000  -22.1  971.3    9.4  190.0   79.0  444.0
2019  83  3 24 0100  -19.5  969.9   10.8  197.0   82.0  444.0
2019  83  3 24 0200  -15.6  967.6   13.0  197.0   82.0  444.0
2019  83  3 24 0300  -11.3  965.5   16.1  174.0   84.0  444.0
2019  83  3 24 0400  -10.6  963.9   16.8  164.0   91.0  444.0
2019  83  3 24 0500  -10.8  963.0   18.8  153.0   92.0  444.0
2019  83  3 24 0600  -11.0  962.0   18.5  156.0   91.8  444.0
2019  83  3 24 0700  -11.7  961.7   17.8  155.0   91.0  444.0
2019  83  3 24 0800  -12.0  961.5   16.8  152.0   91.0  444.0
2019  83  3 24 0900  -11.9  961.3   18.2  146.0   91.0  444.0
2019  83  3 24 1000  -12.6  961.9   17.9  146.0   90.0  444.0
2019  83  3 24 1100  -12.9  962.0   18.4  142.0   90.0  444.0
2019  83  3 24 1200  -12.9  962.2   19.4  143.0   90.0  444.0
2019  83  3 24 1300  -12.7  961.2   20.2  140.0   90.0  444.0
2019  83  3 24 1400  -12.3  961.3   19.7  143.0   91.0  444.0
2019  83  3 24 1500  -12.6  960.6   21.0  144.0   90.0  444.0
2019  83  3 24 1600  -12.7  960.2   22.5  146.0   90.0  444.0
2019  83  3 24 1700  -12.8  960.6   22.2  146.0   90.0  444.0
2019  83  3 24 1800  -12.8  961.5   21.7  147.0   90.0  444.0
2019  83  3 24 1900  -13.0  960.2   24.8  141.0   89.9  444.0
2019  83  3 24 2000  -13.5  961.3   22.4  143.0   90.0  444.0
2019  83  3 24 2100  -14.1  962.1   23.6  142.0   89.0  444.0
2019  83  3 24 2200  -14.3  963.8   21.3  140.0   88.0  444.0
2019  83  3 24 2300  -14.6  964.1   21.6  138.0   88.0  444.0
2019  84  3 25 0000  -14.9  965.5   20.2  110.0   88.0  444.0
2019  84  3 25 0100  -15.2  966.5   18.8  134.0   87.0  444.0
2019  84  3 25 0200  -15.7  967.7   16.6  141.0   87.0  444.0
2019  84  3 25 0300  -15.4  968.7   15.0  141.0   87.0  444.0
2019  84  3 25 0400  -15.2  969.5   13.7  149.0   87.8  444.0
2019  84  3 25 0500  -14.9  969.6   13.9  155.0   88.0  444.0
2019  84  3 25 0600  -14.4  969.5   14.3  146.0   89.0  444.0
2019  84  3 25 0700  -14.0  970.1   14.1  145.0   90.0  444.0
2019  84  3 25 0800  -13.7  970.7   11.8  151.0   90.1  444.0
2019  84  3 25 0900  -15.5  971.6   12.2  141.0   86.0  444.0
2019  84  3 25 1000  -18.6  972.2   14.8  133.0   84.0  444.0
2019  84  3 25 1100  -21.2  974.3   11.8  119.0   82.0  444.0
2019  84  3 25 1200  -24.6  976.8   10.8  108.0   79.6  444.0
2019  84  3 25 1300  -24.4  978.6    9.8  125.0   79.1  444.0
2019  84  3 25 1400  -25.3  979.9    8.3  139.0   78.0  444.0
2019  84  3 25 1500  -26.1  980.4    5.9  154.0   77.0  444.0
2019  84  3 25 1600  -26.3  980.7    6.7  169.0   78.0  444.0
2019  84  3 25 1700  -27.2  981.0    4.9  170.0   77.0  444.0
2019  84  3 25 1800  -26.8  981.7    5.9  152.0   77.0  444.0
2019  84  3 25 1900  -25.6  982.2    5.6  162.0   78.0  444.0
2019  84  3 25 2000  -27.5  982.1    4.8  174.0   78.0  444.0
2019  84  3 25 2100  -27.1  982.0    5.1  170.0   77.0  444.0
2019  84  3 25 2200  -25.7  982.3    5.9  174.0   75.9  444.0
2019  84  3 25 2300  -24.6  982.4    6.1  173.0   75.0  444.0
2019  85  3 26 0000  -24.5  982.3    6.7  159.0   75.0  444.0
2019  85  3 26 0100  -24.7  982.2    6.1  169.0   75.0  444.0
2019  85  3 26 0200  -24.3  982.3    6.3  176.0   75.0  444.0
2019  85  3 26 0300  -25.5  982.5    6.0  189.0   75.3  444.0
2019  85  3 26 0400  -24.7  982.8    6.7  176.0   76.0  444.0
2019  85  3 26 0500  -25.2  982.6    6.7  173.0   77.2  444.0
2019  85  3 26 0600  -27.1  982.6    4.9  200.0   76.0  444.0
2019  85  3 26 0700  -26.3  982.9    6.6  193.0   76.0  444.0
2019  85  3 26 0800  -25.4  983.1    7.2  188.0   76.0  444.0
2019  85  3 26 0900  -24.9  983.5    6.8  185.0   77.0  444.0
2019  85  3 26 1000  -23.8  983.5    8.3  183.0   78.0  444.0
2019  85  3 26 1100  -23.0  983.9    8.2  177.0   78.0  444.0
2019  85  3 26 1200  -23.6  984.2    7.3  183.0   76.0  444.0
2019  85  3 26 1300  -23.3  984.7    7.2  193.0   75.0  444.0
2019  85  3 26 1400  -23.7  985.2    6.5  197.0   73.0  444.0
2019  85  3 26 1500  -24.3  985.4    6.8  202.0   73.4  444.0
2019  85  3 26 1600  -26.0  985.2    5.6  203.0   72.0  444.0
2019  85  3 26 1700  -25.3  985.5    6.2  201.0   72.3  444.0
2019  85  3 26 1800  -26.0  985.7    5.2  201.0   72.0  444.0
2019  85  3 26 1900  -26.1  985.9    5.3  201.0   73.0  444.0
2019  85  3 26 2000  -26.4  986.0    4.8  201.0   73.3  444.0
2019  85  3 26 2100  -26.1  985.9    5.1  198.0   74.0  444.0
2019  85  3 26 2200  -25.8  986.0    5.9  196.0   73.0  444.0
2019  85  3 26 2300  -25.9  986.4    4.9  201.0   71.0  444.0
2019  86  3 27 0000  -25.8  986.4    5.9  197.0   70.0  444.0
2019  86  3 27 0100  -26.1  986.8    5.7  200.0   70.6  444.0
2019  86  3 27 0200  -24.5  987.0    5.2  190.0   71.0  444.0
2019  86  3 27 0300  -23.7  986.2    6.5  190.0   72.0  444.0
2019  86  3 27 0400  -21.8  986.5    6.6  187.0   71.0  444.0
2019  86  3 27 0500  -25.8  986.3    6.6  201.0   72.0  444.0
2019  86  3 27 0600  -25.8  986.2    6.1  206.0   69.3  444.0
2019  86  3 27 0700  -25.9  985.9    6.8  222.0   69.0  444.0
2019  86  3 27 0800  -23.8  985.6    7.7  214.0   69.0  444.0
2019  86  3 27 0900  -24.3  985.5    6.2  201.0   69.0  444.0
2019  86  3 27 1000  -24.9  985.0    6.5  214.0   69.0  444.0
2019  86  3 27 1100  -26.2  984.9    4.1  208.0   68.0  444.0
2019  86  3 27 1200  -27.5  984.3    4.2  207.0   68.0  444.0
2019  86  3 27 1300  -27.9  984.0    3.4  198.0   71.6  444.0
2019  86  3 27 1400  -28.2  983.5    4.6  202.0   71.1  444.0
2019  86  3 27 1500  -28.8  983.1    3.8  208.0   71.0  444.0
2019  86  3 27 1600  -31.4  983.0    3.4  230.0   71.0  444.0
2019  86  3 27 1700  -30.1  982.8    4.1  216.0   71.0  444.0
2019  86  3 27 1800  -31.8  982.5    3.1  217.0   71.8  444.0
2019  86  3 27 1900  -32.8  982.3    3.4  208.0   71.4  444.0
2019  86  3 27 2000  -33.5  982.0    3.1  220.0   71.0  444.0
2019  86  3 27 2100  -33.7  981.7    3.6  213.0   70.0  444.0
2019  86  3 27 2200  -33.9  981.3    3.3  180.0   70.0  444.0
2019  86  3 27 2300  -33.9  981.3    2.4  184.0   69.3  444.0
2019  87  3 28 0000  -34.5  981.2    1.9  242.0   68.0  444.0
2019  87  3 28 0100  -34.6  980.8    1.7  252.0   69.0  444.0
2019  87  3 28 0200  -34.0  980.6    1.1  212.0   71.0  444.0
2019  87  3 28 0300  -35.0  980.4    1.9  178.0   70.8  444.0
2019  87  3 28 0400  -35.6  980.2    1.8  203.0   70.0  444.0
2019  87  3 28 0500  -34.9  980.0    2.5  154.0   70.0  444.0
2019  87  3 28 0600  -34.5  979.9    2.3  140.0   71.0  444.0
2019  87  3 28 0700  -36.1  980.0    2.8  151.0   71.2  444.0
2019  87  3 28 0800  -37.7  979.7    2.4  143.0   70.2  444.0
2019  87  3 28 0900  -37.9  979.6    2.1  157.0   70.0  444.0
2019  87  3 28 1000  -37.9  979.4    3.1  147.0   70.0  444.0
2019  87  3 28 1100  -37.8  979.2    3.2  130.0   70.1  444.0
2019  87  3 28 1200  -37.5  979.3    2.0  184.0   70.0  444.0
2019  87  3 28 1300  -35.3  979.2    1.5  168.0   71.5  444.0
2019  87  3 28 1400  -31.7  979.1    2.8  122.0   73.0  444.0
2019  87  3 28 1500  -30.6  978.9    3.6  138.0   73.0  444.0
2019  87  3 28 1600  -30.0  978.9    1.3  126.0   73.7  444.0
2019  87  3 28 1700  -30.1  979.3    1.1  311.0   73.4  444.0
2019  87  3 28 1800  -28.2  979.0    2.4  157.0   73.0  444.0
2019  87  3 28 1900  -26.9  978.9    3.4  162.0   71.0  444.0
2019  87  3 28 2000  -27.0  978.8    2.7  186.0   73.0  444.0
2019  87  3 28 2100  -26.5  978.5    4.0  147.0   71.4  444.0
2019  87  3 28 2200  -26.6  978.6    2.5  175.0   73.0  444.0
2019  87  3 28 2300  -26.4  978.2    3.0  176.0   72.0  444.0
2019  88  3 29 0000  -27.5  978.1    3.5  200.0   71.0  444.0
2019  88  3 29 0100  -29.9  977.7    3.9  177.0   67.8  444.0
2019  88  3 29 0200  -30.8  977.4    3.0  176.0   68.4  444.0
2019  88  3 29 0300  -32.6  976.7    2.0  230.0   69.0  444.0
2019  88  3 29 0400  -34.0  976.4    2.6  222.0   70.0  444.0
2019  88  3 29 0500  -35.3  976.3    3.0  188.0   71.0  444.0
2019  88  3 29 0600  -34.2  976.2    5.0  137.0   70.4  444.0
2019  88  3 29 0700  -36.1  976.2    5.0  139.0   69.0  444.0
2019  88  3 29 0800  -37.1  976.2    4.6  146.0   69.0  444.0
2019  88  3 29 0900  -38.1  976.2    4.3  146.0   69.0  444.0
2019  88  3 29 1000  -38.8  976.2    4.3  161.0   69.0  444.0
2019  88  3 29 1100  -39.5  976.2    4.0  160.0   68.7  444.0
2019  88  3 29 1200  -39.8  976.0    4.0  155.0   69.0  444.0
2019  88  3 29 1300  -39.3  976.1    3.7  154.0   69.0  444.0
2019  88  3 29 1400  -37.9  975.9    5.6  148.0   70.0  444.0
2019  88  3 29 1500  -36.7  976.1    6.3  136.0   70.0  444.0
2019  88  3 29 1600  -36.2  975.8    5.7  149.0   70.0  444.0
2019  88  3 29 1700  -35.6  975.8    6.2  147.0   70.0  444.0
2019  88  3 29 1800  -35.0  975.6    6.0  153.0   71.0  444.0
2019  88  3 29 1900  -34.0  975.7    6.1  151.0   71.0  444.0
2019  88  3 29 2000  -33.3  975.5    6.6  152.0   72.0  444.0
2019  88  3 29 2100  -33.1  975.3    7.2  151.0   72.0  444.0
2019  88  3 29 2200  -32.9  975.4    7.3  152.0   72.0  444.0
2019  88  3 29 2300  -33.0  975.3    7.2  153.0   72.0  444.0
2019  89  3 30 0000  -33.8  975.2    6.2  158.0   71.0  444.0
2019  89  3 30 0100  -33.6  975.1    5.5  152.0   70.5  444.0
2019  89  3 30 0200  -33.9  974.7    6.0  157.0   70.0  444.0
2019  89  3 30 0300  -34.5  975.0    5.1  161.0   71.0  444.0
2019  89  3 30 0400  -35.1  975.0    5.5  148.0   70.8  444.0
2019  89  3 30 0500  -36.4  975.1    3.4  160.0   70.0  444.0
2019  89  3 30 0600  -36.0  975.2    4.3  146.0   70.0  444.0
2019  89  3 30 0700  -37.2  975.3    3.5  176.0   69.0  444.0
2019  89  3 30 0800  -38.1  975.6    3.5  189.0   69.0  444.0
2019  89  3 30 0900  -37.1  975.6    4.1  194.0   69.6  444.0
2019  89  3 30 1000  -37.9  975.5    3.6  202.0   69.0  444.0
2019  89  3 30 1100  -37.8  975.5    2.8  228.0   70.0  444.0
2019  89  3 30 1200  -34.5  975.1    3.2  190.0   71.0  444.0
2019  89  3 30 1300  -33.7  975.1    3.0  163.0   70.0  444.0
2019  89  3 30 1400  -34.2  974.7    4.7  215.0   70.0  444.0
2019  89  3 30 1500  -36.2  974.9    4.0  208.0   70.0  444.0
2019  89  3 30 1600  -37.2  974.7    3.0  195.0   70.0  444.0
2019  89  3 30 1700  -37.0  974.8    4.7  167.0   70.0  444.0
2019  89  3 30 1800  -38.4  975.5    5.0  163.0   69.0  444.0
2019  89  3 30 1900  -39.9  976.0    2.5  173.0   68.8  444.0
2019  89  3 30 2000  -39.8  976.4    3.4  162.0   69.0  444.0
2019  89  3 30 2100  -38.9  977.5    6.3  138.0   69.0  444.0
2019  89  3 30 2200  -36.1  978.7    7.0  136.0   70.0  444.0
2019  89  3 30 2300  -35.1  979.9    8.2  125.0   70.0  444.0
2019  90  3 31 0000  -36.4  981.2    7.6  136.0   70.0  444.0
2019  90  3 31 0100  -37.1  981.8    5.2  146.0   69.0  444.0
2019  90  3 31 0200  -37.9  981.9    4.8  175.0   69.0  444.0
2019  90  3 31 0300  -36.8  982.3    6.0  206.0   68.0  444.0
2019  90  3 31 0400  -36.8  981.8    6.3  188.0   69.0  444.0
2019  90  3 31 0500  -38.7  981.6    4.5  217.0   69.0  444.0
2019  90  3 31 0600  -35.5  981.6    6.0  202.0   71.0  444.0
2019  90  3 31 0700  -37.2  981.6    4.1  210.0   69.7  444.0
2019  90  3 31 0800  -38.4  981.8    4.0  216.0   69.0  444.0
2019  90  3 31 0900  -38.0  981.7    4.3  202.0   70.0  444.0
2019  90  3 31 1000  -38.0  982.0    4.0  195.0   70.0  444.0
2019  90  3 31 1100  -39.2  981.8    3.3  218.0   69.0  444.0
2019  90  3 31 1200  -39.1  981.7    4.4  212.0   69.2  444.0
2019  90  3 31 1300  -39.2  981.3    3.5  202.0   69.0  444.0
2019  90  3 31 1400  -39.9  981.3    4.1  209.0   68.0  444.0
2019  90  3 31 1500  -39.5  981.3    1.7  200.0   69.0  444.0
2019  90  3 31 1600  -40.4  981.2    2.8  231.0   68.0  444.0
2019  90  3 31 1700  -39.3  981.0    2.7  225.0   68.0  444.0
2019  90  3 31 1800  -40.5  980.8    2.9  231.0   68.0  444.0
2019  90  3 31 1900  -38.4  980.4    3.6  224.0   69.0  444.0
2019  90  3 31 2000  -39.2  980.5    3.5  252.0   68.0  444.0
2019  90  3 31 2100  -39.9  980.0    2.6  245.0   68.0  444.0
2019  90  3 31 2200  -39.5  979.9    2.7  214.0   67.1  444.0
2019  90  3 31 2300  -38.7  979.7    2.2  218.0   67.0  444.0
