Year: 2023  Month: 10  ID: LET  ARGOS:  8928  Name: Lettau              
Lat: 82.48S  Lon: 174.59W  Elev:   38m
2023 274 10  1 0000  -31.3  976.5    2.0  186.0   70.7  444.0
2023 274 10  1 0100  -30.9  975.8    2.4  185.0   71.0  444.0
2023 274 10  1 0200  -29.7  974.7    3.8  184.0   71.8  444.0
2023 274 10  1 0300  -29.5  974.0    2.8  191.0   72.0  444.0
2023 274 10  1 0400  -27.4  973.5    5.5  198.0   75.0  444.0
2023 274 10  1 0500  -28.4  973.0    5.0  215.0   74.0  444.0
2023 274 10  1 0600  -30.2  972.9    3.3  201.0   73.0  444.0
2023 274 10  1 0700  -32.7  972.7    3.6  183.0   72.4  444.0
2023 274 10  1 0800  -32.4  972.4    3.9  184.0   73.0  444.0
2023 274 10  1 0900  -32.4  972.0    3.8  186.0   73.0  444.0
2023 274 10  1 1000  -33.2  971.5    3.0  183.0   72.0  444.0
2023 274 10  1 1100  -34.1  971.2    3.0  183.0   72.0  444.0
2023 274 10  1 1200  -33.6  970.8    3.5  185.0   72.0  444.0
2023 274 10  1 1300  -34.4  970.5    2.8  196.0   71.0  444.0
2023 274 10  1 1400  -35.5  970.3    1.6  195.0   71.0  444.0
2023 274 10  1 1500  -36.5  969.9    0.0    0.0   70.0  444.0
2023 274 10  1 1600  -36.0  969.3    0.9  185.0   70.0  444.0
2023 274 10  1 1700  -35.1  969.0    2.7  184.0   70.0  444.0
2023 274 10  1 1800  -34.8  968.6    2.8  185.0   70.0  444.0
2023 274 10  1 1900  -34.5  968.5    0.0    0.0   70.0  444.0
2023 274 10  1 2000  -32.9  968.0    1.8  186.0   71.0  444.0
2023 274 10  1 2100  -32.5  967.8    0.0    0.0   70.0  444.0
2023 274 10  1 2200  -32.3  967.5    0.0    0.0   69.9  444.0
2023 274 10  1 2300  -32.5  967.4    0.0    0.0   70.0  444.0
2023 275 10  2 0000  -32.2  967.1    0.0    0.0   70.0  444.0
2023 275 10  2 0100  -31.0  966.7    2.5  221.0   71.0  444.0
2023 275 10  2 0200  -32.9  966.6    2.6  241.0   70.0  444.0
2023 275 10  2 0300  -34.7  966.7    2.0  240.0   69.0  444.0
2023 275 10  2 0400  -35.8  966.6  444.0  444.0   69.0  444.0
2023 275 10  2 0500  -36.0  966.6  444.0  444.0   68.0  444.0
2023 275 10  2 0600  -35.9  966.1  444.0  444.0   68.0  444.0
2023 275 10  2 0700  -33.5  965.4  444.0  444.0   68.0  444.0
2023 275 10  2 0800  -35.2  964.9  444.0  444.0   68.0  444.0
2023 275 10  2 0900  -37.9  964.6  444.0  444.0   68.0  444.0
2023 275 10  2 1000  -39.9  964.4  444.0  444.0   68.0  444.0
2023 275 10  2 1100  -38.6  963.8  444.0  444.0   68.0  444.0
2023 275 10  2 1200  -40.0  963.1  444.0  444.0   68.1  444.0
2023 275 10  2 1300  -34.8  962.5  444.0  444.0   69.0  444.0
2023 275 10  2 1400  -34.4  962.1  444.0  444.0   68.0  444.0
2023 275 10  2 1500  -29.7  961.6  444.0  444.0   72.0  444.0
2023 275 10  2 1600  -27.6  961.3  444.0  444.0   72.0  444.0
2023 275 10  2 1700  -29.5  960.9  444.0  444.0   72.4  444.0
2023 275 10  2 1800  -28.0  960.4  444.0  444.0   73.0  444.0
2023 275 10  2 1900  -28.9  959.8  444.0  444.0   72.0  444.0
2023 275 10  2 2000  -28.6  959.7  444.0  444.0   75.0  444.0
2023 275 10  2 2100  -29.5  959.7  444.0  444.0   74.0  444.0
2023 275 10  2 2200  -29.0  959.2  444.0  444.0   74.4  444.0
2023 275 10  2 2300  -31.5  959.6    0.4  262.0   73.0  444.0
2023 276 10  3 0000  -34.1  959.5    2.0  273.0   71.0  444.0
2023 276 10  3 0100  -38.1  960.1    0.0    0.0   69.0  444.0
2023 276 10  3 0200  -39.2  960.0    0.0    0.0   68.0  444.0
2023 276 10  3 0300  -39.1  960.4    2.1  264.0   66.8  444.0
2023 276 10  3 0400  -40.5  960.9  444.0  444.0   66.0  444.0
2023 276 10  3 0500  -40.4  960.8  444.0  444.0   67.0  444.0
2023 276 10  3 0600  -39.6  960.7  444.0  444.0   68.0  444.0
2023 276 10  3 0700  -39.2  960.8  444.0  444.0   69.0  444.0
2023 276 10  3 0800  -37.3  961.1  444.0  444.0   70.1  444.0
2023 276 10  3 0900  -36.4  961.3  444.0  444.0   71.0  444.0
2023 276 10  3 1000  -35.3  961.2  444.0  444.0   71.0  444.0
2023 276 10  3 1100  -34.5  961.1  444.0  444.0   72.0  444.0
2023 276 10  3 1200  -33.5  961.0  444.0  444.0   72.0  444.0
2023 276 10  3 1300  -33.3  961.0  444.0  444.0   72.0  444.0
2023 276 10  3 1400  -32.9  961.1  444.0  444.0   73.0  444.0
2023 276 10  3 1500  -32.2  961.2  444.0  444.0   73.0  444.0
2023 276 10  3 1600  -32.5  961.1  444.0  444.0   72.0  444.0
2023 276 10  3 1700  -33.0  961.4  444.0  444.0   72.0  444.0
2023 276 10  3 1800  -32.5  961.4  444.0  444.0   71.3  444.0
2023 276 10  3 1900  -33.8  961.6  444.0  444.0   70.0  444.0
2023 276 10  3 2000  -33.3  961.8  444.0  444.0   70.0  444.0
2023 276 10  3 2100  -32.5  962.0  444.0  444.0   70.0  444.0
2023 276 10  3 2200  -32.4  962.3  444.0  444.0   71.0  444.0
2023 276 10  3 2300  -32.8  962.6  444.0  444.0   71.1  444.0
2023 277 10  4 0000  -32.4  962.5  444.0  444.0   71.0  444.0
2023 277 10  4 0100  -32.1  962.7  444.0  444.0   72.0  444.0
2023 277 10  4 0200  -31.6  962.5  444.0  444.0   72.0  444.0
2023 277 10  4 0300  -32.1  962.8  444.0  444.0   72.0  444.0
2023 277 10  4 0400  -32.2  962.7  444.0  444.0   72.0  444.0
2023 277 10  4 0500  -32.5  962.9  444.0  444.0   72.1  444.0
2023 277 10  4 0600  -33.5  962.8  444.0  444.0   72.0  444.0
2023 277 10  4 0700  -33.9  963.1  444.0  444.0   72.0  444.0
2023 277 10  4 0800  -33.4  963.5  444.0  444.0   72.0  444.0
2023 277 10  4 0900  -34.5  964.2  444.0  444.0   71.0  444.0
2023 277 10  4 1000  -32.5  964.8  444.0  444.0   73.0  444.0
2023 277 10  4 1100  -32.7  965.1  444.0  444.0   73.0  444.0
2023 277 10  4 1200  -35.4  965.3  444.0  444.0   71.0  444.0
2023 277 10  4 1300  -37.1  965.6  444.0  444.0   70.0  444.0
2023 277 10  4 1400  -37.1  965.9    2.6  224.0   70.0  444.0
2023 277 10  4 1500  -38.0  966.0    0.0    0.0   69.0  444.0
2023 277 10  4 1600  -38.3  966.3    0.0    0.0   69.0  444.0
2023 277 10  4 1700  -36.5  966.3    0.0    0.0   71.0  444.0
2023 277 10  4 1800  -34.8  966.9    0.0    0.0   71.5  444.0
2023 277 10  4 1900  -33.3  966.6    0.0    0.0   72.0  444.0
2023 277 10  4 2000  -33.2  966.6    1.2  188.0   72.0  444.0
2023 277 10  4 2100  -32.5  966.4  444.0  444.0   72.0  444.0
2023 277 10  4 2200  -34.9  966.5  444.0  444.0   70.0  444.0
2023 277 10  4 2300  -33.9  966.1  444.0  444.0   71.2  444.0
2023 278 10  5 0000  -33.5  966.0  444.0  444.0   70.0  444.0
2023 278 10  5 0100  -34.1  965.7  444.0  444.0   69.0  444.0
2023 278 10  5 0200  -33.8  965.6  444.0  444.0   70.0  444.0
2023 278 10  5 0300  -34.0  965.3  444.0  444.0   71.0  444.0
2023 278 10  5 0400  -34.2  965.0  444.0  444.0   70.3  444.0
2023 278 10  5 0500  -34.5  964.9  444.0  444.0   70.0  444.0
2023 278 10  5 0600  -35.4  964.5  444.0  444.0   70.0  444.0
2023 278 10  5 0700  -35.8  964.2  444.0  444.0   70.0  444.0
2023 278 10  5 0800  -36.5  964.1  444.0  444.0   69.0  444.0
2023 278 10  5 0900  -34.9  964.0  444.0  444.0   70.8  444.0
2023 278 10  5 1000  -36.0  964.0  444.0  444.0   70.0  444.0
2023 278 10  5 1100  -36.1  963.9  444.0  444.0   69.0  444.0
2023 278 10  5 1200  -35.9  963.8  444.0  444.0   70.0  444.0
2023 278 10  5 1300  -34.8  963.7  444.0  444.0   71.0  444.0
2023 278 10  5 1400  -35.2  963.5  444.0  444.0   69.0  444.0
2023 278 10  5 1500  -36.6  963.3  444.0  444.0   69.0  444.0
2023 278 10  5 1600  -37.3  963.4  444.0  444.0   69.0  444.0
2023 278 10  5 1700  -37.8  963.3  444.0  444.0   68.0  444.0
2023 278 10  5 1800  -35.3  963.3  444.0  444.0   70.0  444.0
2023 278 10  5 1900  -34.3  963.3  444.0  444.0   70.0  444.0
2023 278 10  5 2000  -30.1  963.4  444.0  444.0   73.0  444.0
2023 278 10  5 2100  -27.5  963.0  444.0  444.0   75.0  444.0
2023 278 10  5 2200  -24.9  963.2    0.3  187.0   77.0  444.0
2023 278 10  5 2300  -24.9  963.5    4.9  221.0   77.0  444.0
2023 279 10  6 0000  -26.5  963.7    4.2  214.0   76.0  444.0
2023 279 10  6 0100  -27.8  964.0    2.8  219.0   75.0  444.0
2023 279 10  6 0200  -28.0  964.3    3.8  216.0   75.0  444.0
2023 279 10  6 0300  -27.8  964.5    3.2  188.0   75.4  444.0
2023 279 10  6 0400  -27.7  964.9    5.0  201.0   76.0  444.0
2023 279 10  6 0500  -28.2  965.4    4.6  199.0   76.0  444.0
2023 279 10  6 0600  -28.4  965.6    4.6  204.0   76.0  444.0
2023 279 10  6 0700  -28.1  965.8    4.8  194.0   76.0  444.0
2023 279 10  6 0800  -27.9  965.8    1.3  186.0   76.3  444.0
2023 279 10  6 0900  -28.0  966.1    5.8  191.0   76.0  444.0
2023 279 10  6 1000  -28.1  966.5    5.9  195.0   76.0  444.0
2023 279 10  6 1100  -28.1  966.8    4.7  201.0   76.0  444.0
2023 279 10  6 1200  -28.8  967.4    4.6  246.0   75.0  444.0
2023 279 10  6 1300  -29.4  967.9    3.4  233.0   74.5  444.0
2023 279 10  6 1400  -32.1  968.1    3.0  257.0   73.0  444.0
2023 279 10  6 1500  -34.6  968.6    2.0  226.0   69.0  444.0
2023 279 10  6 1600  -34.0  969.4    3.5  254.0   72.0  444.0
2023 279 10  6 1700  -34.5  969.9    3.5  253.0   71.0  444.0
2023 279 10  6 1800  -33.7  970.4    2.2  226.0   71.0  444.0
2023 279 10  6 1900  -34.2  971.0    2.8  241.0   70.0  444.0
2023 279 10  6 2000  -36.0  971.7    1.2  231.0   69.0  444.0
2023 279 10  6 2100  -34.7  972.1    0.0    0.0   71.0  444.0
2023 279 10  6 2200  -34.7  972.5    2.6  265.0   71.0  444.0
2023 279 10  6 2300  -34.1  973.0    2.6  257.0   70.7  444.0
2023 280 10  7 0000  -34.2  973.5    1.8  232.0   71.0  444.0
2023 280 10  7 0100  -34.0  973.7    2.2  212.0   71.0  444.0
2023 280 10  7 0200  -35.8  974.3    2.8  202.0   69.0  444.0
2023 280 10  7 0300  -36.5  974.8  444.0  444.0   68.0  444.0
2023 280 10  7 0400  -36.7  975.2  444.0  444.0   69.0  444.0
2023 280 10  7 0500  -36.9  975.4  444.0  444.0   68.0  444.0
2023 280 10  7 0600  -37.9  975.6  444.0  444.0   68.0  444.0
2023 280 10  7 0700  -38.7  975.6  444.0  444.0   68.0  444.0
2023 280 10  7 0800  -39.5  976.1  444.0  444.0   68.0  444.0
2023 280 10  7 0900  -39.6  976.2  444.0  444.0   68.0  444.0
2023 280 10  7 1000  -40.4  976.1  444.0  444.0   68.0  444.0
2023 280 10  7 1100  -40.6  976.1  444.0  444.0   68.0  444.0
2023 280 10  7 1200  -38.5  976.0  444.0  444.0   69.0  444.0
2023 280 10  7 1300  -38.9  975.9  444.0  444.0   69.0  444.0
2023 280 10  7 1400  -39.9  975.8  444.0  444.0   68.0  444.0
2023 280 10  7 1500  -37.6  975.8  444.0  444.0   69.0  444.0
2023 280 10  7 1600  -36.0  976.2    2.5  219.0   70.5  444.0
2023 280 10  7 1700  -36.0  976.6    2.3  226.0   69.0  444.0
2023 280 10  7 1800  -38.0  977.0    3.1  231.0   68.0  444.0
2023 280 10  7 1900  -38.9  977.7    3.4  227.0   67.0  444.0
2023 280 10  7 2000  -38.0  977.8    2.8  230.0   69.0  444.0
2023 280 10  7 2100  -37.2  978.4    2.9  223.0   67.8  444.0
2023 280 10  7 2200  -37.6  978.2    1.7  206.0   68.3  444.0
2023 280 10  7 2300  -36.4  978.1    2.0  204.0   69.0  444.0
2023 281 10  8 0000  -35.1  978.2    3.6  222.0   69.0  444.0
2023 281 10  8 0100  -36.5  978.0    0.0    0.0   67.0  444.0
2023 281 10  8 0200  -36.9  978.4    0.0    0.0   66.4  444.0
2023 281 10  8 0300  -37.1  978.1    1.8  241.0   67.0  444.0
2023 281 10  8 0400  -37.6  977.6  444.0  444.0   66.8  444.0
2023 281 10  8 0500  -38.6  977.4  444.0  444.0   67.0  444.0
2023 281 10  8 0600  -39.5  977.3  444.0  444.0   66.0  444.0
2023 281 10  8 0700  -40.2  977.2  444.0  444.0   66.9  444.0
2023 281 10  8 0800  -42.0  976.9  444.0  444.0   66.0  444.0
2023 281 10  8 0900  -42.4  976.9  444.0  444.0   66.8  444.0
2023 281 10  8 1000  -41.8  976.2  444.0  444.0   66.0  444.0
2023 281 10  8 1100  -42.8  975.4  444.0  444.0   66.0  444.0
2023 281 10  8 1200  -42.6  974.6  444.0  444.0   66.0  444.0
2023 281 10  8 1300  -41.1  973.2  444.0  444.0   66.0  444.0
2023 281 10  8 1400  -41.6  971.9  444.0  444.0   67.0  444.0
2023 281 10  8 1500  -36.8  971.0    2.9  238.0   70.0  444.0
2023 281 10  8 1600  -34.5  969.6    3.3  238.0   71.0  444.0
2023 281 10  8 1700  -33.2  968.6    5.0  219.0   72.0  444.0
2023 281 10  8 1800  -33.3  967.5    4.3  218.0   71.0  444.0
2023 281 10  8 1900  -36.2  966.8    5.3  228.0   68.4  444.0
2023 281 10  8 2000  -37.5  966.1    2.8  208.0   67.2  444.0
2023 281 10  8 2100  -35.5  965.0    2.7  201.0   70.0  444.0
2023 281 10  8 2200  -33.2  964.0    1.6  187.0   71.0  444.0
2023 281 10  8 2300  -31.6  962.8    3.6  196.0   72.0  444.0
2023 282 10  9 0000  -32.6  961.9    2.5  187.0   70.7  444.0
2023 282 10  9 0100  -34.7  960.6    0.0    0.0   68.0  444.0
2023 282 10  9 0200  -34.0  959.7    0.0    0.0   69.0  444.0
2023 282 10  9 0300  -33.9  958.8    4.0  199.0   68.0  444.0
2023 282 10  9 0400  -35.4  958.4    3.3  201.0   69.0  444.0
2023 282 10  9 0500  -36.4  957.8    3.4  185.0   69.1  444.0
2023 282 10  9 0600  -35.8  957.3    0.0    0.0   70.0  444.0
2023 282 10  9 0700  -34.0  956.5    3.0  186.0   71.0  444.0
2023 282 10  9 0800  -32.3  956.1    3.9  186.0   73.0  444.0
2023 282 10  9 0900  -31.8  955.2    0.1  186.0   72.0  444.0
2023 282 10  9 1000  -30.4  954.7    3.9  186.0   73.7  444.0
2023 282 10  9 1100  -32.6  954.4    2.9  184.0   72.0  444.0
2023 282 10  9 1200  -33.5  954.6    3.6  214.0   72.0  444.0
2023 282 10  9 1300  -33.8  954.5    3.2  209.0   72.0  444.0
2023 282 10  9 1400  -31.8  954.0    3.1  193.0   73.0  444.0
2023 282 10  9 1500  -30.5  953.6    1.5  187.0   74.4  444.0
2023 282 10  9 1600  -29.7  952.7    0.0    0.0   75.0  444.0
2023 282 10  9 1700  -27.8  952.6    0.0    0.0   76.0  444.0
2023 282 10  9 1800  -26.8  952.0    0.8  187.0   77.0  444.0
2023 282 10  9 1900  -24.8  951.5    3.3  226.0   78.0  444.0
2023 282 10  9 2000  -24.7  950.8    0.4  236.0   78.0  444.0
2023 282 10  9 2100  -25.5  951.3    0.3  260.0   76.4  444.0
2023 282 10  9 2200  -27.5  953.0    0.0    0.0   73.0  444.0
2023 282 10  9 2300  -28.5  955.2    4.5  268.0   75.0  444.0
2023 283 10 10 0000  -29.6  956.8    5.8  220.0   73.0  444.0
2023 283 10 10 0100  -30.9  957.9    4.8  229.0   71.0  444.0
2023 283 10 10 0200  -27.7  957.3    4.0  239.0   73.1  444.0
2023 283 10 10 0300  -25.5  956.9    3.0  210.0   77.0  444.0
2023 283 10 10 0400  -24.4  955.8    2.0  204.0   79.0  444.0
2023 283 10 10 0500  -21.9  955.8    5.8  246.0   80.0  444.0
2023 283 10 10 0600  -21.3  955.2    7.5  222.0   81.0  444.0
2023 283 10 10 0700  -21.2  954.3    7.5  222.0   82.0  444.0
2023 283 10 10 0800  -20.7  953.4    8.3  216.0   83.0  444.0
2023 283 10 10 0900  -20.0  952.3    8.6  212.0   83.6  444.0
2023 283 10 10 1000  -18.9  950.5    8.8  208.0   85.0  444.0
2023 283 10 10 1100  -17.6  948.8    9.8  202.0   87.0  444.0
2023 283 10 10 1200  -16.8  947.2   10.0  201.0   88.0  444.0
2023 283 10 10 1300  -16.0  946.4   10.1  196.0   89.0  444.0
2023 283 10 10 1400  -15.0  945.7    9.9  198.0   90.8  444.0
2023 283 10 10 1500  -15.1  944.4  444.0  444.0   91.0  444.0
2023 283 10 10 1600  -14.8  943.7  444.0  444.0   91.0  444.0
2023 283 10 10 1700  -14.7  943.0  444.0  444.0   91.0  444.0
2023 283 10 10 1800  -14.6  942.5  444.0  444.0   91.0  444.0
2023 283 10 10 1900  -14.3  942.6  444.0  444.0   91.0  444.0
2023 283 10 10 2000  -14.2  942.6  444.0  444.0   91.0  444.0
2023 283 10 10 2100  -14.5  943.0  444.0  444.0   90.0  444.0
2023 283 10 10 2200  -14.7  942.6  444.0  444.0   89.0  444.0
2023 283 10 10 2300  -18.6  943.3  444.0  444.0   84.0  444.0
2023 284 10 11 0000  -18.9  943.5  444.0  444.0   83.4  444.0
2023 284 10 11 0100  -20.1  944.8  444.0  444.0   82.0  444.0
2023 284 10 11 0200  -23.9  946.5  444.0  444.0   79.0  444.0
2023 284 10 11 0300  -26.8  947.4  444.0  444.0   76.5  444.0
2023 284 10 11 0400  -28.7  948.3  444.0  444.0   76.0  444.0
2023 284 10 11 0500  -28.4  948.8  444.0  444.0   76.0  444.0
2023 284 10 11 0600  -28.3  949.3  444.0  444.0   76.0  444.0
2023 284 10 11 0700  -28.6  950.1  444.0  444.0   76.0  444.0
2023 284 10 11 0800  -29.5  951.1  444.0  444.0   74.7  444.0
2023 284 10 11 0900  -31.7  952.1  444.0  444.0   73.0  444.0
2023 284 10 11 1000  -31.9  952.9  444.0  444.0   73.0  444.0
2023 284 10 11 1100  -31.3  954.0  444.0  444.0   74.0  444.0
2023 284 10 11 1200  -31.3  954.8  444.0  444.0   75.0  444.0
2023 284 10 11 1300  -30.2  955.7  444.0  444.0   75.2  444.0
2023 284 10 11 1400  -29.2  956.8  444.0  444.0   76.0  444.0
2023 284 10 11 1500  -28.6  958.1  444.0  444.0   76.0  444.0
2023 284 10 11 1600  -27.6  959.1  444.0  444.0   77.0  444.0
2023 284 10 11 1700  -26.6  960.2  444.0  444.0   77.0  444.0
2023 284 10 11 1800  -26.3  961.5  444.0  444.0   76.0  444.0
2023 284 10 11 1900  -26.7  962.7  444.0  444.0   76.7  444.0
2023 284 10 11 2000  -25.5  964.1  444.0  444.0   77.0  444.0
2023 284 10 11 2100  -24.3  965.6  444.0  444.0   78.0  444.0
2023 284 10 11 2200  -23.5  967.1  444.0  444.0   78.0  444.0
2023 284 10 11 2300  -24.6  968.6  444.0  444.0   76.0  444.0
2023 285 10 12 0000  -26.2  970.4  444.0  444.0   75.0  444.0
2023 285 10 12 0100  -25.9  972.3  444.0  444.0   75.0  444.0
2023 285 10 12 0200  -26.4  974.1  444.0  444.0   75.0  444.0
2023 285 10 12 0300  -26.7  976.0  444.0  444.0   74.0  444.0
2023 285 10 12 0400  -27.5  977.6  444.0  444.0   75.0  444.0
2023 285 10 12 0500  -28.0  979.3  444.0  444.0   75.0  444.0
2023 285 10 12 0600  -28.9  981.0  444.0  444.0   74.3  444.0
2023 285 10 12 0700  -30.4  982.4  444.0  444.0   73.0  444.0
2023 285 10 12 0800  -30.8  983.6  444.0  444.0   74.0  444.0
2023 285 10 12 0900  -29.4  984.6  444.0  444.0   75.0  444.0
2023 285 10 12 1000  -29.4  985.7  444.0  444.0   75.0  444.0
2023 285 10 12 1100  -29.4  986.4  444.0  444.0   74.9  444.0
2023 285 10 12 1200  -29.5  987.0  444.0  444.0   74.0  444.0
2023 285 10 12 1300  -30.6  987.8  444.0  444.0   73.0  444.0
2023 285 10 12 1400  -32.3  988.5  444.0  444.0   72.0  444.0
2023 285 10 12 1500  -33.2  988.7  444.0  444.0   71.8  444.0
2023 285 10 12 1600  -33.5  989.4  444.0  444.0   72.0  444.0
2023 285 10 12 1700  -34.2  989.8  444.0  444.0   70.0  444.0
2023 285 10 12 1800  -34.6  990.3  444.0  444.0   70.0  444.0
2023 285 10 12 1900  -34.6  990.7  444.0  444.0   70.0  444.0
2023 285 10 12 2000  -34.9  991.1  444.0  444.0   69.4  444.0
2023 285 10 12 2100  -33.9  991.8  444.0  444.0   71.0  444.0
2023 285 10 12 2200  -30.6  991.8  444.0  444.0   72.9  444.0
2023 285 10 12 2300  -29.8  991.9  444.0  444.0   73.0  444.0
2023 286 10 13 0000  -30.9  992.2  444.0  444.0   71.0  444.0
2023 286 10 13 0100  -32.5  992.2  444.0  444.0   71.0  444.0
2023 286 10 13 0200  -32.8  992.3  444.0  444.0   71.0  444.0
2023 286 10 13 0300  -32.5  992.2  444.0  444.0   70.5  444.0
2023 286 10 13 0400  -32.0  992.2  444.0  444.0   71.0  444.0
2023 286 10 13 0500  -32.4  992.1  444.0  444.0   71.0  444.0
2023 286 10 13 0600  -33.5  991.9  444.0  444.0   71.0  444.0
2023 286 10 13 0700  -33.6  991.9  444.0  444.0   71.0  444.0
2023 286 10 13 0800  -32.5  991.6  444.0  444.0   72.0  444.0
2023 286 10 13 0900  -34.1  991.3  444.0  444.0   71.0  444.0
2023 286 10 13 1000  -33.9  990.7  444.0  444.0   71.0  444.0
2023 286 10 13 1100  -35.4  990.2  444.0  444.0   70.0  444.0
2023 286 10 13 1200  -36.5  989.7  444.0  444.0   70.0  444.0
2023 286 10 13 1300  -36.7  989.1  444.0  444.0   69.5  444.0
2023 286 10 13 1400  -36.2  988.2  444.0  444.0   70.0  444.0
2023 286 10 13 1500  -36.0  987.4  444.0  444.0   70.0  444.0
2023 286 10 13 1600  -36.3  986.7  444.0  444.0   69.0  444.0
2023 286 10 13 1700  -36.7  985.9  444.0  444.0   69.0  444.0
2023 286 10 13 1800  -36.2  985.0  444.0  444.0   69.1  444.0
2023 286 10 13 1900  -36.0  984.1  444.0  444.0   70.0  444.0
2023 286 10 13 2000  -34.4  983.4  444.0  444.0   70.0  444.0
2023 286 10 13 2100  -33.0  982.3  444.0  444.0   71.0  444.0
2023 286 10 13 2200  -31.6  981.5  444.0  444.0   71.0  444.0
2023 286 10 13 2300  -30.9  980.7  444.0  444.0   71.6  444.0
2023 287 10 14 0000  -29.5  980.2  444.0  444.0   73.0  444.0
2023 287 10 14 0100  -28.4  979.4  444.0  444.0   73.0  444.0
2023 287 10 14 0200  -26.7  978.5  444.0  444.0   74.0  444.0
2023 287 10 14 0300  -27.2  977.8  444.0  444.0   74.0  444.0
2023 287 10 14 0400  -26.7  976.9  444.0  444.0   73.5  444.0
2023 287 10 14 0500  -26.8  976.2  444.0  444.0   74.0  444.0
2023 287 10 14 0600  -26.5  975.3  444.0  444.0   74.0  444.0
2023 287 10 14 0700  -26.9  974.3  444.0  444.0   74.0  444.0
2023 287 10 14 0800  -27.4  973.4  444.0  444.0   74.0  444.0
2023 287 10 14 0900  -27.6  972.4  444.0  444.0   74.0  444.0
2023 287 10 14 1000  -28.1  971.7  444.0  444.0   74.0  444.0
2023 287 10 14 1100  -27.1  970.8  444.0  444.0   75.5  444.0
2023 287 10 14 1200  -26.0  970.1  444.0  444.0   76.0  444.0
2023 287 10 14 1300  -25.5  969.1  444.0  444.0   76.0  444.0
2023 287 10 14 1400  -24.7  968.0  444.0  444.0   77.0  444.0
2023 287 10 14 1500  -24.1  967.3  444.0  444.0   77.0  444.0
2023 287 10 14 1600  -22.9  966.5  444.0  444.0   78.9  444.0
2023 287 10 14 1700  -22.4  965.8  444.0  444.0   79.0  444.0
2023 287 10 14 1800  -21.1  965.2  444.0  444.0   79.0  444.0
2023 287 10 14 1900  -20.6  964.2  444.0  444.0   79.0  444.0
2023 287 10 14 2000  -20.6  963.4  444.0  444.0   80.0  444.0
2023 287 10 14 2100  -18.9  962.5  444.0  444.0   80.5  444.0
2023 287 10 14 2200  -18.3  962.0  444.0  444.0   81.0  444.0
2023 287 10 14 2300  -18.6  961.7  444.0  444.0   82.0  444.0
2023 288 10 15 0000  -18.5  960.4  444.0  444.0   82.0  444.0
2023 288 10 15 0100  -18.9  959.6  444.0  444.0   82.0  444.0
2023 288 10 15 0200  -19.2  959.3  444.0  444.0   82.3  444.0
2023 288 10 15 0300  -19.3  958.5  444.0  444.0   82.0  444.0
2023 288 10 15 0400  -19.5  958.0  444.0  444.0   83.0  444.0
2023 288 10 15 0500  -19.5  958.6  444.0  444.0   83.0  444.0
2023 288 10 15 0600  -19.7  958.8  444.0  444.0   83.0  444.0
2023 288 10 15 0700  -20.6  958.8  444.0  444.0   82.0  444.0
2023 288 10 15 0800  -24.0  958.8  444.0  444.0   78.6  444.0
2023 288 10 15 0900  -26.6  959.0  444.0  444.0   77.0  444.0
2023 288 10 15 1000  -28.4  959.5  444.0  444.0   75.0  444.0
2023 288 10 15 1100  -30.0  960.4  444.0  444.0   75.0  444.0
2023 288 10 15 1200  -30.7  961.4  444.0  444.0   74.0  444.0
2023 288 10 15 1300  -29.9  962.2  444.0  444.0   74.9  444.0
2023 288 10 15 1400  -28.8  962.8  444.0  444.0   76.0  444.0
2023 288 10 15 1500  -28.4  963.6  444.0  444.0   76.0  444.0
2023 288 10 15 1600  -28.3  964.0  444.0  444.0   75.0  444.0
2023 288 10 15 1700  -28.9  964.5  444.0  444.0   75.0  444.0
2023 288 10 15 1800  -26.2  964.7  444.0  444.0   76.4  444.0
2023 288 10 15 1900  -25.9  965.5  444.0  444.0   76.0  444.0
2023 288 10 15 2000  -26.6  966.2  444.0  444.0   75.0  444.0
2023 288 10 15 2100  -27.0  966.6  444.0  444.0   75.0  444.0
2023 288 10 15 2200  -27.0  967.5  444.0  444.0   74.0  444.0
2023 288 10 15 2300  -28.2  967.8  444.0  444.0   74.0  444.0
2023 289 10 16 0000  -28.3  968.3  444.0  444.0   73.0  444.0
2023 289 10 16 0100  -27.8  969.0  444.0  444.0   74.0  444.0
2023 289 10 16 0200  -27.4  969.4  444.0  444.0   75.0  444.0
2023 289 10 16 0300  -26.9  970.2  444.0  444.0   76.0  444.0
2023 289 10 16 0400  -26.3  970.9  444.0  444.0   77.0  444.0
2023 289 10 16 0500  -26.4  971.5  444.0  444.0   77.0  444.0
2023 289 10 16 0600  -28.3  972.0  444.0  444.0   74.9  444.0
2023 289 10 16 0700  -28.0  972.9  444.0  444.0   76.0  444.0
2023 289 10 16 0800  -27.7  973.5  444.0  444.0   76.0  444.0
2023 289 10 16 0900  -26.9  974.3  444.0  444.0   77.0  444.0
2023 289 10 16 1000  -26.1  974.8  444.0  444.0   78.0  444.0
2023 289 10 16 1100  -25.7  975.7  444.0  444.0   77.8  444.0
2023 289 10 16 1200  -29.3  976.2  444.0  444.0   74.0  444.0
2023 289 10 16 1300  -32.0  977.4  444.0  444.0   72.0  444.0
2023 289 10 16 1400  -32.6  978.0  444.0  444.0   71.0  444.0
2023 289 10 16 1500  -33.4  978.7  444.0  444.0   71.0  444.0
2023 289 10 16 1600  -32.3  979.3  444.0  444.0   72.8  444.0
2023 289 10 16 1700  -30.8  980.1  444.0  444.0   73.0  444.0
2023 289 10 16 1800  -32.0  981.2  444.0  444.0   72.0  444.0
2023 289 10 16 1900  -30.5  981.9  444.0  444.0   73.8  444.0
2023 289 10 16 2000  -29.3  982.5  444.0  444.0   74.0  444.0
2023 289 10 16 2100  -28.1  983.0  444.0  444.0   75.0  444.0
2023 289 10 16 2200  -27.6  983.3  444.0  444.0   75.0  444.0
2023 289 10 16 2300  -26.6  983.9  444.0  444.0   76.0  444.0
2023 290 10 17 0000  -26.4  984.7  444.0  444.0   76.2  444.0
2023 290 10 17 0100  -25.7  985.2  444.0  444.0   77.0  444.0
2023 290 10 17 0200  -25.4  985.2  444.0  444.0   77.0  444.0
2023 290 10 17 0300  -24.8  985.8  444.0  444.0   78.0  444.0
2023 290 10 17 0400  -24.3  986.1  444.0  444.0   78.3  444.0
2023 290 10 17 0500  -24.2  986.4  444.0  444.0   79.0  444.0
2023 290 10 17 0600  -24.2  986.8  444.0  444.0   79.0  444.0
2023 290 10 17 0700  -24.4  987.2  444.0  444.0   79.0  444.0
2023 290 10 17 0800  -24.2  987.6  444.0  444.0   79.0  444.0
2023 290 10 17 0900  -24.4  988.1  444.0  444.0   79.0  444.0
2023 290 10 17 1000  -24.2  988.5  444.0  444.0   79.1  444.0
2023 290 10 17 1100  -24.2  988.8  444.0  444.0   79.0  444.0
2023 290 10 17 1200  -24.1  988.8  444.0  444.0   79.0  444.0
2023 290 10 17 1300  -24.3  989.0  444.0  444.0   79.0  444.0
2023 290 10 17 1400  -24.2  989.1  444.0  444.0   79.0  444.0
2023 290 10 17 1500  -24.3  989.2  444.0  444.0   78.0  444.0
2023 290 10 17 1600  -24.5  989.3  444.0  444.0   79.0  444.0
2023 290 10 17 1700  -24.4  989.6  444.0  444.0   79.0  444.0
2023 290 10 17 1800  -24.3  989.5  444.0  444.0   78.0  444.0
2023 290 10 17 1900  -24.0  990.0  444.0  444.0   78.0  444.0
2023 290 10 17 2000  -23.8  989.8  444.0  444.0   79.0  444.0
2023 290 10 17 2100  -23.4  989.8  444.0  444.0   78.7  444.0
2023 290 10 17 2200  -24.1  989.9  444.0  444.0   78.0  444.0
2023 290 10 17 2300  -27.1  990.0  444.0  444.0   74.0  444.0
2023 291 10 18 0000  -28.9  989.7  444.0  444.0   73.0  444.0
2023 291 10 18 0100  -28.1  989.4  444.0  444.0   75.0  444.0
2023 291 10 18 0200  -28.0  989.3  444.0  444.0   74.8  444.0
2023 291 10 18 0300  -28.6  989.3  444.0  444.0   75.0  444.0
2023 291 10 18 0400  -27.6  989.3  444.0  444.0   76.0  444.0
2023 291 10 18 0500  -26.9  988.9  444.0  444.0   76.0  444.0
2023 291 10 18 0600  -26.3  988.9  444.0  444.0   77.0  444.0
2023 291 10 18 0700  -27.0  989.0  444.0  444.0   76.5  444.0
2023 291 10 18 0800  -27.4  988.9  444.0  444.0   76.2  444.0
2023 291 10 18 0900  -27.3  988.7  444.0  444.0   76.0  444.0
2023 291 10 18 1000  -27.1  988.5  444.0  444.0   76.0  444.0
2023 291 10 18 1100  -27.4  988.3  444.0  444.0   76.0  444.0
2023 291 10 18 1200  -28.0  988.4  444.0  444.0   75.6  444.0
2023 291 10 18 1300  -27.7  988.4  444.0  444.0   76.0  444.0
2023 291 10 18 1400  -27.5  988.1  444.0  444.0   76.0  444.0
2023 291 10 18 1500  -27.9  987.7  444.0  444.0   76.0  444.0
2023 291 10 18 1600  -27.3  987.5  444.0  444.0   76.0  444.0
2023 291 10 18 1700  -26.9  987.5  444.0  444.0   76.2  444.0
2023 291 10 18 1800  444.0  987.3  444.0  444.0   78.0  444.0
2023 291 10 18 1900  -26.1  987.2  444.0  444.0   76.0  444.0
2023 291 10 18 2000  -25.7  986.8  444.0  444.0   77.0  444.0
2023 291 10 18 2100  -24.9  986.5  444.0  444.0   77.0  444.0
2023 291 10 18 2200  -25.5  986.4  444.0  444.0   77.0  444.0
2023 291 10 18 2300  -26.1  986.2  444.0  444.0   76.0  444.0
2023 292 10 19 0000  -26.9  985.7  444.0  444.0   76.0  444.0
2023 292 10 19 0100  -27.5  985.3  444.0  444.0   75.0  444.0
2023 292 10 19 0200  -28.2  984.9  444.0  444.0   74.0  444.0
2023 292 10 19 0300  -29.1  984.8  444.0  444.0   74.0  444.0
2023 292 10 19 0400  -30.2  984.6  444.0  444.0   72.0  444.0
2023 292 10 19 0500  -30.8  984.4  444.0  444.0   72.0  444.0
2023 292 10 19 0600  -32.7  984.4  444.0  444.0   70.0  444.0
2023 292 10 19 0700  -34.2  984.2  444.0  444.0   69.0  444.0
2023 292 10 19 0800  -35.5  984.0  444.0  444.0   68.0  444.0
2023 292 10 19 0900  -37.2  983.8  444.0  444.0   68.0  444.0
2023 292 10 19 1000  -37.3  983.4  444.0  444.0   69.0  444.0
2023 292 10 19 1100  -38.2  983.4  444.0  444.0   68.0  444.0
2023 292 10 19 1200  -38.8  983.3  444.0  444.0   68.0  444.0
2023 292 10 19 1300  -38.8  983.3  444.0  444.0   68.0  444.0
2023 292 10 19 1400  -39.2  983.2  444.0  444.0   67.0  444.0
2023 292 10 19 1500  -39.6  983.3  444.0  444.0   67.0  444.0
2023 292 10 19 1600  -39.7  983.7  444.0  444.0   67.0  444.0
2023 292 10 19 1700  -39.6  983.7  444.0  444.0   67.0  444.0
2023 292 10 19 1800  -38.8  983.8  444.0  444.0   67.0  444.0
2023 292 10 19 1900  -37.7  983.9  444.0  444.0   67.0  444.0
2023 292 10 19 2000  -37.5  984.1  444.0  444.0   67.0  444.0
2023 292 10 19 2100  -36.6  984.5  444.0  444.0   67.0  444.0
2023 292 10 19 2200  -35.6  984.5  444.0  444.0   68.0  444.0
2023 292 10 19 2300  -35.2  984.9  444.0  444.0   68.0  444.0
2023 293 10 20 0000  -34.9  985.2  444.0  444.0   68.0  444.0
2023 293 10 20 0100  -34.8  985.4  444.0  444.0   68.0  444.0
2023 293 10 20 0200  -34.6  985.9  444.0  444.0   68.0  444.0
2023 293 10 20 0300  -34.5  985.8  444.0  444.0   68.0  444.0
2023 293 10 20 0400  -35.2  986.0  444.0  444.0   68.0  444.0
2023 293 10 20 0500  -35.3  986.3  444.0  444.0   67.9  444.0
2023 293 10 20 0600  -36.4  986.7  444.0  444.0   68.0  444.0
2023 293 10 20 0700  -37.0  987.2  444.0  444.0   68.0  444.0
2023 293 10 20 0800  -38.0  987.6  444.0  444.0   67.0  444.0
2023 293 10 20 0900  -38.4  987.7  444.0  444.0   68.0  444.0
2023 293 10 20 1000  -39.0  987.8  444.0  444.0   67.0  444.0
2023 293 10 20 1100  -39.1  987.9  444.0  444.0   67.0  444.0
2023 293 10 20 1200  -39.6  987.8  444.0  444.0   67.0  444.0
2023 293 10 20 1300  -39.8  988.2  444.0  444.0   67.0  444.0
2023 293 10 20 1400  -39.7  988.2  444.0  444.0   67.0  444.0
2023 293 10 20 1500  -39.7  988.5  444.0  444.0   66.0  444.0
2023 293 10 20 1600  -38.9  988.9  444.0  444.0   67.0  444.0
2023 293 10 20 1700  -38.5  988.7  444.0  444.0   67.0  444.0
2023 293 10 20 1800  -38.1  989.2  444.0  444.0   67.0  444.0
2023 293 10 20 1900  -37.4  989.5  444.0  444.0   67.0  444.0
2023 293 10 20 2000  -36.1  989.6  444.0  444.0   68.0  444.0
2023 293 10 20 2100  -34.8  989.9  444.0  444.0   68.0  444.0
2023 293 10 20 2200  -34.3  990.1  444.0  444.0   68.0  444.0
2023 293 10 20 2300  -33.9  990.4  444.0  444.0   68.0  444.0
2023 294 10 21 0000  -33.3  990.5  444.0  444.0   69.0  444.0
2023 294 10 21 0100  -33.6  990.5  444.0  444.0   69.0  444.0
2023 294 10 21 0200  -33.2  990.7  444.0  444.0   68.0  444.0
2023 294 10 21 0300  -32.7  990.8  444.0  444.0   69.0  444.0
2023 294 10 21 0400  -33.5  990.8  444.0  444.0   68.0  444.0
2023 294 10 21 0500  -34.0  990.9  444.0  444.0   68.6  444.0
2023 294 10 21 0600  -35.0  990.8  444.0  444.0   68.0  444.0
2023 294 10 21 0700  -35.8  990.8  444.0  444.0   68.0  444.0
2023 294 10 21 0800  -36.5  990.8  444.0  444.0   67.0  444.0
2023 294 10 21 0900  -37.0  990.8  444.0  444.0   67.0  444.0
2023 294 10 21 1000  -37.7  990.9  444.0  444.0   68.0  444.0
2023 294 10 21 1100  -38.8  990.9  444.0  444.0   67.0  444.0
2023 294 10 21 1200  -38.8  991.1  444.0  444.0   67.0  444.0
2023 294 10 21 1300  -40.2  991.2  444.0  444.0   67.0  444.0
2023 294 10 21 1400  -39.9  991.2  444.0  444.0   66.0  444.0
2023 294 10 21 1500  -39.4  991.2  444.0  444.0   67.0  444.0
2023 294 10 21 1600  -39.7  991.1  444.0  444.0   66.0  444.0
2023 294 10 21 1700  -40.0  990.7  444.0  444.0   66.0  444.0
2023 294 10 21 1800  -38.7  990.7  444.0  444.0   66.0  444.0
2023 294 10 21 1900  -38.0  991.0  444.0  444.0   66.0  444.0
2023 294 10 21 2000  -38.2  990.9  444.0  444.0   66.0  444.0
2023 294 10 21 2100  -37.7  990.8  444.0  444.0   66.0  444.0
2023 294 10 21 2200  -36.7  990.7  444.0  444.0   66.0  444.0
2023 294 10 21 2300  -35.2  990.5  444.0  444.0   66.8  444.0
2023 295 10 22 0000  -35.4  990.5  444.0  444.0   67.0  444.0
2023 295 10 22 0100  -33.9  990.2  444.0  444.0   67.0  444.0
2023 295 10 22 0200  -33.8  990.1  444.0  444.0   67.0  444.0
2023 295 10 22 0300  -34.3  989.9  444.0  444.0   67.0  444.0
2023 295 10 22 0400  -34.0  989.8  444.0  444.0   67.1  444.0
2023 295 10 22 0500  -34.9  989.9  444.0  444.0   67.0  444.0
2023 295 10 22 0600  -35.2  989.8  444.0  444.0   66.0  444.0
2023 295 10 22 0700  -36.8  989.8  444.0  444.0   65.0  444.0
2023 295 10 22 0800  -38.6  989.9  444.0  444.0   65.0  444.0
2023 295 10 22 0900  -39.6  989.9  444.0  444.0   64.7  444.0
2023 295 10 22 1000  -40.6  990.0  444.0  444.0   64.0  444.0
2023 295 10 22 1100  -41.2  990.0  444.0  444.0   64.0  444.0
2023 295 10 22 1200  -41.8  990.2  444.0  444.0   64.0  444.0
2023 295 10 22 1300  -41.6  990.2  444.0  444.0   65.0  444.0
2023 295 10 22 1400  -42.2  990.4  444.0  444.0   64.1  444.0
2023 295 10 22 1500  -41.8  990.3  444.0  444.0   64.0  444.0
2023 295 10 22 1600  -39.4  990.1  444.0  444.0   64.0  444.0
2023 295 10 22 1700  -40.5  989.9  444.0  444.0   64.0  444.0
2023 295 10 22 1800  -39.8  989.9  444.0  444.0   64.0  444.0
2023 295 10 22 1900  -39.7  989.7  444.0  444.0   64.0  444.0
2023 295 10 22 2000  -38.7  989.6  444.0  444.0   64.4  444.0
2023 295 10 22 2100  -37.0  989.6  444.0  444.0   64.8  444.0
2023 295 10 22 2200  -37.8  989.5  444.0  444.0   65.0  444.0
2023 295 10 22 2300  -37.3  989.2  444.0  444.0   66.0  444.0
2023 296 10 23 0000  -36.7  989.1  444.0  444.0   66.0  444.0
2023 296 10 23 0100  -36.6  988.7  444.0  444.0   66.5  444.0
2023 296 10 23 0200  -36.6  988.6  444.0  444.0   65.8  444.0
2023 296 10 23 0300  -35.9  988.0  444.0  444.0   67.0  444.0
2023 296 10 23 0400  -35.6  987.7  444.0  444.0   67.0  444.0
2023 296 10 23 0500  -35.8  987.4  444.0  444.0   67.0  444.0
2023 296 10 23 0600  -36.5  987.0  444.0  444.0   66.0  444.0
2023 296 10 23 0700  -36.0  986.8  444.0  444.0   65.4  444.0
2023 296 10 23 0800  -38.5  986.5  444.0  444.0   65.0  444.0
2023 296 10 23 0900  -39.3  985.9  444.0  444.0   65.0  444.0
2023 296 10 23 1000  -37.9  985.0  444.0  444.0   67.0  444.0
2023 296 10 23 1100  -38.5  984.5  444.0  444.0   65.5  444.0
2023 296 10 23 1200  -38.5  984.0  444.0  444.0   66.3  444.0
2023 296 10 23 1300  -37.8  983.8  444.0  444.0   66.0  444.0
2023 296 10 23 1400  -36.9  983.6  444.0  444.0   67.0  444.0
2023 296 10 23 1500  -37.1  983.5  444.0  444.0   67.0  444.0
2023 296 10 23 1600  -36.1  983.2  444.0  444.0   68.0  444.0
2023 296 10 23 1700  -34.5  983.0  444.0  444.0   69.0  444.0
2023 296 10 23 1800  -34.0  982.6  444.0  444.0   69.0  444.0
2023 296 10 23 1900  -32.9  982.3  444.0  444.0   69.0  444.0
2023 296 10 23 2000  -32.7  982.4  444.0  444.0   69.0  444.0
2023 296 10 23 2100  -31.8  982.5  444.0  444.0   70.0  444.0
2023 296 10 23 2200  -29.1  982.6  444.0  444.0   72.0  444.0
2023 296 10 23 2300  -30.3  982.6  444.0  444.0   70.1  444.0
2023 297 10 24 0000  -28.8  982.4  444.0  444.0   70.0  444.0
2023 297 10 24 0100  -29.0  982.3  444.0  444.0   71.0  444.0
2023 297 10 24 0200  -30.1  982.1  444.0  444.0   69.0  444.0
2023 297 10 24 0300  -28.7  981.9  444.0  444.0   71.0  444.0
2023 297 10 24 0400  -30.1  981.9  444.0  444.0   70.3  444.0
2023 297 10 24 0500  -31.3  981.7  444.0  444.0   70.0  444.0
2023 297 10 24 0600  -30.8  981.6  444.0  444.0   70.0  444.0
2023 297 10 24 0700  -31.0  981.6  444.0  444.0   70.0  444.0
2023 297 10 24 0800  -32.0  981.4  444.0  444.0   70.0  444.0
2023 297 10 24 0900  -32.2  981.3  444.0  444.0   70.1  444.0
2023 297 10 24 1000  -33.5  981.1  444.0  444.0   69.0  444.0
2023 297 10 24 1100  -33.1  980.9  444.0  444.0   70.0  444.0
2023 297 10 24 1200  -32.5  980.8  444.0  444.0   70.0  444.0
2023 297 10 24 1300  -33.5  980.9  444.0  444.0   69.0  444.0
2023 297 10 24 1400  -32.2  980.8  444.0  444.0   71.0  444.0
2023 297 10 24 1500  -33.1  980.6  444.0  444.0   70.0  444.0
2023 297 10 24 1600  -29.8  980.2  444.0  444.0   72.0  444.0
2023 297 10 24 1700  -27.8  980.0  444.0  444.0   75.0  444.0
2023 297 10 24 1800  -24.7  980.1  444.0  444.0   76.0  444.0
2023 297 10 24 1900  -22.2  980.1  444.0  444.0   78.8  444.0
2023 297 10 24 2000  -20.7  980.0  444.0  444.0   80.0  444.0
2023 297 10 24 2100  -19.3  979.8  444.0  444.0   80.0  444.0
2023 297 10 24 2200  -18.7  980.0  444.0  444.0   80.0  444.0
2023 297 10 24 2300  -18.5  979.8  444.0  444.0   80.0  444.0
2023 298 10 25 0000  -18.0  979.4  444.0  444.0   80.0  444.0
2023 298 10 25 0100  -17.5  979.0  444.0  444.0   80.0  444.0
2023 298 10 25 0200  -16.1  978.7  444.0  444.0   81.0  444.0
2023 298 10 25 0300  -16.9  978.3  444.0  444.0   82.0  444.0
2023 298 10 25 0400  -16.8  977.9  444.0  444.0   82.6  444.0
2023 298 10 25 0500  -17.2  977.6  444.0  444.0   85.0  444.0
2023 298 10 25 0600  -17.2  977.2  444.0  444.0   85.0  444.0
2023 298 10 25 0700  -18.3  977.2  444.0  444.0   83.0  444.0
2023 298 10 25 0800  -18.4  976.9  444.0  444.0   83.0  444.0
2023 298 10 25 0900  -18.5  977.0  444.0  444.0   83.7  444.0
2023 298 10 25 1000  -18.9  976.9  444.0  444.0   84.0  444.0
2023 298 10 25 1100  -19.6  977.2  444.0  444.0   83.0  444.0
2023 298 10 25 1200  -20.3  977.4  444.0  444.0   81.0  444.0
2023 298 10 25 1300  -21.0  977.4  444.0  444.0   81.0  444.0
2023 298 10 25 1400  -20.4  977.5  444.0  444.0   81.5  444.0
2023 298 10 25 1500  -20.3  977.2  444.0  444.0   80.0  444.0
2023 298 10 25 1600  -19.9  977.4  444.0  444.0   80.0  444.0
2023 298 10 25 1700  -20.2  977.4  444.0  444.0   80.8  444.0
2023 298 10 25 1800  -19.4  977.5  444.0  444.0   79.0  444.0
2023 298 10 25 1900  -19.5  977.6  444.0  444.0   79.8  444.0
2023 298 10 25 2000  -19.9  977.5  444.0  444.0   78.0  444.0
2023 298 10 25 2100  -21.5  977.7  444.0  444.0   76.0  444.0
2023 298 10 25 2200  -21.9  977.7  444.0  444.0   75.0  444.0
2023 298 10 25 2300  -23.6  978.1  444.0  444.0   74.0  444.0
2023 299 10 26 0000  -29.6  978.8  444.0  444.0   71.0  444.0
2023 299 10 26 0100  -30.7  979.6  444.0  444.0   71.0  444.0
2023 299 10 26 0200  -31.0  980.0  444.0  444.0   71.0  444.0
2023 299 10 26 0300  -29.8  980.2  444.0  444.0   73.0  444.0
2023 299 10 26 0400  -29.0  980.1  444.0  444.0   74.0  444.0
2023 299 10 26 0500  -28.7  980.3  444.0  444.0   74.0  444.0
2023 299 10 26 0600  -27.9  980.5  444.0  444.0   75.0  444.0
2023 299 10 26 0700  -28.1  980.8  444.0  444.0   74.0  444.0
2023 299 10 26 0800  -29.1  981.1  444.0  444.0   73.0  444.0
2023 299 10 26 0900  -30.1  981.3  444.0  444.0   72.0  444.0
2023 299 10 26 1000  -31.4  981.8  444.0  444.0   71.0  444.0
2023 299 10 26 1100  -32.5  982.1  444.0  444.0   70.0  444.0
2023 299 10 26 1200  -33.6  982.5  444.0  444.0   69.0  444.0
2023 299 10 26 1300  -34.5  982.9  444.0  444.0   69.0  444.0
2023 299 10 26 1400  -34.8  983.2  444.0  444.0   69.0  444.0
2023 299 10 26 1500  -35.0  983.6  444.0  444.0   70.0  444.0
2023 299 10 26 1600  -35.1  984.2  444.0  444.0   70.0  444.0
2023 299 10 26 1700  -34.4  984.4  444.0  444.0   70.0  444.0
2023 299 10 26 1800  -33.4  984.6  444.0  444.0   70.0  444.0
2023 299 10 26 1900  -33.9  984.9  444.0  444.0   69.0  444.0
2023 299 10 26 2000  -32.9  985.2  444.0  444.0   69.0  444.0
2023 299 10 26 2100  -32.4  984.7  444.0  444.0   69.0  444.0
2023 299 10 26 2200  -31.5  984.8  444.0  444.0   70.0  444.0
2023 299 10 26 2300  -30.8  984.8  444.0  444.0   69.0  444.0
2023 300 10 27 0000  -29.9  984.5  444.0  444.0   69.0  444.0
2023 300 10 27 0100  -29.0  983.9  444.0  444.0   69.0  444.0
2023 300 10 27 0200  -28.4  983.5  444.0  444.0   70.0  444.0
2023 300 10 27 0300  -27.7  983.2  444.0  444.0   71.0  444.0
2023 300 10 27 0400  -27.4  982.9  444.0  444.0   73.0  444.0
2023 300 10 27 0500  -27.8  982.7  444.0  444.0   72.2  444.0
2023 300 10 27 0600  -28.3  982.5  444.0  444.0   71.0  444.0
2023 300 10 27 0700  -28.1  982.1  444.0  444.0   72.0  444.0
2023 300 10 27 0800  -28.7  981.9  444.0  444.0   73.0  444.0
2023 300 10 27 0900  -28.6  981.5  444.0  444.0   73.0  444.0
2023 300 10 27 1000  -29.4  981.4  444.0  444.0   72.0  444.0
2023 300 10 27 1100  -28.8  980.9  444.0  444.0   73.0  444.0
2023 300 10 27 1200  -29.6  980.2  444.0  444.0   73.0  444.0
2023 300 10 27 1300  -27.4  979.8  444.0  444.0   74.0  444.0
2023 300 10 27 1400  -26.4  979.5  444.0  444.0   74.3  444.0
2023 300 10 27 1500  -26.0  979.5  444.0  444.0   74.1  444.0
2023 300 10 27 1600  -26.1  979.4  444.0  444.0   74.0  444.0
2023 300 10 27 1700  -26.2  979.0  444.0  444.0   73.0  444.0
2023 300 10 27 1800  -24.8  978.8  444.0  444.0   74.0  444.0
2023 300 10 27 1900  -23.5  979.0  444.0  444.0   75.0  444.0
2023 300 10 27 2000  -22.8  979.0  444.0  444.0   75.1  444.0
2023 300 10 27 2100  -21.3  979.0  444.0  444.0   75.0  444.0
2023 300 10 27 2200  -21.0  978.7  444.0  444.0   75.0  444.0
2023 300 10 27 2300  -20.3  978.6  444.0  444.0   75.0  444.0
2023 301 10 28 0000  -20.9  978.2  444.0  444.0   75.0  444.0
2023 301 10 28 0100  -18.3  977.4  444.0  444.0   77.7  444.0
2023 301 10 28 0200  -17.7  977.0  444.0  444.0   78.0  444.0
2023 301 10 28 0300  -18.2  977.0  444.0  444.0   78.1  444.0
2023 301 10 28 0400  -17.9  976.7  444.0  444.0   79.0  444.0
2023 301 10 28 0500  -17.4  976.3  444.0  444.0   80.0  444.0
2023 301 10 28 0600  -18.1  976.0  444.0  444.0   79.0  444.0
2023 301 10 28 0700  -18.2  975.6  444.0  444.0   80.0  444.0
2023 301 10 28 0800  -18.3  975.4  444.0  444.0   79.5  444.0
2023 301 10 28 0900  -20.0  975.3  444.0  444.0   78.0  444.0
2023 301 10 28 1000  -20.5  974.5  444.0  444.0   78.0  444.0
2023 301 10 28 1100  -20.2  974.0  444.0  444.0   79.0  444.0
2023 301 10 28 1200  -18.6  973.6  444.0  444.0   80.2  444.0
2023 301 10 28 1300  -19.0  973.0  444.0  444.0   80.4  444.0
2023 301 10 28 1400  -19.3  972.1  444.0  444.0   80.0  444.0
2023 301 10 28 1500  -18.0  971.7  444.0  444.0   82.0  444.0
2023 301 10 28 1600  -17.7  971.6  444.0  444.0   82.0  444.0
2023 301 10 28 1700  -18.6  971.6  444.0  444.0   80.0  444.0
2023 301 10 28 1800  -18.8  970.6  444.0  444.0   80.4  444.0
2023 301 10 28 1900  -14.8  969.6  444.0  444.0   85.0  444.0
2023 301 10 28 2000  -14.1  968.4  444.0  444.0   89.0  444.0
2023 301 10 28 2100  -13.9  967.4  444.0  444.0   87.0  444.0
2023 301 10 28 2200  -14.1  966.2  444.0  444.0   86.5  444.0
2023 301 10 28 2300  -14.5  964.9  444.0  444.0   83.9  444.0
2023 302 10 29 0000  -14.2  963.7  444.0  444.0   84.0  444.0
2023 302 10 29 0100  -13.4  962.1  444.0  444.0   85.0  444.0
2023 302 10 29 0200  -12.8  960.6  444.0  444.0   88.0  444.0
2023 302 10 29 0300  -12.3  959.1  444.0  444.0   91.3  444.0
2023 302 10 29 0400  -12.3  958.1  444.0  444.0   93.0  444.0
2023 302 10 29 0500  -12.4  957.1  444.0  444.0   93.0  444.0
2023 302 10 29 0600  -12.5  956.1  444.0  444.0   91.8  444.0
2023 302 10 29 0700  -13.0  955.0  444.0  444.0   93.0  444.0
2023 302 10 29 0800  -13.3  954.5  444.0  444.0   92.0  444.0
2023 302 10 29 0900  -13.7  953.8  444.0  444.0   92.0  444.0
2023 302 10 29 1000  -14.2  953.2  444.0  444.0   90.0  444.0
2023 302 10 29 1100  -14.0  952.7  444.0  444.0   88.9  444.0
2023 302 10 29 1200  -13.6  952.3  444.0  444.0   88.0  444.0
2023 302 10 29 1300  -13.6  951.9  444.0  444.0   85.0  444.0
2023 302 10 29 1400  -13.4  951.0  444.0  444.0   86.0  444.0
2023 302 10 29 1500  -12.6  950.2  444.0  444.0   84.0  444.0
2023 302 10 29 1600  -13.1  949.2  444.0  444.0   81.7  444.0
2023 302 10 29 1700  -13.2  948.0  444.0  444.0   82.0  444.0
2023 302 10 29 1800  -14.2  946.9  444.0  444.0   81.0  444.0
2023 302 10 29 1900  -13.2  946.4  444.0  444.0   81.0  444.0
2023 302 10 29 2000  -12.3  945.7  444.0  444.0   73.0  444.0
2023 302 10 29 2100  -11.5  945.6  444.0  444.0   67.6  444.0
2023 302 10 29 2200  -11.6  944.7  444.0  444.0   86.0  444.0
2023 302 10 29 2300  -11.1  943.9  444.0  444.0   92.0  444.0
2023 303 10 30 0000  -11.4  943.7  444.0  444.0   91.0  444.0
2023 303 10 30 0100  -11.6  943.6  444.0  444.0   90.0  444.0
2023 303 10 30 0200  -13.4  944.1  444.0  444.0   86.0  444.0
2023 303 10 30 0300  -17.2  944.9  444.0  444.0   81.6  444.0
2023 303 10 30 0400  -17.2  945.0  444.0  444.0   81.0  444.0
2023 303 10 30 0500  -18.8  945.9  444.0  444.0   80.0  444.0
2023 303 10 30 0600  -19.3  946.8  444.0  444.0   79.0  444.0
2023 303 10 30 0700  -19.7  947.7  444.0  444.0   80.0  444.0
2023 303 10 30 0800  -20.8  948.9  444.0  444.0   78.7  444.0
2023 303 10 30 0900  -21.4  949.6  444.0  444.0   78.0  444.0
2023 303 10 30 1000  -22.0  950.1  444.0  444.0   77.0  444.0
2023 303 10 30 1100  -22.4  950.9  444.0  444.0   79.0  444.0
2023 303 10 30 1200  -21.2  951.5  444.0  444.0   81.0  444.0
2023 303 10 30 1300  -18.4  952.2  444.0  444.0   84.0  444.0
2023 303 10 30 1400  -18.2  952.6  444.0  444.0   83.0  444.0
2023 303 10 30 1500  -18.2  953.2  444.0  444.0   83.0  444.0
2023 303 10 30 1600  -18.4  953.8  444.0  444.0   82.0  444.0
2023 303 10 30 1700  -18.2  954.3  444.0  444.0   81.0  444.0
2023 303 10 30 1800  -18.2  955.4  444.0  444.0   81.0  444.0
2023 303 10 30 1900  -17.9  956.4  444.0  444.0   79.0  444.0
2023 303 10 30 2000  -18.3  957.9  444.0  444.0   82.0  444.0
2023 303 10 30 2100  -18.4  959.1  444.0  444.0   80.0  444.0
2023 303 10 30 2200  -17.8  959.8  444.0  444.0   81.0  444.0
2023 303 10 30 2300  -17.5  961.1  444.0  444.0   80.0  444.0
2023 304 10 31 0000  -16.8  962.6  444.0  444.0   81.0  444.0
2023 304 10 31 0100  -17.0  963.9  444.0  444.0   78.2  444.0
2023 304 10 31 0200  -16.9  964.8  444.0  444.0   79.0  444.0
2023 304 10 31 0300  -17.0  965.3  444.0  444.0   79.0  444.0
2023 304 10 31 0400  -18.4  966.2  444.0  444.0   79.0  444.0
2023 304 10 31 0500  -19.8  967.3  444.0  444.0   76.0  444.0
2023 304 10 31 0600  -19.6  968.3  444.0  444.0   76.0  444.0
2023 304 10 31 0700  -20.4  968.6  444.0  444.0   76.0  444.0
2023 304 10 31 0800  -20.5  969.5  444.0  444.0   78.0  444.0
2023 304 10 31 0900  -21.3  970.0  444.0  444.0   74.0  444.0
2023 304 10 31 1000  -23.3  970.1  444.0  444.0   73.0  444.0
2023 304 10 31 1100  -23.7  970.3  444.0  444.0   74.9  444.0
2023 304 10 31 1200  -24.8  970.4  444.0  444.0   76.0  444.0
2023 304 10 31 1300  -25.6  969.9  444.0  444.0   76.0  444.0
2023 304 10 31 1400  -25.4  969.9  444.0  444.0   76.0  444.0
2023 304 10 31 1500  -24.6  969.9  444.0  444.0   76.0  444.0
2023 304 10 31 1600  -25.4  970.0  444.0  444.0   75.0  444.0
2023 304 10 31 1700  -25.2  970.0  444.0  444.0   74.0  444.0
2023 304 10 31 1800  -24.5  969.7  444.0  444.0   74.0  444.0
2023 304 10 31 1900  -23.6  969.8  444.0  444.0   74.0  444.0
2023 304 10 31 2000  -23.8  969.7  444.0  444.0   73.0  444.0
2023 304 10 31 2100  -23.2  970.0  444.0  444.0   72.9  444.0
2023 304 10 31 2200  -22.7  969.8  444.0  444.0   73.0  444.0
2023 304 10 31 2300  -22.2  969.8  444.0  444.0   73.0  444.0
