Year: 2023  Month: 11  ID: LET  ARGOS:  8928  Name: Lettau              
Lat: 82.48S  Lon: 174.59W  Elev:   38m
2023 305 11  1 0000  -21.7  969.8  444.0  444.0   73.0  444.0
2023 305 11  1 0100  -20.8  969.7  444.0  444.0   74.0  444.0
2023 305 11  1 0200  -20.5  969.7  444.0  444.0   73.8  444.0
2023 305 11  1 0300  -20.6  969.7  444.0  444.0   74.0  444.0
2023 305 11  1 0400  -20.7  969.7  444.0  444.0   74.8  444.0
2023 305 11  1 0500  -21.1  969.6  444.0  444.0   73.0  444.0
2023 305 11  1 0600  -21.7  969.5  444.0  444.0   73.0  444.0
2023 305 11  1 0700  -22.7  969.4  444.0  444.0   74.0  444.0
2023 305 11  1 0800  -23.5  969.1  444.0  444.0   75.0  444.0
2023 305 11  1 0900  -24.5  968.9  444.0  444.0   74.8  444.0
2023 305 11  1 1000  -25.5  968.8  444.0  444.0   73.0  444.0
2023 305 11  1 1100  -27.3  968.5  444.0  444.0   75.0  444.0
2023 305 11  1 1200  -26.4  968.1  444.0  444.0   77.0  444.0
2023 305 11  1 1300  -25.5  967.8  444.0  444.0   78.0  444.0
2023 305 11  1 1400  -25.5  967.3  444.0  444.0   76.0  444.0
2023 305 11  1 1500  -24.4  966.7  444.0  444.0   78.0  444.0
2023 305 11  1 1600  -24.4  966.4  444.0  444.0   78.0  444.0
2023 305 11  1 1700  -23.9  966.0  444.0  444.0   79.0  444.0
2023 305 11  1 1800  -22.5  965.9  444.0  444.0   79.0  444.0
2023 305 11  1 1900  -21.8  965.7  444.0  444.0   79.4  444.0
2023 305 11  1 2000  -22.1  965.3  444.0  444.0   79.0  444.0
2023 305 11  1 2100  -21.7  965.0  444.0  444.0   78.0  444.0
2023 305 11  1 2200  -21.8  964.5  444.0  444.0   76.0  444.0
2023 305 11  1 2300  -21.8  964.3  444.0  444.0   75.3  444.0
2023 306 11  2 0000  -21.0  963.8  444.0  444.0   76.3  444.0
2023 306 11  2 0100  -21.0  963.3  444.0  444.0   76.0  444.0
2023 306 11  2 0200  -21.1  963.1  444.0  444.0   75.0  444.0
2023 306 11  2 0300  -20.7  962.6  444.0  444.0   75.0  444.0
2023 306 11  2 0400  -21.8  962.1  444.0  444.0   75.0  444.0
2023 306 11  2 0500  -23.0  961.7  444.0  444.0   73.9  444.0
2023 306 11  2 0600  -24.0  961.5  444.0  444.0   71.0  444.0
2023 306 11  2 0700  -24.1  961.1  444.0  444.0   71.0  444.0
2023 306 11  2 0800  -24.5  960.7  444.0  444.0   71.0  444.0
2023 306 11  2 0900  -26.4  960.4  444.0  444.0   71.0  444.0
2023 306 11  2 1000  -27.7  960.2  444.0  444.0   71.0  444.0
2023 306 11  2 1100  -28.7  959.7  444.0  444.0   71.0  444.0
2023 306 11  2 1200  -29.0  959.3  444.0  444.0   73.0  444.0
2023 306 11  2 1300  -28.9  959.0  444.0  444.0   72.0  444.0
2023 306 11  2 1400  -29.0  958.7  444.0  444.0   72.0  444.0
2023 306 11  2 1500  -27.4  958.4  444.0  444.0   73.0  444.0
2023 306 11  2 1600  -26.2  958.2  444.0  444.0   74.0  444.0
2023 306 11  2 1700  -25.2  958.0  444.0  444.0   75.0  444.0
2023 306 11  2 1800  -24.7  958.3  444.0  444.0   75.0  444.0
2023 306 11  2 1900  -23.6  958.4  444.0  444.0   75.0  444.0
2023 306 11  2 2000  -22.8  958.5  444.0  444.0   73.0  444.0
2023 306 11  2 2100  -22.3  958.6  444.0  444.0   72.9  444.0
2023 306 11  2 2200  -21.9  958.4  444.0  444.0   73.0  444.0
2023 306 11  2 2300  -21.1  958.0  444.0  444.0   74.0  444.0
2023 307 11  3 0000  -20.1  958.1  444.0  444.0   74.0  444.0
2023 307 11  3 0100  -20.4  958.3  444.0  444.0   73.0  444.0
2023 307 11  3 0200  -21.0  958.1  444.0  444.0   70.0  444.0
2023 307 11  3 0300  -21.7  958.2  444.0  444.0   71.0  444.0
2023 307 11  3 0400  -22.4  958.3  444.0  444.0   72.0  444.0
2023 307 11  3 0500  -22.9  958.3  444.0  444.0   70.1  444.0
2023 307 11  3 0600  -23.4  958.6  444.0  444.0   70.0  444.0
2023 307 11  3 0700  -24.0  959.2  444.0  444.0   70.0  444.0
2023 307 11  3 0800  -24.6  959.5  444.0  444.0   70.0  444.0
2023 307 11  3 0900  -24.8  959.5  444.0  444.0   70.0  444.0
2023 307 11  3 1000  -24.9  959.7  444.0  444.0   68.5  444.0
2023 307 11  3 1100  -25.4  960.2  444.0  444.0   68.0  444.0
2023 307 11  3 1200  -23.6  960.5  444.0  444.0   65.0  444.0
2023 307 11  3 1300  -24.0  961.0  444.0  444.0   66.0  444.0
2023 307 11  3 1400  -23.4  961.7  444.0  444.0   69.0  444.0
2023 307 11  3 1500  -21.2  961.9  444.0  444.0   74.0  444.0
2023 307 11  3 1600  -21.5  962.5  444.0  444.0   77.0  444.0
2023 307 11  3 1700  -25.2  963.8  444.0  444.0   75.0  444.0
2023 307 11  3 1800  -25.7  964.8  444.0  444.0   73.0  444.0
2023 307 11  3 1900  -26.0  965.4  444.0  444.0   72.0  444.0
2023 307 11  3 2000  -25.1  965.7  444.0  444.0   71.7  444.0
2023 307 11  3 2100  -24.4  965.7  444.0  444.0   72.0  444.0
2023 307 11  3 2200  -23.6  966.3  444.0  444.0   72.0  444.0
2023 307 11  3 2300  -22.9  966.8  444.0  444.0   72.0  444.0
2023 308 11  4 0000  -22.5  967.1  444.0  444.0   71.0  444.0
2023 308 11  4 0100  -22.4  966.9  444.0  444.0   72.0  444.0
2023 308 11  4 0200  -22.2  966.9  444.0  444.0   70.0  444.0
2023 308 11  4 0300  -22.2  967.0  444.0  444.0   70.9  444.0
2023 308 11  4 0400  -22.5  967.1  444.0  444.0   73.0  444.0
2023 308 11  4 0500  -22.6  967.2  444.0  444.0   72.0  444.0
2023 308 11  4 0600  -22.8  967.1  444.0  444.0   72.0  444.0
2023 308 11  4 0700  -22.6  967.2  444.0  444.0   73.0  444.0
2023 308 11  4 0800  -22.3  967.5  444.0  444.0   70.9  444.0
2023 308 11  4 0900  -22.6  967.6  444.0  444.0   70.0  444.0
2023 308 11  4 1000  -23.5  967.9  444.0  444.0   69.0  444.0
2023 308 11  4 1100  -23.8  967.8  444.0  444.0   68.0  444.0
2023 308 11  4 1200  -24.1  968.2  444.0  444.0   68.0  444.0
2023 308 11  4 1300  -24.3  968.5  444.0  444.0   67.0  444.0
2023 308 11  4 1400  -24.4  968.8  444.0  444.0   67.0  444.0
2023 308 11  4 1500  -25.0  969.0  444.0  444.0   67.0  444.0
2023 308 11  4 1600  -24.1  969.0  444.0  444.0   68.0  444.0
2023 308 11  4 1700  -22.9  968.8  444.0  444.0   68.0  444.0
2023 308 11  4 1800  -20.9  968.5  444.0  444.0   68.0  444.0
2023 308 11  4 1900  -19.7  967.8  444.0  444.0   73.0  444.0
2023 308 11  4 2000  -17.8  967.4  444.0  444.0   72.0  444.0
2023 308 11  4 2100  -16.6  966.8  444.0  444.0   73.0  444.0
2023 308 11  4 2200  -15.7  966.4  444.0  444.0   72.0  444.0
2023 308 11  4 2300  -15.9  965.9  444.0  444.0   76.0  444.0
2023 309 11  5 0000  -17.6  965.9  444.0  444.0   71.0  444.0
2023 309 11  5 0100  -18.7  966.3  444.0  444.0   74.0  444.0
2023 309 11  5 0200  -19.1  966.5  444.0  444.0   74.0  444.0
2023 309 11  5 0300  -18.9  966.5  444.0  444.0   74.0  444.0
2023 309 11  5 0400  -17.3  966.3  444.0  444.0   77.0  444.0
2023 309 11  5 0500  -16.6  966.2  444.0  444.0   76.0  444.0
2023 309 11  5 0600  -16.5  966.0  444.0  444.0   83.1  444.0
2023 309 11  5 0700  -16.2  965.9  444.0  444.0   84.0  444.0
2023 309 11  5 0800  -17.0  965.6  444.0  444.0   85.0  444.0
2023 309 11  5 0900  -17.5  965.7  444.0  444.0   84.0  444.0
2023 309 11  5 1000  -18.2  966.0  444.0  444.0   83.0  444.0
2023 309 11  5 1100  -19.4  966.7  444.0  444.0   81.0  444.0
2023 309 11  5 1200  -20.3  967.7  444.0  444.0   80.7  444.0
2023 309 11  5 1300  -20.0  968.9  444.0  444.0   79.0  444.0
2023 309 11  5 1400  -19.6  969.7  444.0  444.0   79.0  444.0
2023 309 11  5 1500  -19.3  970.8  444.0  444.0   80.0  444.0
2023 309 11  5 1600  -18.4  971.4  444.0  444.0   78.0  444.0
2023 309 11  5 1700  -17.9  972.1  444.0  444.0   78.2  444.0
2023 309 11  5 1800  -17.5  972.3  444.0  444.0   74.0  444.0
2023 309 11  5 1900  -16.9  972.5  444.0  444.0   73.0  444.0
2023 309 11  5 2000  -16.4  972.8  444.0  444.0   74.0  444.0
2023 309 11  5 2100  -16.2  973.3  444.0  444.0   78.0  444.0
2023 309 11  5 2200  -15.9  973.7  444.0  444.0   80.0  444.0
2023 309 11  5 2300  -15.5  974.0  444.0  444.0   80.0  444.0
2023 310 11  6 0000  -15.2  974.3  444.0  444.0   80.0  444.0
2023 310 11  6 0100  -14.9  974.6  444.0  444.0   82.0  444.0
2023 310 11  6 0200  -14.4  975.3  444.0  444.0   82.0  444.0
2023 310 11  6 0300  -14.5  975.9  444.0  444.0   81.6  444.0
2023 310 11  6 0400  -14.4  976.5  444.0  444.0   78.0  444.0
2023 310 11  6 0500  -14.9  977.5  444.0  444.0   75.0  444.0
2023 310 11  6 0600  -15.4  977.9  444.0  444.0   74.0  444.0
2023 310 11  6 0700  -15.7  978.4  444.0  444.0   73.0  444.0
2023 310 11  6 0800  -16.1  978.7  444.0  444.0   72.0  444.0
2023 310 11  6 0900  -16.5  979.3  444.0  444.0   70.0  444.0
2023 310 11  6 1000  -17.0  979.7  444.0  444.0   69.4  444.0
2023 310 11  6 1100  -17.4  980.1  444.0  444.0   69.0  444.0
2023 310 11  6 1200  -17.6  980.4  444.0  444.0   70.0  444.0
2023 310 11  6 1300  -17.7  980.5  444.0  444.0   69.2  444.0
2023 310 11  6 1400  -17.7  980.5  444.0  444.0   69.0  444.0
2023 310 11  6 1500  -17.5  980.3  444.0  444.0   68.8  444.0
2023 310 11  6 1600  -17.6  980.4  444.0  444.0   70.0  444.0
2023 310 11  6 1700  -15.9  979.9  444.0  444.0   66.0  444.0
2023 310 11  6 1800  -15.2  979.4  444.0  444.0   66.4  444.0
2023 310 11  6 1900  -14.2  978.7  444.0  444.0   66.0  444.0
2023 310 11  6 2000  -13.1  977.9  444.0  444.0   67.1  444.0
2023 310 11  6 2100  -12.3  977.7  444.0  444.0   70.0  444.0
2023 310 11  6 2200  -11.6  976.8  444.0  444.0   75.0  444.0
2023 310 11  6 2300  -10.9  975.9  444.0  444.0   74.0  444.0
2023 311 11  7 0000  -10.4  975.3  444.0  444.0   81.0  444.0
2023 311 11  7 0100  -10.4  975.0  444.0  444.0   83.3  444.0
2023 311 11  7 0200  -10.4  974.3  444.0  444.0   83.0  444.0
2023 311 11  7 0300  -10.6  974.0  444.0  444.0   80.0  444.0
2023 311 11  7 0400  -10.8  973.4  444.0  444.0   82.0  444.0
2023 311 11  7 0500  -10.9  973.4  444.0  444.0   82.2  444.0
2023 311 11  7 0600  -11.6  973.4  444.0  444.0   79.4  444.0
2023 311 11  7 0700  -12.0  973.1  444.0  444.0   79.0  444.0
2023 311 11  7 0800  -12.4  973.3  444.0  444.0   78.0  444.0
2023 311 11  7 0900  -12.9  973.2  444.0  444.0   81.0  444.0
2023 311 11  7 1000  -13.0  973.3  444.0  444.0   77.0  444.0
2023 311 11  7 1100  -13.3  973.7  444.0  444.0   77.1  444.0
2023 311 11  7 1200  -13.2  973.5  444.0  444.0   75.0  444.0
2023 311 11  7 1300  -13.5  973.6  444.0  444.0   74.0  444.0
2023 311 11  7 1400  -13.3  973.5  444.0  444.0   73.0  444.0
2023 311 11  7 1500  -13.4  973.4  444.0  444.0   73.0  444.0
2023 311 11  7 1600  -13.4  973.4  444.0  444.0   72.9  444.0
2023 311 11  7 1700  -13.6  973.1  444.0  444.0   73.0  444.0
2023 311 11  7 1800  -13.3  973.2  444.0  444.0   73.0  444.0
2023 311 11  7 1900  -12.9  973.5  444.0  444.0   72.0  444.0
2023 311 11  7 2000  -12.3  973.6  444.0  444.0   71.0  444.0
2023 311 11  7 2100  -12.1  973.8  444.0  444.0   71.3  444.0
2023 311 11  7 2200  -12.0  974.0  444.0  444.0   70.0  444.0
2023 311 11  7 2300  -11.7  974.2  444.0  444.0   71.0  444.0
2023 312 11  8 0000  -12.1  974.5  444.0  444.0   72.0  444.0
2023 312 11  8 0100  -11.4  974.5  444.0  444.0   72.0  444.0
2023 312 11  8 0200  -11.2  974.4  444.0  444.0   71.0  444.0
2023 312 11  8 0300  -11.7  974.9  444.0  444.0   74.0  444.0
2023 312 11  8 0400  -10.8  974.9  444.0  444.0   71.0  444.0
2023 312 11  8 0500  -10.6  974.9  444.0  444.0   72.0  444.0
2023 312 11  8 0600  -11.4  975.2  444.0  444.0   74.0  444.0
2023 312 11  8 0700  -11.7  975.3  444.0  444.0   72.0  444.0
2023 312 11  8 0800  -12.0  975.5  444.0  444.0   72.0  444.0
2023 312 11  8 0900  -13.2  976.1  444.0  444.0   73.0  444.0
2023 312 11  8 1000  -11.5  976.0  444.0  444.0   70.0  444.0
2023 312 11  8 1100  -13.1  976.2  444.0  444.0   75.0  444.0
2023 312 11  8 1200  -12.7  976.1  444.0  444.0   69.0  444.0
2023 312 11  8 1300  -13.6  976.4  444.0  444.0   74.0  444.0
2023 312 11  8 1400  -13.3  977.5  444.0  444.0   73.0  444.0
2023 312 11  8 1500  -14.5  977.5  444.0  444.0   74.0  444.0
2023 312 11  8 1600  -13.2  977.2  444.0  444.0   69.0  444.0
2023 312 11  8 1700  -13.4  977.8  444.0  444.0   70.0  444.0
2023 312 11  8 1800  -13.8  978.0  444.0  444.0   72.0  444.0
2023 312 11  8 1900  -13.1  978.0  444.0  444.0   69.0  444.0
2023 312 11  8 2000  -13.4  978.1  444.0  444.0   70.0  444.0
2023 312 11  8 2100  -12.4  978.3  444.0  444.0   68.0  444.0
2023 312 11  8 2200  -12.1  978.7  444.0  444.0   68.0  444.0
2023 312 11  8 2300  -12.0  979.3  444.0  444.0   69.0  444.0
2023 313 11  9 0000  -11.5  979.3  444.0  444.0   69.3  444.0
2023 313 11  9 0100  -11.7  979.5  444.0  444.0   68.0  444.0
2023 313 11  9 0200  -11.3  979.5  444.0  444.0   67.3  444.0
2023 313 11  9 0300  -11.4  979.7  444.0  444.0   69.0  444.0
2023 313 11  9 0400  -11.4  980.0  444.0  444.0   71.0  444.0
2023 313 11  9 0500  -12.5  980.3  444.0  444.0   71.0  444.0
2023 313 11  9 0600  -13.1  980.6  444.0  444.0   70.0  444.0
2023 313 11  9 0700  -12.9  980.7  444.0  444.0   69.6  444.0
2023 313 11  9 0800  -13.8  980.9  444.0  444.0   72.0  444.0
2023 313 11  9 0900  -14.0  981.0  444.0  444.0   71.0  444.0
2023 313 11  9 1000  -14.8  981.2  444.0  444.0   72.0  444.0
2023 313 11  9 1100  -16.2  981.4  444.0  444.0   74.0  444.0
2023 313 11  9 1200  -16.5  981.7  444.0  444.0   71.3  444.0
2023 313 11  9 1300  -17.6  981.7  444.0  444.0   72.0  444.0
2023 313 11  9 1400  -18.2  981.7  444.0  444.0   73.0  444.0
2023 313 11  9 1500  -18.4  981.5  444.0  444.0   72.0  444.0
2023 313 11  9 1600  -17.3  981.6  444.0  444.0   71.0  444.0
2023 313 11  9 1700  -16.0  981.6  444.0  444.0   69.7  444.0
2023 313 11  9 1800  -15.9  981.6  444.0  444.0   71.0  444.0
2023 313 11  9 1900  -14.9  981.9  444.0  444.0   70.0  444.0
2023 313 11  9 2000  -15.4  982.1  444.0  444.0   72.0  444.0
2023 313 11  9 2100  -15.3  982.2  444.0  444.0   72.0  444.0
2023 313 11  9 2200  -14.7  982.1  444.0  444.0   72.0  444.0
2023 313 11  9 2300  -14.1  982.2  444.0  444.0   71.0  444.0
2023 314 11 10 0000  -13.7  982.3  444.0  444.0   69.0  444.0
2023 314 11 10 0100  -14.1  982.2  444.0  444.0   70.0  444.0
2023 314 11 10 0200  -13.5  982.2  444.0  444.0   71.0  444.0
2023 314 11 10 0300  -12.4  982.2  444.0  444.0   66.0  444.0
2023 314 11 10 0400  -13.8  982.0  444.0  444.0   70.0  444.0
2023 314 11 10 0500  -14.8  982.1  444.0  444.0   69.0  444.0
2023 314 11 10 0600  -14.9  982.4  444.0  444.0   64.0  444.0
2023 314 11 10 0700  -16.7  982.6  444.0  444.0   70.0  444.0
2023 314 11 10 0800  -17.4  982.5  444.0  444.0   72.0  444.0
2023 314 11 10 0900  -17.4  982.7  444.0  444.0   70.0  444.0
2023 314 11 10 1000  -19.8  982.8  444.0  444.0   70.0  444.0
2023 314 11 10 1100  -19.7  982.8  444.0  444.0   68.0  444.0
2023 314 11 10 1200  -19.4  983.1  444.0  444.0   67.0  444.0
2023 314 11 10 1300  -20.7  983.2  444.0  444.0   68.0  444.0
2023 314 11 10 1400  -21.4  983.3  444.0  444.0   69.0  444.0
2023 314 11 10 1500  -21.9  983.3  444.0  444.0   71.0  444.0
2023 314 11 10 1600  -20.8  983.5  444.0  444.0   64.0  444.0
2023 314 11 10 1700  -21.3  983.3  444.0  444.0   69.0  444.0
2023 314 11 10 1800  -21.0  983.4  444.0  444.0   68.0  444.0
2023 314 11 10 1900  -20.4  983.3  444.0  444.0   70.0  444.0
2023 314 11 10 2000  444.0  983.5  444.0  444.0   66.0  444.0
2023 314 11 10 2100  -17.7  983.3  444.0  444.0   66.0  444.0
2023 314 11 10 2200  -17.3  983.1  444.0  444.0   67.0  444.0
2023 314 11 10 2300  -16.8  983.2  444.0  444.0   68.0  444.0
2023 315 11 11 0000  -16.3  983.0  444.0  444.0   70.0  444.0
2023 315 11 11 0100  -16.0  982.8  444.0  444.0   71.0  444.0
2023 315 11 11 0200  -15.7  982.6  444.0  444.0   69.8  444.0
2023 315 11 11 0300  -15.7  982.2  444.0  444.0   71.0  444.0
2023 315 11 11 0400  -15.8  981.9  444.0  444.0   73.0  444.0
2023 315 11 11 0500  -16.4  981.7  444.0  444.0   73.0  444.0
2023 315 11 11 0600  -16.6  981.5  444.0  444.0   67.0  444.0
2023 315 11 11 0700  -16.8  981.1  444.0  444.0   72.3  444.0
2023 315 11 11 0800  -17.5  980.9  444.0  444.0   70.0  444.0
2023 315 11 11 0900  -19.6  980.6  444.0  444.0   72.0  444.0
2023 315 11 11 1000  -19.6  980.0  444.0  444.0   69.0  444.0
2023 315 11 11 1100  -21.5  980.0  444.0  444.0   70.0  444.0
2023 315 11 11 1200  -22.2  979.7  444.0  444.0   69.0  444.0
2023 315 11 11 1300  -21.4  979.3  444.0  444.0   69.0  444.0
2023 315 11 11 1400  -22.5  979.1  444.0  444.0   70.0  444.0
2023 315 11 11 1500  -23.4  978.6  444.0  444.0   69.0  444.0
2023 315 11 11 1600  -23.0  978.5  444.0  444.0   71.0  444.0
2023 315 11 11 1700  -22.3  978.1  444.0  444.0   71.0  444.0
2023 315 11 11 1800  -21.4  978.1  444.0  444.0   67.0  444.0
2023 315 11 11 1900  -20.3  978.2  444.0  444.0   69.0  444.0
2023 315 11 11 2000  -19.2  978.2  444.0  444.0   71.0  444.0
2023 315 11 11 2100  -18.9  977.9  444.0  444.0   72.0  444.0
2023 315 11 11 2200  -18.7  977.6  444.0  444.0   73.0  444.0
2023 315 11 11 2300  -17.8  977.4  444.0  444.0   73.0  444.0
2023 316 11 12 0000  -16.7  977.5  444.0  444.0   74.0  444.0
2023 316 11 12 0100  -16.1  977.4  444.0  444.0   74.0  444.0
2023 316 11 12 0200  -15.9  977.3  444.0  444.0   75.0  444.0
2023 316 11 12 0300  -16.1  977.2  444.0  444.0   76.0  444.0
2023 316 11 12 0400  -15.6  977.1  444.0  444.0   76.0  444.0
2023 316 11 12 0500  -16.3  977.0  444.0  444.0   75.1  444.0
2023 316 11 12 0600  -17.3  977.3  444.0  444.0   75.0  444.0
2023 316 11 12 0700  -17.8  977.1  444.0  444.0   75.0  444.0
2023 316 11 12 0800  -18.9  977.1  444.0  444.0   74.0  444.0
2023 316 11 12 0900  -19.0  977.2  444.0  444.0   74.0  444.0
2023 316 11 12 1000  -20.0  977.1  444.0  444.0   72.1  444.0
2023 316 11 12 1100  -20.5  977.2  444.0  444.0   72.0  444.0
2023 316 11 12 1200  -20.9  977.1  444.0  444.0   70.0  444.0
2023 316 11 12 1300  -21.7  977.2  444.0  444.0   70.0  444.0
2023 316 11 12 1400  -22.0  976.9  444.0  444.0   69.0  444.0
2023 316 11 12 1500  -22.6  977.1  444.0  444.0   70.0  444.0
2023 316 11 12 1600  -22.3  977.0  444.0  444.0   71.0  444.0
2023 316 11 12 1700  -21.5  977.0  444.0  444.0   71.0  444.0
2023 316 11 12 1800  -20.8  977.3  444.0  444.0   72.0  444.0
2023 316 11 12 1900  -19.5  977.7  444.0  444.0   74.0  444.0
2023 316 11 12 2000  -18.5  977.7  444.0  444.0   74.0  444.0
2023 316 11 12 2100  -18.5  977.9  444.0  444.0   74.0  444.0
2023 316 11 12 2200  -17.7  978.0  444.0  444.0   75.0  444.0
2023 316 11 12 2300  -17.0  978.3  444.0  444.0   74.0  444.0
2023 317 11 13 0000  -16.2  978.5  444.0  444.0   74.0  444.0
2023 317 11 13 0100  -15.7  978.5  444.0  444.0   75.0  444.0
2023 317 11 13 0200  -14.8  978.9  444.0  444.0   69.0  444.0
2023 317 11 13 0300  -14.7  978.9  444.0  444.0   70.0  444.0
2023 317 11 13 0400  -15.4  978.9  444.0  444.0   74.0  444.0
2023 317 11 13 0500  -16.5  979.3  444.0  444.0   72.0  444.0
2023 317 11 13 0600  -16.6  979.4  444.0  444.0   71.0  444.0
2023 317 11 13 0700  -17.9  979.7  444.0  444.0   73.0  444.0
2023 317 11 13 0800  -18.9  980.0  444.0  444.0   71.0  444.0
2023 317 11 13 0900  -19.8  980.3  444.0  444.0   70.0  444.0
2023 317 11 13 1000  -21.0  980.4  444.0  444.0   70.0  444.0
2023 317 11 13 1100  -21.9  980.8  444.0  444.0   67.0  444.0
2023 317 11 13 1200  -22.4  981.2  444.0  444.0   67.0  444.0
2023 317 11 13 1300  -22.4  981.4  444.0  444.0   64.0  444.0
2023 317 11 13 1400  -23.0  981.8  444.0  444.0   63.0  444.0
2023 317 11 13 1500  -23.7  982.1  444.0  444.0   64.0  444.0
2023 317 11 13 1600  -22.4  982.6  444.0  444.0   67.0  444.0
2023 317 11 13 1700  -21.6  983.1  444.0  444.0   66.0  444.0
2023 317 11 13 1800  -22.1  983.7  444.0  444.0   66.0  444.0
2023 317 11 13 1900  -21.8  984.3  444.0  444.0   70.0  444.0
2023 317 11 13 2000  444.0  984.6  444.0  444.0   63.0  444.0
2023 317 11 13 2100  -21.3  985.2  444.0  444.0   72.0  444.0
2023 317 11 13 2200  -19.8  985.6  444.0  444.0   70.0  444.0
2023 317 11 13 2300  -20.1  986.3  444.0  444.0   73.0  444.0
2023 318 11 14 0000  -19.5  987.0  444.0  444.0   73.0  444.0
2023 318 11 14 0100  -19.2  987.4  444.0  444.0   74.0  444.0
2023 318 11 14 0200  -18.7  987.7  444.0  444.0   72.0  444.0
2023 318 11 14 0300  -17.9  988.1  444.0  444.0   70.0  444.0
2023 318 11 14 0400  -17.9  988.5  444.0  444.0   73.0  444.0
2023 318 11 14 0500  -18.7  988.9  444.0  444.0   72.0  444.0
2023 318 11 14 0600  -19.2  989.3  444.0  444.0   71.0  444.0
2023 318 11 14 0700  -19.9  989.6  444.0  444.0   72.1  444.0
2023 318 11 14 0800  -20.8  989.9  444.0  444.0   71.4  444.0
2023 318 11 14 0900  -21.7  990.1  444.0  444.0   73.0  444.0
2023 318 11 14 1000  -22.6  990.3  444.0  444.0   70.0  444.0
2023 318 11 14 1100  -23.9  990.6  444.0  444.0   71.0  444.0
2023 318 11 14 1200  -24.6  990.8  444.0  444.0   71.3  444.0
2023 318 11 14 1300  -24.5  991.0  444.0  444.0   70.7  444.0
2023 318 11 14 1400  -25.1  991.0  444.0  444.0   71.0  444.0
2023 318 11 14 1500  -25.4  991.2  444.0  444.0   72.0  444.0
2023 318 11 14 1600  -24.8  991.2  444.0  444.0   71.0  444.0
2023 318 11 14 1700  -24.0  991.3  444.0  444.0   69.6  444.0
2023 318 11 14 1800  -23.4  991.4  444.0  444.0   71.7  444.0
2023 318 11 14 1900  -22.7  991.3  444.0  444.0   72.0  444.0
2023 318 11 14 2000  -22.4  991.0  444.0  444.0   72.0  444.0
2023 318 11 14 2100  -21.1  990.9  444.0  444.0   74.0  444.0
2023 318 11 14 2200  -20.3  990.7  444.0  444.0   74.0  444.0
2023 318 11 14 2300  -19.7  990.6  444.0  444.0   73.8  444.0
2023 319 11 15 0000  -19.5  990.3  444.0  444.0   74.0  444.0
2023 319 11 15 0100  -19.3  989.8  444.0  444.0   76.0  444.0
2023 319 11 15 0200  -19.2  989.5  444.0  444.0   74.0  444.0
2023 319 11 15 0300  -19.1  989.2  444.0  444.0   73.5  444.0
2023 319 11 15 0400  -19.3  988.8  444.0  444.0   74.0  444.0
2023 319 11 15 0500  -19.2  988.5  444.0  444.0   72.0  444.0
2023 319 11 15 0600  -19.4  988.1  444.0  444.0   70.0  444.0
2023 319 11 15 0700  -20.1  987.7  444.0  444.0   71.0  444.0
2023 319 11 15 0800  -20.9  987.3  444.0  444.0   72.0  444.0
2023 319 11 15 0900  -21.9  986.8  444.0  444.0   72.0  444.0
2023 319 11 15 1000  -22.6  986.6  444.0  444.0   72.0  444.0
2023 319 11 15 1100  -23.2  986.4  444.0  444.0   71.0  444.0
2023 319 11 15 1200  -23.9  986.2  444.0  444.0   70.0  444.0
2023 319 11 15 1300  -24.2  986.1  444.0  444.0   70.0  444.0
2023 319 11 15 1400  -24.4  985.8  444.0  444.0   69.0  444.0
2023 319 11 15 1500  -24.6  985.8  444.0  444.0   69.0  444.0
2023 319 11 15 1600  -24.3  985.7  444.0  444.0   68.0  444.0
2023 319 11 15 1700  -23.9  985.6  444.0  444.0   71.0  444.0
2023 319 11 15 1800  -23.0  985.7  444.0  444.0   71.0  444.0
2023 319 11 15 1900  -22.0  985.5  444.0  444.0   71.0  444.0
2023 319 11 15 2000  -21.4  985.7  444.0  444.0   71.0  444.0
2023 319 11 15 2100  -20.2  986.0  444.0  444.0   71.0  444.0
2023 319 11 15 2200  -19.3  986.2  444.0  444.0   72.0  444.0
2023 319 11 15 2300  -18.7  986.2  444.0  444.0   72.0  444.0
2023 320 11 16 0000  -18.2  986.6  444.0  444.0   72.0  444.0
2023 320 11 16 0100  -17.2  986.7  444.0  444.0   72.0  444.0
2023 320 11 16 0200  -17.3  986.8  444.0  444.0   71.0  444.0
2023 320 11 16 0300  -17.3  986.7  444.0  444.0   73.0  444.0
2023 320 11 16 0400  -17.4  986.7  444.0  444.0   75.0  444.0
2023 320 11 16 0500  -17.8  986.9  444.0  444.0   73.0  444.0
2023 320 11 16 0600  -18.4  987.0  444.0  444.0   73.0  444.0
2023 320 11 16 0700  -18.8  987.1  444.0  444.0   73.0  444.0
2023 320 11 16 0800  -19.7  987.1  444.0  444.0   74.0  444.0
2023 320 11 16 0900  -20.7  987.1  444.0  444.0   74.0  444.0
2023 320 11 16 1000  -21.4  987.4  444.0  444.0   71.0  444.0
2023 320 11 16 1100  -22.2  987.4  444.0  444.0   71.0  444.0
2023 320 11 16 1200  -22.6  987.4  444.0  444.0   74.0  444.0
2023 320 11 16 1300  -23.3  987.2  444.0  444.0   71.3  444.0
2023 320 11 16 1400  -23.3  987.1  444.0  444.0   72.0  444.0
2023 320 11 16 1500  -22.8  986.8  444.0  444.0   74.0  444.0
2023 320 11 16 1600  -22.3  986.5  444.0  444.0   74.0  444.0
2023 320 11 16 1700  -21.5  986.2  444.0  444.0   75.0  444.0
2023 320 11 16 1800  -20.6  985.9  444.0  444.0   73.8  444.0
2023 320 11 16 1900  -19.2  985.7  444.0  444.0   72.0  444.0
2023 320 11 16 2000  -17.3  985.3  444.0  444.0   71.0  444.0
2023 320 11 16 2100  -16.6  984.7  444.0  444.0   71.0  444.0
2023 320 11 16 2200  -15.9  984.2  444.0  444.0   71.0  444.0
2023 320 11 16 2300  -15.2  984.0  444.0  444.0   71.0  444.0
2023 321 11 17 0000  -14.7  983.7  444.0  444.0   71.0  444.0
2023 321 11 17 0100  -14.4  983.0  444.0  444.0   73.4  444.0
2023 321 11 17 0200  -13.8  982.2  444.0  444.0   72.0  444.0
2023 321 11 17 0300  -12.9  981.6  444.0  444.0   72.0  444.0
2023 321 11 17 0400  -13.1  981.3  444.0  444.0   74.7  444.0
2023 321 11 17 0500  -13.8  980.8  444.0  444.0   75.0  444.0
2023 321 11 17 0600  -14.3  980.4  444.0  444.0   73.6  444.0
2023 321 11 17 0700  -14.6  980.0  444.0  444.0   75.0  444.0
2023 321 11 17 0800  -15.4  979.6  444.0  444.0   74.0  444.0
2023 321 11 17 0900  -16.2  979.2  444.0  444.0   73.1  444.0
2023 321 11 17 1000  -17.0  978.9  444.0  444.0   72.0  444.0
2023 321 11 17 1100  -17.1  978.5  444.0  444.0   69.0  444.0
2023 321 11 17 1200  -15.2  978.2  444.0  444.0   67.0  444.0
2023 321 11 17 1300  -17.8  977.8  444.0  444.0   66.0  444.0
2023 321 11 17 1400  -19.1  977.5  444.0  444.0   73.0  444.0
2023 321 11 17 1500  -18.5  977.2  444.0  444.0   71.0  444.0
2023 321 11 17 1600  -17.8  976.8  444.0  444.0   72.3  444.0
2023 321 11 17 1700  -17.1  976.7  444.0  444.0   72.0  444.0
2023 321 11 17 1800  -16.5  976.7  444.0  444.0   72.0  444.0
2023 321 11 17 1900  -14.9  976.7  444.0  444.0   71.0  444.0
2023 321 11 17 2000  -14.9  976.5  444.0  444.0   72.0  444.0
2023 321 11 17 2100  -13.5  976.7  444.0  444.0   72.0  444.0
2023 321 11 17 2200  -13.1  976.8  444.0  444.0   73.0  444.0
2023 321 11 17 2300  -12.4  976.8  444.0  444.0   73.0  444.0
2023 322 11 18 0000  -11.6  977.1  444.0  444.0   73.0  444.0
2023 322 11 18 0100  -11.8  977.2  444.0  444.0   74.0  444.0
2023 322 11 18 0200  -11.6  977.2  444.0  444.0   72.7  444.0
2023 322 11 18 0300  -12.2  977.2  444.0  444.0   76.0  444.0
2023 322 11 18 0400  -12.7  977.3  444.0  444.0   76.1  444.0
2023 322 11 18 0500  -13.1  977.3  444.0  444.0   76.0  444.0
2023 322 11 18 0600  -13.5  977.3  444.0  444.0   76.0  444.0
2023 322 11 18 0700  -13.9  977.2  444.0  444.0   76.5  444.0
2023 322 11 18 0800  -14.5  977.3  444.0  444.0   76.0  444.0
2023 322 11 18 0900  -16.0  977.5  444.0  444.0   75.8  444.0
2023 322 11 18 1000  -17.1  977.5  444.0  444.0   75.0  444.0
2023 322 11 18 1100  -18.0  977.6  444.0  444.0   75.0  444.0
2023 322 11 18 1200  -19.3  977.7  444.0  444.0   75.0  444.0
2023 322 11 18 1300  -20.0  977.7  444.0  444.0   75.0  444.0
2023 322 11 18 1400  -20.5  977.5  444.0  444.0   75.3  444.0
2023 322 11 18 1500  -20.2  977.0  444.0  444.0   73.0  444.0
2023 322 11 18 1600  -20.2  976.6  444.0  444.0   75.0  444.0
2023 322 11 18 1700  -19.4  976.3  444.0  444.0   75.0  444.0
2023 322 11 18 1800  -18.4  976.1  444.0  444.0   75.0  444.0
2023 322 11 18 1900  -17.6  975.7  444.0  444.0   75.9  444.0
2023 322 11 18 2000  -16.9  975.9  444.0  444.0   76.0  444.0
2023 322 11 18 2100  -15.9  975.8  444.0  444.0   75.0  444.0
2023 322 11 18 2200  -15.7  975.8  444.0  444.0   75.0  444.0
2023 322 11 18 2300  -14.5  975.7  444.0  444.0   75.0  444.0
2023 323 11 19 0000  -13.7  975.6  444.0  444.0   73.8  444.0
2023 323 11 19 0100  -13.8  975.6  444.0  444.0   74.0  444.0
2023 323 11 19 0200  -12.8  975.4  444.0  444.0   70.0  444.0
2023 323 11 19 0300  -11.9  975.2  444.0  444.0   65.0  444.0
2023 323 11 19 0400  -13.0  975.2  444.0  444.0   76.0  444.0
2023 323 11 19 0500  -13.3  975.2  444.0  444.0   70.6  444.0
2023 323 11 19 0600  -13.8  975.2  444.0  444.0   69.0  444.0
2023 323 11 19 0700  -15.0  975.5  444.0  444.0   71.0  444.0
2023 323 11 19 0800  -15.3  975.7  444.0  444.0   72.0  444.0
2023 323 11 19 0900  -17.2  976.0  444.0  444.0   75.0  444.0
2023 323 11 19 1000  -18.1  976.4  444.0  444.0   74.6  444.0
2023 323 11 19 1100  -19.0  976.9  444.0  444.0   75.2  444.0
2023 323 11 19 1200  -19.4  977.4  444.0  444.0   75.0  444.0
2023 323 11 19 1300  -20.1  977.8  444.0  444.0   75.0  444.0
2023 323 11 19 1400  -20.8  978.4  444.0  444.0   74.0  444.0
2023 323 11 19 1500  -20.6  979.1  444.0  444.0   74.0  444.0
2023 323 11 19 1600  -20.9  979.9  444.0  444.0   74.4  444.0
2023 323 11 19 1700  -20.9  980.6  444.0  444.0   75.0  444.0
2023 323 11 19 1800  -20.6  981.6  444.0  444.0   76.0  444.0
2023 323 11 19 1900  -20.1  982.4  444.0  444.0   76.0  444.0
2023 323 11 19 2000  -20.0  983.2  444.0  444.0   75.0  444.0
2023 323 11 19 2100  -19.6  983.7  444.0  444.0   75.4  444.0
2023 323 11 19 2200  -19.4  984.3  444.0  444.0   75.0  444.0
2023 323 11 19 2300  -18.9  984.8  444.0  444.0   76.0  444.0
2023 324 11 20 0000  -18.4  985.2  444.0  444.0   75.0  444.0
2023 324 11 20 0100  -17.6  985.7  444.0  444.0   75.0  444.0
2023 324 11 20 0200  -17.0  986.1  444.0  444.0   74.6  444.0
2023 324 11 20 0300  -16.6  985.9  444.0  444.0   75.0  444.0
2023 324 11 20 0400  -16.2  986.0  444.0  444.0   76.0  444.0
2023 324 11 20 0500  -16.4  986.0  444.0  444.0   76.0  444.0
2023 324 11 20 0600  -16.4  986.4  444.0  444.0   75.0  444.0
2023 324 11 20 0700  -16.5  986.6  444.0  444.0   63.0  444.0
2023 324 11 20 0800  -16.9  986.5  444.0  444.0   68.0  444.0
2023 324 11 20 0900  -17.8  986.4  444.0  444.0   72.0  444.0
2023 324 11 20 1000  -19.1  986.5  444.0  444.0   74.0  444.0
2023 324 11 20 1100  -20.4  986.5  444.0  444.0   72.0  444.0
2023 324 11 20 1200  -20.3  986.6  444.0  444.0   72.0  444.0
2023 324 11 20 1300  -21.3  986.8  444.0  444.0   71.0  444.0
2023 324 11 20 1400  -21.9  987.0  444.0  444.0   71.0  444.0
2023 324 11 20 1500  -21.6  987.0  444.0  444.0   71.0  444.0
2023 324 11 20 1600  -21.6  987.1  444.0  444.0   74.0  444.0
2023 324 11 20 1700  -21.3  987.3  444.0  444.0   75.0  444.0
2023 324 11 20 1800  -20.4  987.6  444.0  444.0   75.0  444.0
2023 324 11 20 1900  -19.7  987.9  444.0  444.0   72.1  444.0
2023 324 11 20 2000  -19.0  988.2  444.0  444.0   73.0  444.0
2023 324 11 20 2100  -18.0  988.4  444.0  444.0   72.0  444.0
2023 324 11 20 2200  -18.0  988.9  444.0  444.0   74.0  444.0
2023 324 11 20 2300  -17.5  989.2  444.0  444.0   72.0  444.0
2023 325 11 21 0000  -16.9  989.3  444.0  444.0   74.7  444.0
2023 325 11 21 0100  -16.7  989.5  444.0  444.0   76.1  444.0
2023 325 11 21 0200  -16.4  989.6  444.0  444.0   74.0  444.0
2023 325 11 21 0300  -16.4  989.9  444.0  444.0   76.0  444.0
2023 325 11 21 0400  -16.4  990.0  444.0  444.0   76.0  444.0
2023 325 11 21 0500  -16.8  990.2  444.0  444.0   77.0  444.0
2023 325 11 21 0600  -17.2  990.5  444.0  444.0   76.5  444.0
2023 325 11 21 0700  -17.5  990.7  444.0  444.0   77.0  444.0
2023 325 11 21 0800  -18.1  990.9  444.0  444.0   79.0  444.0
2023 325 11 21 0900  -16.8  991.1  444.0  444.0   81.0  444.0
2023 325 11 21 1000  -16.2  991.1  444.0  444.0   81.0  444.0
2023 325 11 21 1100  -16.5  991.4  444.0  444.0   81.0  444.0
2023 325 11 21 1200  -17.0  991.5  444.0  444.0   81.6  444.0
2023 325 11 21 1300  -17.5  991.6  444.0  444.0   82.0  444.0
2023 325 11 21 1400  -17.5  991.5  444.0  444.0   80.0  444.0
2023 325 11 21 1500  -17.9  991.5  444.0  444.0   82.0  444.0
2023 325 11 21 1600  -18.4  991.4  444.0  444.0   82.0  444.0
2023 325 11 21 1700  -18.1  991.4  444.0  444.0   82.0  444.0
2023 325 11 21 1800  -18.5  991.5  444.0  444.0   81.0  444.0
2023 325 11 21 1900  -18.5  991.6  444.0  444.0   81.0  444.0
2023 325 11 21 2000  -17.9  991.4  444.0  444.0   81.0  444.0
2023 325 11 21 2100  -17.2  991.3  444.0  444.0   82.0  444.0
2023 325 11 21 2200  -16.8  991.1  444.0  444.0   81.2  444.0
2023 325 11 21 2300  -16.5  991.0  444.0  444.0   81.0  444.0
2023 326 11 22 0000  -16.1  991.0  444.0  444.0   81.0  444.0
2023 326 11 22 0100  -15.7  990.8  444.0  444.0   80.1  444.0
2023 326 11 22 0200  -15.3  990.6  444.0  444.0   79.0  444.0
2023 326 11 22 0300  -15.3  990.2  444.0  444.0   79.0  444.0
2023 326 11 22 0400  -15.2  989.8  444.0  444.0   80.0  444.0
2023 326 11 22 0500  -14.9  989.3  444.0  444.0   82.0  444.0
2023 326 11 22 0600  -14.4  988.8  444.0  444.0   83.0  444.0
2023 326 11 22 0700  -14.0  988.1  444.0  444.0   84.0  444.0
2023 326 11 22 0800  -13.8  987.5  444.0  444.0   85.0  444.0
2023 326 11 22 0900  -13.8  987.0  444.0  444.0   84.0  444.0
2023 326 11 22 1000  -14.2  986.4  444.0  444.0   80.0  444.0
2023 326 11 22 1100  -14.4  986.1  444.0  444.0   79.0  444.0
2023 326 11 22 1200  -15.2  985.8  444.0  444.0   84.0  444.0
2023 326 11 22 1300  -14.3  985.5  444.0  444.0   84.0  444.0
2023 326 11 22 1400  -14.3  985.3  444.0  444.0   83.0  444.0
2023 326 11 22 1500  -14.5  985.0  444.0  444.0   83.0  444.0
2023 326 11 22 1600  -14.1  985.0  444.0  444.0   81.0  444.0
2023 326 11 22 1700  -13.9  984.9  444.0  444.0   81.0  444.0
2023 326 11 22 1800  -14.1  984.9  444.0  444.0   81.0  444.0
2023 326 11 22 1900  -13.3  985.1  444.0  444.0   81.0  444.0
2023 326 11 22 2000  -13.3  984.9  444.0  444.0   81.0  444.0
2023 326 11 22 2100  -12.9  984.8  444.0  444.0   79.0  444.0
2023 326 11 22 2200  -12.6  984.7  444.0  444.0   78.2  444.0
2023 326 11 22 2300  -12.3  984.5  444.0  444.0   79.0  444.0
2023 327 11 23 0000  -12.1  984.0  444.0  444.0   80.0  444.0
2023 327 11 23 0100  -12.7  984.0  444.0  444.0   81.0  444.0
2023 327 11 23 0200  -12.3  984.3  444.0  444.0   78.0  444.0
2023 327 11 23 0300  -12.3  984.1  444.0  444.0   81.0  444.0
2023 327 11 23 0400  -11.8  984.0  444.0  444.0   80.0  444.0
2023 327 11 23 0500  -12.5  984.3  444.0  444.0   80.0  444.0
2023 327 11 23 0600  -13.5  984.6  444.0  444.0   79.0  444.0
2023 327 11 23 0700  -14.4  984.9  444.0  444.0   82.0  444.0
2023 327 11 23 0800  -15.6  985.6  444.0  444.0   81.6  444.0
2023 327 11 23 0900  -15.5  985.9  444.0  444.0   84.0  444.0
2023 327 11 23 1000  -15.7  985.9  444.0  444.0   83.0  444.0
2023 327 11 23 1100  -16.4  986.2  444.0  444.0   81.0  444.0
2023 327 11 23 1200  -16.8  986.7  444.0  444.0   81.0  444.0
2023 327 11 23 1300  -17.9  987.0  444.0  444.0   79.0  444.0
2023 327 11 23 1400  -17.1  987.1  444.0  444.0   79.0  444.0
2023 327 11 23 1500  -17.3  987.2  444.0  444.0   75.9  444.0
2023 327 11 23 1600  -17.2  987.3  444.0  444.0   77.0  444.0
2023 327 11 23 1700  -16.6  987.6  444.0  444.0   77.0  444.0
2023 327 11 23 1800  -15.7  987.7  444.0  444.0   80.0  444.0
2023 327 11 23 1900  -15.3  987.7  444.0  444.0   79.0  444.0
2023 327 11 23 2000  -14.8  987.9  444.0  444.0   76.0  444.0
2023 327 11 23 2100  -15.0  988.0  444.0  444.0   76.0  444.0
2023 327 11 23 2200  -14.9  988.2  444.0  444.0   74.0  444.0
2023 327 11 23 2300  -13.7  988.3  444.0  444.0   72.1  444.0
2023 328 11 24 0000  -13.1  988.4  444.0  444.0   74.0  444.0
2023 328 11 24 0100  -14.1  988.4  444.0  444.0   72.7  444.0
2023 328 11 24 0200  -14.9  988.4  444.0  444.0   74.0  444.0
2023 328 11 24 0300  -14.9  988.4  444.0  444.0   76.0  444.0
2023 328 11 24 0400  -13.5  988.3  444.0  444.0   71.2  444.0
2023 328 11 24 0500  -14.5  988.5  444.0  444.0   72.0  444.0
2023 328 11 24 0600  -15.7  988.7  444.0  444.0   78.0  444.0
2023 328 11 24 0700  -15.2  988.8  444.0  444.0   79.0  444.0
2023 328 11 24 0800  -15.6  988.8  444.0  444.0   77.0  444.0
2023 328 11 24 0900  -14.9  988.9  444.0  444.0   65.0  444.0
2023 328 11 24 1000  444.0  988.8  444.0  444.0   64.0  444.0
2023 328 11 24 1100  -16.9  989.2  444.0  444.0   65.7  444.0
2023 328 11 24 1200  -18.7  989.2  444.0  444.0   70.0  444.0
2023 328 11 24 1300  -20.5  989.3  444.0  444.0   69.0  444.0
2023 328 11 24 1400  -20.6  989.0  444.0  444.0   80.0  444.0
2023 328 11 24 1500  -20.3  989.0  444.0  444.0   75.0  444.0
2023 328 11 24 1600  -18.2  989.1  444.0  444.0   80.6  444.0
2023 328 11 24 1700  -16.3  989.3  444.0  444.0   85.0  444.0
2023 328 11 24 1800  -15.9  989.2  444.0  444.0   84.0  444.0
2023 328 11 24 1900  -15.7  989.3  444.0  444.0   84.0  444.0
2023 328 11 24 2000  -15.8  989.5  444.0  444.0   84.0  444.0
2023 328 11 24 2100  -16.1  989.4  444.0  444.0   84.6  444.0
2023 328 11 24 2200  -16.1  989.1  444.0  444.0   85.0  444.0
2023 328 11 24 2300  -16.1  989.2  444.0  444.0   84.0  444.0
2023 329 11 25 0000  -15.9  989.0  444.0  444.0   83.0  444.0
2023 329 11 25 0100  -15.5  988.8  444.0  444.0   83.0  444.0
2023 329 11 25 0200  -15.1  988.4  444.0  444.0   78.3  444.0
2023 329 11 25 0300  -14.9  988.2  444.0  444.0   83.0  444.0
2023 329 11 25 0400  -15.0  987.8  444.0  444.0   86.0  444.0
2023 329 11 25 0500  -14.9  987.3  444.0  444.0   85.0  444.0
2023 329 11 25 0600  -14.9  987.0  444.0  444.0   84.0  444.0
2023 329 11 25 0700  -15.3  986.5  444.0  444.0   85.0  444.0
2023 329 11 25 0800  -16.0  986.0  444.0  444.0   85.0  444.0
2023 329 11 25 0900  -16.4  985.5  444.0  444.0   86.3  444.0
2023 329 11 25 1000  -16.5  985.0  444.0  444.0   86.0  444.0
2023 329 11 25 1100  -16.8  984.6  444.0  444.0   86.0  444.0
2023 329 11 25 1200  -16.9  984.0  444.0  444.0   86.0  444.0
2023 329 11 25 1300  -16.9  983.5  444.0  444.0   86.0  444.0
2023 329 11 25 1400  -17.1  983.1  444.0  444.0   85.0  444.0
2023 329 11 25 1500  -17.0  982.5  444.0  444.0   85.0  444.0
2023 329 11 25 1600  -16.8  981.9  444.0  444.0   85.0  444.0
2023 329 11 25 1700  -16.7  981.7  444.0  444.0   84.0  444.0
2023 329 11 25 1800  -16.8  981.4  444.0  444.0   84.0  444.0
2023 329 11 25 1900  -16.7  981.4  444.0  444.0   83.0  444.0
2023 329 11 25 2000  -16.7  981.1  444.0  444.0   83.0  444.0
2023 329 11 25 2100  -16.4  980.8  444.0  444.0   82.0  444.0
2023 329 11 25 2200  -15.8  980.6  444.0  444.0   82.0  444.0
2023 329 11 25 2300  -15.6  980.2  444.0  444.0   82.0  444.0
2023 330 11 26 0000  -16.0  980.2  444.0  444.0   82.0  444.0
2023 330 11 26 0100  -14.9  980.2  444.0  444.0   82.8  444.0
2023 330 11 26 0200  -15.5  980.0  444.0  444.0   83.0  444.0
2023 330 11 26 0300  -14.4  979.8  444.0  444.0   83.0  444.0
2023 330 11 26 0400  -16.4  979.6  444.0  444.0   83.0  444.0
2023 330 11 26 0500  -16.7  979.6  444.0  444.0   83.0  444.0
2023 330 11 26 0600  -16.4  979.7  444.0  444.0   83.0  444.0
2023 330 11 26 0700  -16.4  979.8  444.0  444.0   84.0  444.0
2023 330 11 26 0800  -16.7  979.9  444.0  444.0   84.0  444.0
2023 330 11 26 0900  -16.4  979.8  444.0  444.0   85.0  444.0
2023 330 11 26 1000  -16.3  979.7  444.0  444.0   85.0  444.0
2023 330 11 26 1100  -16.0  979.9  444.0  444.0   85.0  444.0
2023 330 11 26 1200  -15.7  980.2  444.0  444.0   86.0  444.0
2023 330 11 26 1300  -15.6  980.1  444.0  444.0   85.0  444.0
2023 330 11 26 1400  -15.5  980.3  444.0  444.0   85.0  444.0
2023 330 11 26 1500  -15.9  980.3  444.0  444.0   85.0  444.0
2023 330 11 26 1600  -15.9  980.6  444.0  444.0   85.0  444.0
2023 330 11 26 1700  -15.5  980.7  444.0  444.0   84.0  444.0
2023 330 11 26 1800  -15.6  981.1  444.0  444.0   84.1  444.0
2023 330 11 26 1900  -15.8  981.5  444.0  444.0   83.0  444.0
2023 330 11 26 2000  -15.5  981.5  444.0  444.0   83.0  444.0
2023 330 11 26 2100  -13.9  981.7  444.0  444.0   81.0  444.0
2023 330 11 26 2200  -15.2  982.1  444.0  444.0   81.0  444.0
2023 330 11 26 2300  -14.8  982.2  444.0  444.0   81.1  444.0
2023 331 11 27 0000  -15.4  982.2  444.0  444.0   81.0  444.0
2023 331 11 27 0100  -15.3  981.9  444.0  444.0   81.0  444.0
2023 331 11 27 0200  -15.5  981.9  444.0  444.0   81.0  444.0
2023 331 11 27 0300  -15.6  981.5  444.0  444.0   81.0  444.0
2023 331 11 27 0400  -15.9  981.5  444.0  444.0   82.4  444.0
2023 331 11 27 0500  -15.8  981.2  444.0  444.0   82.0  444.0
2023 331 11 27 0600  -16.0  981.0  444.0  444.0   82.0  444.0
2023 331 11 27 0700  -16.1  980.7  444.0  444.0   82.0  444.0
2023 331 11 27 0800  -16.1  980.3  444.0  444.0   82.0  444.0
2023 331 11 27 0900  -15.8  980.0  444.0  444.0   83.5  444.0
2023 331 11 27 1000  -15.7  979.9  444.0  444.0   84.0  444.0
2023 331 11 27 1100  -15.5  979.7  444.0  444.0   85.0  444.0
2023 331 11 27 1200  -15.2  979.6  444.0  444.0   85.0  444.0
2023 331 11 27 1300  -15.1  979.6  444.0  444.0   85.0  444.0
2023 331 11 27 1400  -15.2  979.4  444.0  444.0   84.7  444.0
2023 331 11 27 1500  -15.4  979.5  444.0  444.0   84.0  444.0
2023 331 11 27 1600  -15.3  979.5  444.0  444.0   85.0  444.0
2023 331 11 27 1700  -15.0  979.6  444.0  444.0   84.0  444.0
2023 331 11 27 1800  -15.0  980.5  444.0  444.0   84.0  444.0
2023 331 11 27 1900  -14.9  981.0  444.0  444.0   82.0  444.0
2023 331 11 27 2000  -15.1  982.0  444.0  444.0   79.0  444.0
2023 331 11 27 2100  -15.5  982.5  444.0  444.0   78.0  444.0
2023 331 11 27 2200  -16.4  983.1  444.0  444.0   74.0  444.0
2023 331 11 27 2300  -15.9  983.7  444.0  444.0   73.0  444.0
2023 332 11 28 0000  -16.2  984.5  444.0  444.0   74.0  444.0
2023 332 11 28 0100  -16.4  985.2  444.0  444.0   74.0  444.0
2023 332 11 28 0200  -16.6  985.5  444.0  444.0   74.0  444.0
2023 332 11 28 0300  -16.8  986.0  444.0  444.0   75.0  444.0
2023 332 11 28 0400  -16.7  986.3  444.0  444.0   75.6  444.0
2023 332 11 28 0500  -16.9  986.6  444.0  444.0   75.0  444.0
2023 332 11 28 0600  -17.1  987.2  444.0  444.0   74.0  444.0
2023 332 11 28 0700  -17.3  987.7  444.0  444.0   73.0  444.0
2023 332 11 28 0800  -18.4  987.8  444.0  444.0   73.2  444.0
2023 332 11 28 0900  -18.5  987.8  444.0  444.0   70.1  444.0
2023 332 11 28 1000  -19.4  987.9  444.0  444.0   70.0  444.0
2023 332 11 28 1100  -19.8  987.9  444.0  444.0   71.0  444.0
2023 332 11 28 1200  -19.2  988.2  444.0  444.0   77.0  444.0
2023 332 11 28 1300  -17.9  988.1  444.0  444.0   79.0  444.0
2023 332 11 28 1400  -17.8  988.0  444.0  444.0   82.0  444.0
2023 332 11 28 1500  -17.9  987.6  444.0  444.0   84.0  444.0
2023 332 11 28 1600  -17.7  987.5  444.0  444.0   83.0  444.0
2023 332 11 28 1700  -17.8  987.5  444.0  444.0   83.0  444.0
2023 332 11 28 1800  -17.6  987.5  444.0  444.0   82.0  444.0
2023 332 11 28 1900  -18.1  987.4  444.0  444.0   77.4  444.0
2023 332 11 28 2000  -18.3  987.3  444.0  444.0   77.0  444.0
2023 332 11 28 2100  -17.7  987.2  444.0  444.0   77.0  444.0
2023 332 11 28 2200  -17.2  987.4  444.0  444.0   75.8  444.0
2023 332 11 28 2300  -16.5  987.6  444.0  444.0   75.0  444.0
2023 333 11 29 0000  -16.0  987.7  444.0  444.0   74.8  444.0
2023 333 11 29 0100  -15.5  987.8  444.0  444.0   75.0  444.0
2023 333 11 29 0200  -15.2  988.2  444.0  444.0   74.0  444.0
2023 333 11 29 0300  -14.9  988.2  444.0  444.0   74.0  444.0
2023 333 11 29 0400  -14.8  988.3  444.0  444.0   77.0  444.0
2023 333 11 29 0500  -14.8  988.5  444.0  444.0   75.0  444.0
2023 333 11 29 0600  -14.9  988.5  444.0  444.0   74.0  444.0
2023 333 11 29 0700  -15.4  988.6  444.0  444.0   75.0  444.0
2023 333 11 29 0800  -16.0  988.6  444.0  444.0   73.0  444.0
2023 333 11 29 0900  -17.0  988.5  444.0  444.0   75.0  444.0
2023 333 11 29 1000  -17.7  988.4  444.0  444.0   74.8  444.0
2023 333 11 29 1100  -18.3  988.2  444.0  444.0   75.0  444.0
2023 333 11 29 1200  -18.5  988.1  444.0  444.0   75.0  444.0
2023 333 11 29 1300  -18.3  987.8  444.0  444.0   76.0  444.0
2023 333 11 29 1400  -18.0  987.5  444.0  444.0   74.0  444.0
2023 333 11 29 1500  -17.1  987.4  444.0  444.0   77.2  444.0
2023 333 11 29 1600  -16.3  987.3  444.0  444.0   77.0  444.0
2023 333 11 29 1700  -15.4  987.1  444.0  444.0   78.0  444.0
2023 333 11 29 1800  -14.5  987.2  444.0  444.0   78.0  444.0
2023 333 11 29 1900  -13.6  987.1  444.0  444.0   78.0  444.0
2023 333 11 29 2000  -12.9  986.9  444.0  444.0   79.0  444.0
2023 333 11 29 2100  -11.7  986.7  444.0  444.0   79.0  444.0
2023 333 11 29 2200  -10.5  986.8  444.0  444.0   79.0  444.0
2023 333 11 29 2300   -9.8  986.6  444.0  444.0   79.0  444.0
2023 334 11 30 0000   -9.2  986.5  444.0  444.0   80.0  444.0
2023 334 11 30 0100   -9.0  986.4  444.0  444.0   80.6  444.0
2023 334 11 30 0200   -8.8  986.1  444.0  444.0   80.0  444.0
2023 334 11 30 0300   -8.8  985.7  444.0  444.0   81.0  444.0
2023 334 11 30 0400   -8.8  985.4  444.0  444.0   82.0  444.0
2023 334 11 30 0500   -9.0  985.2  444.0  444.0   81.6  444.0
2023 334 11 30 0600   -9.5  985.0  444.0  444.0   82.0  444.0
2023 334 11 30 0700  -10.1  985.0  444.0  444.0   83.0  444.0
2023 334 11 30 0800  -11.6  985.1  444.0  444.0   82.0  444.0
2023 334 11 30 0900  -13.5  985.2  444.0  444.0   80.0  444.0
2023 334 11 30 1000  -15.2  985.0  444.0  444.0   78.0  444.0
2023 334 11 30 1100  -16.0  984.8  444.0  444.0   77.0  444.0
2023 334 11 30 1200  -17.0  984.7  444.0  444.0   75.0  444.0
2023 334 11 30 1300  -17.0  984.4  444.0  444.0   73.0  444.0
2023 334 11 30 1400  -17.4  984.1  444.0  444.0   74.0  444.0
2023 334 11 30 1500  -17.4  983.7  444.0  444.0   73.0  444.0
2023 334 11 30 1600  -17.2  983.5  444.0  444.0   70.0  444.0
2023 334 11 30 1700  -17.4  983.5  444.0  444.0   75.0  444.0
2023 334 11 30 1800  -16.0  983.0  444.0  444.0   75.0  444.0
2023 334 11 30 1900  -16.2  982.8  444.0  444.0   75.0  444.0
2023 334 11 30 2000  -14.9  982.4  444.0  444.0   76.0  444.0
2023 334 11 30 2100  -12.3  982.0  444.0  444.0   78.0  444.0
2023 334 11 30 2200  -10.8  981.7  444.0  444.0   79.0  444.0
2023 334 11 30 2300   -9.2  981.4  444.0  444.0   78.0  444.0
