Year: 2021  Month: 03  ID: LET  ARGOS:  8928  Name: Lettau              
Lat: 82.48S  Lon: 174.59W  Elev:   38m
2021  60  3  1 0000  -20.5  972.0    7.9  152.0   75.0  444.0
2021  60  3  1 0100  -21.2  971.9    7.9  153.0   78.0  444.0
2021  60  3  1 0200  -21.6  971.8    7.5  142.0   78.0  444.0
2021  60  3  1 0300  -21.9  972.0    7.2  140.0   79.0  444.0
2021  60  3  1 0400  -22.9  972.6    7.6  120.0   78.0  444.0
2021  60  3  1 0500  -22.7  973.2    7.4  129.0   79.0  444.0
2021  60  3  1 0600  -23.1  974.2    7.3  125.0   78.0  444.0
2021  60  3  1 0700  -22.9  974.6    8.0  138.0   79.0  444.0
2021  60  3  1 0800  -22.0  974.7    8.5  136.0   80.0  444.0
2021  60  3  1 0900  -23.5  975.5    7.3  113.0   79.0  444.0
2021  60  3  1 1000  -23.0  976.0    6.5  119.0   80.0  444.0
2021  60  3  1 1100  -22.3  976.8    6.1  126.0   80.0  444.0
2021  60  3  1 1200  -22.0  977.5    5.2  135.0   81.0  444.0
2021  60  3  1 1300  -24.2  977.7    4.5  149.0   78.9  444.0
2021  60  3  1 1400  -27.2  977.9    3.2  142.0   78.0  444.0
2021  60  3  1 1500  -28.6  977.6    3.5  203.0   77.0  444.0
2021  60  3  1 1600  -25.7  977.6    2.8  175.0   78.0  444.0
2021  60  3  1 1700  -24.6  977.6    3.0  197.0   79.0  444.0
2021  60  3  1 1800  -23.9  977.2    3.4  215.0   79.0  444.0
2021  60  3  1 1900  -22.9  977.1    3.9  221.0   79.0  444.0
2021  60  3  1 2000  -21.7  976.9    4.7  198.0   78.0  444.0
2021  60  3  1 2100  -21.0  976.6    5.1  185.0   76.0  444.0
2021  60  3  1 2200  -21.0  976.7    6.1  178.0   73.0  444.0
2021  60  3  1 2300  -22.4  976.8    5.8  171.0   70.1  444.0
2021  61  3  2 0000  -22.5  976.7    5.4  172.0   68.0  444.0
2021  61  3  2 0100  -22.6  976.6    4.7  182.0   70.0  444.0
2021  61  3  2 0200  -23.2  976.5    4.4  190.0   71.8  444.0
2021  61  3  2 0300  -23.6  976.4    4.4  181.0   71.3  444.0
2021  61  3  2 0400  -23.8  976.6    3.5  193.0   71.0  444.0
2021  61  3  2 0500  -23.0  976.5    6.4  169.0   70.0  444.0
2021  61  3  2 0600  -24.5  976.8    4.7  163.0   72.3  444.0
2021  61  3  2 0700  -26.1  977.4    3.8  174.0   73.0  444.0
2021  61  3  2 0800  -25.7  977.7    3.6  178.0   73.0  444.0
2021  61  3  2 0900  -26.1  977.9    4.2  181.0   75.0  444.0
2021  61  3  2 1000  -26.5  978.5    3.2  197.0   74.0  444.0
2021  61  3  2 1100  -27.2  979.0    4.3  182.0   74.0  444.0
2021  61  3  2 1200  -27.7  979.5    5.1  174.0   75.0  444.0
2021  61  3  2 1300  -29.1  979.8    3.9  191.0   76.0  444.0
2021  61  3  2 1400  -28.5  979.7    5.0  197.0   76.0  444.0
2021  61  3  2 1500  -28.3  979.8    4.8  202.0   75.0  444.0
2021  61  3  2 1600  -26.8  979.8    4.6  192.0   76.5  444.0
2021  61  3  2 1700  -25.0  979.7    7.0  198.0   75.0  444.0
2021  61  3  2 1800  -23.8  980.3   10.1  168.0   79.0  444.0
2021  61  3  2 1900  -22.9  980.7    6.5  176.0   79.0  444.0
2021  61  3  2 2000  -21.5  980.5    4.9  186.0   80.0  444.0
2021  61  3  2 2100  -19.8  980.7    6.3  177.0   81.1  444.0
2021  61  3  2 2200  -19.6  980.9    6.4  178.0   80.0  444.0
2021  61  3  2 2300  -19.5  981.3    5.5  176.0   80.0  444.0
2021  62  3  3 0000  -20.0  981.8    5.9  172.0   75.3  444.0
2021  62  3  3 0100  -22.2  982.1    4.8  177.0   74.0  444.0
2021  62  3  3 0200  -23.5  982.2    3.0  175.0   72.0  444.0
2021  62  3  3 0300  -22.2  982.5    4.2  176.0   74.0  444.0
2021  62  3  3 0400  -24.1  982.8    2.9  186.0   73.0  444.0
2021  62  3  3 0500  -25.8  983.1    3.5  188.0   73.0  444.0
2021  62  3  3 0600  -26.9  983.1    3.1  206.0   71.0  444.0
2021  62  3  3 0700  -28.1  983.4    2.9  225.0   71.0  444.0
2021  62  3  3 0800  -29.6  983.6    2.3  227.0   71.0  444.0
2021  62  3  3 0900  -29.5  983.9    3.2  230.0   72.0  444.0
2021  62  3  3 1000  -30.8  984.1    3.4  235.0   73.0  444.0
2021  62  3  3 1100  -30.7  984.3    2.9  234.0   73.0  444.0
2021  62  3  3 1200  -31.9  984.8    4.1  249.0   73.0  444.0
2021  62  3  3 1300  -31.6  985.2    3.4  230.0   71.0  444.0
2021  62  3  3 1400  -31.6  985.5    3.1  241.0   71.0  444.0
2021  62  3  3 1500  -31.5  985.7    3.2  228.0   70.0  444.0
2021  62  3  3 1600  -31.5  985.8    2.7  243.0   69.0  444.0
2021  62  3  3 1700  -32.5  986.2    3.6  253.0   68.0  444.0
2021  62  3  3 1800  -31.8  986.7    3.3  247.0   67.0  444.0
2021  62  3  3 1900  -30.9  987.2    3.6  246.0   66.0  444.0
2021  62  3  3 2000  -30.3  987.5    4.1  225.0   66.0  444.0
2021  62  3  3 2100  -28.6  987.9    4.2  219.0   66.0  444.0
2021  62  3  3 2200  -27.8  988.6    3.7  220.0   65.0  444.0
2021  62  3  3 2300  -28.1  989.2    2.6  239.0   65.0  444.0
2021  63  3  4 0000  -27.9  989.7    2.9  198.0   67.0  444.0
2021  63  3  4 0100  -27.9  989.8    2.5  223.0   65.0  444.0
2021  63  3  4 0200  -27.4  990.2    2.3  186.0   65.0  444.0
2021  63  3  4 0300  -27.3  990.4    2.4  186.0   65.0  444.0
2021  63  3  4 0400  -28.7  990.6    2.2  286.0   65.0  444.0
2021  63  3  4 0500  -29.7  991.1    1.7  254.0   67.0  444.0
2021  63  3  4 0600  -30.3  991.7    2.2  222.0   68.0  444.0
2021  63  3  4 0700  -29.2  992.0    1.6  237.0   65.8  444.0
2021  63  3  4 0800  444.0  992.2    0.9  284.0   69.0  444.0
2021  63  3  4 0900  -31.8  992.6    2.1  298.0   70.0  444.0
2021  63  3  4 1000  -29.9  992.9    1.5  289.0   70.0  444.0
2021  63  3  4 1100  -32.7  993.2    1.7  324.0   71.0  444.0
2021  63  3  4 1200  -35.1  993.5    2.3  318.0   72.2  444.0
2021  63  3  4 1300  -35.0  994.0    1.2  320.0   73.0  444.0
2021  63  3  4 1400  -35.0  993.9    1.6  296.0   71.0  444.0
2021  63  3  4 1500  -35.3  994.0    2.7  305.0   70.0  444.0
2021  63  3  4 1600  -35.0  994.4    0.7  128.0   68.0  444.0
2021  63  3  4 1700  -34.4  994.6    0.4  276.0   68.0  444.0
2021  63  3  4 1800  -34.3  995.1    0.6  191.0   65.0  444.0
2021  63  3  4 1900  -33.7  995.2    2.2  292.0   64.0  444.0
2021  63  3  4 2000  -35.0  995.1    1.8  296.0   64.0  444.0
2021  63  3  4 2100  444.0  995.3    0.1  290.0   60.0  444.0
2021  63  3  4 2200  444.0  995.6    0.3  161.0   59.0  444.0
2021  63  3  4 2300  -32.9  995.6    2.1  294.0   62.0  444.0
2021  64  3  5 0000  -32.6  995.4    2.6  290.0   64.0  444.0
2021  64  3  5 0100  -31.3  995.7    2.4  292.0   65.5  444.0
2021  64  3  5 0200  -31.2  995.8    2.4  262.0   66.0  444.0
2021  64  3  5 0300  -31.1  995.6    1.8  217.0   65.0  444.0
2021  64  3  5 0400  -31.1  995.5    1.8  236.0   66.0  444.0
2021  64  3  5 0500  -31.9  995.7    2.0  238.0   67.0  444.0
2021  64  3  5 0600  -32.4  995.8    2.6  218.0   67.8  444.0
2021  64  3  5 0700  -33.9  996.1    2.4  207.0   68.0  444.0
2021  64  3  5 0800  -34.4  996.4    3.1  148.0   70.0  444.0
2021  64  3  5 0900  -36.3  996.5    3.0  134.0   70.0  444.0
2021  64  3  5 1000  -36.8  996.9    2.5  140.0   70.0  444.0
2021  64  3  5 1100  -37.9  997.3    1.2  126.0   70.0  444.0
2021  64  3  5 1200  -38.3  997.5    1.9  142.0   70.0  444.0
2021  64  3  5 1300  -38.4  997.5    2.3  121.0   70.0  444.0
2021  64  3  5 1400  -38.7  997.7    2.1  139.0   69.0  444.0
2021  64  3  5 1500  -39.3  997.5    1.6  117.0   68.0  444.0
2021  64  3  5 1600  -39.2  997.7    1.8  107.0   68.0  444.0
2021  64  3  5 1700  -38.4  997.7    1.7   87.0   66.0  444.0
2021  64  3  5 1800  -38.7  997.9    1.3   73.0   66.0  444.0
2021  64  3  5 1900  -37.8  998.1    0.7   80.0   65.0  444.0
2021  64  3  5 2000  -37.8  998.2    1.2  283.0   64.1  444.0
2021  64  3  5 2100  -37.0  997.9    0.5  217.0   64.0  444.0
2021  64  3  5 2200  -35.3  998.1    0.2  283.0   61.0  444.0
2021  64  3  5 2300  -36.0  998.3    1.1  273.0   62.0  444.0
2021  65  3  6 0000  444.0  998.4    0.1  191.0   60.2  444.0
2021  65  3  6 0100  444.0  998.0    0.0    0.0   63.6  444.0
2021  65  3  6 0200  444.0  998.0    0.0    0.0   59.0  444.0
2021  65  3  6 0300  -34.2  997.9    0.3  132.0   59.0  444.0
2021  65  3  6 0400  -35.5  997.9    1.5  301.0   62.0  444.0
2021  65  3  6 0500  444.0  997.6    0.0    0.0   64.0  444.0
2021  65  3  6 0600  -35.8  997.4    1.2   85.0   66.0  444.0
2021  65  3  6 0700  -36.6  997.8    0.8  245.0   63.0  444.0
2021  65  3  6 0800  -37.1  997.8    1.0  294.0   67.0  444.0
2021  65  3  6 0900  -37.6  998.0    2.6  264.0   68.0  444.0
2021  65  3  6 1000  -36.1  997.9    0.8  246.0   68.0  444.0
2021  65  3  6 1100  -36.2  997.9    0.1  298.0   69.0  444.0
2021  65  3  6 1200  -36.8  998.0    0.7    3.0   68.0  444.0
2021  65  3  6 1300  -37.8  997.9    1.9  337.0   69.0  444.0
2021  65  3  6 1400  -38.8  997.8    1.5  331.0   68.0  444.0
2021  65  3  6 1500  -39.2  997.8    0.9  354.0   68.0  444.0
2021  65  3  6 1600  -40.5  997.9    2.4  309.0   67.0  444.0
2021  65  3  6 1700  -39.7  998.0    0.8  314.0   66.2  444.0
2021  65  3  6 1800  -40.3  998.0    1.8  325.0   66.0  444.0
2021  65  3  6 1900  -39.5  998.2    2.0  317.0   65.0  444.0
2021  65  3  6 2000  -38.5  998.3    1.7  296.0   65.0  444.0
2021  65  3  6 2100  -38.1  998.5    1.8  176.0   65.0  444.0
2021  65  3  6 2200  -36.7  998.7    0.9  303.0   66.0  444.0
2021  65  3  6 2300  -36.6  998.8    2.9  296.0   66.0  444.0
2021  66  3  7 0000  -35.4  999.2    1.0  162.0   66.0  444.0
2021  66  3  7 0100  -35.1  999.4    0.4  190.0   66.0  444.0
2021  66  3  7 0200  -35.5  999.4    1.8  318.0   66.0  444.0
2021  66  3  7 0300  -34.2  999.4    0.8  290.0   67.8  444.0
2021  66  3  7 0400  -34.9  999.5    1.2  274.0   67.0  444.0
2021  66  3  7 0500  -35.2  999.7    2.0  301.0   67.6  444.0
2021  66  3  7 0600  -35.5  999.8    1.7  288.0   68.0  444.0
2021  66  3  7 0700  -36.0 1000.3    0.0    0.0   67.0  444.0
2021  66  3  7 0800  -35.6 1000.5    0.3   27.0   68.0  444.0
2021  66  3  7 0900  -36.2 1001.0    0.2  345.0   69.0  444.0
2021  66  3  7 1000  -37.3 1001.3    2.1  309.0   68.3  444.0
2021  66  3  7 1100  -37.6 1001.7    2.4  292.0   68.0  444.0
2021  66  3  7 1200  -39.6 1002.0    1.9  288.0   68.0  444.0
2021  66  3  7 1300  -38.8 1002.2    1.7  256.0   68.0  444.0
2021  66  3  7 1400  -40.3 1002.5    1.3  179.0   67.0  444.0
2021  66  3  7 1500  -39.1 1002.4    1.8  243.0   67.1  444.0
2021  66  3  7 1600  -40.1 1002.4    2.5  236.0   67.0  444.0
2021  66  3  7 1700  -39.2 1002.6    1.9  210.0   67.0  444.0
2021  66  3  7 1800  -39.5 1003.0    1.7  234.0   67.0  444.0
2021  66  3  7 1900  -38.1 1003.2    2.3  262.0   68.0  444.0
2021  66  3  7 2000  -37.1 1003.2    3.9  257.0   68.2  444.0
2021  66  3  7 2100  -36.0 1003.6    3.0  233.0   68.0  444.0
2021  66  3  7 2200  -35.2 1003.3    3.8  203.0   68.0  444.0
2021  66  3  7 2300  -34.7 1003.4    4.1  210.0   68.0  444.0
2021  67  3  8 0000  -34.5 1003.5    3.3  215.0   67.0  444.0
2021  67  3  8 0100  -33.7 1003.5    3.2  179.0   67.0  444.0
2021  67  3  8 0200  -34.0 1003.2    2.7  192.0   67.3  444.0
2021  67  3  8 0300  -34.0 1002.7    3.7  191.0   67.0  444.0
2021  67  3  8 0400  -35.0 1002.2    3.4  197.0   67.0  444.0
2021  67  3  8 0500  -35.3 1002.1    3.8  202.0   68.0  444.0
2021  67  3  8 0600  -35.8 1001.9    4.3  191.0   67.5  444.0
2021  67  3  8 0700  -36.8 1001.6    3.4  205.0   67.0  444.0
2021  67  3  8 0800  -37.4 1001.3    3.3  211.0   68.0  444.0
2021  67  3  8 0900  -37.8 1001.1    3.5  205.0   68.0  444.0
2021  67  3  8 1000  -38.2 1000.7    3.3  206.0   68.0  444.0
2021  67  3  8 1100  -38.6 1000.3    3.3  206.0   68.1  444.0
2021  67  3  8 1200  -39.2 1000.0    2.8  219.0   68.0  444.0
2021  67  3  8 1300  -38.6  999.4    2.2  227.0   68.0  444.0
2021  67  3  8 1400  -39.1  998.8    2.7  222.0   68.0  444.0
2021  67  3  8 1500  -39.6  998.2    2.1  262.0   67.0  444.0
2021  67  3  8 1600  -38.8  997.2    2.6  274.0   67.2  444.0
2021  67  3  8 1700  -39.4  996.3    2.3  276.0   66.0  444.0
2021  67  3  8 1800  -38.8  995.5    3.2  276.0   65.9  444.0
2021  67  3  8 1900  -37.2  995.0    3.5  218.0   67.0  444.0
2021  67  3  8 2000  -35.9  994.4    4.2  197.0   67.0  444.0
2021  67  3  8 2100  -35.1  994.1    3.9  186.0   66.1  444.0
2021  67  3  8 2200  -34.0  993.9    4.2  190.0   66.0  444.0
2021  67  3  8 2300  -32.8  993.5    4.1  196.0   66.0  444.0
2021  68  3  9 0000  -31.1  993.0    4.9  197.0   66.0  444.0
2021  68  3  9 0100  -29.8  992.5    4.2  207.0   66.0  444.0
2021  68  3  9 0200  -29.9  992.2    5.6  204.0   66.0  444.0
2021  68  3  9 0300  -30.0  991.6    5.4  193.0   66.6  444.0
2021  68  3  9 0400  -29.5  991.2    5.6  203.0   68.0  444.0
2021  68  3  9 0500  -29.7  991.0    5.4  198.0   69.0  444.0
2021  68  3  9 0600  -30.5  991.0    4.0  200.0   70.0  444.0
2021  68  3  9 0700  -29.9  990.8    5.2  202.0   70.0  444.0
2021  68  3  9 0800  -30.3  990.5    4.9  195.0   72.0  444.0
2021  68  3  9 0900  -29.5  990.1    5.9  202.0   72.2  444.0
2021  68  3  9 1000  -31.0  990.0    4.2  218.0   72.0  444.0
2021  68  3  9 1100  -30.8  989.6    4.6  209.0   73.0  444.0
2021  68  3  9 1200  -31.6  989.5    4.8  214.0   72.0  444.0
2021  68  3  9 1300  -31.0  989.4    4.8  216.0   71.0  444.0
2021  68  3  9 1400  -30.1  989.2    5.2  200.0   70.9  444.0
2021  68  3  9 1500  -29.5  989.0    5.7  207.0   69.0  444.0
2021  68  3  9 1600  -28.9  988.8    5.5  200.0   68.0  444.0
2021  68  3  9 1700  -29.1  988.7    4.9  199.0   68.0  444.0
2021  68  3  9 1800  -28.2  989.0    4.5  208.0   66.0  444.0
2021  68  3  9 1900  -28.1  989.0    5.0  211.0   66.0  444.0
2021  68  3  9 2000  -26.6  989.2    5.8  207.0   63.0  444.0
2021  68  3  9 2100  -26.1  989.4    4.1  200.0   63.0  444.0
2021  68  3  9 2200  -26.8  989.3    4.7  216.0   64.0  444.0
2021  68  3  9 2300  -27.3  989.8    2.4  208.0   64.0  444.0
2021  69  3 10 0000  -25.6  989.8    5.3  209.0   63.0  444.0
2021  69  3 10 0100  -25.3  989.8    5.5  212.0   63.0  444.0
2021  69  3 10 0200  -23.4  989.8    5.9  205.0   62.0  444.0
2021  69  3 10 0300  -27.0  989.8    5.0  228.0   65.0  444.0
2021  69  3 10 0400  -26.3  989.7    4.8  224.0   64.5  444.0
2021  69  3 10 0500  -25.7  990.0    4.9  201.0   64.0  444.0
2021  69  3 10 0600  -25.8  990.5    4.5  206.0   65.4  444.0
2021  69  3 10 0700  -27.0  990.7    3.0  203.0   65.0  444.0
2021  69  3 10 0800  -26.6  990.6    4.5  217.0   67.0  444.0
2021  69  3 10 0900  -28.4  990.5    5.0  220.0   68.0  444.0
2021  69  3 10 1000  -30.1  990.7    5.1  228.0   70.0  444.0
2021  69  3 10 1100  -28.6  990.7    6.2  226.0   70.0  444.0
2021  69  3 10 1200  -25.0  990.9    6.1  214.0   71.0  444.0
2021  69  3 10 1300  -22.1  990.9    6.9  212.0   69.0  444.0
2021  69  3 10 1400  -22.8  990.8    6.5  213.0   67.8  444.0
2021  69  3 10 1500  -22.0  990.8    5.9  209.0   67.0  444.0
2021  69  3 10 1600  -22.5  990.9    6.1  213.0   67.0  444.0
2021  69  3 10 1700  -23.7  991.1    6.1  217.0   67.0  444.0
2021  69  3 10 1800  -23.4  991.2    5.8  214.0   68.0  444.0
2021  69  3 10 1900  -21.2  991.5    6.2  210.0   69.1  444.0
2021  69  3 10 2000  -20.2  991.7    6.3  205.0   70.0  444.0
2021  69  3 10 2100  -19.9  991.9    6.1  205.0   70.0  444.0
2021  69  3 10 2200  -19.2  992.1    6.6  201.0   68.0  444.0
2021  69  3 10 2300  -18.8  992.1    6.8  204.0   69.0  444.0
2021  70  3 11 0000  -18.2  992.1    6.5  200.0   67.9  444.0
2021  70  3 11 0100  -17.9  992.1    7.1  196.0   65.0  444.0
2021  70  3 11 0200  -19.3  991.9    6.3  200.0   69.0  444.0
2021  70  3 11 0300  -19.9  991.9    5.3  216.0   69.0  444.0
2021  70  3 11 0400  -18.4  991.7    5.6  212.0   64.1  444.0
2021  70  3 11 0500  -20.8  991.1    5.4  252.0   70.0  444.0
2021  70  3 11 0600  -20.9  991.0    7.3  229.0   68.0  444.0
2021  70  3 11 0700  -22.3  990.6    6.5  233.0   68.0  444.0
2021  70  3 11 0800  -24.5  990.6    3.9  210.0   72.0  444.0
2021  70  3 11 0900  -25.6  990.3    3.9  229.0   71.2  444.0
2021  70  3 11 1000  -25.7  989.9    4.2  234.0   70.0  444.0
2021  70  3 11 1100  -27.0  989.5    3.1  227.0   72.0  444.0
2021  70  3 11 1200  -26.9  989.0    3.1  231.0   70.6  444.0
2021  70  3 11 1300  -25.8  988.5    3.3  213.0   70.0  444.0
2021  70  3 11 1400  -25.5  988.0    3.6  217.0   69.0  444.0
2021  70  3 11 1500  -24.8  987.5    1.7  208.0   70.0  444.0
2021  70  3 11 1600  -24.7  987.0    2.9  255.0   71.0  444.0
2021  70  3 11 1700  -24.9  986.5    1.2  231.0   72.7  444.0
2021  70  3 11 1800  -25.2  986.1    1.3  114.0   72.0  444.0
2021  70  3 11 1900  -25.0  985.9    2.8  300.0   73.0  444.0
2021  70  3 11 2000  -24.3  985.4    2.8  300.0   71.0  444.0
2021  70  3 11 2100  -24.2  985.2    1.5  311.0   72.0  444.0
2021  70  3 11 2200  -23.7  984.8    0.9  283.0   72.0  444.0
2021  70  3 11 2300  -22.9  984.3    0.0    0.0   70.0  444.0
2021  71  3 12 0000  -23.1  984.0    0.3  103.0   72.0  444.0
2021  71  3 12 0100  -22.9  983.5    0.2   24.0   73.0  444.0
2021  71  3 12 0200  -23.0  982.8    0.5   99.0   74.3  444.0
2021  71  3 12 0300  -22.9  982.7    0.9  109.0   75.0  444.0
2021  71  3 12 0400  -22.9  982.3    2.0   88.0   76.0  444.0
2021  71  3 12 0500  -23.2  982.1    2.4   88.0   76.0  444.0
2021  71  3 12 0600  -23.7  982.1    2.2   78.0   76.0  444.0
2021  71  3 12 0700  -24.2  981.7    2.8  107.0   75.8  444.0
2021  71  3 12 0800  -24.5  981.6    3.4  102.0   76.0  444.0
2021  71  3 12 0900  -24.8  981.5    2.4   88.0   76.0  444.0
2021  71  3 12 1000  -25.0  981.4    2.4   99.0   76.0  444.0
2021  71  3 12 1100  -25.1  981.4    1.6   61.0   76.0  444.0
2021  71  3 12 1200  -25.2  981.1    1.0  109.0   76.0  444.0
2021  71  3 12 1300  -25.6  980.8    1.7  121.0   76.6  444.0
2021  71  3 12 1400  -26.0  980.8    1.4  162.0   77.0  444.0
2021  71  3 12 1500  -26.5  980.5    2.1  163.0   76.0  444.0
2021  71  3 12 1600  -28.9  980.5    2.5  154.0   75.0  444.0
2021  71  3 12 1700  -29.8  980.3    1.7  175.0   73.4  444.0
2021  71  3 12 1800  -31.8  980.3    1.8  218.0   70.9  444.0
2021  71  3 12 1900  -31.5  980.4    2.8  180.0   70.0  444.0
2021  71  3 12 2000  -33.4  980.2    2.5  191.0   69.0  444.0
2021  71  3 12 2100  -33.0  979.8    1.8  266.0   69.0  444.0
2021  71  3 12 2200  -30.7  979.8    1.5  238.0   72.0  444.0
2021  71  3 12 2300  -27.8  979.6    2.8  257.0   72.8  444.0
2021  72  3 13 0000  -25.4  979.2    2.0  236.0   72.0  444.0
2021  72  3 13 0100  -27.7  979.3    3.2  194.0   71.0  444.0
2021  72  3 13 0200  -28.7  978.8    3.9  208.0   70.0  444.0
2021  72  3 13 0300  -29.4  978.5    3.0  212.0   70.0  444.0
2021  72  3 13 0400  -31.0  978.5    2.7  200.0   70.0  444.0
2021  72  3 13 0500  -33.2  978.7    2.4  107.0   69.4  444.0
2021  72  3 13 0600  -35.2  979.0    2.0  112.0   68.0  444.0
2021  72  3 13 0700  -36.8  978.8    2.0  120.0   68.0  444.0
2021  72  3 13 0800  -38.2  978.8    2.3  137.0   68.0  444.0
2021  72  3 13 0900  -38.8  978.9    2.8  125.0   68.0  444.0
2021  72  3 13 1000  -39.4  979.0    2.4  117.0   67.5  444.0
2021  72  3 13 1100  -40.4  979.3    2.3  158.0   67.5  444.0
2021  72  3 13 1200  -40.4  979.2    2.4   94.0   68.0  444.0
2021  72  3 13 1300  -40.8  979.3    1.1   66.0   67.0  444.0
2021  72  3 13 1400  -41.0  979.3    1.3  115.0   67.0  444.0
2021  72  3 13 1500  -41.7  979.8    1.9  177.0   67.0  444.0
2021  72  3 13 1600  -42.0  979.7    1.8  128.0   67.0  444.0
2021  72  3 13 1700  -41.7  979.9    1.9  101.0   66.0  444.0
2021  72  3 13 1800  -41.8  979.8    2.2  102.0   65.0  444.0
2021  72  3 13 1900  -41.4  980.0    2.3  123.0   64.0  444.0
2021  72  3 13 2000  -41.1  980.3    2.4  139.0   63.0  444.0
2021  72  3 13 2100  -40.8  980.7    1.9   91.0   62.0  444.0
2021  72  3 13 2200  -40.6  981.0    1.7  133.0   62.0  444.0
2021  72  3 13 2300  -40.4  981.2    2.8  145.0   62.3  444.0
2021  73  3 14 0000  -40.0  981.4    2.3  115.0   63.0  444.0
2021  73  3 14 0100  -39.6  981.8    2.1  132.0   63.0  444.0
2021  73  3 14 0200  -39.7  981.9    2.9  145.0   63.0  444.0
2021  73  3 14 0300  -39.8  982.0    2.6  125.0   63.8  444.0
2021  73  3 14 0400  -40.1  982.2    3.0  133.0   64.0  444.0
2021  73  3 14 0500  -40.7  982.7    3.1  133.0   64.0  444.0
2021  73  3 14 0600  -41.3  982.6    2.2  125.0   65.0  444.0
2021  73  3 14 0700  -42.4  982.9    3.3  164.0   65.0  444.0
2021  73  3 14 0800  -42.6  983.1    3.1  149.0   65.7  444.0
2021  73  3 14 0900  -43.2  983.0    2.5  168.0   66.0  444.0
2021  73  3 14 1000  -43.2  982.8    2.9  199.0   66.0  444.0
2021  73  3 14 1100  -43.3  982.5    3.2  197.0   66.0  444.0
2021  73  3 14 1200  -43.5  982.3    2.6  190.0   66.0  444.0
2021  73  3 14 1300  -43.8  982.3    2.2  207.0   66.0  444.0
2021  73  3 14 1400  -43.8  982.1    2.6  204.0   67.0  444.0
2021  73  3 14 1500  -43.8  981.6    3.6  195.0   67.0  444.0
2021  73  3 14 1600  -43.9  981.0    2.8  203.0   67.0  444.0
2021  73  3 14 1700  -42.6  981.0    2.5  204.0   67.0  444.0
2021  73  3 14 1800  -39.4  980.6    2.6  216.0   68.0  444.0
2021  73  3 14 1900  -38.4  980.2    3.3  228.0   68.0  444.0
2021  73  3 14 2000  -39.0  979.8    3.0  204.0   66.0  444.0
2021  73  3 14 2100  -39.1  979.5    2.7  216.0   65.5  444.0
2021  73  3 14 2200  -38.1  979.3    3.7  200.0   66.0  444.0
2021  73  3 14 2300  -38.0  979.0    4.3  206.0   65.0  444.0
2021  74  3 15 0000  -36.8  978.8    4.0  195.0   66.0  444.0
2021  74  3 15 0100  -36.3  978.6    5.1  203.0   67.0  444.0
2021  74  3 15 0200  -36.9  978.4    4.6  204.0   66.5  444.0
2021  74  3 15 0300  -36.5  978.5    4.5  202.0   66.8  444.0
2021  74  3 15 0400  -37.1  978.6    3.5  213.0   67.0  444.0
2021  74  3 15 0500  -38.0  978.6    3.4  226.0   67.0  444.0
2021  74  3 15 0600  -38.0  978.5    3.1  222.0   68.0  444.0
2021  74  3 15 0700  -38.0  978.5    4.4  225.0   68.0  444.0
2021  74  3 15 0800  -38.6  978.7    3.2  231.0   68.0  444.0
2021  74  3 15 0900  -38.3  978.6    2.7  243.0   68.0  444.0
2021  74  3 15 1000  -39.0  978.8    3.6  240.0   69.0  444.0
2021  74  3 15 1100  -38.5  979.0    3.4  250.0   69.0  444.0
2021  74  3 15 1200  -39.6  979.4    3.0  268.0   68.0  444.0
2021  74  3 15 1300  -39.4  979.5    3.7  284.0   68.0  444.0
2021  74  3 15 1400  -40.2  979.4    3.2  280.0   68.0  444.0
2021  74  3 15 1500  -39.9  979.2    4.0  269.0   68.0  444.0
2021  74  3 15 1600  -38.3  979.2    3.3  267.0   69.0  444.0
2021  74  3 15 1700  -38.6  979.5    4.0  256.0   68.0  444.0
2021  74  3 15 1800  -36.8  979.8    4.9  257.0   69.0  444.0
2021  74  3 15 1900  -35.7  979.8    5.4  249.0   68.6  444.0
2021  74  3 15 2000  -35.0  980.0    5.1  253.0   68.0  444.0
2021  74  3 15 2100  -33.3  980.0    4.8  258.0   68.0  444.0
2021  74  3 15 2200  -32.3  980.3    6.2  267.0   68.2  444.0
2021  74  3 15 2300  -32.7  980.9    6.0  267.0   69.0  444.0
2021  75  3 16 0000  -32.8  981.5    3.8  286.0   68.4  444.0
2021  75  3 16 0100  -32.8  981.8    3.8  279.0   68.0  444.0
2021  75  3 16 0200  -32.9  981.8    5.7  357.0   70.0  444.0
2021  75  3 16 0300  -31.2  982.2    6.3  283.0   72.0  444.0
2021  75  3 16 0400  -29.8  982.7    6.6  279.0   72.0  444.0
2021  75  3 16 0500  -29.2  983.1    6.9  281.0   71.0  444.0
2021  75  3 16 0600  -30.1  983.8    5.8  284.0   70.3  444.0
2021  75  3 16 0700  -31.4  984.5    6.1  280.0   73.0  444.0
2021  75  3 16 0800  -32.1  986.0    1.9  256.0   72.0  444.0
2021  75  3 16 0900  -33.6  986.6    3.5  277.0   71.0  444.0
2021  75  3 16 1000  -35.0  987.2    4.4  278.0   71.0  444.0
2021  75  3 16 1100  -35.2  988.1    4.8  286.0   71.0  444.0
2021  75  3 16 1200  -36.3  989.2    1.5  258.0   70.0  444.0
2021  75  3 16 1300  -36.8  990.2    1.3  284.0   70.0  444.0
2021  75  3 16 1400  -37.4  991.0    1.0  222.0   68.0  444.0
2021  75  3 16 1500  -36.1  991.3    2.0  226.0   68.7  444.0
2021  75  3 16 1600  -38.0  991.6    2.7  249.0   69.0  444.0
2021  75  3 16 1700  -39.8  992.4    3.0  156.0   68.0  444.0
2021  75  3 16 1800  -40.7  993.4    3.5  106.0   67.0  444.0
2021  75  3 16 1900  -41.1  994.1    1.3  116.0   66.0  444.0
2021  75  3 16 2000  -41.5  994.8    1.5  153.0   65.0  444.0
2021  75  3 16 2100  -41.3  995.0    2.0  146.0   65.0  444.0
2021  75  3 16 2200  -40.8  995.2    3.3  129.0   65.0  444.0
2021  75  3 16 2300  -40.6  995.5    2.9  144.0   65.0  444.0
2021  76  3 17 0000  -40.1  996.3    1.5  148.0   65.0  444.0
2021  76  3 17 0100  -40.2  996.4    2.0  160.0   64.5  444.0
2021  76  3 17 0200  -40.0  996.2    2.4  163.0   65.0  444.0
2021  76  3 17 0300  -39.7  996.5    1.7  178.0   65.9  444.0
2021  76  3 17 0400  -40.1  996.3    1.9  163.0   66.0  444.0
2021  76  3 17 0500  -40.4  996.4    1.9  135.0   66.0  444.0
2021  76  3 17 0600  -40.4  996.2    1.7  149.0   67.0  444.0
2021  76  3 17 0700  -41.3  995.8    2.7  134.0   66.0  444.0
2021  76  3 17 0800  -42.1  995.6    2.0  199.0   66.1  444.0
2021  76  3 17 0900  -42.7  995.0    2.5  200.0   66.0  444.0
2021  76  3 17 1000  -43.4  994.8    2.1  220.0   66.0  444.0
2021  76  3 17 1100  -43.7  994.2    1.9  227.0   66.0  444.0
2021  76  3 17 1200  -43.9  993.9    2.3  237.0   66.0  444.0
2021  76  3 17 1300  -44.0  993.3    0.9  270.0   65.0  444.0
2021  76  3 17 1400  -44.6  992.7    2.2  275.0   65.0  444.0
2021  76  3 17 1500  -44.0  992.1    1.6  214.0   65.0  444.0
2021  76  3 17 1600  -44.5  991.8    1.3  266.0   65.0  444.0
2021  76  3 17 1700  -44.2  991.3    1.9  219.0   65.0  444.0
2021  76  3 17 1800  -44.7  990.8    2.1  250.0   64.5  444.0
2021  76  3 17 1900  -43.0  990.3    2.3  223.0   64.0  444.0
2021  76  3 17 2000  -43.8  990.0    1.3  235.0   63.0  444.0
2021  76  3 17 2100  -43.1  989.4    1.9  224.0   63.0  444.0
2021  76  3 17 2200  -42.9  989.1    1.8  195.0   63.0  444.0
2021  76  3 17 2300  -42.1  988.9    1.3  232.0   63.1  444.0
2021  77  3 18 0000  -42.0  988.3    1.4  254.0   63.0  444.0
2021  77  3 18 0100  -41.3  987.4    1.9  249.0   63.0  444.0
2021  77  3 18 0200  -41.3  986.8    1.9  250.0   64.0  444.0
2021  77  3 18 0300  -41.0  986.4    1.3  239.0   64.0  444.0
2021  77  3 18 0400  -41.5  986.2    3.2  270.0   64.4  444.0
2021  77  3 18 0500  -42.3  985.5    2.5  268.0   65.0  444.0
2021  77  3 18 0600  -41.5  984.9    2.8  248.0   66.0  444.0
2021  77  3 18 0700  -41.8  984.4    2.0  271.0   66.0  444.0
2021  77  3 18 0800  -42.1  983.9    2.9  270.0   66.0  444.0
2021  77  3 18 0900  -42.4  983.7    1.2  297.0   66.0  444.0
2021  77  3 18 1000  -43.2  983.2    2.4  286.0   66.0  444.0
2021  77  3 18 1100  -43.1  982.9    2.4  277.0   66.0  444.0
2021  77  3 18 1200  -41.0  982.5    3.3  240.0   67.0  444.0
2021  77  3 18 1300  -41.9  982.5    3.6  274.0   67.0  444.0
2021  77  3 18 1400  -40.2  981.9    3.5  212.0   68.0  444.0
2021  77  3 18 1500  -40.4  982.0    2.6  204.0   67.0  444.0
2021  77  3 18 1600  -40.6  981.5    4.2  246.0   67.0  444.0
2021  77  3 18 1700  -39.4  981.0    4.6  226.0   68.0  444.0
2021  77  3 18 1800  -37.8  980.7    4.3  214.0   68.0  444.0
2021  77  3 18 1900  -35.9  981.0    4.5  202.0   68.0  444.0
2021  77  3 18 2000  -37.6  981.0    4.5  193.0   67.0  444.0
2021  77  3 18 2100  -38.0  980.9    4.2  199.0   66.3  444.0
2021  77  3 18 2200  -37.0  981.0    3.3  186.0   66.0  444.0
2021  77  3 18 2300  -37.1  981.1    2.5  170.0   66.0  444.0
2021  78  3 19 0000  -37.5  981.0    3.4  174.0   66.0  444.0
2021  78  3 19 0100  -37.0  981.1    3.6  162.0   66.0  444.0
2021  78  3 19 0200  -37.7  980.8    3.2  181.0   65.8  444.0
2021  78  3 19 0300  -38.1  980.6    2.9  194.0   66.0  444.0
2021  78  3 19 0400  -37.5  980.1    3.8  184.0   67.0  444.0
2021  78  3 19 0500  -37.0  979.8    2.1  196.0   68.0  444.0
2021  78  3 19 0600  -37.4  979.3    3.2  210.0   68.0  444.0
2021  78  3 19 0700  -37.8  978.9    3.1  209.0   68.0  444.0
2021  78  3 19 0800  -37.2  978.6    4.2  193.0   69.0  444.0
2021  78  3 19 0900  -37.0  978.2    4.6  186.0   69.0  444.0
2021  78  3 19 1000  -37.2  978.1    3.7  187.0   69.0  444.0
2021  78  3 19 1100  -38.2  977.6    2.4  204.0   68.0  444.0
2021  78  3 19 1200  -38.3  977.0    3.1  204.0   68.0  444.0
2021  78  3 19 1300  -37.1  976.6    3.1  180.0   69.0  444.0
2021  78  3 19 1400  -36.9  975.9    3.0  213.0   68.0  444.0
2021  78  3 19 1500  -38.8  975.6    2.2  206.0   68.0  444.0
2021  78  3 19 1600  -39.8  975.1    1.8  187.0   67.0  444.0
2021  78  3 19 1700  -39.1  975.2    3.2  174.0   68.0  444.0
2021  78  3 19 1800  -39.7  974.9    2.6  172.0   67.0  444.0
2021  78  3 19 1900  -39.9  974.6    2.9  150.0   66.0  444.0
2021  78  3 19 2000  -39.3  974.6    3.2  172.0   66.0  444.0
2021  78  3 19 2100  -40.1  974.4    2.9  156.0   65.3  444.0
2021  78  3 19 2200  -40.3  974.4    2.9  120.0   65.0  444.0
2021  78  3 19 2300  -40.8  973.9    2.5  104.0   64.0  444.0
2021  79  3 20 0000  -40.6  974.3    3.0  161.0   64.0  444.0
2021  79  3 20 0100  -40.6  974.5    4.0  158.0   65.0  444.0
2021  79  3 20 0200  -41.0  974.8    3.1  165.0   64.9  444.0
2021  79  3 20 0300  -41.1  974.8    1.7  206.0   64.5  444.0
2021  79  3 20 0400  -41.1  974.7    3.3  165.0   65.0  444.0
2021  79  3 20 0500  -41.1  974.8    4.1  148.0   66.0  444.0
2021  79  3 20 0600  -41.6  974.8    3.1  154.0   66.0  444.0
2021  79  3 20 0700  -41.9  974.8    3.7  170.0   66.3  444.0
2021  79  3 20 0800  -42.6  974.7    2.9  198.0   65.9  444.0
2021  79  3 20 0900  -42.6  974.5    3.0  166.0   66.0  444.0
2021  79  3 20 1000  -43.2  974.7    1.8  173.0   66.0  444.0
2021  79  3 20 1100  -42.6  975.0    2.2  181.0   66.0  444.0
2021  79  3 20 1200  -43.9  975.0    2.2  184.0   65.1  444.0
2021  79  3 20 1300  -43.7  975.1    2.6  154.0   65.0  444.0
2021  79  3 20 1400  -44.1  975.1    3.7  142.0   65.0  444.0
2021  79  3 20 1500  -45.3  975.9    2.6  109.0   65.0  444.0
2021  79  3 20 1600  -46.4  976.3    2.2   90.0   64.0  444.0
2021  79  3 20 1700  -47.3  976.9    1.9  133.0   64.0  444.0
2021  79  3 20 1800  -47.5  977.7    1.9  128.0   64.0  444.0
2021  79  3 20 1900  -47.0  978.1    1.5  121.0   63.0  444.0
2021  79  3 20 2000  -46.5  978.5    2.9  142.0   63.0  444.0
2021  79  3 20 2100  -45.8  979.0    2.4  144.0   62.5  444.0
2021  79  3 20 2200  -45.3  979.0    2.6  154.0   62.0  444.0
2021  79  3 20 2300  444.0  978.7    0.6  178.0   62.0  444.0
2021  80  3 21 0000  -43.4  978.8    2.1  220.0   63.0  444.0
2021  80  3 21 0100  -42.5  978.4    2.6  245.0   65.0  444.0
2021  80  3 21 0200  -41.1  978.1    3.6  234.0   65.0  444.0
2021  80  3 21 0300  -39.7  977.4    3.4  225.0   67.0  444.0
2021  80  3 21 0400  -38.1  977.1    3.5  219.0   68.0  444.0
2021  80  3 21 0500  -36.6  976.6    3.2  248.0   68.9  444.0
2021  80  3 21 0600  -35.6  976.8    3.3  217.0   69.7  444.0
2021  80  3 21 0700  -33.5  976.7    4.2  161.0   71.0  444.0
2021  80  3 21 0800  -33.1  977.2    4.1  154.0   71.0  444.0
2021  80  3 21 0900  -32.7  977.5    3.4  183.0   72.0  444.0
2021  80  3 21 1000  -32.2  977.7    4.2  178.0   71.7  444.0
2021  80  3 21 1100  -31.4  977.7    4.2  168.0   72.0  444.0
2021  80  3 21 1200  -32.3  977.7    3.6  158.0   71.0  444.0
2021  80  3 21 1300  -34.4  977.9    3.4  173.0   71.0  444.0
2021  80  3 21 1400  -34.5  978.1    3.7  153.0   70.0  444.0
2021  80  3 21 1500  -34.6  978.3    3.4  148.0   70.2  444.0
2021  80  3 21 1600  -33.9  978.3    4.5  153.0   71.0  444.0
2021  80  3 21 1700  -34.7  978.4    4.8  143.0   71.0  444.0
2021  80  3 21 1800  -35.3  978.8    3.7  155.0   70.0  444.0
2021  80  3 21 1900  -35.0  979.1    4.0  150.0   69.6  444.0
2021  80  3 21 2000  -35.1  979.4    4.1  146.0   69.0  444.0
2021  80  3 21 2100  -34.9  979.9    4.1  138.0   69.0  444.0
2021  80  3 21 2200  -34.6  980.3    4.5  131.0   68.0  444.0
2021  80  3 21 2300  -35.2  980.9    5.3  125.0   68.0  444.0
2021  81  3 22 0000  -36.1  981.1    3.7  121.0   66.9  444.0
2021  81  3 22 0100  -37.6  981.3    3.5  130.0   67.0  444.0
2021  81  3 22 0200  -38.3  981.5    3.6  145.0   66.0  444.0
2021  81  3 22 0300  -38.7  981.1    3.3  147.0   66.0  444.0
2021  81  3 22 0400  -38.6  981.0    2.6  159.0   67.0  444.0
2021  81  3 22 0500  -37.4  980.9    2.1  192.0   68.0  444.0
2021  81  3 22 0600  -36.6  981.0    1.3  204.0   70.0  444.0
2021  81  3 22 0700  -35.8  980.9    2.7  182.0   70.0  444.0
2021  81  3 22 0800  -34.3  981.0    3.3  142.0   70.0  444.0
2021  81  3 22 0900  -36.5  981.6    3.1  172.0   69.0  444.0
2021  81  3 22 1000  -36.8  981.8    3.6  172.0   69.0  444.0
2021  81  3 22 1100  -36.2  981.9    3.9  156.0   70.0  444.0
2021  81  3 22 1200  -37.7  982.1    3.0  185.0   69.0  444.0
2021  81  3 22 1300  -36.1  981.7    4.0  195.0   70.0  444.0
2021  81  3 22 1400  -34.5  981.6    4.2  194.0   70.0  444.0
2021  81  3 22 1500  -35.0  981.8    4.5  182.0   71.0  444.0
2021  81  3 22 1600  -33.4  981.3    4.6  185.0   71.0  444.0
2021  81  3 22 1700  -33.9  981.2    4.1  199.0   71.0  444.0
2021  81  3 22 1800  -31.9  980.9    4.5  205.0   72.0  444.0
2021  81  3 22 1900  -30.2  980.5    4.9  195.0   73.0  444.0
2021  81  3 22 2000  -30.4  979.9    4.5  200.0   73.0  444.0
2021  81  3 22 2100  -26.3  979.9    4.8  163.0   76.0  444.0
2021  81  3 22 2200  -25.2  980.2    4.6  158.0   76.3  444.0
2021  81  3 22 2300  -23.4  980.0    5.8  162.0   77.0  444.0
2021  82  3 23 0000  -23.0  979.8    7.2  160.0   78.0  444.0
2021  82  3 23 0100  -22.6  979.3    6.7  172.0   77.0  444.0
2021  82  3 23 0200  -19.5  978.1    9.8  166.0   77.0  444.0
2021  82  3 23 0300  -19.0  977.5   10.5  169.0   76.5  444.0
2021  82  3 23 0400  -20.1  977.1    8.7  170.0   76.2  444.0
2021  82  3 23 0500  -20.8  976.4    8.9  169.0   78.0  444.0
2021  82  3 23 0600  -22.0  976.3    9.0  157.0   79.0  444.0
2021  82  3 23 0700  -23.5  976.4    9.4  143.0   77.0  444.0
2021  82  3 23 0800  -24.7  976.8    7.6  152.0   76.0  444.0
2021  82  3 23 0900  -25.2  976.9    6.8  161.0   76.0  444.0
2021  82  3 23 1000  -26.4  976.9    6.0  155.0   75.0  444.0
2021  82  3 23 1100  -27.5  976.9    5.1  156.0   75.0  444.0
2021  82  3 23 1200  -27.2  976.1    6.0  173.0   74.0  444.0
2021  82  3 23 1300  -28.8  975.8    4.8  194.0   75.0  444.0
2021  82  3 23 1400  -26.7  975.0    5.2  185.0   77.0  444.0
2021  82  3 23 1500  -26.7  974.1    5.3  196.0   77.0  444.0
2021  82  3 23 1600  -23.8  973.4    5.2  202.0   80.0  444.0
2021  82  3 23 1700  -21.5  972.7    5.4  194.0   82.0  444.0
2021  82  3 23 1800  -19.4  972.1    6.5  181.0   83.0  444.0
2021  82  3 23 1900  -19.8  971.8    3.9  174.0   82.0  444.0
2021  82  3 23 2000  -22.7  971.4    4.2  135.0   78.2  444.0
2021  82  3 23 2100  -26.9  971.2    2.7  144.0   76.0  444.0
2021  82  3 23 2200  -27.0  971.2    6.8  130.0   74.0  444.0
2021  82  3 23 2300  -27.6  971.2    8.3  136.0   75.0  444.0
2021  83  3 24 0000  -28.1  971.4    6.1  124.0   75.0  444.0
2021  83  3 24 0100  -28.1  971.2    4.6  121.0   74.0  444.0
2021  83  3 24 0200  -27.6  970.9    2.9  166.0   74.5  444.0
2021  83  3 24 0300  -27.3  970.7    1.4  185.0   74.0  444.0
2021  83  3 24 0400  -27.7  970.7    0.6  205.0   76.0  444.0
2021  83  3 24 0500  -28.6  970.6    1.2  350.0   75.0  444.0
2021  83  3 24 0600  -28.6  970.9    1.1  282.0   75.0  444.0
2021  83  3 24 0700  -28.9  971.3    1.2  238.0   73.0  444.0
2021  83  3 24 0800  -33.5  972.0    1.6  109.0   72.0  444.0
2021  83  3 24 0900  -35.5  972.7    1.9  114.0   71.0  444.0
2021  83  3 24 1000  -36.8  973.5    2.4  122.0   70.4  444.0
2021  83  3 24 1100  -38.7  974.6    2.5  105.0   69.0  444.0
2021  83  3 24 1200  -39.7  975.7    2.0  103.0   69.0  444.0
2021  83  3 24 1300  -39.0  977.2    3.1   71.0   70.0  444.0
2021  83  3 24 1400  -39.2  978.0    1.9   64.0   69.0  444.0
2021  83  3 24 1500  -40.4  979.5    2.3   37.0   68.6  444.0
2021  83  3 24 1600  -40.6  980.1    2.0  108.0   68.0  444.0
2021  83  3 24 1700  -41.2  980.8    2.0  152.0   68.0  444.0
2021  83  3 24 1800  -41.5  981.9    0.3  132.0   68.0  444.0
2021  83  3 24 1900  -41.0  981.9    1.4  302.0   68.0  444.0
2021  83  3 24 2000  -39.9  982.4    1.8  222.0   69.0  444.0
2021  83  3 24 2100  -39.2  982.4    2.9  270.0   69.0  444.0
2021  83  3 24 2200  -35.5  982.6    4.7  219.0   71.0  444.0
2021  83  3 24 2300  -34.3  982.3    4.1  242.0   71.0  444.0
2021  84  3 25 0000  -32.3  981.3    5.1  254.0   72.0  444.0
2021  84  3 25 0100  -29.4  980.6    5.9  243.0   74.0  444.0
2021  84  3 25 0200  -27.7  979.7    4.5  238.0   75.8  444.0
2021  84  3 25 0300  -25.3  978.9    3.8  223.0   78.0  444.0
2021  84  3 25 0400  -22.4  978.7    3.7  213.0   81.0  444.0
2021  84  3 25 0500  -18.8  978.9    3.6  209.0   83.0  444.0
2021  84  3 25 0600  -19.8  978.5    3.8  205.0   83.0  444.0
2021  84  3 25 0700  -19.4  978.3    4.6  202.0   84.0  444.0
2021  84  3 25 0800  -19.4  977.5    4.6  193.0   84.1  444.0
2021  84  3 25 0900  -15.8  977.4    4.7  167.0   88.0  444.0
2021  84  3 25 1000  -15.6  977.9    4.0  108.0   87.0  444.0
2021  84  3 25 1100  -14.7  977.7    5.3  136.0   89.0  444.0
2021  84  3 25 1200  -17.5  978.9    4.8  135.0   85.0  444.0
2021  84  3 25 1300  -21.5  978.6    4.2  152.0   82.0  444.0
2021  84  3 25 1400  -24.0  979.4    4.5  117.0   79.0  444.0
2021  84  3 25 1500  -28.9  980.3    6.5  125.0   76.0  444.0
2021  84  3 25 1600  -29.7  981.0    7.1  118.0   76.0  444.0
2021  84  3 25 1700  -30.6  982.2    6.0  121.0   75.0  444.0
2021  84  3 25 1800  -31.2  982.6    6.1  118.0   74.7  444.0
2021  84  3 25 1900  -30.7  983.3    4.6  129.0   75.0  444.0
2021  84  3 25 2000  -29.7  983.2    2.6  156.0   75.0  444.0
2021  84  3 25 2100  -29.3  982.6    2.7  203.0   74.0  444.0
2021  84  3 25 2200  -29.1  982.5    4.0  233.0   74.0  444.0
2021  84  3 25 2300  -26.9  981.8    4.8  204.0   75.0  444.0
2021  85  3 26 0000  -25.0  981.3    4.2  206.0   76.0  444.0
2021  85  3 26 0100  -22.8  980.8    5.9  191.0   78.0  444.0
2021  85  3 26 0200  -21.5  980.4    5.5  181.0   79.0  444.0
2021  85  3 26 0300  -21.8  979.9    6.3  189.0   80.0  444.0
2021  85  3 26 0400  -21.3  979.8    6.8  190.0   81.0  444.0
2021  85  3 26 0500  -21.6  979.4    5.7  193.0   81.6  444.0
2021  85  3 26 0600  -21.5  979.1    5.3  195.0   81.0  444.0
2021  85  3 26 0700  -21.0  979.1    5.8  194.0   82.0  444.0
2021  85  3 26 0800  -21.1  978.6    5.9  188.0   82.0  444.0
2021  85  3 26 0900  -20.7  978.5    6.2  190.0   83.0  444.0
2021  85  3 26 1000  -19.4  978.2    5.7  186.0   83.0  444.0
2021  85  3 26 1100  -19.5  978.2    6.3  202.0   84.1  444.0
2021  85  3 26 1200  -18.1  978.5    6.6  203.0   85.0  444.0
2021  85  3 26 1300  -17.8  978.1    5.7  206.0   85.0  444.0
2021  85  3 26 1400  -18.7  978.0    5.6  212.0   82.0  444.0
2021  85  3 26 1500  -19.4  977.6    4.9  223.0   79.0  444.0
2021  85  3 26 1600  -18.9  977.4    4.9  220.0   78.0  444.0
2021  85  3 26 1700  -18.9  976.9    4.1  203.0   75.0  444.0
2021  85  3 26 1800  -21.1  977.0    4.1  216.0   77.0  444.0
2021  85  3 26 1900  -21.1  976.9    4.8  205.0   76.0  444.0
2021  85  3 26 2000  -22.8  977.1    5.4  220.0   75.0  444.0
2021  85  3 26 2100  -21.6  977.1    6.3  220.0   75.0  444.0
2021  85  3 26 2200  -21.1  976.7    5.0  226.0   77.0  444.0
2021  85  3 26 2300  -19.0  976.4    5.8  219.0   81.0  444.0
2021  86  3 27 0000  -19.1  976.0    4.8  200.0   81.0  444.0
2021  86  3 27 0100  -21.3  975.9    3.9  198.0   79.0  444.0
2021  86  3 27 0200  -22.0  976.3    3.7  171.0   78.0  444.0
2021  86  3 27 0300  -24.4  976.7    4.9  137.0   78.0  444.0
2021  86  3 27 0400  -26.6  977.5    6.5  134.0   77.0  444.0
2021  86  3 27 0500  -28.3  978.8    6.7  128.0   77.0  444.0
2021  86  3 27 0600  -27.1  980.1    4.6  115.0   78.0  444.0
2021  86  3 27 0700  -25.4  981.5    7.0  117.0   78.0  444.0
2021  86  3 27 0800  -26.1  982.3    6.0  145.0   78.0  444.0
2021  86  3 27 0900  -25.5  982.6    5.9  142.0   78.3  444.0
2021  86  3 27 1000  -25.7  983.3    5.8  141.0   78.6  444.0
2021  86  3 27 1100  -22.2  983.7    8.8  135.0   81.0  444.0
2021  86  3 27 1200  -23.1  984.2    5.8  142.0   81.0  444.0
2021  86  3 27 1300  -19.4  984.4    8.2  136.0   84.0  444.0
2021  86  3 27 1400  -19.8  984.4    8.0  138.0   83.6  444.0
2021  86  3 27 1500  -19.1  984.3    7.7  141.0   84.0  444.0
2021  86  3 27 1600  -16.7  984.8    9.9  135.0   87.0  444.0
2021  86  3 27 1700  -14.8  985.0   12.1  136.0   89.0  444.0
2021  86  3 27 1800  -12.4  985.2   12.6  135.0   91.0  444.0
2021  86  3 27 1900  -12.4  985.5   13.3  140.0   90.6  444.0
2021  86  3 27 2000  -12.2  985.6   12.9  137.0   89.0  444.0
2021  86  3 27 2100  -12.4  985.7   14.4  137.0   89.0  444.0
2021  86  3 27 2200  -12.2  986.0   16.9  140.0   87.0  444.0
2021  86  3 27 2300  -12.3  986.2   16.0  138.0   83.0  444.0
2021  87  3 28 0000  -12.3  986.3   16.9  133.0   76.0  444.0
2021  87  3 28 0100  -12.1  986.2   19.1  135.0   75.0  444.0
2021  87  3 28 0200  -12.7  986.7   17.0  138.0   76.0  444.0
2021  87  3 28 0300  -12.4  986.6   17.8  137.0   74.7  444.0
2021  87  3 28 0400  -12.7  986.2   19.8  136.0   73.0  444.0
2021  87  3 28 0500  -13.3  986.9   17.2  136.0   73.0  444.0
2021  87  3 28 0600  -13.3  986.7   18.3  133.0   72.0  444.0
2021  87  3 28 0700  -14.1  987.5   17.3  132.0   74.0  444.0
2021  87  3 28 0800  -14.0  987.1   18.8  134.0   71.0  444.0
2021  87  3 28 0900  -14.4  988.1   16.5  137.0   72.0  444.0
2021  87  3 28 1000  -14.8  988.2   16.6  134.0   71.0  444.0
2021  87  3 28 1100  -15.4  988.9   14.9  140.0   73.0  444.0
2021  87  3 28 1200  -15.8  988.9   14.6  139.0   72.6  444.0
2021  87  3 28 1300  -16.3  989.4   13.1  140.0   71.0  444.0
2021  87  3 28 1400  -16.4  989.4   12.6  149.0   70.0  444.0
2021  87  3 28 1500  -16.3  988.5   14.2  140.0   68.0  444.0
2021  87  3 28 1600  -16.8  988.7   11.7  144.0   69.0  444.0
2021  87  3 28 1700  -17.0  988.5    9.7  156.0   70.0  444.0
2021  87  3 28 1800  -16.4  988.5   10.9  160.0   71.0  444.0
2021  87  3 28 1900  -16.0  988.3   10.6  155.0   68.0  444.0
2021  87  3 28 2000  -16.6  988.1   10.4  155.0   68.0  444.0
2021  87  3 28 2100  -17.1  988.0   10.8  156.0   67.0  444.0
2021  87  3 28 2200  -17.1  987.7   11.8  161.0   67.0  444.0
2021  87  3 28 2300  -17.6  987.3   11.3  166.0   73.0  444.0
2021  88  3 29 0000  -17.5  987.1   11.1  170.0   73.0  444.0
2021  88  3 29 0100  -17.5  986.7   10.8  176.0   68.5  444.0
2021  88  3 29 0200  -17.9  986.4   11.0  172.0   67.0  444.0
2021  88  3 29 0300  -18.8  986.0   11.3  169.0   70.0  444.0
2021  88  3 29 0400  -19.6  985.6   10.1  170.0   73.0  444.0
2021  88  3 29 0500  -20.4  985.8    7.9  171.0   71.0  444.0
2021  88  3 29 0600  -21.0  985.7    6.0  181.0   71.0  444.0
2021  88  3 29 0700  -21.2  985.5    6.2  177.0   71.0  444.0
2021  88  3 29 0800  -21.0  985.0    6.0  176.0   71.0  444.0
2021  88  3 29 0900  -22.0  984.4    5.0  184.0   72.2  444.0
2021  88  3 29 1000  -23.3  984.3    5.3  192.0   73.0  444.0
2021  88  3 29 1100  -23.9  983.8    5.4  191.0   75.0  444.0
2021  88  3 29 1200  -22.6  983.4    6.2  176.0   73.0  444.0
2021  88  3 29 1300  -23.0  982.8    5.4  188.0   73.0  444.0
2021  88  3 29 1400  -24.6  982.5    5.4  197.0   73.0  444.0
2021  88  3 29 1500  -25.8  982.1    5.8  198.0   73.0  444.0
2021  88  3 29 1600  -26.5  981.5    5.1  205.0   74.0  444.0
2021  88  3 29 1700  -26.0  981.0    6.3  199.0   73.0  444.0
2021  88  3 29 1800  -25.6  980.7    4.5  200.0   73.0  444.0
2021  88  3 29 1900  -25.0  980.2    4.6  192.0   72.0  444.0
2021  88  3 29 2000  -25.7  980.0    4.8  185.0   70.0  444.0
2021  88  3 29 2100  -26.1  979.2    5.2  192.0   71.0  444.0
2021  88  3 29 2200  -25.4  978.9    5.7  190.0   69.0  444.0
2021  88  3 29 2300  -25.8  978.5    6.0  206.0   68.9  444.0
2021  89  3 30 0000  -25.9  978.4    4.8  200.0   69.0  444.0
2021  89  3 30 0100  -25.6  977.9    5.5  202.0   67.0  444.0
2021  89  3 30 0200  -25.3  977.4    4.0  184.0   67.0  444.0
2021  89  3 30 0300  -25.9  977.2    5.0  195.0   67.0  444.0
2021  89  3 30 0400  -25.3  976.8    5.5  180.0   66.0  444.0
2021  89  3 30 0500  -27.5  976.7    4.9  184.0   69.0  444.0
2021  89  3 30 0600  -28.2  976.3    4.1  183.0   69.0  444.0
2021  89  3 30 0700  -28.4  976.4    3.7  187.0   70.4  444.0
2021  89  3 30 0800  -29.2  976.2    3.1  171.0   70.0  444.0
2021  89  3 30 0900  -31.1  976.3    3.7  215.0   70.0  444.0
2021  89  3 30 1000  -30.9  976.4    4.1  216.0   69.0  444.0
2021  89  3 30 1100  -30.9  976.6    4.7  224.0   69.0  444.0
2021  89  3 30 1200  -31.8  977.1    4.0  160.0   69.2  444.0
2021  89  3 30 1300  -31.7  976.8    4.2  212.0   70.0  444.0
2021  89  3 30 1400  -31.9  976.6    4.3  206.0   70.0  444.0
2021  89  3 30 1500  -32.6  977.2    3.3  192.0   70.0  444.0
2021  89  3 30 1600  -31.9  976.9    4.5  212.0   70.0  444.0
2021  89  3 30 1700  -32.7  976.7    3.5  221.0   70.5  444.0
2021  89  3 30 1800  -33.0  977.1    3.9  215.0   71.0  444.0
2021  89  3 30 1900  -33.5  977.4    3.2  213.0   71.0  444.0
2021  89  3 30 2000  -33.1  977.5    4.2  208.0   71.0  444.0
2021  89  3 30 2100  -33.1  977.7    4.0  232.0   70.0  444.0
2021  89  3 30 2200  -32.2  978.1    4.1  238.0   69.9  444.0
2021  89  3 30 2300  -31.8  977.7    5.1  224.0   69.4  444.0
2021  90  3 31 0000  -27.8  977.1    5.2  202.0   67.0  444.0
2021  90  3 31 0100  -27.3  977.1    4.5  187.0   68.0  444.0
2021  90  3 31 0200  -27.5  977.2    4.6  176.0   71.0  444.0
2021  90  3 31 0300  -31.8  977.6    4.2  131.0   71.0  444.0
2021  90  3 31 0400  -33.9  977.8    5.5  132.0   71.0  444.0
2021  90  3 31 0500  -35.2  977.8    4.2  152.0   71.3  444.0
2021  90  3 31 0600  -34.3  977.8    7.5  136.0   73.0  444.0
2021  90  3 31 0700  -33.5  977.9    7.5  155.0   72.0  444.0
2021  90  3 31 0800  -33.5  978.0    8.7  135.0   72.0  444.0
2021  90  3 31 0900  -34.8  978.1    8.7  133.0   71.0  444.0
2021  90  3 31 1000  -37.3  978.2    8.7  128.0   69.9  444.0
2021  90  3 31 1100  -36.0  978.4    8.0  131.0   71.0  444.0
2021  90  3 31 1200  -33.8  978.5    7.7  131.0   72.0  444.0
2021  90  3 31 1300  -32.7  978.5    5.6  144.0   73.0  444.0
2021  90  3 31 1400  -32.0  978.3    7.8  136.0   73.0  444.0
2021  90  3 31 1500  -32.1  977.9    7.7  138.0   72.9  444.0
2021  90  3 31 1600  -32.2  977.4    7.5  136.0   73.0  444.0
2021  90  3 31 1700  -32.3  977.1    7.5  138.0   73.0  444.0
2021  90  3 31 1800  -32.2  976.3    8.0  139.0   72.0  444.0
2021  90  3 31 1900  -32.5  976.1    6.4  149.0   73.0  444.0
2021  90  3 31 2000  -33.2  975.4    5.7  164.0   72.7  444.0
2021  90  3 31 2100  -34.1  975.3    5.0  172.0   72.0  444.0
2021  90  3 31 2200  -33.9  974.5    5.3  157.0   72.0  444.0
2021  90  3 31 2300  -32.5  973.8    5.8  150.0   73.0  444.0
