Year: 2018  Month: 01  ID: LET  ARGOS:  8928  Name: Lettau              
Lat: 82.49S  Lon: 174.58W  Elev:   39m
2018   1  1  1 0000   -5.4  980.1    6.6  172.0   77.3  444.0
2018   1  1  1 0100   -5.3  980.1    6.7  163.0   79.0  444.0
2018   1  1  1 0200   -5.5  980.3    6.6  149.0   79.0  444.0
2018   1  1  1 0300   -5.8  980.2    6.0  145.0   80.0  444.0
2018   1  1  1 0400   -6.7  980.3    4.6  132.0   83.0  444.0
2018   1  1  1 0500   -7.5  980.3    2.9  150.0   83.0  444.0
2018   1  1  1 0600   -7.8  980.3    2.9  163.0   84.0  444.0
2018   1  1  1 0700   -8.1  980.4    2.9  158.0   83.7  444.0
2018   1  1  1 0800   -8.4  980.7    1.7  173.0   84.0  444.0
2018   1  1  1 0900   -8.8  980.6    2.5  182.0   85.0  444.0
2018   1  1  1 1000   -9.9  980.5    2.7  211.0   83.0  444.0
2018   1  1  1 1100   -9.9  980.3    2.9  192.0   83.0  444.0
2018   1  1  1 1200  -10.0  980.1    3.4  196.0   84.0  444.0
2018   1  1  1 1300  -10.3  980.2    3.8  200.0   84.0  444.0
2018   1  1  1 1400   -9.6  980.1    4.0  186.0   83.0  444.0
2018   1  1  1 1500   -9.3  979.9    4.6  182.0   82.0  444.0
2018   1  1  1 1600   -9.3  980.1    3.7  186.0   81.9  444.0
2018   1  1  1 1700   -9.0  980.2    4.1  192.0   82.2  444.0
2018   1  1  1 1800   -8.8  980.2    4.4  192.0   82.0  444.0
2018   1  1  1 1900   -8.0  980.4    4.7  183.0   81.0  444.0
2018   1  1  1 2000   -7.4  980.6    5.1  184.0   81.0  444.0
2018   1  1  1 2100   -6.8  980.9    4.0  193.0   80.2  444.0
2018   1  1  1 2200   -5.6  981.0    3.9  166.0   76.0  444.0
2018   1  1  1 2300   -4.7  981.1    3.7  177.0   76.0  444.0
2018   2  1  2 0000   -4.3  981.0    4.4  181.0   76.0  444.0
2018   2  1  2 0100   -4.3  980.9    4.4  191.0   78.4  444.0
2018   2  1  2 0200   -3.9  980.9    4.6  165.0   77.9  444.0
2018   2  1  2 0300   -4.2  980.8    5.0  162.0   81.0  444.0
2018   2  1  2 0400   -4.4  981.0    4.1  159.0   82.0  444.0
2018   2  1  2 0500   -4.6  981.3    4.0  164.0   84.0  444.0
2018   2  1  2 0600   -4.8  981.3    4.0  168.0   85.0  444.0
2018   2  1  2 0700   -5.1  981.5    4.5  172.0   86.2  444.0
2018   2  1  2 0800   -4.8  981.7    5.0  169.0   84.0  444.0
2018   2  1  2 0900   -7.5  982.4    5.8  145.0   87.8  444.0
2018   2  1  2 1000   -9.2  982.8    5.3  153.0   85.0  444.0
2018   2  1  2 1100  -10.0  983.3    4.4  163.0   85.0  444.0
2018   2  1  2 1200  -10.3  983.7    3.8  169.0   85.0  444.0
2018   2  1  2 1300  -10.3  984.1    4.3  162.0   85.0  444.0
2018   2  1  2 1400  -10.3  984.5    6.3  135.0   90.4  444.0
2018   2  1  2 1500  -11.1  985.0    7.0  117.0   94.0  444.0
2018   2  1  2 1600  -11.8  985.9    5.8   98.0   92.0  444.0
2018   2  1  2 1700  -11.5  986.5    4.5   90.0   90.0  444.0
2018   2  1  2 1800  -11.3  987.2    5.0  101.0   88.4  444.0
2018   2  1  2 1900  -10.7  987.8    4.5  122.0   88.9  444.0
2018   2  1  2 2000  -11.0  988.5    3.5  103.0   86.0  444.0
2018   2  1  2 2100  -10.5  989.0    3.9  117.0   84.0  444.0
2018   2  1  2 2200   -9.6  989.4    3.8  135.0   84.0  444.0
2018   2  1  2 2300  -10.0  989.8    3.0  162.0   86.0  444.0
2018   3  1  3 0000   -9.4  989.8    2.6  179.0   86.2  444.0
2018   3  1  3 0100   -8.4  990.1    3.1  190.0   85.0  444.0
2018   3  1  3 0200   -7.5  990.2    3.3  181.0   84.0  444.0
2018   3  1  3 0300   -7.7  990.2    3.8  182.0   83.0  444.0
2018   3  1  3 0400   -7.3  990.1    3.8  188.0   84.0  444.0
2018   3  1  3 0500   -7.8  990.1    3.4  191.0   85.5  444.0
2018   3  1  3 0600   -8.1  990.2    2.7  188.0   85.0  444.0
2018   3  1  3 0700   -8.7  990.2    2.7  190.0   87.1  444.0
2018   3  1  3 0800   -8.6  990.2    2.7  204.0   87.0  444.0
2018   3  1  3 0900   -9.6  990.1    2.8  212.0   86.0  444.0
2018   3  1  3 1000  -10.5  990.3    2.5  210.0   83.2  444.0
2018   3  1  3 1100  -11.3  990.2    2.1  225.0   77.0  444.0
2018   3  1  3 1200  -11.8  990.1    2.5  215.0   81.7  444.0
2018   3  1  3 1300  -11.9  989.8    2.4  215.0   81.0  444.0
2018   3  1  3 1400  -12.5  989.5    1.7  244.0   79.0  444.0
2018   3  1  3 1500  -12.6  989.2    1.4  242.0   78.0  444.0
2018   3  1  3 1600  -12.1  988.9    1.1  263.0   76.9  444.0
2018   3  1  3 1700  -12.4  988.6    1.8  263.0   85.8  444.0
2018   3  1  3 1800  -11.7  988.2    1.6  265.0   87.0  444.0
2018   3  1  3 1900  -11.1  987.8    2.4  265.0   85.0  444.0
2018   3  1  3 2000  -10.1  987.7    2.2  245.0   84.0  444.0
2018   3  1  3 2100   -8.5  987.5    2.4  238.0   86.0  444.0
2018   3  1  3 2200   -8.1  987.2    3.1  254.0   84.4  444.0
2018   3  1  3 2300   -7.3  986.7    2.4  242.0   81.0  444.0
2018   4  1  4 0000   -6.3  986.3    2.6  222.0   81.0  444.0
2018   4  1  4 0100   -5.6  985.9    2.3  219.0   82.0  444.0
2018   4  1  4 0200   -5.2  985.4    2.1  215.0   83.0  444.0
2018   4  1  4 0300   -5.1  984.7    2.0  217.0   83.5  444.0
2018   4  1  4 0400   -5.3  984.3    2.2  212.0   85.0  444.0
2018   4  1  4 0500   -5.6  983.9    2.4  215.0   85.8  444.0
2018   4  1  4 0600   -6.0  983.5    2.1  214.0   84.0  444.0
2018   4  1  4 0700   -6.8  983.2    2.3  220.0   84.0  444.0
2018   4  1  4 0800   -7.1  982.9    2.5  216.0   86.6  444.0
2018   4  1  4 0900   -7.9  982.7    2.6  213.0   86.0  444.0
2018   4  1  4 1000   -8.6  982.7    2.1  227.0   78.4  444.0
2018   4  1  4 1100   -9.0  982.5    2.7  233.0   79.0  444.0
2018   4  1  4 1200   -9.4  982.4    2.4  238.0   80.0  444.0
2018   4  1  4 1300   -9.4  982.3    1.0  265.0   81.0  444.0
2018   4  1  4 1400   -8.3  982.2    0.5  245.0   83.0  444.0
2018   4  1  4 1500   -9.4  982.3    1.8  241.0   81.0  444.0
2018   4  1  4 1600   -9.8  982.2    2.1  225.0   74.0  444.0
2018   4  1  4 1700   -9.0  982.1    1.7  224.0   73.0  444.0
2018   4  1  4 1800   -9.8  982.3    1.7  255.0   82.0  444.0
2018   4  1  4 1900  -10.6  982.4    2.1  279.0   83.0  444.0
2018   4  1  4 2000  -10.1  982.9    1.7  266.0   82.3  444.0
2018   4  1  4 2100   -7.1  983.1    2.0  238.0   78.0  444.0
2018   4  1  4 2200   -6.0  983.6    2.0  219.0   80.0  444.0
2018   4  1  4 2300   -5.4  984.1    2.7  220.0   81.0  444.0
2018   5  1  5 0000   -4.9  984.5    2.4  213.0   81.0  444.0
2018   5  1  5 0100   -4.4  984.7    2.5  215.0   81.3  444.0
2018   5  1  5 0200   -4.3  984.8    2.6  209.0   81.0  444.0
2018   5  1  5 0300   -3.9  984.9    3.1  205.0   82.0  444.0
2018   5  1  5 0400   -3.4  985.2    3.0  198.0   81.0  444.0
2018   5  1  5 0500   -4.6  985.4    3.6  187.0   84.9  444.0
2018   5  1  5 0600   -4.4  985.7    2.9  188.0   82.4  444.0
2018   5  1  5 0700   -5.3  986.1    2.9  194.0   86.0  444.0
2018   5  1  5 0800   -6.3  986.3    2.8  204.0   87.7  444.0
2018   5  1  5 0900   -6.7  986.5    2.4  195.0   87.0  444.0
2018   5  1  5 1000   -7.3  986.7    2.5  189.0   87.0  444.0
2018   5  1  5 1100   -7.9  986.8    2.9  193.0   86.0  444.0
2018   5  1  5 1200   -8.8  986.9    2.6  193.0   85.0  444.0
2018   5  1  5 1300   -9.2  986.8    3.0  196.0   85.0  444.0
2018   5  1  5 1400   -8.6  986.8    2.5  192.0   84.0  444.0
2018   5  1  5 1500   -7.3  986.8    2.8  193.0   84.0  444.0
2018   5  1  5 1600   -8.6  986.7    2.6  192.0   84.0  444.0
2018   5  1  5 1700   -9.1  986.5    2.8  204.0   84.0  444.0
2018   5  1  5 1800   -8.8  986.4    2.6  190.0   83.2  444.0
2018   5  1  5 1900   -8.4  986.2    2.8  196.0   83.0  444.0
2018   5  1  5 2000   -7.3  986.2    2.6  181.0   83.0  444.0
2018   5  1  5 2100   -6.4  986.2    2.6  178.0   83.0  444.0
2018   5  1  5 2200   -6.1  986.0    3.2  170.0   84.0  444.0
2018   5  1  5 2300   -5.9  985.9    4.1  140.0   83.9  444.0
2018   6  1  6 0000   -6.0  986.0    3.8  132.0   84.0  444.0
2018   6  1  6 0100   -6.3  985.8    3.6  121.0   84.0  444.0
2018   6  1  6 0200   -7.9  985.8    3.6  117.0   93.0  444.0
2018   6  1  6 0300   -8.0  985.4    3.9  130.0   96.0  444.0
2018   6  1  6 0400   -7.4  985.1    5.1  111.0   95.0  444.0
2018   6  1  6 0500   -7.9  985.1    4.7  118.0   93.0  444.0
2018   6  1  6 0600   -7.6  984.9    4.2  119.0   93.2  444.0
2018   6  1  6 0700   -7.5  984.6    4.6  118.0   93.5  444.0
2018   6  1  6 0800   -7.6  984.6    4.7  141.0   94.0  444.0
2018   6  1  6 0900   -7.5  984.5    4.3  136.0   93.0  444.0
2018   6  1  6 1000   -7.6  984.2    4.3  139.0   93.0  444.0
2018   6  1  6 1100   -7.5  983.9    4.9  144.0   92.3  444.0
2018   6  1  6 1200   -7.5  983.7    5.4  137.0   90.6  444.0
2018   6  1  6 1300   -7.5  983.3    5.6  156.0   90.0  444.0
2018   6  1  6 1400   -7.5  982.9    3.9  145.0   92.0  444.0
2018   6  1  6 1500   -7.5  982.6    5.5  171.0   93.0  444.0
2018   6  1  6 1600   -7.7  982.3    4.7  151.0   92.3  444.0
2018   6  1  6 1700   -8.2  982.2    5.4  154.0   89.0  444.0
2018   6  1  6 1800   -7.7  982.0    4.1  160.0   88.0  444.0
2018   6  1  6 1900   -7.2  981.7    4.8  177.0   87.0  444.0
2018   6  1  6 2000   -7.1  981.5    5.1  176.0   84.0  444.0
2018   6  1  6 2100   -7.1  981.5    4.5  169.0   82.0  444.0
2018   6  1  6 2200   -7.0  981.5    4.1  167.0   82.0  444.0
2018   6  1  6 2300   -6.5  981.6    4.0  170.0   83.0  444.0
2018   7  1  7 0000   -5.8  981.5    3.8  184.0   84.0  444.0
2018   7  1  7 0100   -5.5  981.5    4.4  189.0   84.0  444.0
2018   7  1  7 0200   -4.9  981.4    4.4  190.0   84.0  444.0
2018   7  1  7 0300   -4.4  981.3    3.9  190.0   85.0  444.0
2018   7  1  7 0400   -3.9  981.4    2.9  201.0   87.0  444.0
2018   7  1  7 0500   -4.5  981.5    3.7  202.0   86.0  444.0
2018   7  1  7 0600   -5.0  981.6    2.9  220.0   84.0  444.0
2018   7  1  7 0700   -5.3  981.8    3.1  238.0   83.0  444.0
2018   7  1  7 0800   -5.4  981.9    3.8  235.0   84.0  444.0
2018   7  1  7 0900   -6.0  982.0    3.9  235.0   86.2  444.0
2018   7  1  7 1000   -7.8  982.2    2.6  229.0   84.0  444.0
2018   7  1  7 1100   -7.7  982.4    2.5  243.0   84.0  444.0
2018   7  1  7 1200   -7.1  982.7    3.9  216.0   84.0  444.0
2018   7  1  7 1300   -7.3  983.1    3.5  231.0   79.0  444.0
2018   7  1  7 1400   -7.9  983.3    4.2  240.0   83.0  444.0
2018   7  1  7 1500   -8.4  983.5    4.1  258.0   83.0  444.0
2018   7  1  7 1600   -7.8  983.9    4.5  252.0   81.0  444.0
2018   7  1  7 1700   -7.0  984.3    4.3  237.0   78.0  444.0
2018   7  1  7 1800   -6.4  984.8    4.2  237.0   77.0  444.0
2018   7  1  7 1900   -5.2  985.3    4.2  232.0   75.0  444.0
2018   7  1  7 2000   -5.3  985.8    3.7  222.0   80.0  444.0
2018   7  1  7 2100   -4.7  986.6    3.7  226.0   81.0  444.0
2018   7  1  7 2200   -4.5  987.3    3.3  219.0   82.0  444.0
2018   7  1  7 2300   -4.3  988.0    3.5  204.0   83.0  444.0
2018   8  1  8 0000   -4.1  988.7    2.4  208.0   82.0  444.0
2018   8  1  8 0100   -4.0  989.5    2.7  188.0   82.4  444.0
2018   8  1  8 0200   -3.8  990.2    1.8  190.0   82.0  444.0
2018   8  1  8 0300   -4.0  990.6    2.0  198.0   84.0  444.0
2018   8  1  8 0400   -3.9  991.3    1.5  203.0   84.7  444.0
2018   8  1  8 0500   -3.6  991.9    0.6  213.0   78.0  444.0
2018   8  1  8 0600   -4.2  992.6    1.2  201.0   83.0  444.0
2018   8  1  8 0700   -4.8  993.3    1.2  212.0   83.0  444.0
2018   8  1  8 0800   -6.3  994.0    1.5  235.0   83.0  444.0
2018   8  1  8 0900   -8.0  994.4    2.0   91.0   88.0  444.0
2018   8  1  8 1000   -7.0  995.0    2.2  115.0  100.0  444.0
2018   8  1  8 1100   -7.0  995.9    2.9  165.0   99.0  444.0
2018   8  1  8 1200   -7.3  996.2    1.6  147.0   98.0  444.0
2018   8  1  8 1300   -6.6  996.5    1.6  151.0   97.0  444.0
2018   8  1  8 1400   -7.3  997.0    2.3  161.0   97.0  444.0
2018   8  1  8 1500   -7.1  997.2    2.3  170.0   97.0  444.0
2018   8  1  8 1600   -7.0  997.5    1.5  177.0   96.0  444.0
2018   8  1  8 1700   -6.9  997.8    2.1  154.0   95.0  444.0
2018   8  1  8 1800   -6.8  998.2    2.1  158.0   93.8  444.0
2018   8  1  8 1900   -7.4  998.5    3.7  170.0   94.0  444.0
2018   8  1  8 2000   -7.3  998.8    2.2  184.0   94.0  444.0
2018   8  1  8 2100   -7.3  998.9    2.5  171.0   93.0  444.0
2018   8  1  8 2200   -7.0  999.2    2.1  166.0   92.0  444.0
2018   8  1  8 2300   -6.4  999.2    1.5  191.0   92.8  444.0
2018   9  1  9 0000   -5.9  999.2    1.4  174.0   92.0  444.0
2018   9  1  9 0100   -6.0  998.9    3.7  170.0   93.0  444.0
2018   9  1  9 0200   -6.4  998.7    4.1  160.0   93.0  444.0
2018   9  1  9 0300   -6.4  998.7    3.5  145.0   93.0  444.0
2018   9  1  9 0400   -6.8  998.7    3.6  158.0   94.2  444.0
2018   9  1  9 0500   -6.9  998.7    3.9  152.0   94.0  444.0
2018   9  1  9 0600   -6.8  998.7    3.0  150.0   94.0  444.0
2018   9  1  9 0700   -6.8  998.3    3.8  153.0   94.0  444.0
2018   9  1  9 0800   -7.0  998.2    4.1  150.0   94.0  444.0
2018   9  1  9 0900   -7.1  997.9    4.3  157.0   94.0  444.0
2018   9  1  9 1000   -7.4  997.5    4.3  155.0   94.0  444.0
2018   9  1  9 1100   -7.3  997.4    3.7  153.0   93.7  444.0
2018   9  1  9 1200   -7.4  997.1    3.7  152.0   95.0  444.0
2018   9  1  9 1300   -7.7  996.7    3.9  144.0   95.0  444.0
2018   9  1  9 1400   -8.1  996.4    4.8  141.0   94.0  444.0
2018   9  1  9 1500   -7.9  995.9    4.7  162.0   93.0  444.0
2018   9  1  9 1600   -7.9  995.6    4.2  148.0   91.8  444.0
2018   9  1  9 1700   -8.2  995.1    5.3  139.0   92.0  444.0
2018   9  1  9 1800   -8.1  995.0    3.7  158.0   93.0  444.0
2018   9  1  9 1900   -7.9  994.7    3.3  152.0   92.0  444.0
2018   9  1  9 2000   -8.1  994.2    4.7  149.0   92.0  444.0
2018   9  1  9 2100   -8.7  993.8    5.7  137.0   90.6  444.0
2018   9  1  9 2200   -8.9  993.6    5.1  144.0   89.0  444.0
2018   9  1  9 2300   -8.6  993.1    5.3  147.0   88.0  444.0
2018  10  1 10 0000   -8.3  992.7    4.2  146.0   87.0  444.0
2018  10  1 10 0100   -8.0  992.0    4.5  148.0   90.0  444.0
2018  10  1 10 0200   -7.9  991.5    4.5  139.0   88.9  444.0
2018  10  1 10 0300   -7.6  990.8    4.4  138.0   90.0  444.0
2018  10  1 10 0400   -7.7  990.3    4.4  136.0   92.0  444.0
2018  10  1 10 0500   -7.9  989.9    4.0  155.0   91.0  444.0
2018  10  1 10 0600   -8.2  989.6    4.2  157.0   92.0  444.0
2018  10  1 10 0700   -8.4  989.2    4.7  144.0   92.3  444.0
2018  10  1 10 0800   -8.7  988.8    5.0  150.0   93.0  444.0
2018  10  1 10 0900   -8.9  988.4    4.2  138.0   91.5  444.0
2018  10  1 10 1000   -9.0  987.8    4.2  144.0   92.0  444.0
2018  10  1 10 1100   -8.6  987.3    3.4  158.0   92.0  444.0
2018  10  1 10 1200   -8.5  986.7    3.4  135.0   91.3  444.0
2018  10  1 10 1300   -8.4  986.1    1.8  118.0   91.6  444.0
2018  10  1 10 1400   -8.3  985.6    1.8  215.0   91.0  444.0
2018  10  1 10 1500   -8.1  985.1    2.5  223.0   91.0  444.0
2018  10  1 10 1600   -7.5  984.4    3.7  170.0   90.0  444.0
2018  10  1 10 1700   -7.7  984.0    3.9  164.0   90.3  444.0
2018  10  1 10 1800   -7.8  983.7    3.8  161.0   91.2  444.0
2018  10  1 10 1900   -7.7  983.4    3.4  160.0   90.0  444.0
2018  10  1 10 2000   -7.6  983.0    4.2  166.0   89.0  444.0
2018  10  1 10 2100   -7.7  982.6    3.6  160.0   89.0  444.0
2018  10  1 10 2200   -7.6  982.3    3.6  151.0   86.6  444.0
2018  10  1 10 2300   -7.7  982.0    3.7  141.0   86.0  444.0
2018  11  1 11 0000   -7.4  981.8    2.9  138.0   87.6  444.0
2018  11  1 11 0100   -7.9  981.6    3.5  136.0   91.0  444.0
2018  11  1 11 0200   -8.1  981.1    2.7  142.0   90.0  444.0
2018  11  1 11 0300   -8.8  980.8    3.7  136.0   92.0  444.0
2018  11  1 11 0400   -8.7  980.5    3.0  150.0   91.0  444.0
2018  11  1 11 0500   -8.8  980.3    3.2  152.0   92.9  444.0
2018  11  1 11 0600   -8.8  980.2    3.1  150.0   91.0  444.0
2018  11  1 11 0700   -8.7  980.2    2.8  140.0   92.0  444.0
2018  11  1 11 0800   -8.4  980.1    2.5  143.0   93.0  444.0
2018  11  1 11 0900   -8.2  980.1    1.8  131.0   92.0  444.0
2018  11  1 11 1000   -7.9  980.0    1.3  128.0   90.7  444.0
2018  11  1 11 1100   -7.8  979.9    1.3  132.0   89.0  444.0
2018  11  1 11 1200   -7.9  979.9    1.3  149.0   90.4  444.0
2018  11  1 11 1300   -8.3  979.9    2.1  152.0   93.0  444.0
2018  11  1 11 1400   -8.5  979.9    2.2  166.0   93.0  444.0
2018  11  1 11 1500   -8.8  979.9    1.5  178.0   87.8  444.0
2018  11  1 11 1600   -8.7  980.0    1.2  156.0   96.0  444.0
2018  11  1 11 1700   -8.4  979.9    1.8  196.0   97.0  444.0
2018  11  1 11 1800   -8.3  980.0    1.1  230.0   96.0  444.0
2018  11  1 11 1900   -8.0  980.1    2.0  256.0   92.0  444.0
2018  11  1 11 2000   -7.5  979.9    2.2  198.0   88.0  444.0
2018  11  1 11 2100   -6.1  980.2    1.8  186.0   84.0  444.0
2018  11  1 11 2200   -5.7  980.4    1.8  174.0   82.4  444.0
2018  11  1 11 2300   -5.4  980.5    3.3  157.0   81.0  444.0
2018  12  1 12 0000   -6.5  980.5    2.3  160.0   88.0  444.0
2018  12  1 12 0100   -6.2  980.6    2.7  163.0   87.0  444.0
2018  12  1 12 0200   -6.3  980.6    4.0  148.0   86.3  444.0
2018  12  1 12 0300   -6.5  980.8    4.3  147.0   87.8  444.0
2018  12  1 12 0400   -6.2  980.7    4.1  142.0   87.0  444.0
2018  12  1 12 0500   -6.6  981.0    4.0  138.0   89.0  444.0
2018  12  1 12 0600   -7.0  981.3    4.3  136.0   89.0  444.0
2018  12  1 12 0700   -8.5  981.7    4.2  146.0   94.4  444.0
2018  12  1 12 0800   -9.0  981.9    5.1  131.0   99.2  444.0
2018  12  1 12 0900   -9.0  982.3    4.8  136.0   97.0  444.0
2018  12  1 12 1000   -9.3  982.5    4.1  121.0   97.0  444.0
2018  12  1 12 1100   -8.9  982.7    2.9  113.0   98.0  444.0
2018  12  1 12 1200   -8.8  982.8    1.8  110.0   97.7  444.0
2018  12  1 12 1300   -8.6  982.9    1.7   90.0   98.0  444.0
2018  12  1 12 1400   -8.6  983.2    0.8   45.0   99.0  444.0
2018  12  1 12 1500   -8.3  983.0    0.7  354.0   96.0  444.0
2018  12  1 12 1600   -8.3  983.0    1.5  318.0   96.0  444.0
2018  12  1 12 1700   -7.9  982.9    1.7  316.0   96.0  444.0
2018  12  1 12 1800   -7.4  983.2    2.3  302.0   94.0  444.0
2018  12  1 12 1900   -7.2  983.4    2.0  283.0   92.0  444.0
2018  12  1 12 2000   -7.5  983.5    1.2  234.0   89.0  444.0
2018  12  1 12 2100   -7.4  983.6    1.7  192.0   89.0  444.0
2018  12  1 12 2200   -7.1  983.8    2.1  174.0   86.0  444.0
2018  12  1 12 2300   -7.3  984.0    2.4  146.0   87.0  444.0
2018  13  1 13 0000   -6.2  984.3    1.1  160.0   85.8  444.0
2018  13  1 13 0100   -6.2  984.7    0.5  160.0   84.0  444.0
2018  13  1 13 0200   -6.6  984.9    1.4   96.0   87.0  444.0
2018  13  1 13 0300   -6.5  985.1    2.0   58.0   88.0  444.0
2018  13  1 13 0400   -6.6  985.4    1.9   82.0   88.3  444.0
2018  13  1 13 0500   -7.4  985.8    4.7  106.0   94.0  444.0
2018  13  1 13 0600   -7.2  986.3    5.4  135.0   88.0  444.0
2018  13  1 13 0700   -8.0  986.6    3.6  128.0   94.0  444.0
2018  13  1 13 0800   -8.2  987.0    5.1  126.0   93.0  444.0
2018  13  1 13 0900   -8.4  987.3    3.0  126.0   93.0  444.0
2018  13  1 13 1000   -8.1  987.5    3.0  120.0   92.9  444.0
2018  13  1 13 1100   -8.3  987.9    3.7  126.0   95.0  444.0
2018  13  1 13 1200   -8.4  988.5    3.7  120.0   94.0  444.0
2018  13  1 13 1300   -8.3  988.8    3.1   95.0   94.0  444.0
2018  13  1 13 1400   -8.3  989.0    2.9   73.0   94.0  444.0
2018  13  1 13 1500   -8.0  989.1    0.9   96.0   92.6  444.0
2018  13  1 13 1600   -7.9  989.3    1.0  336.0   92.0  444.0
2018  13  1 13 1700   -7.6  989.2    0.8  294.0   91.2  444.0
2018  13  1 13 1800   -7.6  989.2    1.0  262.0   90.0  444.0
2018  13  1 13 1900   -7.6  989.2    1.9  270.0   91.0  444.0
2018  13  1 13 2000   -7.4  989.2    2.0  248.0   89.8  444.0
2018  13  1 13 2100   -6.9  989.5    2.2  262.0   89.0  444.0
2018  13  1 13 2200   -6.6  989.5    1.9  278.0   88.0  444.0
2018  13  1 13 2300   -6.1  989.3    1.5  282.0   87.0  444.0
2018  14  1 14 0000   -5.7  989.0    0.4  303.0   79.0  444.0
2018  14  1 14 0100   -6.1  988.6    1.9  271.0   85.0  444.0
2018  14  1 14 0200   -6.2  988.2    2.1  280.0   85.0  444.0
2018  14  1 14 0300   -6.2  987.9    2.7  279.0   86.4  444.0
2018  14  1 14 0400   -6.2  987.3    2.2  299.0   87.0  444.0
2018  14  1 14 0500   -6.0  986.9    1.5  303.0   84.0  444.0
2018  14  1 14 0600   -6.4  986.6    2.1  318.0   87.0  444.0
2018  14  1 14 0700   -6.6  986.6    2.8  276.0   89.0  444.0
2018  14  1 14 0800   -6.8  986.2    3.2  304.0   89.2  444.0
2018  14  1 14 0900   -6.9  985.7    2.5  330.0   87.0  444.0
2018  14  1 14 1000   -7.0  985.0    3.1  338.0   85.0  444.0
2018  14  1 14 1100   -7.2  984.8    2.4  343.0   87.0  444.0
2018  14  1 14 1200   -7.6  984.4    2.0  323.0   92.0  444.0
2018  14  1 14 1300   -7.6  983.9    3.0    4.0   89.6  444.0
2018  14  1 14 1400   -7.6  983.5    2.9  351.0   89.0  444.0
2018  14  1 14 1500   -7.6  983.0    2.6  327.0   89.0  444.0
2018  14  1 14 1600   -7.7  982.6    2.6  326.0   89.0  444.0
2018  14  1 14 1700   -7.8  982.3    2.7  324.0   90.0  444.0
2018  14  1 14 1800   -7.9  981.8    3.7  324.0   89.4  444.0
2018  14  1 14 1900   -7.7  981.3    3.6  322.0   90.0  444.0
2018  14  1 14 2000   -7.5  981.1    3.6  315.0   90.0  444.0
2018  14  1 14 2100   -7.1  980.9    3.4  304.0   90.0  444.0
2018  14  1 14 2200   -6.8  980.7    3.1  291.0   89.0  444.0
2018  14  1 14 2300   -6.5  980.3    2.2  241.0   88.8  444.0
2018  15  1 15 0000   -6.8  980.0    2.4  187.0   88.0  444.0
2018  15  1 15 0100   -7.1  979.5    3.7  181.0   87.1  444.0
2018  15  1 15 0200   -7.3  979.3    4.1  189.0   87.0  444.0
2018  15  1 15 0300   -7.4  978.9    4.5  178.0   87.0  444.0
2018  15  1 15 0400   -7.4  978.4    4.0  154.0   88.0  444.0
2018  15  1 15 0500   -7.1  978.0    3.5  180.0   90.0  444.0
2018  15  1 15 0600   -7.3  977.7    2.8  154.0   88.8  444.0
2018  15  1 15 0700   -7.1  977.5    1.7  127.0   87.1  444.0
2018  15  1 15 0800   -7.0  977.2    1.4   98.0   88.0  444.0
2018  15  1 15 0900   -7.1  976.8    1.4  218.0   88.0  444.0
2018  15  1 15 1000   -7.1  976.5    1.5  236.0   90.0  444.0
2018  15  1 15 1100   -7.1  976.4    1.8  247.0   90.9  444.0
2018  15  1 15 1200   -7.2  976.0    2.9  215.0   95.0  444.0
2018  15  1 15 1300   -7.3  975.6    3.7  219.0   95.0  444.0
2018  15  1 15 1400   -7.7  975.1    4.1  216.0   97.0  444.0
2018  15  1 15 1500   -7.8  974.6    4.6  222.0   97.0  444.0
2018  15  1 15 1600   -7.9  974.2    4.4  224.0   95.7  444.0
2018  15  1 15 1700   -8.2  973.8    4.6  234.0   94.0  444.0
2018  15  1 15 1800   -8.3  973.6    3.5  225.0   94.0  444.0
2018  15  1 15 1900   -8.3  973.5    3.7  237.0   91.0  444.0
2018  15  1 15 2000   -8.5  973.3    4.2  260.0   92.0  444.0
2018  15  1 15 2100   -8.5  973.2    4.2  264.0   89.5  444.0
2018  15  1 15 2200   -8.3  972.9    3.1  255.0   89.0  444.0
2018  15  1 15 2300   -8.1  972.6    4.1  270.0   86.0  444.0
2018  16  1 16 0000   -8.8  972.7    4.0  268.0   83.9  444.0
2018  16  1 16 0100   -8.6  972.6    2.3  254.0   81.0  444.0
2018  16  1 16 0200   -8.4  972.5    1.8  258.0   81.0  444.0
2018  16  1 16 0300   -8.4  972.3    1.6  254.0   80.0  444.0
2018  16  1 16 0400   -8.0  972.3    0.6  249.0   77.0  444.0
2018  16  1 16 0500   -8.2  972.0    1.3  198.0   84.1  444.0
2018  16  1 16 0600   -8.3  972.0    1.7  178.0   88.0  444.0
2018  16  1 16 0700   -8.5  972.0    1.8  232.0   88.0  444.0
2018  16  1 16 0800   -8.4  972.1    2.7  163.0   88.0  444.0
2018  16  1 16 0900   -8.4  972.2    2.3  168.0   87.2  444.0
2018  16  1 16 1000   -8.6  972.3    2.8  139.0   84.0  444.0
2018  16  1 16 1100   -8.9  972.5    3.2  169.0   87.0  444.0
2018  16  1 16 1200   -8.9  972.8    3.0  178.0   88.0  444.0
2018  16  1 16 1300   -9.4  972.9    3.4  188.0   91.0  444.0
2018  16  1 16 1400   -9.6  972.9    4.0  185.0   93.5  444.0
2018  16  1 16 1500   -9.2  973.0    4.6  188.0   94.0  444.0
2018  16  1 16 1600   -8.4  973.0    4.9  175.0   91.0  444.0
2018  16  1 16 1700   -9.1  973.2    5.8  179.0   92.0  444.0
2018  16  1 16 1800   -9.3  973.4    6.2  179.0   93.0  444.0
2018  16  1 16 1900   -9.5  973.5    5.4  180.0   90.0  444.0
2018  16  1 16 2000  -10.1  973.6    5.8  186.0   92.0  444.0
2018  16  1 16 2100  -10.3  973.8    4.4  172.0   89.0  444.0
2018  16  1 16 2200   -9.4  973.9    4.6  182.0   85.0  444.0
2018  16  1 16 2300   -9.1  974.1    4.7  192.0   85.0  444.0
2018  17  1 17 0000   -8.8  973.8    5.2  204.0   83.0  444.0
2018  17  1 17 0100   -9.4  973.4    5.0  224.0   82.3  444.0
2018  17  1 17 0200   -8.8  972.9    2.9  241.0   80.0  444.0
2018  17  1 17 0300   -7.9  972.4    2.9  219.0   84.0  444.0
2018  17  1 17 0400  444.0  972.1    0.4   48.0   79.0  444.0
2018  17  1 17 0500   -7.2  971.9    1.1   45.0   81.0  444.0
2018  17  1 17 0600   -7.7  972.1    3.3  105.0   86.9  444.0
2018  17  1 17 0700   -8.5  972.3    3.2  119.0   89.0  444.0
2018  17  1 17 0800   -8.4  972.4    2.8  139.0   90.0  444.0
2018  17  1 17 0900   -8.1  972.5    2.8  155.0   86.0  444.0
2018  17  1 17 1000   -8.6  972.4    3.6  172.0   89.0  444.0
2018  17  1 17 1100   -9.1  972.2    4.0  175.0   88.4  444.0
2018  17  1 17 1200  -11.3  972.2    3.4  184.0   88.0  444.0
2018  17  1 17 1300  -11.1  972.0    2.7  186.0   89.0  444.0
2018  17  1 17 1400  -10.6  971.8    2.5  180.0   87.0  444.0
2018  17  1 17 1500  -11.9  971.5    2.0  189.0   83.0  444.0
2018  17  1 17 1600  -11.5  971.4    1.8  178.0   88.0  444.0
2018  17  1 17 1700  -10.9  971.3    2.0  172.0   94.0  444.0
2018  17  1 17 1800  -10.6  971.1    2.2  182.0   93.0  444.0
2018  17  1 17 1900  -10.6  971.0    2.0  182.0   91.0  444.0
2018  17  1 17 2000   -9.8  971.0    0.6  146.0   85.0  444.0
2018  17  1 17 2100  444.0  970.8    0.0    0.0   83.0  444.0
2018  17  1 17 2200   -9.2  970.9    0.7  307.0   87.0  444.0
2018  17  1 17 2300   -9.8  970.8    1.0  357.0   86.5  444.0
2018  18  1 18 0000  444.0  970.6    0.7    5.0   83.0  444.0
2018  18  1 18 0100  444.0  970.6    0.0    0.0   79.0  444.0
2018  18  1 18 0200  444.0  970.5    0.4   51.0   80.0  444.0
2018  18  1 18 0300  444.0  970.4    0.7  115.0   80.0  444.0
2018  18  1 18 0400   -8.7  970.6    1.6  107.0   89.7  444.0
2018  18  1 18 0500   -8.5  970.5    2.4  121.0   90.0  444.0
2018  18  1 18 0600   -9.1  970.7    2.7  126.0   89.0  444.0
2018  18  1 18 0700   -9.4  970.8    3.0  140.0   94.0  444.0
2018  18  1 18 0800  -10.2  970.9    3.7  142.0   96.0  444.0
2018  18  1 18 0900  -10.1  970.6    4.3  182.0   94.9  444.0
2018  18  1 18 1000   -9.7  970.9    3.5  196.0   90.0  444.0
2018  18  1 18 1100  -11.1  970.7    3.1  202.0   92.0  444.0
2018  18  1 18 1200   -9.0  970.2    3.1  198.0   91.0  444.0
2018  18  1 18 1300  -10.4  970.0    3.5  193.0   89.0  444.0
2018  18  1 18 1400  -11.7  969.8    3.6  193.0   87.3  444.0
2018  18  1 18 1500  -10.8  969.7    3.4  169.0   87.0  444.0
2018  18  1 18 1600  -11.0  969.4    4.0  166.0   86.4  444.0
2018  18  1 18 1700  -10.6  969.5    4.4  156.0   86.0  444.0
2018  18  1 18 1800  -10.4  969.6    5.6  147.0   86.0  444.0
2018  18  1 18 1900  -10.1  969.8    7.4  136.0   85.6  444.0
2018  18  1 18 2000   -9.3  970.2    7.9  135.0   86.0  444.0
2018  18  1 18 2100   -8.1  970.5    7.9  117.0   85.0  444.0
2018  18  1 18 2200   -8.6  970.9    7.0  112.0   88.0  444.0
2018  18  1 18 2300   -8.0  971.2    6.9  127.0   89.0  444.0
2018  19  1 19 0000   -8.9  971.5    5.2  148.0   92.0  444.0
2018  19  1 19 0100   -9.0  971.5    4.9  148.0   82.0  444.0
2018  19  1 19 0200   -8.3  971.3    4.3  160.0   82.2  444.0
2018  19  1 19 0300   -7.5  971.1    4.0  164.0   83.0  444.0
2018  19  1 19 0400   -7.5  970.8    4.3  147.0   82.7  444.0
2018  19  1 19 0500   -7.6  970.8    4.7  154.0   82.0  444.0
2018  19  1 19 0600   -8.1  970.8    4.4  159.0   84.0  444.0
2018  19  1 19 0700   -8.4  970.8    4.8  159.0   83.6  444.0
2018  19  1 19 0800   -9.1  970.7    4.6  171.0   85.0  444.0
2018  19  1 19 0900   -9.3  970.4    5.1  165.0   84.2  444.0
2018  19  1 19 1000   -9.7  970.1    3.7  176.0   81.0  444.0
2018  19  1 19 1100   -9.6  969.5    5.0  171.0   80.0  444.0
2018  19  1 19 1200   -9.8  969.3    5.1  174.0   80.0  444.0
2018  19  1 19 1300  -10.0  968.9    5.4  167.0   81.0  444.0
2018  19  1 19 1400  -10.1  968.8    4.8  160.0   81.6  444.0
2018  19  1 19 1500   -9.7  968.6    6.1  164.0   81.0  444.0
2018  19  1 19 1600   -9.7  968.3    6.9  163.0   81.0  444.0
2018  19  1 19 1700   -9.8  968.3    5.9  164.0   81.3  444.0
2018  19  1 19 1800   -9.7  968.2    6.2  169.0   81.0  444.0
2018  19  1 19 1900   -9.1  968.0    6.4  170.0   81.0  444.0
2018  19  1 19 2000   -8.5  967.7    7.2  164.0   80.0  444.0
2018  19  1 19 2100   -7.9  967.5    7.8  156.0   80.0  444.0
2018  19  1 19 2200   -7.5  967.4    7.6  152.0   80.0  444.0
2018  19  1 19 2300   -6.8  967.0    6.7  150.0   83.0  444.0
2018  20  1 20 0000   -6.3  966.6    6.9  179.0   84.4  444.0
2018  20  1 20 0100   -5.8  966.4    6.8  157.0   85.0  444.0
2018  20  1 20 0200   -5.1  966.2    6.8  159.0   87.0  444.0
2018  20  1 20 0300   -3.8  965.8    7.8  156.0   86.0  444.0
2018  20  1 20 0400   -3.9  965.4    7.5  146.0   89.0  444.0
2018  20  1 20 0500   -4.1  965.1    9.0  148.0   89.4  444.0
2018  20  1 20 0600   -4.1  964.8    9.7  149.0   90.0  444.0
2018  20  1 20 0700   -3.7  964.8   10.5  153.0   90.8  444.0
2018  20  1 20 0800   -3.3  964.6    9.9  156.0   93.0  444.0
2018  20  1 20 0900   -2.7  963.8    9.8  153.0   94.0  444.0
2018  20  1 20 1000   -2.8  963.4    8.4  156.0   94.9  444.0
2018  20  1 20 1100   -2.9  963.2    6.5  141.0   96.0  444.0
2018  20  1 20 1200   -3.3  963.7    6.5  130.0   97.7  444.0
2018  20  1 20 1300   -3.3  964.5    6.4  122.0   97.0  444.0
2018  20  1 20 1400   -4.3  965.4    7.9  130.0   96.0  444.0
2018  20  1 20 1500   -6.1  966.3    8.0  128.0   99.4  444.0
2018  20  1 20 1600   -8.1  967.1    7.7  124.0   92.0  444.0
2018  20  1 20 1700   -7.3  968.1    6.2  117.0   92.2  444.0
2018  20  1 20 1800   -8.6  969.1    6.4   90.0   90.0  444.0
2018  20  1 20 1900  -11.6  970.3    6.8  103.0   83.0  444.0
2018  20  1 20 2000  -12.1  971.3    5.7   99.0   81.4  444.0
2018  20  1 20 2100  -12.5  971.7    5.3  108.0   80.0  444.0
2018  20  1 20 2200  -12.0  972.3    4.4  110.0   80.9  444.0
2018  20  1 20 2300  -11.5  972.5    3.9  134.0   80.6  444.0
2018  21  1 21 0000  -11.0  972.7    3.3  152.0   79.0  444.0
2018  21  1 21 0100  -10.0  972.6    3.9  168.0   79.0  444.0
2018  21  1 21 0200   -8.9  972.4    3.1  166.0   81.0  444.0
2018  21  1 21 0300   -9.5  971.7    2.6  202.0   85.1  444.0
2018  21  1 21 0400   -8.4  971.3    2.5  225.0   87.1  444.0
2018  21  1 21 0500   -7.7  970.8    2.9  245.0   87.8  444.0
2018  21  1 21 0600   -5.6  970.3    2.4  232.0   90.0  444.0
2018  21  1 21 0700   -3.6  970.4    2.3  182.0   93.0  444.0
2018  21  1 21 0800   -3.1  970.4    3.9  136.0   96.3  444.0
2018  21  1 21 0900   -3.3  970.5    4.2  137.0   99.0  444.0
2018  21  1 21 1000   -3.6  970.7    2.8  124.0   97.2  444.0
2018  21  1 21 1100   -4.9  971.0    4.4  139.0   95.0  444.0
2018  21  1 21 1200   -8.1  971.5    3.0  110.0   93.0  444.0
2018  21  1 21 1300   -8.6  971.9    2.9   87.0   90.8  444.0
2018  21  1 21 1400   -7.7  972.2    2.1  131.0   96.0  444.0
2018  21  1 21 1500   -6.7  972.5    1.6  114.0   93.5  444.0
2018  21  1 21 1600   -7.1  973.1    2.1  354.0   93.0  444.0
2018  21  1 21 1700   -7.8  973.4    2.8    9.0   90.0  444.0
2018  21  1 21 1800   -8.3  973.8    3.0   16.0   89.0  444.0
2018  21  1 21 1900   -8.8  974.5    3.5   17.0   87.0  444.0
2018  21  1 21 2000   -9.3  975.3    3.6   18.0   86.0  444.0
2018  21  1 21 2100   -9.8  976.1    3.2   29.0   84.0  444.0
2018  21  1 21 2200   -9.8  976.6    2.9   40.0   82.0  444.0
2018  21  1 21 2300   -9.4  977.1    2.4   53.0   78.0  444.0
2018  22  1 22 0000   -9.1  977.8    2.1   53.0   78.0  444.0
2018  22  1 22 0100   -8.4  978.4    1.7   90.0   77.2  444.0
2018  22  1 22 0200   -9.1  978.9    1.7  130.0   81.0  444.0
2018  22  1 22 0300   -9.1  979.0    3.3  131.0   82.0  444.0
2018  22  1 22 0400   -9.0  979.2    2.8  122.0   82.0  444.0
2018  22  1 22 0500   -8.4  979.5    3.6  124.0   80.0  444.0
2018  22  1 22 0600   -8.5  980.0    2.8  141.0   85.0  444.0
2018  22  1 22 0700   -9.9  980.4    2.5  145.0   86.0  444.0
2018  22  1 22 0800   -9.7  980.4    2.2  130.0   88.0  444.0
2018  22  1 22 0900  -11.4  980.6    2.9  177.0   89.0  444.0
2018  22  1 22 1000  -12.1  980.8    2.3  181.0   90.0  444.0
2018  22  1 22 1100  -12.1  980.9    2.2  197.0   91.0  444.0
2018  22  1 22 1200  -11.3  980.9    2.2  178.0   89.0  444.0
2018  22  1 22 1300  -11.4  981.0    2.0  185.0   85.4  444.0
2018  22  1 22 1400  -11.3  981.0    1.4  191.0   86.0  444.0
2018  22  1 22 1500  -10.5  981.0    1.1  214.0   91.0  444.0
2018  22  1 22 1600  -10.4  980.9    1.6  235.0   87.0  444.0
2018  22  1 22 1700  -10.6  981.2    0.8  242.0   85.0  444.0
2018  22  1 22 1800  -10.6  981.2    1.4  234.0   82.4  444.0
2018  22  1 22 1900   -9.9  981.3    1.1  261.0   82.0  444.0
2018  22  1 22 2000   -9.2  981.5    1.5  223.0   81.0  444.0
2018  22  1 22 2100   -8.7  981.6    1.2  181.0   87.0  444.0
2018  22  1 22 2200   -9.0  981.9    0.7  250.0   92.8  444.0
2018  22  1 22 2300   -8.3  982.0    1.0  199.0   93.0  444.0
2018  23  1 23 0000  444.0  982.1    1.0  142.0   92.0  444.0
2018  23  1 23 0100   -7.7  982.1    1.8  198.0   92.0  444.0
2018  23  1 23 0200   -6.9  982.1    1.2  189.0   93.0  444.0
2018  23  1 23 0300   -6.3  981.9    1.2  175.0   92.0  444.0
2018  23  1 23 0400   -6.2  981.8    1.6  182.0   89.0  444.0
2018  23  1 23 0500   -7.7  981.9    1.8  208.0   97.0  444.0
2018  23  1 23 0600   -6.1  982.0    2.7  186.0  100.0  444.0
2018  23  1 23 0700   -6.2  981.9    2.8  200.0   99.0  444.0
2018  23  1 23 0800   -7.3  981.9    5.6  199.0   94.0  444.0
2018  23  1 23 0900   -8.8  981.8    2.0  244.0   92.0  444.0
2018  23  1 23 1000  -10.1  981.9    1.8  235.0   90.5  444.0
2018  23  1 23 1100  -10.8  981.9    1.7  210.0   88.0  444.0
2018  23  1 23 1200  -11.4  981.9    0.6  243.0   90.0  444.0
2018  23  1 23 1300  -12.4  981.9    1.2  212.0   90.0  444.0
2018  23  1 23 1400  -11.0  981.6    0.8  212.0   87.0  444.0
2018  23  1 23 1500  -10.9  981.5    0.8  200.0   83.9  444.0
2018  23  1 23 1600  444.0  981.4    0.4  196.0   81.0  444.0
2018  23  1 23 1700  444.0  981.3    0.9  196.0   81.0  444.0
2018  23  1 23 1800   -9.4  981.2    1.1  201.0   79.0  444.0
2018  23  1 23 1900   -8.7  981.2    1.1  178.0   86.6  444.0
2018  23  1 23 2000   -9.8  981.2    1.3  146.0   91.6  444.0
2018  23  1 23 2100   -9.1  981.1    1.4  158.0   92.0  444.0
2018  23  1 23 2200   -8.5  981.2    1.9  166.0   92.0  444.0
2018  23  1 23 2300   -9.1  981.0    2.6  161.0   91.0  444.0
2018  24  1 24 0000   -9.0  981.0    2.8  153.0   92.0  444.0
2018  24  1 24 0100   -8.5  980.8    2.8  158.0   94.0  444.0
2018  24  1 24 0200   -7.9  980.5    2.5  152.0   91.0  444.0
2018  24  1 24 0300   -6.5  980.2    1.5  168.0   89.9  444.0
2018  24  1 24 0400   -6.0  979.9    0.7  181.0   89.6  444.0
2018  24  1 24 0500   -7.2  979.9    2.1  152.0   90.0  444.0
2018  24  1 24 0600   -7.9  979.9    2.2  145.0   90.0  444.0
2018  24  1 24 0700   -8.1  980.0    1.6  152.0   90.0  444.0
2018  24  1 24 0800   -8.4  979.9    2.0  166.0   89.5  444.0
2018  24  1 24 0900   -9.4  980.0    2.6  166.0   90.3  444.0
2018  24  1 24 1000   -9.7  979.9    2.6  166.0   91.0  444.0
2018  24  1 24 1100  -10.7  980.1    2.8  168.0   90.0  444.0
2018  24  1 24 1200  -10.7  980.2    2.8  157.0   89.0  444.0
2018  24  1 24 1300  -11.0  980.3    1.8  166.0   90.5  444.0
2018  24  1 24 1400  -11.1  980.3    2.3  177.0   91.0  444.0
2018  24  1 24 1500  -10.4  980.1    1.8  176.0   91.0  444.0
2018  24  1 24 1600   -9.7  980.3    1.1  182.0   90.0  444.0
2018  24  1 24 1700   -9.8  980.5    1.6  173.0   90.0  444.0
2018  24  1 24 1800   -9.6  980.7    2.0  175.0   85.0  444.0
2018  24  1 24 1900   -8.9  981.0    1.9  165.0   86.0  444.0
2018  24  1 24 2000   -9.2  981.2    2.0  138.0   88.0  444.0
2018  24  1 24 2100   -8.3  981.5    2.1  148.0   85.0  444.0
2018  24  1 24 2200   -8.4  981.7    3.2  135.0   87.0  444.0
2018  24  1 24 2300   -7.8  982.0    2.5  136.0   84.1  444.0
2018  25  1 25 0000   -7.5  982.4    3.2  124.0   84.0  444.0
2018  25  1 25 0100   -7.4  982.6    2.3  130.0   85.3  444.0
2018  25  1 25 0200   -7.1  982.8    2.0  152.0   86.0  444.0
2018  25  1 25 0300   -7.4  982.8    2.3  140.0   87.0  444.0
2018  25  1 25 0400   -7.3  982.9    2.3  146.0   88.0  444.0
2018  25  1 25 0500   -7.3  983.2    1.6  124.0   86.0  444.0
2018  25  1 25 0600   -7.2  983.5    1.4  133.0   86.8  444.0
2018  25  1 25 0700   -8.5  983.9    2.0  151.0   87.0  444.0
2018  25  1 25 0800   -9.5  984.1    2.6  169.0   91.0  444.0
2018  25  1 25 0900  -10.9  984.4    2.7  170.0   90.0  444.0
2018  25  1 25 1000  -11.0  984.9    1.6  176.0   85.0  444.0
2018  25  1 25 1100  -11.8  985.1    2.7  174.0   86.6  444.0
2018  25  1 25 1200  -12.7  985.4    2.4  182.0   86.0  444.0
2018  25  1 25 1300  -13.1  985.7    2.0  186.0   83.0  444.0
2018  25  1 25 1400  -13.2  986.0    2.0  192.0   84.0  444.0
2018  25  1 25 1500  -11.5  985.9    2.2  182.0   88.0  444.0
2018  25  1 25 1600  -11.2  986.1    2.3  177.0   88.1  444.0
2018  25  1 25 1700  -11.5  986.4    2.1  182.0   86.0  444.0
2018  25  1 25 1800  -12.4  986.7    2.0  218.0   81.0  444.0
2018  25  1 25 1900  -12.0  986.9    3.2  196.0   82.0  444.0
2018  25  1 25 2000  -11.3  987.0    3.0  195.0   81.0  444.0
2018  25  1 25 2100  -10.6  987.1    3.1  191.0   81.1  444.0
2018  25  1 25 2200  -10.0  987.2    3.2  189.0   81.2  444.0
2018  25  1 25 2300   -9.1  987.2    3.4  172.0   80.0  444.0
2018  26  1 26 0000   -9.0  987.3    3.2  192.0   82.0  444.0
2018  26  1 26 0100   -8.6  987.3    2.9  187.0   81.0  444.0
2018  26  1 26 0200   -8.1  987.1    4.1  170.0   78.3  444.0
2018  26  1 26 0300   -8.1  987.0    3.8  166.0   78.8  444.0
2018  26  1 26 0400   -8.3  986.8    4.3  165.0   79.9  444.0
2018  26  1 26 0500   -8.5  986.7    4.0  175.0   83.0  444.0
2018  26  1 26 0600   -9.5  986.9    2.6  198.0   83.0  444.0
2018  26  1 26 0700  -10.0  986.8    3.0  184.0   82.3  444.0
2018  26  1 26 0800  -10.8  986.7    3.0  194.0   83.0  444.0
2018  26  1 26 0900  -11.3  986.5    3.3  190.0   82.4  444.0
2018  26  1 26 1000  -12.4  986.5    2.8  194.0   82.0  444.0
2018  26  1 26 1100  -12.9  986.4    2.8  191.0   80.0  444.0
2018  26  1 26 1200  -13.7  986.5    2.6  211.0   78.0  444.0
2018  26  1 26 1300  -13.7  986.3    2.3  201.0   78.0  444.0
2018  26  1 26 1400  -13.4  986.0    2.4  228.0   73.3  444.0
2018  26  1 26 1500  -13.7  985.7    2.1  249.0   73.0  444.0
2018  26  1 26 1600  -13.0  985.6    3.0  212.0   73.0  444.0
2018  26  1 26 1700  -12.4  985.7    0.9   64.0   70.0  444.0
2018  26  1 26 1800  -12.0  985.9    1.3  309.0   72.0  444.0
2018  26  1 26 1900  -11.0  985.8    1.2  267.0   72.0  444.0
2018  26  1 26 2000  -11.0  985.9    1.7  262.0   72.0  444.0
2018  26  1 26 2100  -10.3  985.9    1.9  252.0   71.0  444.0
2018  26  1 26 2200   -7.5  986.0    1.4  215.0   67.0  444.0
2018  26  1 26 2300   -7.2  986.2    1.2  218.0   66.8  444.0
2018  27  1 27 0000   -7.3  986.2    2.1  250.0   71.4  444.0
2018  27  1 27 0100   -7.3  986.3    3.4  252.0   76.0  444.0
2018  27  1 27 0200   -7.2  986.2    3.1  256.0   77.0  444.0
2018  27  1 27 0300   -8.0  986.1    2.5  273.0   83.0  444.0
2018  27  1 27 0400   -7.5  986.1    2.4  264.0   80.0  444.0
2018  27  1 27 0500   -7.5  985.9    2.4  337.0   79.0  444.0
2018  27  1 27 0600   -8.1  985.9    2.5  298.0   78.0  444.0
2018  27  1 27 0700   -9.7  986.2    2.1  261.0   77.0  444.0
2018  27  1 27 0800  -10.4  986.1    3.2  254.0   81.0  444.0
2018  27  1 27 0900  -11.6  986.2    3.0  238.0   81.0  444.0
2018  27  1 27 1000  -13.0  986.5    2.3  246.0   81.0  444.0
2018  27  1 27 1100  -14.0  986.9    2.4  217.0   79.0  444.0
2018  27  1 27 1200  -14.0  987.3    2.1  198.0   80.1  444.0
2018  27  1 27 1300  -14.0  987.8    2.5  214.0   79.0  444.0
2018  27  1 27 1400  -14.1  988.0    2.0  209.0   77.0  444.0
2018  27  1 27 1500   -9.9  988.1    2.7  181.0   73.0  444.0
2018  27  1 27 1600   -8.4  988.2    2.3  207.0   72.0  444.0
2018  27  1 27 1700   -8.5  988.5    1.8  256.0   77.0  444.0
2018  27  1 27 1800   -9.4  988.9    2.5  226.0   78.0  444.0
2018  27  1 27 1900  -10.7  989.1    2.6  239.0   77.0  444.0
2018  27  1 27 2000  -10.7  989.4    2.3  238.0   77.0  444.0
2018  27  1 27 2100  -10.1  989.6    2.6  234.0   74.8  444.0
2018  27  1 27 2200   -9.1  989.6    3.4  251.0   75.0  444.0
2018  27  1 27 2300   -8.4  989.9    2.4  250.0   74.0  444.0
2018  28  1 28 0000   -8.1  990.4    1.9  218.0   75.0  444.0
2018  28  1 28 0100   -8.1  990.7    2.2  216.0   77.0  444.0
2018  28  1 28 0200   -7.9  990.7    2.0  253.0   77.8  444.0
2018  28  1 28 0300   -8.1  990.7    2.4  235.0   75.0  444.0
2018  28  1 28 0400   -8.4  990.9    2.0  258.0   79.0  444.0
2018  28  1 28 0500   -8.9  990.7    2.2  215.0   80.0  444.0
2018  28  1 28 0600   -9.3  991.1    2.8  226.0   79.0  444.0
2018  28  1 28 0700  -10.2  991.2    2.6  216.0   82.0  444.0
2018  28  1 28 0800  -10.3  991.4    3.0  214.0   82.0  444.0
2018  28  1 28 0900  -11.2  991.4    2.9  240.0   78.0  444.0
2018  28  1 28 1000  -11.8  991.3    3.2  256.0   81.0  444.0
2018  28  1 28 1100  -13.8  991.5    2.7  197.0   82.0  444.0
2018  28  1 28 1200  -15.0  991.8    1.7  221.0   80.0  444.0
2018  28  1 28 1300  -14.1  991.9    2.2  234.0   78.0  444.0
2018  28  1 28 1400  -13.5  991.7    2.8  223.0   78.4  444.0
2018  28  1 28 1500  -14.2  991.5    2.6  223.0   77.0  444.0
2018  28  1 28 1600  -13.5  991.3    3.1  219.0   76.0  444.0
2018  28  1 28 1700  -13.4  991.3    3.5  226.0   76.0  444.0
2018  28  1 28 1800  -12.8  991.2    3.5  216.0   76.0  444.0
2018  28  1 28 1900  -12.3  991.3    3.1  233.0   74.9  444.0
2018  28  1 28 2000  -11.1  991.1    3.3  218.0   75.0  444.0
2018  28  1 28 2100   -9.9  991.0    3.5  196.0   74.0  444.0
2018  28  1 28 2200   -9.5  990.9    3.3  188.0   76.0  444.0
2018  28  1 28 2300   -9.4  991.0    3.1  184.0   78.0  444.0
2018  29  1 29 0000   -9.1  990.7    2.3  190.0   77.7  444.0
2018  29  1 29 0100   -9.0  990.2    1.4  212.0   75.0  444.0
2018  29  1 29 0200   -9.3  989.8    1.7  236.0   75.0  444.0
2018  29  1 29 0300   -9.6  989.3    2.6  230.0   76.4  444.0
2018  29  1 29 0400   -9.4  988.8    2.3  215.0   79.0  444.0
2018  29  1 29 0500   -9.8  988.6    2.6  206.0   80.6  444.0
2018  29  1 29 0600  -10.2  988.2    2.7  195.0   79.0  444.0
2018  29  1 29 0700  -10.8  987.8    2.1  194.0   79.0  444.0
2018  29  1 29 0800  -11.3  987.7    1.8  202.0   79.0  444.0
2018  29  1 29 0900  -10.8  987.4    1.4  164.0   80.0  444.0
2018  29  1 29 1000  -13.8  987.1    2.8   79.0   83.0  444.0
2018  29  1 29 1100  -15.1  987.0    2.2   47.0   83.0  444.0
2018  29  1 29 1200  -15.9  986.9    2.1   20.0   83.0  444.0
2018  29  1 29 1300  -16.1  986.5    2.4   16.0   83.0  444.0
2018  29  1 29 1400  -16.8  986.2    2.9   16.0   83.0  444.0
2018  29  1 29 1500  -16.9  985.8    2.6  357.0   80.0  444.0
2018  29  1 29 1600  -17.5  985.4    2.0  319.0   82.0  444.0
2018  29  1 29 1700  -17.3  985.0    2.2  324.0   79.0  444.0
2018  29  1 29 1800  -16.1  984.8    2.7  331.0   79.0  444.0
2018  29  1 29 1900  -14.3  984.6    3.6  320.0   82.0  444.0
2018  29  1 29 2000  -13.7  984.4    4.3  320.0   80.0  444.0
2018  29  1 29 2100  -13.2  984.3    3.9  316.0   81.0  444.0
2018  29  1 29 2200  -12.8  983.9    2.9  311.0   80.1  444.0
2018  29  1 29 2300  -11.1  983.8    4.0  308.0   78.0  444.0
2018  30  1 30 0000  -11.1  983.6    4.0  305.0   82.0  444.0
2018  30  1 30 0100  -10.3  983.3    3.8  299.0   82.0  444.0
2018  30  1 30 0200   -9.6  982.9    3.8  280.0   81.0  444.0
2018  30  1 30 0300   -9.8  982.6    1.2  288.0   80.7  444.0
2018  30  1 30 0400   -9.8  982.4    1.6  266.0   78.0  444.0
2018  30  1 30 0500  444.0  982.4    0.6  217.0   75.0  444.0
2018  30  1 30 0600  -10.5  982.4    0.1   98.0   77.0  444.0
2018  30  1 30 0700  444.0  982.4    0.5  261.0   79.0  444.0
2018  30  1 30 0800  -14.1  982.4    2.6  255.0   93.0  444.0
2018  30  1 30 0900  -14.4  982.2    1.9  244.0   89.0  444.0
2018  30  1 30 1000  -14.0  982.3    1.4  193.0   86.0  444.0
2018  30  1 30 1100  -16.7  982.5    1.3  186.0   84.0  444.0
2018  30  1 30 1200  -16.7  982.6    1.4  201.0   83.0  444.0
2018  30  1 30 1300  -17.3  982.6    1.4  207.0   80.0  444.0
2018  30  1 30 1400  -17.3  982.6    2.1  201.0   79.0  444.0
2018  30  1 30 1500  -17.2  982.8    2.1  194.0   78.0  444.0
2018  30  1 30 1600  -17.1  982.8    2.1  208.0   75.0  444.0
2018  30  1 30 1700  -16.3  983.0    2.1  202.0   74.9  444.0
2018  30  1 30 1800  -16.6  983.3    2.0  241.0   76.0  444.0
2018  30  1 30 1900  -13.7  983.7    2.5  203.0   78.0  444.0
2018  30  1 30 2000  -14.2  983.7    2.5  229.0   77.0  444.0
2018  30  1 30 2100  -13.8  983.9    4.1  234.0   78.2  444.0
2018  30  1 30 2200  -11.8  983.9    3.8  226.0   75.5  444.0
2018  30  1 30 2300  -11.8  984.0    3.9  216.0   74.0  444.0
2018  31  1 31 0000  -12.1  984.0    4.0  226.0   76.0  444.0
2018  31  1 31 0100  -10.9  983.9    5.3  219.0   75.7  444.0
2018  31  1 31 0200  -10.8  983.9    5.9  210.0   76.6  444.0
2018  31  1 31 0300   -9.5  983.7    7.1  187.0   75.0  444.0
2018  31  1 31 0400   -9.5  984.0    6.6  166.0   73.0  444.0
2018  31  1 31 0500  -10.4  984.2    3.8  179.0   78.0  444.0
2018  31  1 31 0600  -12.0  984.5    3.8  212.0   81.0  444.0
2018  31  1 31 0700  -12.8  984.5    2.9  215.0   80.0  444.0
2018  31  1 31 0800  -12.9  984.6    4.7  217.0   81.0  444.0
2018  31  1 31 0900  -13.6  984.6    4.4  204.0   79.9  444.0
2018  31  1 31 1000  -13.0  984.9    4.4  188.0   80.0  444.0
2018  31  1 31 1100  -14.0  985.2    4.0  190.0   83.0  444.0
2018  31  1 31 1200  -14.3  985.3    3.8  197.0   85.0  444.0
2018  31  1 31 1300  -13.3  985.3    4.3  197.0   86.0  444.0
2018  31  1 31 1400  -13.2  985.3    4.6  201.0   85.8  444.0
2018  31  1 31 1500  -13.2  985.1    4.3  214.0   85.3  444.0
2018  31  1 31 1600  -12.2  985.1    5.3  197.0   82.0  444.0
2018  31  1 31 1700  -11.8  985.1    4.5  182.0   83.0  444.0
2018  31  1 31 1800  -10.7  985.2    6.4  166.0   82.0  444.0
2018  31  1 31 1900  -10.7  985.4    6.7  171.0   80.5  444.0
2018  31  1 31 2000  -11.0  985.9    8.6  163.0   81.2  444.0
2018  31  1 31 2100  -11.3  986.0    8.1  163.0   84.0  444.0
2018  31  1 31 2200  -11.3  986.5    7.0  159.0   84.0  444.0
2018  31  1 31 2300  -11.4  986.7    7.1  161.0   83.0  444.0
