Year: 2024  Month: 11  ID: LET  ARGOS:  8928  Name: Lettau              
Lat: 82.48S  Lon: 174.59W  Elev:   38m
2024 306 11  1 0000  -18.6  994.6    1.9  229.0   70.0  444.0
2024 306 11  1 0100  -18.1  994.4    2.3  196.0   71.0  444.0
2024 306 11  1 0200  -18.1  994.3    2.1  190.0   70.1  444.0
2024 306 11  1 0300  -18.3  994.3    2.5  212.0   71.0  444.0
2024 306 11  1 0400  -18.7  994.2    2.3  190.0   71.0  444.0
2024 306 11  1 0500  -18.7  993.9    2.4  174.0   72.0  444.0
2024 306 11  1 0600  -19.4  993.8    2.0  175.0   73.0  444.0
2024 306 11  1 0700  -19.4  993.9    1.9  182.0   74.0  444.0
2024 306 11  1 0800  -19.2  993.7    1.7  165.0   76.0  444.0
2024 306 11  1 0900  -20.4  993.8    1.7  206.0   77.0  444.0
2024 306 11  1 1000  -20.8  993.5    2.0  213.0   77.1  444.0
2024 306 11  1 1100  444.0  993.5    1.4  204.0   78.0  444.0
2024 306 11  1 1200  444.0  993.6    1.1  175.0   76.0  444.0
2024 306 11  1 1300  444.0  993.4    0.9   94.0   76.0  444.0
2024 306 11  1 1400  444.0  993.1    0.9   49.0   78.0  444.0
2024 306 11  1 1500  -22.0  992.9    1.7   63.0   81.6  444.0
2024 306 11  1 1600  -23.5  992.7    1.5   57.0   79.0  444.0
2024 306 11  1 1700  -22.7  992.7    1.3   68.0   79.0  444.0
2024 306 11  1 1800  -21.9  992.4    1.6   59.0   79.0  444.0
2024 306 11  1 1900  444.0  992.4    0.9   70.0   78.0  444.0
2024 306 11  1 2000  444.0  992.7    0.0    0.0   77.0  444.0
2024 306 11  1 2100  -20.3  992.5    1.6   60.0   76.0  444.0
2024 306 11  1 2200  -19.9  992.5    1.6   73.0   75.0  444.0
2024 306 11  1 2300  -19.2  992.2    1.8   45.0   73.0  444.0
2024 307 11  2 0000  444.0  992.3    0.7   61.0   72.0  444.0
2024 307 11  2 0100  -18.4  992.2    1.6  107.0   74.0  444.0
2024 307 11  2 0200  -18.4  991.9    2.7   88.0   76.0  444.0
2024 307 11  2 0300  -18.1  991.9    2.0  105.0   75.2  444.0
2024 307 11  2 0400  -17.9  991.7    2.0   95.0   75.0  444.0
2024 307 11  2 0500  -17.7  991.5    1.2  111.0   74.0  444.0
2024 307 11  2 0600  -18.1  991.3    3.1   99.0   72.0  444.0
2024 307 11  2 0700  -17.3  990.9    4.5   87.0   71.0  444.0
2024 307 11  2 0800  -18.1  991.0    4.1   73.0   73.5  444.0
2024 307 11  2 0900  -19.4  990.8    3.2   93.0   77.0  444.0
2024 307 11  2 1000  -20.9  990.6    2.9  115.0   76.0  444.0
2024 307 11  2 1100  -21.4  990.4    2.8   94.0   77.4  444.0
2024 307 11  2 1200  -21.2  990.6    3.0   95.0   77.0  444.0
2024 307 11  2 1300  -21.5  990.4    4.2   97.0   75.1  444.0
2024 307 11  2 1400  -22.4  990.2    4.4   91.0   75.0  444.0
2024 307 11  2 1500  -22.6  990.1    3.9   98.0   76.0  444.0
2024 307 11  2 1600  -22.7  989.8    4.5  117.0   75.0  444.0
2024 307 11  2 1700  -23.2  989.5    5.1  113.0   74.0  444.0
2024 307 11  2 1800  -23.6  989.2    5.3  112.0   73.8  444.0
2024 307 11  2 1900  -23.6  989.3    4.3  109.0   72.0  444.0
2024 307 11  2 2000  -23.4  989.1    4.5  105.0   69.4  444.0
2024 307 11  2 2100  -23.7  989.0    4.5  109.0   70.0  444.0
2024 307 11  2 2200  -23.5  988.9    5.1  110.0   70.0  444.0
2024 307 11  2 2300  -23.7  988.5    5.0   99.0   69.0  444.0
2024 308 11  3 0000  -23.6  988.2    4.6   88.0   70.0  444.0
2024 308 11  3 0100  -23.4  987.9    3.9  108.0   71.1  444.0
2024 308 11  3 0200  -23.2  987.4    3.7  104.0   71.0  444.0
2024 308 11  3 0300  -23.1  987.1    3.4  121.0   72.0  444.0
2024 308 11  3 0400  -23.2  986.7    6.8  122.0   70.0  444.0
2024 308 11  3 0500  -23.8  986.3    2.1  131.0   71.0  444.0
2024 308 11  3 0600  -24.6  986.0    1.8  123.0   72.2  444.0
2024 308 11  3 0700  -24.8  985.8    2.5  152.0   74.0  444.0
2024 308 11  3 0800  -26.7  985.4    2.6  131.0   75.0  444.0
2024 308 11  3 0900  -27.8  985.0    2.8  116.0   75.0  444.0
2024 308 11  3 1000  -28.8  984.9    2.5  127.0   76.0  444.0
2024 308 11  3 1100  -28.9  984.6    2.9  123.0   73.7  444.0
2024 308 11  3 1200  -29.4  984.4    2.6  126.0   73.0  444.0
2024 308 11  3 1300  -29.7  984.1    3.1  133.0   73.0  444.0
2024 308 11  3 1400  -30.0  983.8    2.0  144.0   72.0  444.0
2024 308 11  3 1500  -30.4  983.5    2.8  151.0   72.0  444.0
2024 308 11  3 1600  -30.1  983.4    1.3  127.0   69.2  444.0
2024 308 11  3 1700  444.0  983.2    0.6  103.0   67.0  444.0
2024 308 11  3 1800  444.0  983.2    1.1  152.0   70.0  444.0
2024 308 11  3 1900  -27.4  983.0    0.6  167.0   71.0  444.0
2024 308 11  3 2000  -26.5  982.9    0.8  142.0   72.0  444.0
2024 308 11  3 2100  -26.1  982.7    2.4  166.0   73.0  444.0
2024 308 11  3 2200  -25.3  982.6    2.1  152.0   73.0  444.0
2024 308 11  3 2300  -24.6  982.4    2.9  162.0   72.0  444.0
2024 309 11  4 0000  -23.9  982.3    2.6  156.0   72.0  444.0
2024 309 11  4 0100  -23.5  982.2    1.9  132.0   71.0  444.0
2024 309 11  4 0200  -23.1  981.8    3.0  147.0   72.0  444.0
2024 309 11  4 0300  -23.0  981.9    3.1  134.0   72.0  444.0
2024 309 11  4 0400  -23.0  981.6    2.6  118.0   70.0  444.0
2024 309 11  4 0500  -23.4  981.6    2.7  115.0   71.0  444.0
2024 309 11  4 0600  -23.5  981.5    2.2  132.0   72.0  444.0
2024 309 11  4 0700  -23.6  981.5    2.4  119.0   74.0  444.0
2024 309 11  4 0800  -24.3  981.3    2.6  123.0   74.0  444.0
2024 309 11  4 0900  -25.1  981.4    3.0  124.0   75.0  444.0
2024 309 11  4 1000  -25.8  981.3    3.2  119.0   74.6  444.0
2024 309 11  4 1100  -26.5  981.5    3.8  129.0   75.0  444.0
2024 309 11  4 1200  -27.3  981.3    4.2  126.0   75.0  444.0
2024 309 11  4 1300  -27.8  981.1    4.3  135.0   72.0  444.0
2024 309 11  4 1400  -28.5  981.1    5.5  139.0   75.0  444.0
2024 309 11  4 1500  -28.5  980.8    4.6  153.0   74.0  444.0
2024 309 11  4 1600  -27.6  980.7    5.2  139.0   74.0  444.0
2024 309 11  4 1700  -25.8  980.6    5.6  135.0   75.0  444.0
2024 309 11  4 1800  -25.0  980.7    6.3  129.0   74.0  444.0
2024 309 11  4 1900  -24.8  980.6    5.7  126.0   75.0  444.0
2024 309 11  4 2000  -24.4  980.7    6.3  128.0   74.0  444.0
2024 309 11  4 2100  -24.7  980.9    7.0  126.0   73.0  444.0
2024 309 11  4 2200  -25.0  980.9    6.7  135.0   72.0  444.0
2024 309 11  4 2300  -25.0  980.8    6.2  136.0   72.0  444.0
2024 310 11  5 0000  -24.6  980.6    5.8  148.0   71.0  444.0
2024 310 11  5 0100  -24.7  980.2    5.5  150.0   71.0  444.0
2024 310 11  5 0200  -24.0  979.7    5.1  158.0   71.0  444.0
2024 310 11  5 0300  -23.3  978.9    5.6  158.0   72.0  444.0
2024 310 11  5 0400  -23.0  978.4    6.3  155.0   72.4  444.0
2024 310 11  5 0500  -22.3  977.7    6.4  162.0   74.0  444.0
2024 310 11  5 0600  -22.8  977.2    6.1  183.0   75.0  444.0
2024 310 11  5 0700  -22.5  976.5    6.5  167.0   73.0  444.0
2024 310 11  5 0800  -22.3  975.5    7.3  166.0   74.0  444.0
2024 310 11  5 0900  -22.1  974.6    7.0  170.0   76.0  444.0
2024 310 11  5 1000  -22.0  973.9    6.7  164.0   77.0  444.0
2024 310 11  5 1100  -22.0  973.2    6.2  166.0   77.0  444.0
2024 310 11  5 1200  -21.4  972.3    7.3  166.0   77.0  444.0
2024 310 11  5 1300  -20.9  971.3    7.8  169.0   78.0  444.0
2024 310 11  5 1400  -20.7  970.5    8.2  168.0   77.3  444.0
2024 310 11  5 1500  -20.1  969.6    8.5  165.0   78.0  444.0
2024 310 11  5 1600  -19.4  968.8    8.6  165.0   78.0  444.0
2024 310 11  5 1700  -18.8  968.4   10.4  156.0   78.0  444.0
2024 310 11  5 1800  -18.9  967.9   10.4  146.0   78.0  444.0
2024 310 11  5 1900  -19.5  967.9   10.1  143.0   77.8  444.0
2024 310 11  5 2000  -19.7  967.5   10.3  145.0   78.0  444.0
2024 310 11  5 2100  -19.6  967.3    9.4  140.0   77.0  444.0
2024 310 11  5 2200  -19.5  967.3    8.6  146.0   76.0  444.0
2024 310 11  5 2300  -19.2  967.4    7.8  146.0   75.0  444.0
2024 311 11  6 0000  -18.8  967.0    6.4  142.0   75.3  444.0
2024 311 11  6 0100  -18.7  966.7    5.2  146.0   76.0  444.0
2024 311 11  6 0200  -18.5  966.3    4.7  137.0   75.1  444.0
2024 311 11  6 0300  -18.3  966.2    4.3  128.0   76.0  444.0
2024 311 11  6 0400  -19.1  966.4    3.9  100.0   73.0  444.0
2024 311 11  6 0500  -20.1  966.5    4.3  115.0   73.5  444.0
2024 311 11  6 0600  -20.0  966.4    4.5  119.0   75.0  444.0
2024 311 11  6 0700  -19.7  966.5    4.5  135.0   76.0  444.0
2024 311 11  6 0800  -21.6  966.7    4.3  153.0   74.0  444.0
2024 311 11  6 0900  -20.9  966.5    5.2  156.0   79.0  444.0
2024 311 11  6 1000  -20.1  966.3    3.9  150.0   80.0  444.0
2024 311 11  6 1100  -19.9  966.0    4.3  179.0   78.0  444.0
2024 311 11  6 1200  -22.3  965.6    2.4  189.0   79.4  444.0
2024 311 11  6 1300  -21.4  965.2    2.0  203.0   80.0  444.0
2024 311 11  6 1400  -21.2  964.4    3.6  224.0   79.0  444.0
2024 311 11  6 1500  -20.5  963.2    4.4  247.0   79.0  444.0
2024 311 11  6 1600  -19.7  962.3    7.0  240.0   79.0  444.0
2024 311 11  6 1700  -18.0  961.2    6.3  231.0   78.0  444.0
2024 311 11  6 1800  -16.8  960.2    5.4  205.0   81.0  444.0
2024 311 11  6 1900  -15.4  958.9    8.6  194.0   79.0  444.0
2024 311 11  6 2000  -15.0  958.4    9.3  182.0   79.0  444.0
2024 311 11  6 2100  -15.1  958.1    7.4  184.0   78.0  444.0
2024 311 11  6 2200  -14.9  957.5    7.8  186.0   78.0  444.0
2024 311 11  6 2300  -14.3  957.3    7.8  169.0   77.5  444.0
2024 312 11  7 0000  -14.0  956.8    9.1  167.0   77.0  444.0
2024 312 11  7 0100  -13.8  956.2    8.8  164.0   78.0  444.0
2024 312 11  7 0200  -13.3  956.0    8.9  167.0   80.0  444.0
2024 312 11  7 0300  -12.7  955.8    9.3  169.0   80.0  444.0
2024 312 11  7 0400  -12.5  955.9    8.6  169.0   78.0  444.0
2024 312 11  7 0500  -12.4  955.8    8.1  176.0   78.7  444.0
2024 312 11  7 0600  -12.4  955.6    6.3  185.0   78.0  444.0
2024 312 11  7 0700  -11.5  954.7   10.5  165.0   82.0  444.0
2024 312 11  7 0800  -11.1  954.3   12.6  166.0   87.0  444.0
2024 312 11  7 0900  -11.5  954.7   12.2  166.0   87.0  444.0
2024 312 11  7 1000  -12.0  955.0   11.1  160.0   87.0  444.0
2024 312 11  7 1100  -12.1  955.3   10.2  167.0   87.0  444.0
2024 312 11  7 1200  -12.3  955.9   10.0  164.0   85.0  444.0
2024 312 11  7 1300  -12.2  955.7    9.1  178.0   87.0  444.0
2024 312 11  7 1400  -11.8  955.4   10.2  177.0   86.0  444.0
2024 312 11  7 1500  -12.3  955.9    9.6  164.0   86.0  444.0
2024 312 11  7 1600  -13.9  957.1    9.2  160.0   84.0  444.0
2024 312 11  7 1700  -15.2  958.0   10.2  146.0   78.0  444.0
2024 312 11  7 1800  -17.2  958.6   14.1  140.0   81.0  444.0
2024 312 11  7 1900  -17.6  959.8   12.1  140.0   78.0  444.0
2024 312 11  7 2000  -18.3  960.5   13.2  138.0   76.0  444.0
2024 312 11  7 2100  -18.8  961.5   10.8  150.0   76.0  444.0
2024 312 11  7 2200  -18.4  962.2   10.7  143.0   76.0  444.0
2024 312 11  7 2300  -18.3  962.6   11.1  138.0   75.0  444.0
2024 313 11  8 0000  -18.5  963.3    9.6  144.0   73.8  444.0
2024 313 11  8 0100  -18.8  964.4    9.2  146.0   72.0  444.0
2024 313 11  8 0200  -18.6  965.0    7.6  162.0   73.0  444.0
2024 313 11  8 0300  -18.7  965.4    6.7  161.0   72.0  444.0
2024 313 11  8 0400  -19.0  965.7    5.8  161.0   72.0  444.0
2024 313 11  8 0500  -19.6  966.0    4.5  198.0   72.2  444.0
2024 313 11  8 0600  -18.6  965.8    4.3  186.0   72.0  444.0
2024 313 11  8 0700  -18.2  965.6    2.3  167.0   73.0  444.0
2024 313 11  8 0800  -18.0  965.7    3.4  166.0   72.0  444.0
2024 313 11  8 0900  -18.4  965.5    2.7  153.0   78.0  444.0
2024 313 11  8 1000  -18.6  965.7    3.6  152.0   81.0  444.0
2024 313 11  8 1100  -18.8  966.2    4.3  166.0   80.1  444.0
2024 313 11  8 1200  -19.4  966.2    5.7  144.0   79.0  444.0
2024 313 11  8 1300  -19.6  966.2    5.7  156.0   77.0  444.0
2024 313 11  8 1400  -20.7  966.3    4.6  170.0   75.0  444.0
2024 313 11  8 1500  -22.2  966.1    4.7  170.0   73.0  444.0
2024 313 11  8 1600  -22.3  966.3    5.7  180.0   73.8  444.0
2024 313 11  8 1700  -22.6  966.2    2.2  184.0   72.0  444.0
2024 313 11  8 1800  -21.9  965.8    2.8  220.0   74.0  444.0
2024 313 11  8 1900  -21.4  965.2    3.4  256.0   74.0  444.0
2024 313 11  8 2000  -18.8  964.7    2.8  285.0   75.0  444.0
2024 313 11  8 2100  -16.8  964.6    1.9  344.0   76.1  444.0
2024 313 11  8 2200  -19.7  965.6    2.9   75.0   76.0  444.0
2024 313 11  8 2300  -19.1  965.8    3.3   93.0   76.0  444.0
2024 314 11  9 0000  -17.6  966.2    3.6  155.0   75.0  444.0
2024 314 11  9 0100  -17.5  966.5    6.9  161.0   71.0  444.0
2024 314 11  9 0200  -17.6  966.6    5.7  191.0   71.6  444.0
2024 314 11  9 0300  -17.9  966.5    5.9  168.0   73.0  444.0
2024 314 11  9 0400  -18.0  966.8    5.7  172.0   73.0  444.0
2024 314 11  9 0500  -18.2  966.9    5.9  178.0   73.0  444.0
2024 314 11  9 0600  -18.8  966.9    5.5  198.0   73.0  444.0
2024 314 11  9 0700  -18.9  967.1    5.7  173.0   73.0  444.0
2024 314 11  9 0800  -19.7  967.2    5.0  176.0   73.0  444.0
2024 314 11  9 0900  -20.3  967.5    5.4  166.0   72.0  444.0
2024 314 11  9 1000  -21.1  967.9    4.9  164.0   72.0  444.0
2024 314 11  9 1100  -21.9  968.2    4.7  168.0   72.0  444.0
2024 314 11  9 1200  -22.5  968.5    4.6  159.0   72.0  444.0
2024 314 11  9 1300  -24.1  968.6    2.8  187.0   72.0  444.0
2024 314 11  9 1400  -23.7  968.8    3.7  157.0   72.0  444.0
2024 314 11  9 1500  -24.5  969.0    2.9  165.0   72.0  444.0
2024 314 11  9 1600  -24.1  968.9    2.1  153.0   71.0  444.0
2024 314 11  9 1700  -24.1  968.9    2.3  145.0   71.0  444.0
2024 314 11  9 1800  -24.1  969.1    1.9  173.0   70.0  444.0
2024 314 11  9 1900  -23.6  969.1    1.0  108.0   67.0  444.0
2024 314 11  9 2000  444.0  969.3    0.3   30.0   60.0  444.0
2024 314 11  9 2100  444.0  969.6    0.8  239.0   69.0  444.0
2024 314 11  9 2200  -21.9  969.9    1.0  134.0   69.0  444.0
2024 314 11  9 2300  -21.6  970.4    2.0  117.0   71.0  444.0
2024 315 11 10 0000  -20.9  970.7    1.6   97.0   70.0  444.0
2024 315 11 10 0100  -20.7  970.9    2.2   94.0   72.0  444.0
2024 315 11 10 0200  -19.9  971.0    1.0   74.0   71.0  444.0
2024 315 11 10 0300  -20.5  971.2    1.3   97.0   74.5  444.0
2024 315 11 10 0400  -20.6  971.4    1.4   95.0   75.0  444.0
2024 315 11 10 0500  444.0  971.5    1.5  136.0   76.0  444.0
2024 315 11 10 0600  -20.1  971.8    1.9  169.0   75.0  444.0
2024 315 11 10 0700  -20.4  971.8    1.1  183.0   75.9  444.0
2024 315 11 10 0800  444.0  971.8    0.0    0.0   73.0  444.0
2024 315 11 10 0900  -20.4  971.7    1.8  258.0   79.0  444.0
2024 315 11 10 1000  -20.5  971.6    1.7  232.0   79.0  444.0
2024 315 11 10 1100  -20.1  971.4    1.3  257.0   79.0  444.0
2024 315 11 10 1200  -19.6  971.3    0.7  256.0   78.8  444.0
2024 315 11 10 1300  -19.8  971.3    4.3  117.0   79.7  444.0
2024 315 11 10 1400  -19.7  971.6    4.1  133.0   79.0  444.0
2024 315 11 10 1500  -19.4  971.6    4.2  135.0   78.0  444.0
2024 315 11 10 1600  -20.3  971.5    3.5  160.0   78.0  444.0
2024 315 11 10 1700  -19.0  971.3    2.8  164.0   77.0  444.0
2024 315 11 10 1800  -19.3  971.1    4.1  175.0   74.8  444.0
2024 315 11 10 1900  -18.7  970.8    4.7  172.0   75.0  444.0
2024 315 11 10 2000  -17.7  970.8    4.6  163.0   76.0  444.0
2024 315 11 10 2100  -16.9  970.8    5.3  168.0   75.0  444.0
2024 315 11 10 2200  -16.6  970.5    6.2  165.0   74.0  444.0
2024 315 11 10 2300  -16.4  970.4    5.8  149.0   74.8  444.0
2024 316 11 11 0000  -16.2  970.3    6.4  149.0   74.0  444.0
2024 316 11 11 0100  -16.2  969.9    7.1  142.0   75.0  444.0
2024 316 11 11 0200  -16.6  969.6    8.0  141.0   73.0  444.0
2024 316 11 11 0300  -17.1  969.4    7.4  146.0   73.0  444.0
2024 316 11 11 0400  -17.5  969.3    6.1  150.0   71.7  444.0
2024 316 11 11 0500  -17.6  968.9    7.4  138.0   73.0  444.0
2024 316 11 11 0600  -18.6  968.8    5.4  140.0   73.0  444.0
2024 316 11 11 0700  -20.5  968.7    5.2  129.0   73.0  444.0
2024 316 11 11 0800  -21.5  968.7    5.0  129.0   73.0  444.0
2024 316 11 11 0900  -21.3  968.7    3.8  156.0   73.0  444.0
2024 316 11 11 1000  -22.1  968.7    4.7  152.0   74.0  444.0
2024 316 11 11 1100  -23.0  968.7    5.5  144.0   76.0  444.0
2024 316 11 11 1200  -23.3  969.0    5.4  138.0   76.0  444.0
2024 316 11 11 1300  -24.5  969.0    5.1  146.0   74.0  444.0
2024 316 11 11 1400  -25.4  968.9    4.9  152.0   73.0  444.0
2024 316 11 11 1500  -24.2  968.7    5.7  157.0   76.0  444.0
2024 316 11 11 1600  -23.5  968.4    6.3  163.0   76.0  444.0
2024 316 11 11 1700  -21.8  968.2    7.8  155.0   75.0  444.0
2024 316 11 11 1800  -21.6  967.9    9.2  156.0   76.0  444.0
2024 316 11 11 1900  -20.1  967.7    8.8  146.0   77.0  444.0
2024 316 11 11 2000  -19.7  967.5    9.8  138.0   75.0  444.0
2024 316 11 11 2100  -19.2  967.5    9.4  134.0   76.0  444.0
2024 316 11 11 2200  -18.4  967.9    9.7  134.0   73.0  444.0
2024 316 11 11 2300  -18.5  968.3    9.0  153.0   75.0  444.0
2024 317 11 12 0000  -17.3  968.6    7.7  122.0   75.0  444.0
2024 317 11 12 0100  -17.9  968.8    7.0  151.0   73.0  444.0
2024 317 11 12 0200  -17.9  968.7    7.2  156.0   76.0  444.0
2024 317 11 12 0300  -17.5  968.5    8.1  154.0   76.0  444.0
2024 317 11 12 0400  -17.2  968.4    7.2  172.0   77.0  444.0
2024 317 11 12 0500  -17.5  968.8    7.8  152.0   77.0  444.0
2024 317 11 12 0600  -18.0  969.1    5.8  146.0   72.0  444.0
2024 317 11 12 0700  -18.2  969.1    4.7  150.0   74.0  444.0
2024 317 11 12 0800  -20.2  968.8    5.0  162.0   75.0  444.0
2024 317 11 12 0900  -20.9  968.7    4.2  170.0   74.9  444.0
2024 317 11 12 1000  -21.5  968.6    4.2  176.0   75.0  444.0
2024 317 11 12 1100  -23.3  968.6    3.9  196.0   74.0  444.0
2024 317 11 12 1200  -23.5  968.4    4.0  192.0   74.0  444.0
2024 317 11 12 1300  -23.7  968.3    3.8  193.0   76.0  444.0
2024 317 11 12 1400  -23.1  968.2    4.4  194.0   76.4  444.0
2024 317 11 12 1500  -23.3  968.1    3.5  226.0   76.0  444.0
2024 317 11 12 1600  -23.2  967.8    2.8  218.0   76.0  444.0
2024 317 11 12 1700  -22.0  967.6    4.8  216.0   77.0  444.0
2024 317 11 12 1800  -20.7  967.3    4.6  217.0   74.0  444.0
2024 317 11 12 1900  -19.8  967.3    3.9  218.0   73.1  444.0
2024 317 11 12 2000  -20.2  967.1    3.3  196.0   73.0  444.0
2024 317 11 12 2100  -20.5  967.3    5.1  170.0   71.0  444.0
2024 317 11 12 2200  -20.8  967.6    5.0  152.0   70.0  444.0
2024 317 11 12 2300  -20.9  967.9    4.3  141.0   70.0  444.0
2024 318 11 13 0000  -21.0  968.3    3.0  142.0   68.0  444.0
2024 318 11 13 0100  -20.8  968.6    3.6  162.0   68.0  444.0
2024 318 11 13 0200  -21.4  968.8    3.8  159.0   68.0  444.0
2024 318 11 13 0300  -21.1  969.1    2.6  187.0   69.0  444.0
2024 318 11 13 0400  444.0  969.2    0.8  164.0   66.9  444.0
2024 318 11 13 0500  444.0  969.7    0.9  346.0   69.0  444.0
2024 318 11 13 0600  444.0  970.6    1.9   55.0   73.0  444.0
2024 318 11 13 0700  -21.1  971.5    1.1   89.0   73.0  444.0
2024 318 11 13 0800  -21.1  972.8    4.5  107.0   74.0  444.0
2024 318 11 13 0900  -22.0  973.9    4.5  128.0   73.0  444.0
2024 318 11 13 1000  -24.0  975.0    6.2  133.0   72.0  444.0
2024 318 11 13 1100  -25.3  975.9    6.4  142.0   72.0  444.0
2024 318 11 13 1200  -26.1  976.7    6.0  155.0   71.0  444.0
2024 318 11 13 1300  -25.7  977.8    7.5  140.0   71.0  444.0
2024 318 11 13 1400  -25.7  978.3    6.8  153.0   71.0  444.0
2024 318 11 13 1500  -25.5  979.0    6.0  160.0   71.0  444.0
2024 318 11 13 1600  -25.1  979.5    4.9  185.0   71.0  444.0
2024 318 11 13 1700  -23.1  979.9    5.8  151.0   73.0  444.0
2024 318 11 13 1800  -23.2  980.6    3.9  188.0   71.0  444.0
2024 318 11 13 1900  -22.1  981.2    4.0  177.0   72.0  444.0
2024 318 11 13 2000  -22.1  981.6    4.5  208.0   72.0  444.0
2024 318 11 13 2100  -20.9  982.1    5.5  208.0   73.0  444.0
2024 318 11 13 2200  -19.4  982.4    5.8  192.0   74.0  444.0
2024 318 11 13 2300  -20.3  982.2   10.0  163.0   72.0  444.0
2024 319 11 14 0000  -21.5  983.2    8.9  175.0   72.0  444.0
2024 319 11 14 0100  -21.4  983.6    7.0  186.0   70.0  444.0
2024 319 11 14 0200  -21.0  983.6    7.6  211.0   70.0  444.0
2024 319 11 14 0300  -20.7  983.2    7.6  199.0   71.0  444.0
2024 319 11 14 0400  -20.4  983.4    8.0  198.0   71.0  444.0
2024 319 11 14 0500  -20.5  983.3    7.3  215.0   71.1  444.0
2024 319 11 14 0600  -20.4  983.1    8.0  199.0   72.0  444.0
2024 319 11 14 0700  -20.5  982.9    7.5  205.0   72.0  444.0
2024 319 11 14 0800  -20.4  982.8    7.6  193.0   73.0  444.0
2024 319 11 14 0900  -20.2  982.7    9.2  186.0   73.0  444.0
2024 319 11 14 1000  -20.5  982.9    8.8  185.0   73.0  444.0
2024 319 11 14 1100  -20.9  982.9    7.6  179.0   73.0  444.0
2024 319 11 14 1200  -20.9  982.4    7.6  173.0   71.0  444.0
2024 319 11 14 1300  -21.9  982.1    6.1  184.0   71.0  444.0
2024 319 11 14 1400  -21.6  981.6    5.0  193.0   70.0  444.0
2024 319 11 14 1500  -21.6  981.0    4.4  187.0   69.0  444.0
2024 319 11 14 1600  -21.9  980.2    4.4  194.0   70.0  444.0
2024 319 11 14 1700  -21.0  979.5    5.8  188.0   68.0  444.0
2024 319 11 14 1800  -21.0  979.2    4.9  197.0   68.0  444.0
2024 319 11 14 1900  -20.7  978.5    5.1  200.0   68.0  444.0
2024 319 11 14 2000  -20.2  977.8    5.3  202.0   68.0  444.0
2024 319 11 14 2100  -19.6  977.2    4.9  200.0   68.0  444.0
2024 319 11 14 2200  -19.7  976.4    5.1  203.0   70.0  444.0
2024 319 11 14 2300  -19.4  975.7    5.4  211.0   73.0  444.0
2024 320 11 15 0000  -19.3  975.0    4.5  198.0   74.0  444.0
2024 320 11 15 0100  -19.2  974.3    4.7  211.0   75.0  444.0
2024 320 11 15 0200  -19.2  973.5    4.2  199.0   74.0  444.0
2024 320 11 15 0300  -19.4  972.6    3.8  205.0   73.9  444.0
2024 320 11 15 0400  -19.5  971.8    2.7  216.0   74.0  444.0
2024 320 11 15 0500  -19.9  971.3    3.2  217.0   73.0  444.0
2024 320 11 15 0600  -20.6  970.5    3.5  221.0   72.7  444.0
2024 320 11 15 0700  -21.3  969.9    2.7  216.0   72.0  444.0
2024 320 11 15 0800  -22.1  969.4    2.3  219.0   72.0  444.0
2024 320 11 15 0900  -22.9  968.8    2.6  220.0   72.0  444.0
2024 320 11 15 1000  -23.9  968.4    2.9  230.0   73.0  444.0
2024 320 11 15 1100  -24.6  967.9    3.0  247.0   74.0  444.0
2024 320 11 15 1200  -25.3  967.3    2.6  247.0   75.0  444.0
2024 320 11 15 1300  -25.6  966.8    2.4  247.0   75.0  444.0
2024 320 11 15 1400  -26.3  966.2    2.2  261.0   75.0  444.0
2024 320 11 15 1500  -26.4  965.9    2.1  283.0   75.0  444.0
2024 320 11 15 1600  -26.4  965.3    3.3  272.0   76.0  444.0
2024 320 11 15 1700  -26.0  965.0    2.8  277.0   76.0  444.0
2024 320 11 15 1800  -24.8  964.7    1.6  256.0   74.0  444.0
2024 320 11 15 1900  -24.9  964.4    1.3  292.0   73.0  444.0
2024 320 11 15 2000  -25.4  964.1    2.5  308.0   73.0  444.0
2024 320 11 15 2100  -24.6  963.8    3.8  310.0   73.0  444.0
2024 320 11 15 2200  -23.3  963.5    2.9  305.0   74.0  444.0
2024 320 11 15 2300  -22.7  963.3    4.2  305.0   74.0  444.0
2024 321 11 16 0000  -22.3  963.2    4.0  264.0   73.8  444.0
2024 321 11 16 0100  -23.0  963.1    4.4  288.0   74.0  444.0
2024 321 11 16 0200  -22.2  963.0    4.7  293.0   74.0  444.0
2024 321 11 16 0300  -21.0  962.8    3.0  289.0   75.0  444.0
2024 321 11 16 0400  -21.8  962.5    2.6  319.0   75.1  444.0
2024 321 11 16 0500  -22.0  962.5    2.0  345.0   75.0  444.0
2024 321 11 16 0600  -22.5  962.8    2.1  355.0   75.0  444.0
2024 321 11 16 0700  -23.2  963.1    2.8  360.0   74.0  444.0
2024 321 11 16 0800  -23.5  963.1    3.5  346.0   74.0  444.0
2024 321 11 16 0900  -23.2  963.3    2.2  360.0   77.0  444.0
2024 321 11 16 1000  -22.3  963.5    2.2    6.0   78.0  444.0
2024 321 11 16 1100  -21.7  964.1    1.1   33.0   79.0  444.0
2024 321 11 16 1200  -21.2  964.6    0.9   43.0   78.8  444.0
2024 321 11 16 1300  -21.2  964.7    1.5   96.0   79.0  444.0
2024 321 11 16 1400  -21.0  964.9    2.3   88.0   79.0  444.0
2024 321 11 16 1500  -20.9  965.0    2.7   71.0   78.3  444.0
2024 321 11 16 1600  -21.0  965.0    2.2   62.0   75.8  444.0
2024 321 11 16 1700  -21.4  965.6    2.3  100.0   74.3  444.0
2024 321 11 16 1800  -22.8  965.6    1.9  129.0   73.0  444.0
2024 321 11 16 1900  -22.3  965.8    1.5  167.0   73.0  444.0
2024 321 11 16 2000  -22.6  966.1    2.4  156.0   73.0  444.0
2024 321 11 16 2100  -22.4  966.5    3.0  148.0   74.0  444.0
2024 321 11 16 2200  -21.9  966.6    3.2  158.0   74.1  444.0
2024 321 11 16 2300  -21.5  966.7    2.1  127.0   75.0  444.0
2024 322 11 17 0000  -21.1  966.8    2.2  133.0   74.0  444.0
2024 322 11 17 0100  444.0  966.6    0.9  105.0   74.1  444.0
2024 322 11 17 0200  444.0  966.5    0.8  137.0   74.0  444.0
2024 322 11 17 0300  444.0  966.6    1.1  167.0   73.7  444.0
2024 322 11 17 0400  -20.5  966.8    1.8  162.0   74.0  444.0
2024 322 11 17 0500  -21.1  966.6    1.8  124.0   74.0  444.0
2024 322 11 17 0600  -21.3  966.6    1.8  146.0   73.5  444.0
2024 322 11 17 0700  -21.8  966.8    2.1  123.0   74.0  444.0
2024 322 11 17 0800  -22.5  966.9    2.6  131.0   73.0  444.0
2024 322 11 17 0900  -23.2  967.1    2.0  107.0   74.0  444.0
2024 322 11 17 1000  -23.0  967.2    2.0  112.0   74.0  444.0
2024 322 11 17 1100  -25.4  967.4    2.6  127.0   73.0  444.0
2024 322 11 17 1200  -25.6  967.5    3.2  116.0   73.0  444.0
2024 322 11 17 1300  -25.1  967.4    3.0   93.0   74.4  444.0
2024 322 11 17 1400  -25.3  967.6    2.9   91.0   73.0  444.0
2024 322 11 17 1500  -23.4  967.9    4.0  107.0   77.0  444.0
2024 322 11 17 1600  -21.5  968.1    3.7   95.0   79.0  444.0
2024 322 11 17 1700  -20.2  968.5    3.4   97.0   79.0  444.0
2024 322 11 17 1800  -19.2  968.9    3.7   95.0   79.6  444.0
2024 322 11 17 1900  -18.8  969.2    3.7   99.0   79.0  444.0
2024 322 11 17 2000  -18.8  969.4    3.3   95.0   78.0  444.0
2024 322 11 17 2100  -18.3  969.5    2.9   94.0   79.0  444.0
2024 322 11 17 2200  -17.8  969.8    3.1  100.0   78.0  444.0
2024 322 11 17 2300  -17.1  970.0    2.8   87.0   77.5  444.0
2024 323 11 18 0000  -17.4  970.3    2.2   68.0   81.0  444.0
2024 323 11 18 0100  444.0  970.4    1.2  114.0   79.0  444.0
2024 323 11 18 0200  444.0  970.3    0.4   84.0   77.0  444.0
2024 323 11 18 0300  444.0  970.1    0.7  118.0   79.0  444.0
2024 323 11 18 0400  444.0  970.1    0.8  159.0   80.0  444.0
2024 323 11 18 0500  -17.6  970.0    1.2  126.0   81.0  444.0
2024 323 11 18 0600  -17.8  970.2    2.8  144.0   81.0  444.0
2024 323 11 18 0700  444.0  970.0    0.4   57.0   81.0  444.0
2024 323 11 18 0800  444.0  970.1    1.8  163.0   81.0  444.0
2024 323 11 18 0900  444.0  969.9    0.6  150.0   81.0  444.0
2024 323 11 18 1000  444.0  970.1    1.2  198.0   81.0  444.0
2024 323 11 18 1100  -20.0  970.0    1.1  298.0   81.0  444.0
2024 323 11 18 1200  -20.6  969.8    2.6  270.0   80.0  444.0
2024 323 11 18 1300  -20.9  969.7    2.3  284.0   80.0  444.0
2024 323 11 18 1400  444.0  969.6    0.8  294.0   79.0  444.0
2024 323 11 18 1500  -21.7  969.9    2.2  206.0   79.0  444.0
2024 323 11 18 1600  -22.3  969.0    4.4  290.0   78.0  444.0
2024 323 11 18 1700  -22.6  968.8    5.2  281.0   76.0  444.0
2024 323 11 18 1800  -22.3  969.2    3.6  198.0   76.0  444.0
2024 323 11 18 1900  -21.4  969.1    1.8  187.0   76.0  444.0
2024 323 11 18 2000  -21.6  968.7    4.0  228.0   77.0  444.0
2024 323 11 18 2100  -20.3  968.7    3.0  245.0   78.0  444.0
2024 323 11 18 2200  -19.5  968.6    5.9  182.0   79.0  444.0
2024 323 11 18 2300  -19.8  968.5    4.9  194.0   78.0  444.0
2024 324 11 19 0000  -19.5  968.3    3.7  221.0   76.0  444.0
2024 324 11 19 0100  -19.4  968.1    4.4  240.0   77.0  444.0
2024 324 11 19 0200  -19.3  967.8    4.1  241.0   78.0  444.0
2024 324 11 19 0300  -19.8  967.3    5.2  242.0   77.0  444.0
2024 324 11 19 0400  -20.3  966.9    5.9  254.0   77.0  444.0
2024 324 11 19 0500  -20.0  966.4    4.3  254.0   77.0  444.0
2024 324 11 19 0600  -19.7  966.1    3.3  262.0   78.0  444.0
2024 324 11 19 0700  -20.5  965.5    2.7  279.0   77.0  444.0
2024 324 11 19 0800  -21.1  964.9    3.9  264.0   75.0  444.0
2024 324 11 19 0900  -21.4  964.6    3.9  265.0   75.0  444.0
2024 324 11 19 1000  -21.5  964.0    4.3  284.0   75.0  444.0
2024 324 11 19 1100  -22.2  963.8    3.7  269.0   74.9  444.0
2024 324 11 19 1200  -22.4  963.5    3.5  238.0   76.0  444.0
2024 324 11 19 1300  -23.5  963.3    3.8  227.0   78.0  444.0
2024 324 11 19 1400  -21.9  962.9    3.6  211.0   78.0  444.0
2024 324 11 19 1500  -20.3  962.8    3.9  185.0   78.0  444.0
2024 324 11 19 1600  -19.9  962.6    3.9  199.0   79.1  444.0
2024 324 11 19 1700  -18.4  962.5    4.0  177.0   80.0  444.0
2024 324 11 19 1800  -18.9  962.7    4.1  176.0   80.0  444.0
2024 324 11 19 1900  -17.2  963.0    6.2  152.0   78.0  444.0
2024 324 11 19 2000  -17.8  963.3    6.1  152.0   78.0  444.0
2024 324 11 19 2100  -17.6  963.6    8.2  138.0   76.0  444.0
2024 324 11 19 2200  -18.7  964.2    7.2  140.0   75.0  444.0
2024 324 11 19 2300  -21.1  964.9    8.2  126.0   74.0  444.0
2024 325 11 20 0000  -20.9  965.7    8.6  126.0   73.0  444.0
2024 325 11 20 0100  -19.9  966.3    9.8  112.0   73.0  444.0
2024 325 11 20 0200  -19.4  967.0    9.5  113.0   74.5  444.0
2024 325 11 20 0300  -19.4  967.7    9.6  108.0   73.0  444.0
2024 325 11 20 0400  -19.7  968.3    9.9  116.0   73.0  444.0
2024 325 11 20 0500  -20.2  968.6   10.1  121.0   76.0  444.0
2024 325 11 20 0600  -20.5  969.1   10.1  119.0   73.1  444.0
2024 325 11 20 0700  -20.4  969.6    9.9  117.0   74.0  444.0
2024 325 11 20 0800  -20.5  970.2    9.3  118.0   78.0  444.0
2024 325 11 20 0900  -20.1  970.6   10.2  119.0   78.0  444.0
2024 325 11 20 1000  -19.7  970.8    9.7  119.0   78.0  444.0
2024 325 11 20 1100  -19.8  971.3    9.2  129.0   78.0  444.0
2024 325 11 20 1200  -19.7  971.8    9.5  125.0   79.0  444.0
2024 325 11 20 1300  -20.0  971.8    9.0  133.0   77.0  444.0
2024 325 11 20 1400  -20.1  971.9    8.3  136.0   76.0  444.0
2024 325 11 20 1500  -20.4  972.1    7.1  131.0   76.0  444.0
2024 325 11 20 1600  -20.1  972.3    6.9  135.0   77.0  444.0
2024 325 11 20 1700  -19.7  972.4    7.2  133.0   77.0  444.0
2024 325 11 20 1800  -19.5  972.6    7.5  133.0   77.0  444.0
2024 325 11 20 1900  -19.3  972.6    8.2  136.0   76.0  444.0
2024 325 11 20 2000  -19.1  972.9    7.2  133.0   76.0  444.0
2024 325 11 20 2100  -19.4  973.0    7.8  137.0   76.0  444.0
2024 325 11 20 2200  -19.3  973.0    6.7  143.0   75.0  444.0
2024 325 11 20 2300  -19.2  973.2    5.7  145.0   74.0  444.0
2024 326 11 21 0000  -18.8  973.2    5.4  137.0   74.0  444.0
2024 326 11 21 0100  -18.5  972.8    6.3  155.0   75.0  444.0
2024 326 11 21 0200  -18.5  972.6    5.2  171.0   72.0  444.0
2024 326 11 21 0300  -18.3  972.3    3.4  154.0   70.0  444.0
2024 326 11 21 0400  -18.0  972.1    2.1  133.0   72.0  444.0
2024 326 11 21 0500  -17.9  971.9    4.7  135.0   77.0  444.0
2024 326 11 21 0600  -17.7  971.8    3.6  148.0   78.0  444.0
2024 326 11 21 0700  -17.3  971.5    3.6  153.0   78.0  444.0
2024 326 11 21 0800  -17.1  970.9    4.3  171.0   76.0  444.0
2024 326 11 21 0900  -17.1  970.4    2.7  181.0   77.0  444.0
2024 326 11 21 1000  -16.8  969.6    2.0  169.0   79.0  444.0
2024 326 11 21 1100  -17.7  969.1    7.0  176.0   79.0  444.0
2024 326 11 21 1200  -19.4  968.7    5.3  171.0   75.0  444.0
2024 326 11 21 1300  -19.8  968.1    1.3  186.0   72.0  444.0
2024 326 11 21 1400  -20.5  967.6    1.8  209.0   73.0  444.0
2024 326 11 21 1500  -22.0  967.0    2.1  225.0   72.9  444.0
2024 326 11 21 1600  -22.4  967.0    2.9  206.0   73.8  444.0
2024 326 11 21 1700  -21.3  966.4    2.4  210.0   75.0  444.0
2024 326 11 21 1800  -20.8  966.7    3.7  156.0   75.0  444.0
2024 326 11 21 1900  -20.3  966.3    3.7  123.0   72.0  444.0
2024 326 11 21 2000  -19.4  966.2    3.3  133.0   71.1  444.0
2024 326 11 21 2100  -19.9  966.7    5.0  153.0   72.8  444.0
2024 326 11 21 2200  -19.8  966.8    6.1  140.0   72.0  444.0
2024 326 11 21 2300  -19.3  966.6    6.5  135.0   73.0  444.0
2024 327 11 22 0000  -18.4  966.5    6.8  148.0   71.0  444.0
2024 327 11 22 0100  -17.6  966.4    7.2  141.0   71.8  444.0
2024 327 11 22 0200  -16.9  966.1    5.8  138.0   70.0  444.0
2024 327 11 22 0300  -16.4  965.6    5.2  154.0   72.0  444.0
2024 327 11 22 0400  -16.2  965.1    4.6  167.0   73.0  444.0
2024 327 11 22 0500  -16.4  964.8    4.8  191.0   73.0  444.0
2024 327 11 22 0600  -16.3  964.1    3.4  193.0   75.0  444.0
2024 327 11 22 0700  -15.8  963.4    4.0  201.0   77.0  444.0
2024 327 11 22 0800  -15.1  962.8    3.1  200.0   80.0  444.0
2024 327 11 22 0900  -14.4  962.2    4.3  167.0   81.0  444.0
2024 327 11 22 1000  -14.1  961.6    5.6  165.0   83.0  444.0
2024 327 11 22 1100  -14.1  961.0    6.9  156.0   83.0  444.0
2024 327 11 22 1200  -13.4  960.7    6.8  152.0   83.0  444.0
2024 327 11 22 1300  -12.7  959.9    7.7  157.0   83.0  444.0
2024 327 11 22 1400  -12.6  959.4    7.9  162.0   79.4  444.0
2024 327 11 22 1500  -13.6  958.6    7.8  161.0   83.0  444.0
2024 327 11 22 1600  -12.9  957.9    9.2  159.0   83.0  444.0
2024 327 11 22 1700  -12.1  957.0   11.5  150.0   83.0  444.0
2024 327 11 22 1800  -11.8  957.1   10.8  149.0   84.0  444.0
2024 327 11 22 1900  -11.4  956.8   11.9  148.0   84.0  444.0
2024 327 11 22 2000  -11.3  956.1   13.5  146.0   84.0  444.0
2024 327 11 22 2100  -10.8  955.9   13.4  142.0   85.0  444.0
2024 327 11 22 2200  -10.5  955.3   14.5  142.0   85.0  444.0
2024 327 11 22 2300  -10.1  955.6   16.6  143.0   85.0  444.0
2024 328 11 23 0000   -9.9  955.9   12.8  140.0   85.7  444.0
2024 328 11 23 0100   -9.5  956.0   12.7  136.0   86.0  444.0
2024 328 11 23 0200   -8.8  956.0   13.3  139.0   87.0  444.0
2024 328 11 23 0300   -9.8  957.3   12.1  129.0   82.0  444.0
2024 328 11 23 0400  -11.7  959.3   11.8  117.0   83.0  444.0
2024 328 11 23 0500  -13.1  960.9   10.4  123.0   82.0  444.0
2024 328 11 23 0600  -13.9  962.6    9.3  123.0   78.0  444.0
2024 328 11 23 0700  -14.3  964.0    8.6  123.0   78.0  444.0
2024 328 11 23 0800  -14.7  965.4    6.3  123.0   79.0  444.0
2024 328 11 23 0900  -15.1  966.7    4.1  103.0   81.0  444.0
2024 328 11 23 1000  -16.1  967.7    3.7  119.0   82.0  444.0
2024 328 11 23 1100  -16.0  968.8    1.9  165.0   82.0  444.0
2024 328 11 23 1200  -15.5  969.2    1.6  156.0   81.4  444.0
2024 328 11 23 1300  444.0  969.5    0.9  159.0   80.0  444.0
2024 328 11 23 1400  -14.9  970.0    1.3  193.0   82.0  444.0
2024 328 11 23 1500  -14.5  970.5    2.4  214.0   81.0  444.0
2024 328 11 23 1600  -14.9  971.1    4.4  195.0   80.0  444.0
2024 328 11 23 1700  -13.7  971.4    6.6  173.0   82.1  444.0
2024 328 11 23 1800  -12.9  971.5    5.5  154.0   79.0  444.0
2024 328 11 23 1900  -12.8  971.7    6.8  167.0   80.0  444.0
2024 328 11 23 2000  -12.7  971.6    8.0  155.0   80.0  444.0
2024 328 11 23 2100  -12.6  971.6    8.3  143.0   81.0  444.0
2024 328 11 23 2200  -13.0  971.7    7.9  130.0   80.8  444.0
2024 328 11 23 2300  -14.4  972.4    6.5   96.0   78.0  444.0
2024 329 11 24 0000  -15.9  973.5    7.1  102.0   76.0  444.0
2024 329 11 24 0100  -16.7  973.7    8.4  106.0   75.0  444.0
2024 329 11 24 0200  -16.4  973.8    7.4  112.0   75.0  444.0
2024 329 11 24 0300  -16.0  973.7    4.7  131.0   75.0  444.0
2024 329 11 24 0400  -15.3  973.4    6.1  158.0   75.4  444.0
2024 329 11 24 0500  -14.7  972.8    6.5  160.0   76.0  444.0
2024 329 11 24 0600  -14.7  972.3    7.2  164.0   76.0  444.0
2024 329 11 24 0700  -14.7  971.9    7.3  157.0   76.0  444.0
2024 329 11 24 0800  -15.3  971.5    6.0  172.0   76.1  444.0
2024 329 11 24 0900  -16.2  971.0    5.1  190.0   76.0  444.0
2024 329 11 24 1000  -16.6  970.2    6.0  200.0   78.0  444.0
2024 329 11 24 1100  -17.0  969.5    6.1  191.0   77.0  444.0
2024 329 11 24 1200  -17.2  968.8    5.8  189.0   76.0  444.0
2024 329 11 24 1300  -16.8  968.2    5.9  183.0   75.0  444.0
2024 329 11 24 1400  -17.1  967.6    6.4  192.0   74.0  444.0
2024 329 11 24 1500  -15.7  967.0    6.7  189.0   72.0  444.0
2024 329 11 24 1600  -15.8  966.5    6.4  195.0   73.0  444.0
2024 329 11 24 1700  -14.4  966.2    6.6  182.0   70.0  444.0
2024 329 11 24 1800  -13.8  965.7    7.8  175.0   70.0  444.0
2024 329 11 24 1900  -13.7  965.2    8.1  174.0   71.0  444.0
2024 329 11 24 2000  -13.5  965.0    7.3  172.0   72.0  444.0
2024 329 11 24 2100  -13.7  965.2    8.8  142.0   72.9  444.0
2024 329 11 24 2200  -15.1  965.4    7.1  130.0   74.0  444.0
2024 329 11 24 2300  -15.9  965.6    6.5  134.0   76.0  444.0
2024 330 11 25 0000  -14.8  966.0    6.6  113.0   76.0  444.0
2024 330 11 25 0100  -14.1  966.4    4.6  128.0   76.0  444.0
2024 330 11 25 0200  -13.4  966.8    6.4  115.0   75.9  444.0
2024 330 11 25 0300  -13.3  967.2    6.0  119.0   75.0  444.0
2024 330 11 25 0400  -13.6  967.7    6.8  125.0   74.0  444.0
2024 330 11 25 0500  -13.8  967.8    6.7  136.0   73.1  444.0
2024 330 11 25 0600  -14.1  968.0    6.0  151.0   74.0  444.0
2024 330 11 25 0700  -14.4  967.9    6.6  156.0   75.0  444.0
2024 330 11 25 0800  -14.6  967.5    6.1  172.0   76.0  444.0
2024 330 11 25 0900  -14.9  967.0    6.4  179.0   77.0  444.0
2024 330 11 25 1000  -15.6  966.3    6.9  181.0   80.1  444.0
2024 330 11 25 1100  -14.8  965.2    8.2  180.0   82.0  444.0
2024 330 11 25 1200  -14.3  964.3    8.8  184.0   80.0  444.0
2024 330 11 25 1300  -13.6  963.3    8.1  181.0   80.0  444.0
2024 330 11 25 1400  -11.6  962.1    9.4  169.0   81.0  444.0
2024 330 11 25 1500  -11.1  961.3   10.3  167.0   79.0  444.0
2024 330 11 25 1600  -11.1  960.7    9.7  165.0   78.0  444.0
2024 330 11 25 1700  -11.3  960.1   10.2  160.0   78.2  444.0
2024 330 11 25 1800  -10.7  959.7    9.9  157.0   77.0  444.0
2024 330 11 25 1900  -11.1  959.0   10.4  161.0   78.0  444.0
2024 330 11 25 2000  -10.6  958.2   11.1  163.0   76.0  444.0
2024 330 11 25 2100  -10.6  957.4   11.3  172.0   78.0  444.0
2024 330 11 25 2200   -9.9  956.4   11.8  168.0   77.2  444.0
2024 330 11 25 2300   -9.5  955.5   11.4  164.0   77.0  444.0
2024 331 11 26 0000   -9.3  954.6   11.4  162.0   78.0  444.0
2024 331 11 26 0100   -9.0  953.8   11.2  159.0   78.0  444.0
2024 331 11 26 0200   -8.8  953.0   11.1  161.0   79.0  444.0
2024 331 11 26 0300   -8.6  952.3   11.9  160.0   80.3  444.0
2024 331 11 26 0400   -8.6  952.0   12.2  161.0   80.0  444.0
2024 331 11 26 0500   -8.6  952.3   11.7  159.0   81.0  444.0
2024 331 11 26 0600   -8.5  952.3   10.5  164.0   79.4  444.0
2024 331 11 26 0700   -8.4  952.2   10.2  172.0   78.0  444.0
2024 331 11 26 0800   -8.2  951.8   12.3  170.0   78.2  444.0
2024 331 11 26 0900   -8.3  951.4   14.3  164.0   82.0  444.0
2024 331 11 26 1000   -8.2  951.1   15.3  165.0   85.0  444.0
2024 331 11 26 1100   -7.7  951.2   15.3  165.0   88.0  444.0
2024 331 11 26 1200   -7.6  951.8   13.1  166.0   82.0  444.0
2024 331 11 26 1300   -7.9  952.2   13.8  166.0   82.0  444.0
2024 331 11 26 1400   -7.8  952.3   12.3  170.0   78.0  444.0
2024 331 11 26 1500   -7.6  952.9   11.1  171.0   76.7  444.0
2024 331 11 26 1600   -7.6  953.5   10.1  176.0   76.0  444.0
2024 331 11 26 1700   -7.8  953.5   14.7  166.0   83.0  444.0
2024 331 11 26 1800   -7.5  953.4   14.2  174.0   86.0  444.0
2024 331 11 26 1900   -8.6  953.9    9.8  155.0   84.0  444.0
2024 331 11 26 2000   -9.6  955.1    9.7  142.0   84.0  444.0
2024 331 11 26 2100  -11.1  956.9   10.1   75.0   83.0  444.0
2024 331 11 26 2200  -12.1  960.3   11.7   95.0   83.0  444.0
2024 331 11 26 2300  -12.9  963.3   12.7  114.0   80.0  444.0
2024 332 11 27 0000  -12.6  965.0   11.7  123.0   80.0  444.0
2024 332 11 27 0100  -12.0  966.3   11.8  130.0   80.0  444.0
2024 332 11 27 0200  -11.7  967.0   11.6  135.0   80.0  444.0
2024 332 11 27 0300  -11.9  967.5   11.3  141.0   80.0  444.0
2024 332 11 27 0400  -12.1  967.9   12.3  140.0   80.1  444.0
2024 332 11 27 0500  -11.8  968.3   11.6  147.0   80.0  444.0
2024 332 11 27 0600  -11.7  968.6   11.7  150.0   80.0  444.0
2024 332 11 27 0700  -11.9  969.1   10.0  154.0   80.0  444.0
2024 332 11 27 0800  -12.2  969.0   12.0  156.0   80.6  444.0
2024 332 11 27 0900  -12.4  969.4   12.3  150.0   80.0  444.0
2024 332 11 27 1000  -12.6  969.4   12.0  155.0   81.0  444.0
2024 332 11 27 1100  -12.8  969.4   11.6  157.0   81.0  444.0
2024 332 11 27 1200  -13.0  969.6   12.9  154.0   81.0  444.0
2024 332 11 27 1300  -13.1  969.8   13.1  152.0   81.0  444.0
2024 332 11 27 1400  -13.2  969.9   12.8  152.0   81.0  444.0
2024 332 11 27 1500  -13.2  969.6   13.2  148.0   81.0  444.0
2024 332 11 27 1600  -13.1  970.3   12.1  150.0   81.0  444.0
2024 332 11 27 1700  -12.9  971.1   11.9  151.0   81.0  444.0
2024 332 11 27 1800  -12.9  971.5   11.0  150.0   81.0  444.0
2024 332 11 27 1900  -12.6  971.9   11.1  150.0   80.0  444.0
2024 332 11 27 2000  -12.4  972.4   10.7  152.0   78.0  444.0
2024 332 11 27 2100  -12.5  972.8    9.8  150.0   79.0  444.0
2024 332 11 27 2200  -12.0  972.9   10.2  152.0   78.0  444.0
2024 332 11 27 2300  -11.8  973.2   10.1  154.0   77.8  444.0
2024 333 11 28 0000  -11.8  973.2    9.4  150.0   77.0  444.0
2024 333 11 28 0100  -12.1  973.0   10.9  150.0   77.0  444.0
2024 333 11 28 0200  -12.0  972.8   10.3  150.0   76.0  444.0
2024 333 11 28 0300  -11.8  972.8    9.4  150.0   75.0  444.0
2024 333 11 28 0400  -11.7  972.7    9.2  157.0   75.0  444.0
2024 333 11 28 0500  -11.9  972.7    8.7  154.0   74.6  444.0
2024 333 11 28 0600  -12.0  972.8    8.6  158.0   74.0  444.0
2024 333 11 28 0700  -12.1  973.0    8.3  163.0   73.0  444.0
2024 333 11 28 0800  -12.5  972.9    8.2  160.0   73.0  444.0
2024 333 11 28 0900  -12.9  973.0    8.6  158.0   73.7  444.0
2024 333 11 28 1000  -13.4  973.2    7.2  155.0   73.8  444.0
2024 333 11 28 1100  -14.4  973.3    6.0  175.0   75.0  444.0
2024 333 11 28 1200  -14.8  973.4    6.9  174.0   74.0  444.0
2024 333 11 28 1300  -15.2  973.2    6.7  171.0   75.0  444.0
2024 333 11 28 1400  -15.1  973.1    7.2  169.0   73.7  444.0
2024 333 11 28 1500  -15.1  972.9    8.1  164.0   73.0  444.0
2024 333 11 28 1600  -15.4  973.1    7.5  157.0   76.0  444.0
2024 333 11 28 1700  -14.5  973.0    8.6  154.0   75.0  444.0
2024 333 11 28 1800  -14.1  973.3    8.0  154.0   76.0  444.0
2024 333 11 28 1900  -13.3  973.1    9.6  139.0   81.6  444.0
2024 333 11 28 2000  -12.7  973.8    8.5  140.0   80.0  444.0
2024 333 11 28 2100  -13.2  974.1    6.7  148.0   79.0  444.0
2024 333 11 28 2200  -11.9  974.3    8.7  145.0   77.0  444.0
2024 333 11 28 2300  -11.7  974.3    8.4  145.0   78.5  444.0
2024 334 11 29 0000  -11.5  974.5    7.7  138.0   78.0  444.0
2024 334 11 29 0100  -11.0  974.7    7.3  128.0   79.0  444.0
2024 334 11 29 0200  -10.4  974.9    6.6  117.0   78.0  444.0
2024 334 11 29 0300  -10.1  975.2    5.7  122.0   78.0  444.0
2024 334 11 29 0400  -10.6  975.2    4.9  143.0   79.0  444.0
2024 334 11 29 0500  -10.9  975.4    5.2  147.0   79.0  444.0
2024 334 11 29 0600  -11.4  975.7    5.5  152.0   78.0  444.0
2024 334 11 29 0700  -12.0  975.7    4.9  159.0   75.0  444.0
2024 334 11 29 0800  -12.8  975.7    4.4  168.0   74.2  444.0
2024 334 11 29 0900  -13.6  975.5    4.1  178.0   73.0  444.0
2024 334 11 29 1000  -14.5  975.3    4.3  185.0   76.0  444.0
2024 334 11 29 1100  -15.1  975.2    4.3  176.0   77.0  444.0
2024 334 11 29 1200  -15.6  975.1    5.0  165.0   76.0  444.0
2024 334 11 29 1300  -16.0  975.0    4.9  163.0   74.0  444.0
2024 334 11 29 1400  -17.1  974.8    4.8  171.0   77.0  444.0
2024 334 11 29 1500  -15.9  974.6    4.9  170.0   74.0  444.0
2024 334 11 29 1600  -15.9  974.5    5.1  178.0   74.0  444.0
2024 334 11 29 1700  -16.2  974.4    5.0  182.0   75.0  444.0
2024 334 11 29 1800  -15.7  974.1    4.8  178.0   74.0  444.0
2024 334 11 29 1900  -14.9  973.9    5.3  174.0   73.0  444.0
2024 334 11 29 2000  -13.9  973.6    5.2  169.0   71.0  444.0
2024 334 11 29 2100  -13.4  973.6    6.4  151.0   72.0  444.0
2024 334 11 29 2200  -13.3  973.3    5.4  148.0   72.0  444.0
2024 334 11 29 2300  -13.3  973.4    6.0  147.0   72.0  444.0
2024 335 11 30 0000  -13.4  973.1    6.1  150.0   72.0  444.0
2024 335 11 30 0100  -13.6  972.8    6.8  152.0   72.5  444.0
2024 335 11 30 0200  -13.4  972.3    5.8  143.0   68.0  444.0
2024 335 11 30 0300  -13.3  972.1    5.7  138.0   68.0  444.0
2024 335 11 30 0400  -13.1  972.3    5.4  136.0   69.0  444.0
2024 335 11 30 0500  -13.3  972.6    4.7  140.0   69.9  444.0
2024 335 11 30 0600  -13.7  972.7    4.2  147.0   71.0  444.0
2024 335 11 30 0700  -14.3  972.5    4.8  160.0   74.0  444.0
2024 335 11 30 0800  -14.9  972.3    3.7  160.0   75.0  444.0
2024 335 11 30 0900  -15.6  972.3    3.4  152.0   75.0  444.0
2024 335 11 30 1000  -16.5  972.3    3.5  147.0   76.0  444.0
2024 335 11 30 1100  -17.0  972.4    3.2  148.0   76.0  444.0
2024 335 11 30 1200  -17.5  972.7    4.8  144.0   77.0  444.0
2024 335 11 30 1300  -18.1  972.7    4.7  134.0   76.0  444.0
2024 335 11 30 1400  -18.6  973.2    5.4  129.0   76.0  444.0
2024 335 11 30 1500  -19.0  973.7    5.4  129.0   75.0  444.0
2024 335 11 30 1600  -18.8  974.3    5.6  135.0   74.0  444.0
2024 335 11 30 1700  -17.4  974.4    3.5  139.0   71.0  444.0
2024 335 11 30 1800  -15.9  974.5    5.5  174.0   75.0  444.0
2024 335 11 30 1900  -13.4  974.5    3.1  189.0   72.0  444.0
2024 335 11 30 2000  -13.0  974.1    4.4  200.0   80.0  444.0
2024 335 11 30 2100  -10.6  973.7    4.8  166.0   81.0  444.0
2024 335 11 30 2200   -9.6  973.5    5.8  154.0   78.0  444.0
2024 335 11 30 2300   -8.7  973.5    7.2  143.0   75.7  444.0
