Year: 2018  Month: 03  ID: LET  ARGOS:  8928  Name: Lettau              
Lat: 82.49S  Lon: 174.58W  Elev:   39m
2018  60  3  1 0000  -15.5  983.0    3.8   69.0   87.0  444.0
2018  60  3  1 0100  -15.9  982.7    4.9   82.0   86.2  444.0
2018  60  3  1 0200  -16.2  982.5    5.2   85.0   86.0  444.0
2018  60  3  1 0300  -15.9  982.0    6.3   96.0   87.0  444.0
2018  60  3  1 0400  -15.7  982.2    5.3   92.0   87.2  444.0
2018  60  3  1 0500  -15.4  981.9    5.4   88.0   88.0  444.0
2018  60  3  1 0600  -14.9  981.7    4.8   91.0   88.0  444.0
2018  60  3  1 0700  -14.3  981.7    3.2   82.0   89.0  444.0
2018  60  3  1 0800  -13.6  981.7    2.7   66.0   90.0  444.0
2018  60  3  1 0900  -13.3  981.4    2.9   82.0   91.1  444.0
2018  60  3  1 1000  -12.8  981.5    3.0   44.0   92.0  444.0
2018  60  3  1 1100  -13.0  981.7    1.8   33.0   90.0  444.0
2018  60  3  1 1200  -12.9  981.6    3.2  313.0   91.0  444.0
2018  60  3  1 1300  -14.9  981.7    2.8  267.0   89.0  444.0
2018  60  3  1 1400  -15.5  981.6    2.1  277.0   88.8  444.0
2018  60  3  1 1500  -16.0  981.7    2.9  302.0   88.0  444.0
2018  60  3  1 1600  -17.4  981.8    3.3  286.0   87.0  444.0
2018  60  3  1 1700  -18.0  981.9    1.4  313.0   87.0  444.0
2018  60  3  1 1800  -18.2  982.0    3.0  306.0   86.0  444.0
2018  60  3  1 1900  -18.9  982.0    2.7  320.0   85.2  444.0
2018  60  3  1 2000  -17.8  981.8    2.2    1.0   87.0  444.0
2018  60  3  1 2100  -17.3  981.6    3.3  346.0   86.0  444.0
2018  60  3  1 2200  -17.2  981.4    4.3  330.0   86.0  444.0
2018  60  3  1 2300  -17.5  981.3    5.3  323.0   85.0  444.0
2018  61  3  2 0000  -17.9  981.3    5.1  321.0   85.0  444.0
2018  61  3  2 0100  -17.8  981.1    5.0  319.0   85.0  444.0
2018  61  3  2 0200  -17.5  980.8    4.9  303.0   85.0  444.0
2018  61  3  2 0300  -17.4  980.4    5.0  288.0   86.0  444.0
2018  61  3  2 0400  -17.3  980.2    4.6  267.0   86.1  444.0
2018  61  3  2 0500  -17.6  980.3    3.7  248.0   86.0  444.0
2018  61  3  2 0600  -17.4  980.3    2.6  247.0   86.0  444.0
2018  61  3  2 0700  -17.2  980.3    1.9  244.0   87.0  444.0
2018  61  3  2 0800  -17.1  980.4    1.3  229.0   87.0  444.0
2018  61  3  2 0900  -16.9  980.5    1.6  235.0   87.0  444.0
2018  61  3  2 1000  -17.1  980.6    1.8  197.0   87.0  444.0
2018  61  3  2 1100  -17.0  980.7    1.9  216.0   87.6  444.0
2018  61  3  2 1200  -17.4  980.8    1.7  221.0   87.0  444.0
2018  61  3  2 1300  -18.9  980.9    2.7  214.0   85.0  444.0
2018  61  3  2 1400  -18.9  981.2    2.4  207.0   86.0  444.0
2018  61  3  2 1500  -19.0  981.2    2.7  190.0   85.0  444.0
2018  61  3  2 1600  -21.6  981.3    2.5  191.0   81.6  444.0
2018  61  3  2 1700  -24.3  981.4    2.7  190.0   80.0  444.0
2018  61  3  2 1800  -25.8  981.6    1.9  203.0   78.0  444.0
2018  61  3  2 1900  -24.9  981.8    2.4  194.0   77.0  444.0
2018  61  3  2 2000  -25.1  981.9    2.1  186.0   76.0  444.0
2018  61  3  2 2100  -24.7  982.1    2.6  178.0   75.9  444.0
2018  61  3  2 2200  -23.8  982.3    3.5  216.0   76.0  444.0
2018  61  3  2 2300  -22.6  982.5    5.3  194.0   76.0  444.0
2018  62  3  3 0000  -22.5  982.8    5.2  196.0   76.0  444.0
2018  62  3  3 0100  -22.4  982.6    4.5  209.0   75.0  444.0
2018  62  3  3 0200  -23.2  982.5    4.1  218.0   74.9  444.0
2018  62  3  3 0300  -23.1  982.3    4.5  214.0   75.0  444.0
2018  62  3  3 0400  -22.8  982.3    4.2  211.0   74.0  444.0
2018  62  3  3 0500  -22.8  982.1    5.0  204.0   72.0  444.0
2018  62  3  3 0600  -22.0  981.9    5.1  208.0   70.0  444.0
2018  62  3  3 0700  -23.1  982.0    4.2  213.0   69.0  444.0
2018  62  3  3 0800  -25.0  981.8    4.7  223.0   71.0  444.0
2018  62  3  3 0900  -26.0  981.6    4.0  220.0   71.0  444.0
2018  62  3  3 1000  -27.8  981.8    4.0  218.0   73.0  444.0
2018  62  3  3 1100  -26.7  981.5    5.6  226.0   75.0  444.0
2018  62  3  3 1200  -26.1  981.6    6.4  223.0   75.0  444.0
2018  62  3  3 1300  -26.8  981.5    5.1  201.0   75.0  444.0
2018  62  3  3 1400  -27.7  981.4    5.6  215.0   74.0  444.0
2018  62  3  3 1500  -27.6  981.1    5.7  230.0   75.0  444.0
2018  62  3  3 1600  -23.0  981.1    6.5  229.0   75.0  444.0
2018  62  3  3 1700  -21.3  981.1    6.3  234.0   72.0  444.0
2018  62  3  3 1800  -21.8  981.3    5.2  235.0   70.0  444.0
2018  62  3  3 1900  -22.4  981.5    3.7  248.0   71.0  444.0
2018  62  3  3 2000  -22.2  981.9    2.3  224.0   71.0  444.0
2018  62  3  3 2100  -21.5  981.9    3.2  257.0   69.0  444.0
2018  62  3  3 2200  -23.7  982.0    3.3  293.0   73.0  444.0
2018  62  3  3 2300  -22.4  982.5    2.7  259.0   72.0  444.0
2018  63  3  4 0000  -23.7  982.7    3.9  279.0   70.0  444.0
2018  63  3  4 0100  -25.3  983.0    2.9  275.0   68.0  444.0
2018  63  3  4 0200  -24.8  983.2    3.0  286.0   67.5  444.0
2018  63  3  4 0300  -25.1  983.3    4.2  284.0   69.0  444.0
2018  63  3  4 0400  -26.7  983.4    4.1  288.0   70.0  444.0
2018  63  3  4 0500  -26.8  983.9    2.2  274.0   68.0  444.0
2018  63  3  4 0600  -28.7  984.1    3.5  290.0   70.3  444.0
2018  63  3  4 0700  -29.6  984.2    3.9  297.0   69.9  444.0
2018  63  3  4 0800  -29.9  984.4    4.3  291.0   72.0  444.0
2018  63  3  4 0900  -30.4  984.9    4.7  288.0   73.0  444.0
2018  63  3  4 1000  -29.7  985.9    2.9  256.0   75.0  444.0
2018  63  3  4 1100  -31.4  986.7    3.0  284.0   75.0  444.0
2018  63  3  4 1200  -33.0  987.1    3.4  291.0   74.7  444.0
2018  63  3  4 1300  -31.2  987.5    4.6  287.0   77.0  444.0
2018  63  3  4 1400  -31.4  987.9    5.8  294.0   73.3  444.0
2018  63  3  4 1500  -31.9  988.5    5.9  293.0   74.0  444.0
2018  63  3  4 1600  -32.5  988.9    5.0  294.0   74.0  444.0
2018  63  3  4 1700  -32.3  989.8    5.7  302.0   72.0  444.0
2018  63  3  4 1800  -31.0  990.3    6.0  299.0   72.0  444.0
2018  63  3  4 1900  -31.1  990.9    6.6  309.0   73.3  444.0
2018  63  3  4 2000  -25.5  991.6    4.2  304.0   78.0  444.0
2018  63  3  4 2100  -24.4  992.2    4.8  312.0   78.0  444.0
2018  63  3  4 2200  -23.5  992.9    3.8  317.0   79.0  444.0
2018  63  3  4 2300  -22.9  993.6    3.7  308.0   78.0  444.0
2018  64  3  5 0000  -23.1  994.3    1.1  324.0   76.8  444.0
2018  64  3  5 0100  444.0  995.2    1.3  338.0   77.0  444.0
2018  64  3  5 0200  -25.9  995.4    1.2   13.0   75.0  444.0
2018  64  3  5 0300  -22.5  995.5    2.2  352.0   80.0  444.0
2018  64  3  5 0400  -23.3  995.6    2.4  341.0   79.0  444.0
2018  64  3  5 0500  -23.6  996.0    1.3  318.0   79.0  444.0
2018  64  3  5 0600  -25.0  996.1    1.5  306.0   77.0  444.0
2018  64  3  5 0700  -29.2  996.6    2.1  342.0   74.3  444.0
2018  64  3  5 0800  -29.5  996.8    2.5  330.0   75.0  444.0
2018  64  3  5 0900  -30.5  996.9    2.5  326.0   74.0  444.0
2018  64  3  5 1000  -31.7  997.0    2.0  330.0   73.6  444.0
2018  64  3  5 1100  -31.9  997.0    1.9  310.0   74.0  444.0
2018  64  3  5 1200  -32.2  997.1    1.9  308.0   72.9  444.0
2018  64  3  5 1300  -32.9  997.1    1.9  306.0   73.0  444.0
2018  64  3  5 1400  -33.4  997.0    0.8  305.0   73.0  444.0
2018  64  3  5 1500  -32.6  996.7    0.6  145.0   73.0  444.0
2018  64  3  5 1600  -32.3  996.7    0.5  328.0   72.0  444.0
2018  64  3  5 1700  -32.3  996.5    1.0   44.0   72.9  444.0
2018  64  3  5 1800  -32.0  996.2    0.8   77.0   74.0  444.0
2018  64  3  5 1900  -32.0  995.9    0.3   77.0   69.0  444.0
2018  64  3  5 2000  -31.6  995.6    0.4  352.0   74.1  444.0
2018  64  3  5 2100  444.0  995.5    0.7  318.0   73.0  444.0
2018  64  3  5 2200  -29.4  995.1    1.0  207.0   73.3  444.0
2018  64  3  5 2300  -28.0  994.7    0.7  190.0   74.0  444.0
2018  65  3  6 0000  -27.7  994.0    1.1  144.0   74.0  444.0
2018  65  3  6 0100  -27.8  993.5    1.2  152.0   74.0  444.0
2018  65  3  6 0200  -29.3  992.7    2.1  152.0   74.0  444.0
2018  65  3  6 0300  -29.8  992.1    2.4  156.0   73.4  444.0
2018  65  3  6 0400  -29.3  991.5    1.7  147.0   74.0  444.0
2018  65  3  6 0500  -27.5  990.9    2.3  168.0   76.0  444.0
2018  65  3  6 0600  -26.4  990.3    3.4  176.0   77.0  444.0
2018  65  3  6 0700  -25.5  990.1    2.9  154.0   78.0  444.0
2018  65  3  6 0800  -24.6  989.5    3.5  154.0   78.6  444.0
2018  65  3  6 0900  -26.4  989.0    3.3  155.0   78.0  444.0
2018  65  3  6 1000  -25.9  988.4    3.7  146.0   78.0  444.0
2018  65  3  6 1100  -26.9  987.8    3.9  151.0   77.0  444.0
2018  65  3  6 1200  -28.0  987.3    4.5  143.0   77.0  444.0
2018  65  3  6 1300  -28.5  986.6    3.3  142.0   76.3  444.0
2018  65  3  6 1400  -28.5  986.0    3.4  157.0   76.4  444.0
2018  65  3  6 1500  -29.0  985.2    3.5  145.0   75.9  444.0
2018  65  3  6 1600  -29.4  984.6    4.0  154.0   76.0  444.0
2018  65  3  6 1700  -30.2  984.1    4.6  163.0   75.0  444.0
2018  65  3  6 1800  -31.1  983.7    4.1  155.0   74.0  444.0
2018  65  3  6 1900  -31.8  983.2    4.4  165.0   74.0  444.0
2018  65  3  6 2000  -30.8  982.8    4.4  152.0   74.4  444.0
2018  65  3  6 2100  -28.3  982.4    4.4  140.0   76.0  444.0
2018  65  3  6 2200  -26.1  981.6    5.7  139.0   77.0  444.0
2018  65  3  6 2300  -26.0  981.2    6.2  149.0   77.0  444.0
2018  66  3  7 0000  -26.3  980.7    5.5  152.0   77.0  444.0
2018  66  3  7 0100  -25.9  980.1    4.2  166.0   77.2  444.0
2018  66  3  7 0200  -26.2  979.2    5.2  186.0   77.0  444.0
2018  66  3  7 0300  -27.6  978.3    4.4  200.0   76.0  444.0
2018  66  3  7 0400  -28.2  977.1    5.6  206.0   75.0  444.0
2018  66  3  7 0500  -30.1  976.3    5.0  210.0   74.0  444.0
2018  66  3  7 0600  -30.4  975.3    5.5  214.0   74.0  444.0
2018  66  3  7 0700  -31.6  974.3    4.0  212.0   73.0  444.0
2018  66  3  7 0800  -31.6  973.4    4.4  212.0   73.0  444.0
2018  66  3  7 0900  -31.8  972.7    4.4  214.0   73.0  444.0
2018  66  3  7 1000  -32.1  972.0    4.0  224.0   73.0  444.0
2018  66  3  7 1100  -31.9  971.3    4.5  203.0   75.0  444.0
2018  66  3  7 1200  -33.1  970.7    3.8  211.0   73.0  444.0
2018  66  3  7 1300  -34.5  969.8    4.5  223.0   71.9  444.0
2018  66  3  7 1400  -35.4  968.8    4.4  230.0   71.0  444.0
2018  66  3  7 1500  -35.0  967.9    3.9  228.0   71.0  444.0
2018  66  3  7 1600  -33.1  967.2    4.8  220.0   73.0  444.0
2018  66  3  7 1700  -29.3  966.4    6.1  214.0   75.0  444.0
2018  66  3  7 1800  -29.6  965.7    5.3  215.0   73.5  444.0
2018  66  3  7 1900  -27.7  965.1    5.8  217.0   75.0  444.0
2018  66  3  7 2000  -23.6  964.2    8.2  211.0   75.0  444.0
2018  66  3  7 2100  -19.8  963.0    6.4  220.0   79.0  444.0
2018  66  3  7 2200  -20.4  962.3    6.0  222.0   77.0  444.0
2018  66  3  7 2300  -20.5  962.1    4.7  201.0   77.8  444.0
2018  67  3  8 0000  -22.2  961.8    3.0  214.0   76.0  444.0
2018  67  3  8 0100  -22.2  961.7    2.2  214.0   76.0  444.0
2018  67  3  8 0200  -22.1  961.8    2.6  217.0   76.1  444.0
2018  67  3  8 0300  -23.3  961.4    2.2  230.0   76.0  444.0
2018  67  3  8 0400  -23.5  961.1    2.7  247.0   76.0  444.0
2018  67  3  8 0500  -25.0  961.1    1.3  164.0   76.0  444.0
2018  67  3  8 0600  -26.0  961.2    2.1  108.0   76.0  444.0
2018  67  3  8 0700  -30.4  961.6    2.7  115.0   73.1  444.0
2018  67  3  8 0800  -33.0  962.1    2.6  130.0   72.0  444.0
2018  67  3  8 0900  -34.7  962.4    2.3  112.0   72.0  444.0
2018  67  3  8 1000  -36.1  963.0    2.1  130.0   71.0  444.0
2018  67  3  8 1100  -34.6  963.4    1.6   94.0   73.0  444.0
2018  67  3  8 1200  -32.1  964.0    1.5  148.0   74.0  444.0
2018  67  3  8 1300  -29.2  964.5    1.2  122.0   76.0  444.0
2018  67  3  8 1400  -27.2  965.1    0.5  219.0   77.0  444.0
2018  67  3  8 1500  -27.9  966.1    0.7  249.0   77.0  444.0
2018  67  3  8 1600  -27.0  966.9    0.7  320.0   77.4  444.0
2018  67  3  8 1700  -22.6  967.6    2.8  327.0   82.0  444.0
2018  67  3  8 1800  -22.4  968.8    4.9  327.0   81.0  444.0
2018  67  3  8 1900  -23.1  970.0    5.4  335.0   79.8  444.0
2018  67  3  8 2000  -28.6  971.4    5.3  347.0   73.0  444.0
2018  67  3  8 2100  -30.9  972.8    4.7  348.0   72.0  444.0
2018  67  3  8 2200  -31.5  973.9    4.3  355.0   71.0  444.0
2018  67  3  8 2300  -31.4  975.1    3.3  348.0   71.0  444.0
2018  68  3  9 0000  -32.2  975.9    2.8    5.0   70.6  444.0
2018  68  3  9 0100  -32.7  976.7    2.2   17.0   70.0  444.0
2018  68  3  9 0200  -33.4  977.5    2.3   26.0   70.0  444.0
2018  68  3  9 0300  -33.6  978.1    1.9    2.0   70.0  444.0
2018  68  3  9 0400  -34.1  978.6    1.1   14.0   69.0  444.0
2018  68  3  9 0500  -35.0  979.1    2.5  348.0   69.9  444.0
2018  68  3  9 0600  -35.2  979.7    1.9  326.0   70.0  444.0
2018  68  3  9 0700  -34.6  980.2    1.9  288.0   70.0  444.0
2018  68  3  9 0800  -35.5  980.2    2.2  301.0   69.0  444.0
2018  68  3  9 0900  -38.4  980.6    2.2  301.0   69.0  444.0
2018  68  3  9 1000  -38.2  980.5    3.2  288.0   69.0  444.0
2018  68  3  9 1100  -37.2  980.6    2.8  252.0   70.0  444.0
2018  68  3  9 1200  -39.3  980.8    2.0  323.0   69.0  444.0
2018  68  3  9 1300  -39.4  980.5    3.0  317.0   69.1  444.0
2018  68  3  9 1400  -38.3  980.1    3.0  323.0   70.0  444.0
2018  68  3  9 1500  -34.7  979.8    3.6  327.0   72.0  444.0
2018  68  3  9 1600  -33.0  979.5    2.3  343.0   73.0  444.0
2018  68  3  9 1700  -31.4  979.3    2.8  339.0   73.8  444.0
2018  68  3  9 1800  -30.1  979.5    0.9   41.0   74.4  444.0
2018  68  3  9 1900  -28.8  979.1    1.7  335.0   75.0  444.0
2018  68  3  9 2000  -27.7  979.3    1.3  161.0   76.0  444.0
2018  68  3  9 2100  -28.0  979.2    2.9  142.0   75.0  444.0
2018  68  3  9 2200  -27.4  979.2    2.6  154.0   75.7  444.0
2018  68  3  9 2300  -26.8  979.2    2.4  152.0   76.2  444.0
2018  69  3 10 0000  -26.0  979.1    2.7  148.0   77.0  444.0
2018  69  3 10 0100  -25.1  979.1    2.6  151.0   77.0  444.0
2018  69  3 10 0200  -24.7  979.0    2.5  145.0   78.0  444.0
2018  69  3 10 0300  -24.8  978.8    2.4  143.0   78.0  444.0
2018  69  3 10 0400  -24.5  978.8    2.4  157.0   78.6  444.0
2018  69  3 10 0500  -24.7  978.9    2.2  150.0   78.4  444.0
2018  69  3 10 0600  -24.8  979.0    1.7  165.0   78.0  444.0
2018  69  3 10 0700  -24.7  979.3    2.0  147.0   79.0  444.0
2018  69  3 10 0800  -24.7  979.3    2.1  156.0   79.0  444.0
2018  69  3 10 0900  -24.7  979.5    2.3  142.0   79.2  444.0
2018  69  3 10 1000  -25.5  979.6    2.0  153.0   77.6  444.0
2018  69  3 10 1100  -27.8  979.5    2.2  167.0   75.0  444.0
2018  69  3 10 1200  -28.0  979.6    2.0  164.0   75.0  444.0
2018  69  3 10 1300  -30.9  979.6    1.3  153.0   75.0  444.0
2018  69  3 10 1400  -30.9  979.4    1.1  192.0   73.0  444.0
2018  69  3 10 1500  -31.8  979.3    1.3  205.0   72.4  444.0
2018  69  3 10 1600  -31.1  979.1    7.7  243.0   71.6  444.0
2018  69  3 10 1700  -29.5  979.0    1.1  223.0   76.0  444.0
2018  69  3 10 1800  -23.6  979.1    4.7  187.0   80.0  444.0
2018  69  3 10 1900  -22.5  979.2    5.0  169.0   80.5  444.0
2018  69  3 10 2000  -23.3  979.2    4.3  183.0   78.1  444.0
2018  69  3 10 2100  -24.9  979.0    4.3  192.0   78.0  444.0
2018  69  3 10 2200  -23.8  979.0    4.2  188.0   78.0  444.0
2018  69  3 10 2300  -23.1  979.1    4.6  176.0   78.0  444.0
2018  70  3 11 0000  -21.1  979.0    6.6  148.0   79.0  444.0
2018  70  3 11 0100  -23.1  979.2    6.1  140.0   78.0  444.0
2018  70  3 11 0200  -23.5  979.5    4.2  153.0   77.6  444.0
2018  70  3 11 0300  -24.4  979.5    7.7  135.0   78.0  444.0
2018  70  3 11 0400  -26.1  979.7    6.8  138.0   77.0  444.0
2018  70  3 11 0500  -28.2  980.4    7.6  186.0   76.0  444.0
2018  70  3 11 0600  -27.5  980.9    7.8  127.0   77.0  444.0
2018  70  3 11 0700  -27.9  981.3    6.8  132.0   76.6  444.0
2018  70  3 11 0800  -29.3  981.5    3.8  140.0   75.0  444.0
2018  70  3 11 0900  -30.7  982.0    3.7  158.0   75.0  444.0
2018  70  3 11 1000  -30.2  982.4    4.5  153.0   75.0  444.0
2018  70  3 11 1100  -30.6  982.9    5.6  123.0   75.0  444.0
2018  70  3 11 1200  -31.4  983.4    4.4  123.0   74.4  444.0
2018  70  3 11 1300  -31.6  984.0    3.6  142.0   74.2  444.0
2018  70  3 11 1400  -33.2  984.1    2.8  160.0   73.0  444.0
2018  70  3 11 1500  -34.1  984.0    2.5  180.0   72.0  444.0
2018  70  3 11 1600  -33.5  983.8    3.0  204.0   73.0  444.0
2018  70  3 11 1700  -32.0  983.5    3.6  210.0   73.0  444.0
2018  70  3 11 1800  -29.3  983.2    3.6  222.0   75.0  444.0
2018  70  3 11 1900  -24.2  982.9    5.3  169.0   78.0  444.0
2018  70  3 11 2000  -21.0  983.2    8.3  136.0   80.0  444.0
2018  70  3 11 2100  -21.6  983.5    5.2  150.0   81.0  444.0
2018  70  3 11 2200  -20.8  983.7    4.3  172.0   80.0  444.0
2018  70  3 11 2300  -18.8  983.3    6.3  159.0   82.0  444.0
2018  71  3 12 0000  -16.6  983.2    8.6  154.0   85.2  444.0
2018  71  3 12 0100  -15.7  982.8    9.5  153.0   87.0  444.0
2018  71  3 12 0200  -15.2  982.7    9.2  151.0   87.0  444.0
2018  71  3 12 0300  -15.0  982.5   10.1  149.0   88.0  444.0
2018  71  3 12 0400  -15.7  982.2    9.3  151.0   86.7  444.0
2018  71  3 12 0500  -16.1  982.2    9.9  148.0   87.3  444.0
2018  71  3 12 0600  -16.2  982.7    9.2  149.0   87.0  444.0
2018  71  3 12 0700  -16.6  982.8    9.4  155.0   87.0  444.0
2018  71  3 12 0800  -16.1  982.7   10.6  152.0   88.0  444.0
2018  71  3 12 0900  -15.7  982.9    9.9  148.0   88.4  444.0
2018  71  3 12 1000  -15.9  982.5   10.3  149.0   88.0  444.0
2018  71  3 12 1100  -16.8  982.9    9.5  153.0   87.0  444.0
2018  71  3 12 1200  -16.6  982.4   10.6  154.0   88.0  444.0
2018  71  3 12 1300  -16.9  982.3   11.2  145.0   87.0  444.0
2018  71  3 12 1400  -17.7  982.5   10.2  146.0   86.5  444.0
2018  71  3 12 1500  -18.1  982.7   10.6  145.0   86.0  444.0
2018  71  3 12 1600  -18.7  982.6   10.9  132.0   85.0  444.0
2018  71  3 12 1700  -20.2  983.1    9.1  131.0   83.0  444.0
2018  71  3 12 1800  -25.0  984.6    8.2  110.0   79.0  444.0
2018  71  3 12 1900  -27.7  985.5    7.7  120.0   76.0  444.0
2018  71  3 12 2000  -29.4  986.3    7.5  113.0   74.0  444.0
2018  71  3 12 2100  -30.8  987.1    6.9  114.0   73.0  444.0
2018  71  3 12 2200  -30.8  987.8    5.6  121.0   73.8  444.0
2018  71  3 12 2300  -30.3  988.6    4.1  124.0   74.0  444.0
2018  72  3 13 0000  -30.4  988.7    4.0  155.0   75.0  444.0
2018  72  3 13 0100  -29.8  988.8    4.1  173.0   75.0  444.0
2018  72  3 13 0200  -29.2  988.3    2.9  183.0   75.0  444.0
2018  72  3 13 0300  -29.2  988.0    2.6  228.0   75.0  444.0
2018  72  3 13 0400  -28.1  987.6    3.8  229.0   77.0  444.0
2018  72  3 13 0500  -26.9  987.3    4.1  204.0   78.0  444.0
2018  72  3 13 0600  -26.2  987.1    3.5  185.0   78.0  444.0
2018  72  3 13 0700  -28.4  986.8    3.9  201.0   76.0  444.0
2018  72  3 13 0800  -28.9  986.7    4.0  195.0   76.0  444.0
2018  72  3 13 0900  -27.7  986.4    5.2  182.0   77.0  444.0
2018  72  3 13 1000  -28.8  986.4    3.9  192.0   76.0  444.0
2018  72  3 13 1100  -29.3  986.2    3.9  182.0   75.0  444.0
2018  72  3 13 1200  -29.8  986.1    3.4  178.0   75.2  444.0
2018  72  3 13 1300  -29.9  986.0    3.9  184.0   75.0  444.0
2018  72  3 13 1400  -30.0  985.4    5.0  186.0   75.0  444.0
2018  72  3 13 1500  -29.4  985.5    3.0  177.0   75.0  444.0
2018  72  3 13 1600  -29.1  985.6    2.8  190.0   75.0  444.0
2018  72  3 13 1700  -29.9  985.3    4.7  183.0   75.0  444.0
2018  72  3 13 1800  -29.1  985.4    4.1  185.0   75.0  444.0
2018  72  3 13 1900  -27.6  985.6    4.9  176.0   76.0  444.0
2018  72  3 13 2000  -28.5  985.8    4.0  193.0   75.0  444.0
2018  72  3 13 2100  -28.1  985.7    3.9  191.0   75.0  444.0
2018  72  3 13 2200  -26.4  985.3    4.9  175.0   76.0  444.0
2018  72  3 13 2300  -24.1  985.4    6.4  170.0   77.7  444.0
2018  73  3 14 0000  -23.5  985.0    6.9  172.0   78.0  444.0
2018  73  3 14 0100  -23.2  984.9    7.5  165.0   78.0  444.0
2018  73  3 14 0200  -23.5  984.8    6.9  165.0   79.0  444.0
2018  73  3 14 0300  -24.2  985.0    6.3  166.0   78.0  444.0
2018  73  3 14 0400  -24.4  984.9    5.9  169.0   78.0  444.0
2018  73  3 14 0500  -24.6  985.0    5.3  170.0   78.0  444.0
2018  73  3 14 0600  -25.7  985.1    5.3  174.0   77.0  444.0
2018  73  3 14 0700  -26.6  985.1    4.8  179.0   76.0  444.0
2018  73  3 14 0800  -27.5  984.9    5.2  179.0   76.0  444.0
2018  73  3 14 0900  -27.6  984.9    6.0  174.0   77.0  444.0
2018  73  3 14 1000  -28.0  984.6    5.0  180.0   77.0  444.0
2018  73  3 14 1100  -29.5  984.5    3.7  179.0   76.0  444.0
2018  73  3 14 1200  -26.7  984.3    5.3  165.0   77.0  444.0
2018  73  3 14 1300  -27.0  984.1    5.8  170.0   77.0  444.0
2018  73  3 14 1400  -27.0  983.9    6.1  169.0   77.0  444.0
2018  73  3 14 1500  -26.8  983.5    6.6  170.0   78.0  444.0
2018  73  3 14 1600  -28.0  983.4    5.3  179.0   75.5  444.0
2018  73  3 14 1700  -26.8  982.9    7.2  164.0   77.0  444.0
2018  73  3 14 1800  -26.4  982.4    7.3  166.0   77.0  444.0
2018  73  3 14 1900  -26.2  982.3    7.4  168.0   78.0  444.0
2018  73  3 14 2000  -26.8  981.9    6.4  166.0   77.0  444.0
2018  73  3 14 2100  -27.2  981.3    6.4  173.0   76.2  444.0
2018  73  3 14 2200  -26.6  980.6    6.2  161.0   75.5  444.0
2018  73  3 14 2300  -26.5  979.9    5.6  168.0   75.0  444.0
2018  74  3 15 0000  -26.1  979.2    5.4  159.0   76.0  444.0
2018  74  3 15 0100  -25.2  978.0    6.2  162.0   76.0  444.0
2018  74  3 15 0200  -25.0  977.2    5.7  160.0   77.0  444.0
2018  74  3 15 0300  -24.8  975.9    6.3  165.0   77.4  444.0
2018  74  3 15 0400  -24.5  974.7    7.2  166.0   77.8  444.0
2018  74  3 15 0500  -24.5  973.7    6.1  169.0   78.0  444.0
2018  74  3 15 0600  -24.1  972.7    7.2  171.0   79.0  444.0
2018  74  3 15 0700  -24.5  971.5    6.9  175.0   79.0  444.0
2018  74  3 15 0800  -23.8  970.8    8.1  172.0   79.9  444.0
2018  74  3 15 0900  -25.8  969.7    6.2  186.0   78.2  444.0
2018  74  3 15 1000  -24.6  968.8    6.9  191.0   79.0  444.0
2018  74  3 15 1100  -23.7  967.6    7.8  184.0   80.0  444.0
2018  74  3 15 1200  -21.5  966.9    9.0  176.0   82.0  444.0
2018  74  3 15 1300  -22.5  965.9    8.4  192.0   81.3  444.0
2018  74  3 15 1400  -21.3  965.3    8.7  186.0   82.0  444.0
2018  74  3 15 1500  -20.1  964.8   10.4  179.0   83.0  444.0
2018  74  3 15 1600  -20.5  964.0   10.3  192.0   77.0  444.0
2018  74  3 15 1700  -21.2  962.9   10.5  193.0   67.0  444.0
2018  74  3 15 1800  -19.5  962.4   11.2  196.0   57.0  444.0
2018  74  3 15 1900  -20.1  962.1    9.3  193.0   60.4  444.0
2018  74  3 15 2000  -18.3  961.8    9.7  193.0   57.0  444.0
2018  74  3 15 2100  -14.8  961.3   12.8  185.0   55.9  444.0
2018  74  3 15 2200  -15.1  961.0   12.6  179.0   64.0  444.0
2018  74  3 15 2300  -15.4  960.6   11.6  174.0   78.0  444.0
2018  75  3 16 0000  -14.4  960.5   14.5  164.0   81.0  444.0
2018  75  3 16 0100  -13.1  960.9   15.5  165.0   83.3  444.0
2018  75  3 16 0200  -12.7  960.9   15.6  163.0   83.0  444.0
2018  75  3 16 0300  -12.4  961.3   15.8  160.0   84.0  444.0
2018  75  3 16 0400  -14.5  962.5    8.9  189.0   76.0  444.0
2018  75  3 16 0500  -15.0  962.7    8.9  197.0   71.0  444.0
2018  75  3 16 0600  -14.2  963.0    9.7  196.0   69.2  444.0
2018  75  3 16 0700  -15.1  964.0    9.7  207.0   65.4  444.0
2018  75  3 16 0800  -16.1  964.0    8.7  213.0   66.0  444.0
2018  75  3 16 0900  -14.4  964.5    8.6  206.0   63.0  444.0
2018  75  3 16 1000  -11.6  964.4    9.9  219.0   70.0  444.0
2018  75  3 16 1100  -11.8  964.2   11.4  202.0   79.6  444.0
2018  75  3 16 1200  -11.9  964.4   11.7  200.0   89.0  444.0
2018  75  3 16 1300  -13.3  964.0   11.8  208.0   90.0  444.0
2018  75  3 16 1400  -12.1  964.2   10.8  192.0   92.0  444.0
2018  75  3 16 1500  -11.5  964.3    8.2  177.0   92.0  444.0
2018  75  3 16 1600  -13.0  964.8    8.4  159.0   90.0  444.0
2018  75  3 16 1700  -14.5  965.2    6.5  146.0   87.0  444.0
2018  75  3 16 1800  -17.6  965.4    5.5  141.0   86.0  444.0
2018  75  3 16 1900  -19.2  966.0    8.7  138.0   83.0  444.0
2018  75  3 16 2000  -19.0  965.7    8.7  127.0   84.0  444.0
2018  75  3 16 2100  -18.6  965.8   10.5  123.0   84.0  444.0
2018  75  3 16 2200  -17.9  966.4   10.6  115.0   85.0  444.0
2018  75  3 16 2300  -17.9  967.0   10.8  106.0   85.0  444.0
2018  76  3 17 0000  -17.7  966.7    9.4  112.0   85.0  444.0
2018  76  3 17 0100  -17.2  966.6   10.0  113.0   85.4  444.0
2018  76  3 17 0200  -18.4  967.8   12.2  110.0   84.0  444.0
2018  76  3 17 0300  -18.6  966.7   12.4  127.0   85.0  444.0
2018  76  3 17 0400  -17.9  965.3   12.9  134.0   85.0  444.0
2018  76  3 17 0500  -17.5  963.1   15.0  141.0   86.0  444.0
2018  76  3 17 0600  -18.1  961.5   15.8  139.0   86.0  444.0
2018  76  3 17 0700  -17.1  960.3   15.4  136.0   87.0  444.0
2018  76  3 17 0800  -16.2  958.9   17.1  139.0   88.0  444.0
2018  76  3 17 0900  -14.8  957.7   16.2  137.0   89.0  444.0
2018  76  3 17 1000  -13.9  956.4   15.6  137.0   90.0  444.0
2018  76  3 17 1100  -12.8  954.9   15.1  142.0   91.0  444.0
2018  76  3 17 1200  -12.6  953.9   13.9  138.0   91.0  444.0
2018  76  3 17 1300  -12.5  952.5   11.7  138.0   92.0  444.0
2018  76  3 17 1400  -12.5  951.0   11.6  140.0   92.0  444.0
2018  76  3 17 1500  -13.1  949.9    8.8  152.0   91.0  444.0
2018  76  3 17 1600  -12.9  949.2    8.2  160.0   91.0  444.0
2018  76  3 17 1700  -12.5  948.8    7.8  148.0   91.0  444.0
2018  76  3 17 1800  -12.6  948.6    8.9  141.0   91.0  444.0
2018  76  3 17 1900  -13.1  948.7    7.6  154.0   90.0  444.0
2018  76  3 17 2000  -13.0  948.6    8.8  160.0   91.0  444.0
2018  76  3 17 2100  -10.7  948.2    8.9  164.0   93.0  444.0
2018  76  3 17 2200   -9.3  948.2    9.6  165.0   93.0  444.0
2018  76  3 17 2300   -8.9  948.5    9.8  152.0   94.0  444.0
2018  77  3 18 0000   -9.3  949.1   10.6  145.0   94.6  444.0
2018  77  3 18 0100  -10.1  949.7   12.6  148.0   93.0  444.0
2018  77  3 18 0200  -10.8  950.1   12.5  145.0   93.0  444.0
2018  77  3 18 0300  -10.8  951.2   12.6  150.0   93.0  444.0
2018  77  3 18 0400  -11.3  951.8   13.4  150.0   93.1  444.0
2018  77  3 18 0500  -11.6  953.0   14.3  150.0   93.0  444.0
2018  77  3 18 0600  -11.6  953.8   15.5  140.0   93.0  444.0
2018  77  3 18 0700  -11.9  955.8   14.2  141.0   93.0  444.0
2018  77  3 18 0800  -12.8  957.1   14.4  143.0   92.0  444.0
2018  77  3 18 0900  -13.3  958.8   14.0  136.0   91.2  444.0
2018  77  3 18 1000  -13.9  960.2   14.6  138.0   91.0  444.0
2018  77  3 18 1100  -14.1  961.6   13.0  137.0   91.0  444.0
2018  77  3 18 1200  -14.3  963.1   12.6  141.0   90.0  444.0
2018  77  3 18 1300  -14.4  964.9   11.6  139.0   90.0  444.0
2018  77  3 18 1400  -14.4  966.2   10.3  146.0   90.1  444.0
2018  77  3 18 1500  -14.6  968.0    8.4  160.0   90.0  444.0
2018  77  3 18 1600  -14.1  969.5    8.7  161.0   90.0  444.0
2018  77  3 18 1700  -14.3  971.0    8.7  172.0   90.0  444.0
2018  77  3 18 1800  -14.0  972.4    9.5  168.0   90.0  444.0
2018  77  3 18 1900  -14.3  974.3    9.6  170.0   89.0  444.0
2018  77  3 18 2000  -15.9  976.6    6.9  186.0   87.0  444.0
2018  77  3 18 2100  -16.1  978.5    6.5  199.0   85.0  444.0
2018  77  3 18 2200  -15.5  980.4    7.5  194.0   85.5  444.0
2018  77  3 18 2300  -13.9  982.1    8.8  178.0   88.0  444.0
2018  78  3 19 0000  -15.2  984.3    5.9  190.0   84.0  444.0
2018  78  3 19 0100  -14.1  986.3    6.1  193.0   87.0  444.0
2018  78  3 19 0200  -15.3  987.8    6.1  211.0   85.3  444.0
2018  78  3 19 0300  -16.1  989.1    6.3  195.0   85.0  444.0
2018  78  3 19 0400  -18.0  990.7    5.2  209.0   84.0  444.0
2018  78  3 19 0500  -19.4  991.7    5.2  203.0   84.0  444.0
2018  78  3 19 0600  -19.9  992.9    5.6  197.0   84.0  444.0
2018  78  3 19 0700  -20.6  994.2    4.9  192.0   83.0  444.0
2018  78  3 19 0800  -21.3  994.8    2.5  174.0   83.0  444.0
2018  78  3 19 0900  -22.7  995.3    2.0  190.0   82.0  444.0
2018  78  3 19 1000  -22.5  996.3    4.6  216.0   82.0  444.0
2018  78  3 19 1100  -23.1  997.0    3.4  228.0   79.7  444.0
2018  78  3 19 1200  -24.1  996.8    2.8  202.0   79.0  444.0
2018  78  3 19 1300  -24.7  997.4    2.9  236.0   80.0  444.0
2018  78  3 19 1400  -25.8  997.6    2.2  272.0   77.0  444.0
2018  78  3 19 1500  -26.2  997.4    1.4  202.0   79.0  444.0
2018  78  3 19 1600  -28.4  997.9    4.7  253.0   77.7  444.0
2018  78  3 19 1700  -26.4  997.4    1.9  179.0   78.0  444.0
2018  78  3 19 1800  -23.9  997.4    0.6  141.0   80.0  444.0
2018  78  3 19 1900  -23.0  997.3    0.8  222.0   81.0  444.0
2018  78  3 19 2000  -22.5  996.5    1.3   93.0   81.0  444.0
2018  78  3 19 2100  -21.7  996.2    0.8  138.0   81.9  444.0
2018  78  3 19 2200  -20.7  996.1    0.2  285.0   82.1  444.0
2018  78  3 19 2300  -20.1  995.5    0.1   19.0   83.0  444.0
2018  79  3 20 0000  -19.5  994.9    1.2   14.0   84.0  444.0
2018  79  3 20 0100  -19.2  994.6    2.7    3.0   84.0  444.0
2018  79  3 20 0200  -18.7  993.8    2.3    3.0   85.0  444.0
2018  79  3 20 0300  -18.6  993.1    1.7  271.0   83.0  444.0
2018  79  3 20 0400  -18.4  992.8    1.1  293.0   82.2  444.0
2018  79  3 20 0500  -19.9  992.3    0.1  330.0   83.0  444.0
2018  79  3 20 0600  -22.9  992.2    0.0    0.0   81.0  444.0
2018  79  3 20 0700  444.0  991.5    0.0    0.0   80.0  444.0
2018  79  3 20 0800  -23.0  991.2    2.1  321.0   81.0  444.0
2018  79  3 20 0900  -23.4  990.6    1.0  359.0   80.7  444.0
2018  79  3 20 1000  -22.3  989.9    1.4  337.0   82.0  444.0
2018  79  3 20 1100  -22.1  989.1    1.2  335.0   82.0  444.0
2018  79  3 20 1200  -22.7  988.7    1.4  332.0   82.0  444.0
2018  79  3 20 1300  -21.6  988.2    2.2  322.0   83.0  444.0
2018  79  3 20 1400  -21.3  987.3    2.1  267.0   82.8  444.0
2018  79  3 20 1500  -22.2  986.6    2.8  207.0   82.0  444.0
2018  79  3 20 1600  -23.5  986.0    3.1  214.0   81.0  444.0
2018  79  3 20 1700  -24.1  985.5    3.7  212.0   80.0  444.0
2018  79  3 20 1800  -24.1  985.0    3.7  197.0   80.0  444.0
2018  79  3 20 1900  -23.9  984.4    2.5  203.0   80.3  444.0
2018  79  3 20 2000  -23.4  983.5    3.4  205.0   80.6  444.0
2018  79  3 20 2100  -23.8  982.8    4.5  188.0   80.0  444.0
2018  79  3 20 2200  -23.6  982.1    3.1  188.0   80.0  444.0
2018  79  3 20 2300  -24.3  981.4    3.2  195.0   79.0  444.0
2018  80  3 21 0000  -26.2  981.0    0.6  170.0   76.7  444.0
2018  80  3 21 0100  -27.5  980.5    0.9  214.0   75.5  444.0
2018  80  3 21 0200  -27.7  979.9    0.9  226.0   76.3  444.0
2018  80  3 21 0300  -27.4  979.4    1.7  168.0   77.0  444.0
2018  80  3 21 0400  -28.0  978.8    1.3  160.0   77.0  444.0
2018  80  3 21 0500  -27.4  978.5    2.2  149.0   77.0  444.0
2018  80  3 21 0600  -26.2  978.5    5.2  141.0   78.0  444.0
2018  80  3 21 0700  -29.8  978.8    4.4  130.0   74.8  444.0
2018  80  3 21 0800  -32.1  979.0    3.5  162.0   74.0  444.0
2018  80  3 21 0900  -33.8  979.2    4.0  148.0   73.0  444.0
2018  80  3 21 1000  -34.9  979.4    2.5  191.0   72.0  444.0
2018  80  3 21 1100  -35.6  979.3    3.6  202.0   72.0  444.0
2018  80  3 21 1200  -35.6  979.1    4.2  203.0   71.9  444.0
2018  80  3 21 1300  -35.4  978.6    4.7  210.0   72.0  444.0
2018  80  3 21 1400  -35.2  978.0    4.3  213.0   72.0  444.0
2018  80  3 21 1500  -33.6  977.5    5.5  204.0   73.0  444.0
2018  80  3 21 1600  -33.2  977.1    5.8  189.0   73.0  444.0
2018  80  3 21 1700  -30.8  977.2    6.1  174.0   74.4  444.0
2018  80  3 21 1800  -31.9  977.1    4.7  186.0   73.0  444.0
2018  80  3 21 1900  -32.1  976.9    5.0  194.0   73.0  444.0
2018  80  3 21 2000  -32.3  976.6    4.6  202.0   72.0  444.0
2018  80  3 21 2100  -31.1  976.1    5.4  214.0   73.0  444.0
2018  80  3 21 2200  -28.9  975.7    6.6  209.0   74.1  444.0
2018  80  3 21 2300  -27.8  975.2    6.3  204.0   74.0  444.0
2018  81  3 22 0000  -26.7  974.8    7.3  200.0   75.0  444.0
2018  81  3 22 0100  -27.4  974.9    6.7  194.0   74.0  444.0
2018  81  3 22 0200  -27.5  974.4    7.0  211.0   75.0  444.0
2018  81  3 22 0300  -28.1  973.6    6.1  209.0   74.0  444.0
2018  81  3 22 0400  -24.2  973.2    8.0  183.0   77.0  444.0
2018  81  3 22 0500  -26.3  972.7    5.5  183.0   76.3  444.0
2018  81  3 22 0600  -27.6  972.6    6.1  160.0   76.4  444.0
2018  81  3 22 0700  -29.5  972.6    5.9  167.0   75.0  444.0
2018  81  3 22 0800  -31.3  972.5    4.8  163.0   74.0  444.0
2018  81  3 22 0900  -32.1  972.8    5.1  155.0   74.0  444.0
2018  81  3 22 1000  -32.4  972.9    5.2  142.0   73.3  444.0
2018  81  3 22 1100  -33.4  972.6    4.0  155.0   72.9  444.0
2018  81  3 22 1200  -33.8  972.9    4.3  175.0   72.0  444.0
2018  81  3 22 1300  -33.5  972.8    4.7  146.0   73.0  444.0
2018  81  3 22 1400  -34.3  972.2    3.9  166.0   72.0  444.0
2018  81  3 22 1500  -33.8  971.9    4.1  189.0   72.1  444.0
2018  81  3 22 1600  -32.4  971.8    3.2  198.0   72.0  444.0
2018  81  3 22 1700  -34.1  971.4    3.3  189.0   72.0  444.0
2018  81  3 22 1800  -34.5  971.1    4.7  195.0   72.0  444.0
2018  81  3 22 1900  -33.3  970.9    3.5  179.0   72.0  444.0
2018  81  3 22 2000  -30.8  970.5    3.2  155.0   71.8  444.0
2018  81  3 22 2100  -32.2  970.4    2.8  211.0   71.0  444.0
2018  81  3 22 2200  -31.9  970.4    3.0  212.0   70.0  444.0
2018  81  3 22 2300  -31.4  970.7    3.1  193.0   70.0  444.0
2018  82  3 23 0000  -31.1  970.7    4.0  189.0   71.0  444.0
2018  82  3 23 0100  -31.6  970.9    3.5  199.0   71.0  444.0
2018  82  3 23 0200  -30.7  970.9    3.8  179.0   73.0  444.0
2018  82  3 23 0300  -31.3  971.9    4.4  171.0   72.0  444.0
2018  82  3 23 0400  -28.6  972.2    5.2  167.0   73.7  444.0
2018  82  3 23 0500  -29.1  972.6    4.5  178.0   74.0  444.0
2018  82  3 23 0600  -31.2  972.9    4.1  188.0   73.0  444.0
2018  82  3 23 0700  -29.6  973.0    3.8  183.0   75.0  444.0
2018  82  3 23 0800  -29.5  973.8    4.5  189.0   75.0  444.0
2018  82  3 23 0900  -28.0  973.6    4.6  208.0   76.4  444.0
2018  82  3 23 1000  -28.0  973.5    5.7  208.0   76.0  444.0
2018  82  3 23 1100  -24.1  974.1    5.0  156.0   81.0  444.0
2018  82  3 23 1200  -23.5  974.7    5.5  171.0   79.0  444.0
2018  82  3 23 1300  -23.7  974.8    6.6  174.0   79.6  444.0
2018  82  3 23 1400  -24.3  974.9    8.1  189.0   80.0  444.0
2018  82  3 23 1500  -22.9  974.9    7.8  185.0   80.0  444.0
2018  82  3 23 1600  -22.8  975.3    7.6  180.0   80.0  444.0
2018  82  3 23 1700  -23.0  975.3    6.0  177.0   79.0  444.0
2018  82  3 23 1800  -23.7  975.2    5.4  191.0   79.0  444.0
2018  82  3 23 1900  -22.4  975.4    6.8  167.0   80.0  444.0
2018  82  3 23 2000  -21.3  975.4    6.7  171.0   82.0  444.0
2018  82  3 23 2100  -15.7  976.1    6.4  178.0   82.0  444.0
2018  82  3 23 2200  -13.8  975.6    8.2  173.0   84.0  444.0
2018  82  3 23 2300  -10.8  975.8   10.6  156.0   81.0  444.0
2018  83  3 24 0000  -10.6  975.8   10.8  163.0   81.0  444.0
2018  83  3 24 0100  -10.4  976.6   11.4  154.0   84.0  444.0
2018  83  3 24 0200  -10.8  977.0   13.9  149.0   85.0  444.0
2018  83  3 24 0300  -15.1  978.1   15.8  150.0   84.0  444.0
2018  83  3 24 0400  -16.6  979.1   10.9  151.0   83.0  444.0
2018  83  3 24 0500  -17.2  978.7   13.9  149.0   83.0  444.0
2018  83  3 24 0600  -16.2  978.0   16.7  152.0   85.0  444.0
2018  83  3 24 0700  -16.1  978.8   14.0  152.0   84.0  444.0
2018  83  3 24 0800  -16.6  979.0   11.3  146.0   84.0  444.0
2018  83  3 24 0900  -16.2  978.5   14.1  149.0   83.0  444.0
2018  83  3 24 1000  -16.7  978.5   13.4  137.0   84.1  444.0
2018  83  3 24 1100  -17.1  978.1   14.1  143.0   84.0  444.0
2018  83  3 24 1200  -16.7  978.7   14.9  139.0   85.0  444.0
2018  83  3 24 1300  -17.5  979.5   13.8  136.0   84.0  444.0
2018  83  3 24 1400  -17.3  979.8   12.9  131.0   83.0  444.0
2018  83  3 24 1500  -17.7  980.0   11.4  137.0   83.0  444.0
2018  83  3 24 1600  -18.6  980.7    8.3  137.0   82.0  444.0
2018  83  3 24 1700  -19.0  980.9    7.6  145.0   84.0  444.0
2018  83  3 24 1800  -17.2  981.1   10.9  140.0   84.0  444.0
2018  83  3 24 1900  -17.2  981.5    9.0  141.0   83.0  444.0
2018  83  3 24 2000  -16.7  981.6   10.3  144.0   84.0  444.0
2018  83  3 24 2100  -15.7  982.0    8.0  147.0   82.0  444.0
2018  83  3 24 2200  -15.6  982.3    6.0  164.0   80.0  444.0
2018  83  3 24 2300  -15.1  982.0    7.0  150.0   81.0  444.0
2018  84  3 25 0000  -13.8  981.7    8.4  154.0   79.0  444.0
2018  84  3 25 0100  -15.4  982.0    6.3  152.0   80.0  444.0
2018  84  3 25 0200  -16.1  981.3    6.1  157.0   79.2  444.0
2018  84  3 25 0300  -16.6  980.4    6.7  180.0   78.2  444.0
2018  84  3 25 0400  -17.1  980.3    6.9  170.0   80.0  444.0
2018  84  3 25 0500  -17.0  979.9    7.9  161.0   79.0  444.0
2018  84  3 25 0600  -18.5  979.9    7.4  172.0   80.0  444.0
2018  84  3 25 0700  -18.4  979.7    7.4  178.0   78.0  444.0
2018  84  3 25 0800  -19.8  979.2    7.5  184.0   79.6  444.0
2018  84  3 25 0900  -18.6  978.9    8.1  182.0   79.0  444.0
2018  84  3 25 1000  -18.9  978.8    5.0  186.0   80.0  444.0
2018  84  3 25 1100  -19.0  978.6    6.9  167.0   80.0  444.0
2018  84  3 25 1200  -20.4  978.4    6.8  181.0   80.0  444.0
2018  84  3 25 1300  -19.0  978.1    6.8  154.0   78.4  444.0
2018  84  3 25 1400  -20.7  978.0    5.9  159.0   79.0  444.0
2018  84  3 25 1500  -22.3  978.0    4.6  195.0   79.0  444.0
2018  84  3 25 1600  -21.0  978.0    5.0  160.0   78.0  444.0
2018  84  3 25 1700  -24.6  978.4    2.2  188.0   79.0  444.0
2018  84  3 25 1800  -23.5  978.7    4.6  174.0   80.2  444.0
2018  84  3 25 1900  -25.5  978.8    3.1  188.0   78.5  444.0
2018  84  3 25 2000  -25.6  979.2    3.8  183.0   77.6  444.0
2018  84  3 25 2100  -24.5  979.4    4.7  179.0   77.0  444.0
2018  84  3 25 2200  -25.1  979.4    4.8  165.0   77.0  444.0
2018  84  3 25 2300  -24.5  979.5    6.0  189.0   76.6  444.0
2018  85  3 26 0000  -24.7  980.4    4.2  178.0   74.3  444.0
2018  85  3 26 0100  -25.4  980.7    3.5  188.0   76.1  444.0
2018  85  3 26 0200  -23.4  980.8    5.9  180.0   77.0  444.0
2018  85  3 26 0300  -24.1  981.4    4.6  181.0   75.0  444.0
2018  85  3 26 0400  -21.0  981.4    6.1  162.0   77.0  444.0
2018  85  3 26 0500  -20.7  981.8    6.3  160.0   79.0  444.0
2018  85  3 26 0600  -21.8  982.4    5.9  185.0   78.1  444.0
2018  85  3 26 0700  -21.7  982.9    6.4  173.0   78.0  444.0
2018  85  3 26 0800  -23.0  983.1    5.8  182.0   76.5  444.0
2018  85  3 26 0900  -22.0  983.7    6.2  166.0   77.0  444.0
2018  85  3 26 1000  -22.5  983.9    6.4  176.0   77.0  444.0
2018  85  3 26 1100  -25.8  984.5    5.0  196.0   76.1  444.0
2018  85  3 26 1200  -24.4  984.5    6.9  188.0   76.0  444.0
2018  85  3 26 1300  -23.4  985.1    7.5  182.0   76.0  444.0
2018  85  3 26 1400  -23.7  985.6    6.7  183.0   76.0  444.0
2018  85  3 26 1500  -22.9  985.9    7.6  190.0   76.0  444.0
2018  85  3 26 1600  -23.2  986.1    7.7  184.0   76.3  444.0
2018  85  3 26 1700  -21.6  986.1    9.4  167.0   77.0  444.0
2018  85  3 26 1800  -22.8  987.0    7.3  178.0   75.6  444.0
2018  85  3 26 1900  -23.8  987.3    6.8  182.0   75.0  444.0
2018  85  3 26 2000  -25.5  987.7    6.2  192.0   75.0  444.0
2018  85  3 26 2100  -25.5  987.7    6.7  192.0   72.9  444.0
2018  85  3 26 2200  -24.6  987.9    7.3  188.0   73.0  444.0
2018  85  3 26 2300  -23.3  988.2    7.9  184.0   72.5  444.0
2018  86  3 27 0000  -23.1  988.7    6.6  186.0   72.0  444.0
2018  86  3 27 0100  -22.4  989.4    5.2  185.0   73.0  444.0
2018  86  3 27 0200  -20.2  989.4    6.7  186.0   72.0  444.0
2018  86  3 27 0300  -21.7  989.0    6.7  189.0   69.0  444.0
2018  86  3 27 0400  -23.4  988.4    5.3  200.0   68.3  444.0
2018  86  3 27 0500  -23.9  988.6    6.5  196.0   70.0  444.0
2018  86  3 27 0600  -24.8  988.8    4.5  197.0   73.7  444.0
2018  86  3 27 0700  -24.1  989.1    5.4  187.0   74.0  444.0
2018  86  3 27 0800  -19.8  988.8    6.1  175.0   70.0  444.0
2018  86  3 27 0900  -23.4  988.8    5.6  196.0   72.6  444.0
2018  86  3 27 1000  -23.7  988.9    6.0  199.0   70.0  444.0
2018  86  3 27 1100  -22.2  988.7    7.1  193.0   70.9  444.0
2018  86  3 27 1200  -23.8  989.6    5.2  178.0   73.0  444.0
2018  86  3 27 1300  -23.9  990.1    4.5  180.0   76.0  444.0
2018  86  3 27 1400  -24.5  990.1    6.1  200.0   74.9  444.0
2018  86  3 27 1500  -23.6  990.4    7.0  187.0   75.0  444.0
2018  86  3 27 1600  -22.6  990.3    7.9  191.0   72.0  444.0
2018  86  3 27 1700  -24.3  990.7    5.6  190.0   73.0  444.0
2018  86  3 27 1800  -23.8  990.7    7.0  200.0   73.0  444.0
2018  86  3 27 1900  -23.5  990.9    5.5  183.0   73.0  444.0
2018  86  3 27 2000  -24.1  991.3    4.6  183.0   74.0  444.0
2018  86  3 27 2100  -20.9  991.5    7.3  186.0   70.7  444.0
2018  86  3 27 2200  -20.7  991.5    7.1  189.0   68.0  444.0
2018  86  3 27 2300  -20.0  992.0    7.5  194.0   67.0  444.0
2018  87  3 28 0000  -22.8  992.4    4.6  200.0   70.0  444.0
2018  87  3 28 0100  -22.5  992.5    5.8  206.0   66.0  444.0
2018  87  3 28 0200  -23.2  992.6    6.4  209.0   67.7  444.0
2018  87  3 28 0300  -23.3  992.5    5.4  210.0   67.0  444.0
2018  87  3 28 0400  -23.8  992.7    6.0  208.0   68.9  444.0
2018  87  3 28 0500  -23.9  992.6    5.0  215.0   69.0  444.0
2018  87  3 28 0600  -23.0  992.6    5.9  194.0   68.0  444.0
2018  87  3 28 0700  -23.0  992.3    6.4  215.0   68.4  444.0
2018  87  3 28 0800  -23.4  992.4    4.3  179.0   70.0  444.0
2018  87  3 28 0900  -23.8  992.6    5.7  204.0   71.6  444.0
2018  87  3 28 1000  -24.8  992.6    6.7  206.0   72.0  444.0
2018  87  3 28 1100  -24.5  992.7    6.1  209.0   72.0  444.0
2018  87  3 28 1200  -23.4  992.7    7.0  194.0   73.0  444.0
2018  87  3 28 1300  -24.1  993.2    5.2  173.0   74.0  444.0
2018  87  3 28 1400  -25.2  993.3    3.9  177.0   76.2  444.0
2018  87  3 28 1500  -25.1  993.2    4.4  206.0   75.0  444.0
2018  87  3 28 1600  -26.1  993.2    4.9  188.0   75.0  444.0
2018  87  3 28 1700  -25.3  993.2    5.6  185.0   73.0  444.0
2018  87  3 28 1800  -25.1  993.6    5.7  184.0   73.0  444.0
2018  87  3 28 1900  -25.0  993.6    5.6  193.0   72.3  444.0
2018  87  3 28 2000  -25.6  993.8    5.1  200.0   73.0  444.0
2018  87  3 28 2100  -25.4  993.9    4.8  203.0   72.0  444.0
2018  87  3 28 2200  -23.4  993.5    5.7  190.0   69.0  444.0
2018  87  3 28 2300  -21.3  993.8    7.2  181.0   69.0  444.0
2018  88  3 29 0000  -22.1  993.6    5.5  194.0   70.5  444.0
2018  88  3 29 0100  -22.9  993.3    6.1  192.0   70.0  444.0
2018  88  3 29 0200  -20.8  993.0    8.2  181.0   71.0  444.0
2018  88  3 29 0300  -20.6  993.0    7.1  190.0   72.0  444.0
2018  88  3 29 0400  -21.0  993.0    7.1  182.0   76.0  444.0
2018  88  3 29 0500  -20.5  992.8    9.9  178.0   79.0  444.0
2018  88  3 29 0600  -21.2  992.7    7.9  193.0   79.0  444.0
2018  88  3 29 0700  -21.7  992.9    6.8  178.0   80.0  444.0
2018  88  3 29 0800  -20.8  992.9    7.3  171.0   80.0  444.0
2018  88  3 29 0900  -21.1  993.1    6.5  171.0   80.0  444.0
2018  88  3 29 1000  -21.5  993.3    6.0  166.0   79.0  444.0
2018  88  3 29 1100  -21.5  993.5    6.3  179.0   79.0  444.0
2018  88  3 29 1200  -23.8  993.5    5.3  194.0   79.9  444.0
2018  88  3 29 1300  -24.5  993.4    5.6  196.0   79.0  444.0
2018  88  3 29 1400  -19.4  992.8    9.6  168.0   77.0  444.0
2018  88  3 29 1500  -20.0  993.1    7.6  172.0   76.0  444.0
2018  88  3 29 1600  -20.4  993.0    6.6  177.0   75.0  444.0
2018  88  3 29 1700  -23.1  993.2    5.5  184.0   77.3  444.0
2018  88  3 29 1800  -23.2  993.1    4.6  177.0   79.0  444.0
2018  88  3 29 1900  -21.6  992.6    6.2  178.0   79.0  444.0
2018  88  3 29 2000  -23.3  993.1    2.3  192.0   78.0  444.0
2018  88  3 29 2100  -23.3  993.1    2.8  205.0   78.0  444.0
2018  88  3 29 2200  -21.9  992.7    5.0  172.0   76.0  444.0
2018  88  3 29 2300  -21.4  992.7    5.1  171.0   74.0  444.0
2018  89  3 30 0000  -23.8  993.0    4.2  192.0   75.0  444.0
2018  89  3 30 0100  -23.9  993.0    4.7  190.0   74.1  444.0
2018  89  3 30 0200  -24.9  992.9    4.7  198.0   74.0  444.0
2018  89  3 30 0300  -24.9  992.7    4.9  194.0   74.0  444.0
2018  89  3 30 0400  -24.2  992.9    4.9  190.0   73.0  444.0
2018  89  3 30 0500  -26.2  993.0    3.8  201.0   74.0  444.0
2018  89  3 30 0600  -27.2  993.0    3.8  195.0   75.0  444.0
2018  89  3 30 0700  -26.9  992.7    3.6  212.0   74.0  444.0
2018  89  3 30 0800  -28.0  992.9    5.0  209.0   74.0  444.0
2018  89  3 30 0900  -27.8  992.9    4.1  206.0   73.0  444.0
2018  89  3 30 1000  -28.4  992.7    4.3  210.0   74.0  444.0
2018  89  3 30 1100  -28.8  992.4    4.0  206.0   74.0  444.0
2018  89  3 30 1200  -28.3  992.4    5.0  214.0   74.0  444.0
2018  89  3 30 1300  -26.2  992.2    4.8  188.0   72.0  444.0
2018  89  3 30 1400  -25.3  992.2    6.2  196.0   72.0  444.0
2018  89  3 30 1500  -24.3  991.9    7.5  197.0   71.0  444.0
2018  89  3 30 1600  -25.6  992.0    6.3  196.0   72.0  444.0
2018  89  3 30 1700  -25.7  991.7    5.8  196.0   73.0  444.0
2018  89  3 30 1800  -24.0  991.8    7.7  196.0   73.2  444.0
2018  89  3 30 1900  -23.8  991.9    8.5  188.0   74.3  444.0
2018  89  3 30 2000  -22.4  992.0    7.9  185.0   74.0  444.0
2018  89  3 30 2100  -20.3  991.7    8.6  183.0   72.0  444.0
2018  89  3 30 2200  -20.8  992.2    7.4  183.0   75.0  444.0
2018  89  3 30 2300  -22.3  992.2    6.0  192.0   76.6  444.0
2018  90  3 31 0000  -21.2  992.3    5.2  190.0   76.0  444.0
2018  90  3 31 0100  -21.5  992.4    6.2  197.0   80.0  444.0
2018  90  3 31 0200  -21.4  992.5    6.0  187.0   79.0  444.0
2018  90  3 31 0300  -21.2  992.8    5.2  175.0   79.0  444.0
2018  90  3 31 0400  -23.0  992.9    4.8  187.0   79.9  444.0
2018  90  3 31 0500  -21.7  993.0    4.7  172.0   81.0  444.0
2018  90  3 31 0600  -21.0  993.3    6.0  174.0   79.0  444.0
2018  90  3 31 0700  -21.0  993.5    6.0  170.0   78.9  444.0
2018  90  3 31 0800  -20.2  993.8    5.7  165.0   78.0  444.0
2018  90  3 31 0900  -21.0  993.9    6.0  162.0   80.0  444.0
2018  90  3 31 1000  -22.1  994.3    5.0  178.0   79.0  444.0
2018  90  3 31 1100  -24.8  994.4    4.7  178.0   80.0  444.0
2018  90  3 31 1200  -25.4  994.5    5.3  187.0   79.2  444.0
2018  90  3 31 1300  -25.6  994.5    5.0  197.0   79.0  444.0
2018  90  3 31 1400  -25.0  994.9    4.6  182.0   79.0  444.0
2018  90  3 31 1500  -23.9  994.9    5.2  155.0   81.0  444.0
2018  90  3 31 1600  -23.5  995.1    4.1  176.0   79.7  444.0
2018  90  3 31 1700  -25.7  995.1    3.1  183.0   77.9  444.0
2018  90  3 31 1800  -24.8  995.3    2.9  177.0   78.0  444.0
2018  90  3 31 1900  -26.3  995.3    3.2  201.0   77.0  444.0
2018  90  3 31 2000  -23.7  995.3    4.5  196.0   80.0  444.0
2018  90  3 31 2100  -21.6  995.1    5.1  200.0   80.9  444.0
2018  90  3 31 2200  -20.2  995.1    5.3  187.0   80.9  444.0
2018  90  3 31 2300  -22.8  995.0    4.5  192.0   79.0  444.0
