Year: 2019  Month: 04  ID: LET  ARGOS:  8928  Name: Lettau              
Lat: 82.49S  Lon: 174.58W  Elev:   39m
2019  91  4  1 0000  -37.8  979.9    2.1  212.0   67.4  444.0
2019  91  4  1 0100  -39.3  979.5    2.8  237.0   66.8  444.0
2019  91  4  1 0200  -39.2  979.3    2.9  209.0   67.0  444.0
2019  91  4  1 0300  -37.3  979.3    3.4  204.0   68.0  444.0
2019  91  4  1 0400  -38.4  979.0    2.5  219.0   68.0  444.0
2019  91  4  1 0500  -39.5  978.9    2.0  207.0   68.0  444.0
2019  91  4  1 0600  -40.4  978.9    2.4  243.0   68.0  444.0
2019  91  4  1 0700  -38.6  978.9    2.6  221.0   68.0  444.0
2019  91  4  1 0800  -36.4  978.8    2.1  199.0   68.0  444.0
2019  91  4  1 0900  -39.9  978.3    1.9  232.0   67.0  444.0
2019  91  4  1 1000  -39.5  978.3    1.7  256.0   67.4  444.0
2019  91  4  1 1100  -39.3  978.0    1.7  251.0   68.0  444.0
2019  91  4  1 1200  -39.4  978.0    1.9  250.0   68.0  444.0
2019  91  4  1 1300  -40.4  977.8    1.2  152.0   67.0  444.0
2019  91  4  1 1400  -40.5  977.6    1.3  242.0   67.4  444.0
2019  91  4  1 1500  -39.5  977.1    2.3  214.0   68.2  444.0
2019  91  4  1 1600  -39.9  976.7    1.4  217.0   68.0  444.0
2019  91  4  1 1700  -39.5  976.7    2.7  212.0   68.0  444.0
2019  91  4  1 1800  -40.3  976.8    3.3  193.0   68.0  444.0
2019  91  4  1 1900  -40.7  976.6    3.2  202.0   67.4  444.0
2019  91  4  1 2000  -41.4  976.4    3.3  211.0   67.0  444.0
2019  91  4  1 2100  -41.7  976.5    2.6  186.0   66.0  444.0
2019  91  4  1 2200  -42.3  976.3    2.0  180.0   66.0  444.0
2019  91  4  1 2300  -42.4  976.4    2.8  153.0   65.0  444.0
2019  92  4  2 0000  -43.1  976.3    2.5  159.0   65.3  444.0
2019  92  4  2 0100  -43.6  976.0    3.5  163.0   65.0  444.0
2019  92  4  2 0200  -43.9  976.1    2.8  171.0   65.0  444.0
2019  92  4  2 0300  -43.6  975.7    3.5  186.0   65.1  444.0
2019  92  4  2 0400  -45.2  975.7    3.0  194.0   65.0  444.0
2019  92  4  2 0500  -45.2  975.4    2.9  193.0   65.0  444.0
2019  92  4  2 0600  -45.4  975.5    3.4  175.0   65.0  444.0
2019  92  4  2 0700  -46.2  975.6    2.8  189.0   65.0  444.0
2019  92  4  2 0800  -46.3  975.6    3.6  186.0   64.8  444.0
2019  92  4  2 0900  -46.7  975.9    2.6  178.0   65.0  444.0
2019  92  4  2 1000  -46.1  976.1    3.2  159.0   65.0  444.0
2019  92  4  2 1100  -46.7  976.0    3.3  188.0   65.0  444.0
2019  92  4  2 1200  -46.9  976.0    3.6  189.0   64.0  444.0
2019  92  4  2 1300  -46.4  976.0    4.2  185.0   65.0  444.0
2019  92  4  2 1400  -45.8  976.0    4.6  190.0   65.0  444.0
2019  92  4  2 1500  -45.2  975.9    3.5  200.0   65.0  444.0
2019  92  4  2 1600  -44.5  976.0    4.5  196.0   65.3  444.0
2019  92  4  2 1700  -45.6  976.0    3.1  207.0   65.0  444.0
2019  92  4  2 1800  -44.5  975.8    3.9  194.0   69.0  444.0
2019  92  4  2 1900  -43.8  975.8    4.2  206.0   66.0  444.0
2019  92  4  2 2000  -44.0  976.2    3.6  199.0   66.0  444.0
2019  92  4  2 2100  -43.5  976.4    4.0  200.0   65.0  444.0
2019  92  4  2 2200  -43.0  976.5    3.5  197.0   65.0  444.0
2019  92  4  2 2300  -42.4  976.7    3.2  207.0   65.0  444.0
2019  93  4  3 0000  -39.5  976.9    5.7  203.0   66.0  444.0
2019  93  4  3 0100  -41.6  977.1    4.0  217.0   65.0  444.0
2019  93  4  3 0200  -41.5  977.0    3.5  198.0   66.0  444.0
2019  93  4  3 0300  -40.0  977.0    4.9  216.0   67.0  444.0
2019  93  4  3 0400  -41.1  977.3    4.6  221.0   67.0  444.0
2019  93  4  3 0500  -41.9  977.6    3.0  216.0   66.4  444.0
2019  93  4  3 0600  -42.1  977.5    3.5  216.0   67.0  444.0
2019  93  4  3 0700  -43.6  978.0    0.7  159.0   65.6  444.0
2019  93  4  3 0800  -42.4  977.9    1.6  278.0   66.0  444.0
2019  93  4  3 0900  -42.1  978.1    3.3  235.0   67.0  444.0
2019  93  4  3 1000  -42.9  978.5    2.3  219.0   65.9  444.0
2019  93  4  3 1100  -42.5  978.5    1.4  237.0   66.0  444.0
2019  93  4  3 1200  -42.2  978.7    2.8  264.0   65.8  444.0
2019  93  4  3 1300  -42.0  979.0    2.4  252.0   66.0  444.0
2019  93  4  3 1400  -41.4  979.1    2.2  273.0   66.0  444.0
2019  93  4  3 1500  -43.8  979.7    1.8  332.0   65.2  444.0
2019  93  4  3 1600  -43.0  980.2    1.8  342.0   65.0  444.0
2019  93  4  3 1700  -44.8  980.5    2.4  333.0   64.8  444.0
2019  93  4  3 1800  -45.5  981.2    2.2  337.0   65.0  444.0
2019  93  4  3 1900  -45.4  981.8    2.2  346.0   65.0  444.0
2019  93  4  3 2000  -45.3  982.2    2.5  337.0   65.0  444.0
2019  93  4  3 2100  -44.0  983.0    1.5  341.0   65.5  444.0
2019  93  4  3 2200  -43.8  983.6    1.9  347.0   65.0  444.0
2019  93  4  3 2300  -43.5  984.0    1.9  327.0   65.0  444.0
2019  94  4  4 0000  -43.6  984.4    1.6  320.0   65.0  444.0
2019  94  4  4 0100  -43.9  984.2    2.4  301.0   64.9  444.0
2019  94  4  4 0200  -42.8  984.4    0.7  313.0   65.0  444.0
2019  94  4  4 0300  -42.5  984.0    2.1  249.0   65.0  444.0
2019  94  4  4 0400  -43.0  984.0    2.3  255.0   65.0  444.0
2019  94  4  4 0500  -44.7  983.7    2.1  255.0   64.5  444.0
2019  94  4  4 0600  -44.9  983.4    2.6  234.0   65.0  444.0
2019  94  4  4 0700  -46.2  982.8    2.0  239.0   64.0  444.0
2019  94  4  4 0800  -46.5  982.8    2.5  226.0   64.0  444.0
2019  94  4  4 0900  -46.3  982.4    3.3  204.0   64.3  444.0
2019  94  4  4 1000  -46.8  981.9    2.7  156.0   63.9  444.0
2019  94  4  4 1100  -47.9  981.5    2.6  150.0   64.0  444.0
2019  94  4  4 1200  -49.2  981.0    2.4  149.0   63.0  444.0
2019  94  4  4 1300  -49.5  980.4    2.3  134.0   63.0  444.0
2019  94  4  4 1400  -49.7  980.1    1.8  141.0   62.9  444.0
2019  94  4  4 1500  -50.0  979.5    1.8  163.0   62.7  444.0
2019  94  4  4 1600  -50.3  979.1    2.4  176.0   63.0  444.0
2019  94  4  4 1700  -50.0  978.5    2.4  211.0   63.0  444.0
2019  94  4  4 1800  -50.9  978.2    1.4  196.0   62.5  444.0
2019  94  4  4 1900  -51.3  977.7    2.1  234.0   62.0  444.0
2019  94  4  4 2000  -51.3  977.3    1.4  246.0   62.0  444.0
2019  94  4  4 2100  -51.0  976.7    2.5  223.0   62.0  444.0
2019  94  4  4 2200  -50.6  976.3    2.2  232.0   62.0  444.0
2019  94  4  4 2300  -50.6  976.1    3.2  250.0   61.6  444.0
2019  95  4  5 0000  -49.8  975.5    2.5  250.0   62.0  444.0
2019  95  4  5 0100  -50.0  975.0    2.3  268.0   61.0  444.0
2019  95  4  5 0200  -49.9  974.6    2.2  284.0   61.0  444.0
2019  95  4  5 0300  -48.8  974.0    2.5  296.0   62.2  444.0
2019  95  4  5 0400  -45.9  973.4    2.1  216.0   64.0  444.0
2019  95  4  5 0500  -45.1  973.1    2.1  237.0   64.0  444.0
2019  95  4  5 0600  -44.3  972.8    2.6  218.0   65.0  444.0
2019  95  4  5 0700  -43.5  972.4    2.1  211.0   65.0  444.0
2019  95  4  5 0800  -40.5  971.7    5.5  236.0   66.9  444.0
2019  95  4  5 0900  -40.6  971.6    4.8  229.0   67.0  444.0
2019  95  4  5 1000  -40.9  971.0    5.6  228.0   67.0  444.0
2019  95  4  5 1100  -40.7  970.6    5.0  230.0   67.0  444.0
2019  95  4  5 1200  -40.5  970.2    4.4  238.0   67.0  444.0
2019  95  4  5 1300  -39.9  969.5    4.9  245.0   67.4  444.0
2019  95  4  5 1400  -39.5  968.9    5.3  252.0   68.0  444.0
2019  95  4  5 1500  -38.9  968.2    4.0  254.0   68.0  444.0
2019  95  4  5 1600  -37.1  967.4    4.9  257.0   69.0  444.0
2019  95  4  5 1700  -35.8  967.1    4.9  259.0   70.0  444.0
2019  95  4  5 1800  -36.0  966.9    3.6  252.0   69.2  444.0
2019  95  4  5 1900  -35.8  966.9    3.6  239.0   69.0  444.0
2019  95  4  5 2000  -34.9  966.8    2.9  225.0   69.0  444.0
2019  95  4  5 2100  -35.5  967.1    2.8  228.0   69.0  444.0
2019  95  4  5 2200  -36.2  967.5    2.9  200.0   69.0  444.0
2019  95  4  5 2300  -38.0  967.9    2.5  172.0   68.0  444.0
2019  96  4  6 0000  -38.0  968.3    3.4  157.0   68.0  444.0
2019  96  4  6 0100  -38.5  968.9    3.6  153.0   67.9  444.0
2019  96  4  6 0200  -39.4  969.2    3.2  155.0   67.0  444.0
2019  96  4  6 0300  -39.3  969.3    3.7  140.0   68.0  444.0
2019  96  4  6 0400  -39.3  970.1    3.6  138.0   68.0  444.0
2019  96  4  6 0500  -39.3  970.4    3.3  145.0   68.0  444.0
2019  96  4  6 0600  -38.6  970.9    3.2  141.0   68.5  444.0
2019  96  4  6 0700  -37.8  971.2    3.1  147.0   69.0  444.0
2019  96  4  6 0800  -36.7  971.4    2.7  160.0   69.0  444.0
2019  96  4  6 0900  -35.7  971.6    2.4  181.0   70.1  444.0
2019  96  4  6 1000  -35.0  971.8    1.9  196.0   70.0  444.0
2019  96  4  6 1100  -35.6  971.8    2.2  222.0   70.1  444.0
2019  96  4  6 1200  -33.7  972.0    2.2  175.0   71.0  444.0
2019  96  4  6 1300  -33.8  972.6    2.9  143.0   71.0  444.0
2019  96  4  6 1400  -34.3  972.8    1.5  122.0   71.0  444.0
2019  96  4  6 1500  -33.6  973.3    0.5   62.0   71.0  444.0
2019  96  4  6 1600  -32.8  973.4    0.4   63.0   71.8  444.0
2019  96  4  6 1700  -31.4  973.6    3.2  170.0   73.0  444.0
2019  96  4  6 1800  -29.6  974.0    4.3  149.0   74.0  444.0
2019  96  4  6 1900  -30.1  974.4    5.2  140.0   74.0  444.0
2019  96  4  6 2000  -30.3  975.1    4.6  136.0   74.0  444.0
2019  96  4  6 2100  -31.8  975.8    1.7  132.0   72.4  444.0
2019  96  4  6 2200  -30.3  975.9    2.4  152.0   74.0  444.0
2019  96  4  6 2300  -28.4  976.3    2.6  178.0   74.0  444.0
2019  97  4  7 0000  -27.6  976.6    4.0  152.0   75.0  444.0
2019  97  4  7 0100  -26.0  976.4    4.3  153.0   76.0  444.0
2019  97  4  7 0200  -26.6  976.0    3.7  157.0   76.0  444.0
2019  97  4  7 0300  -26.6  975.8    5.5  128.0   76.0  444.0
2019  97  4  7 0400  -27.7  976.3    6.3  135.0   75.8  444.0
2019  97  4  7 0500  -28.7  977.0    5.7  128.0   75.2  444.0
2019  97  4  7 0600  -28.8  977.2    6.1  121.0   75.0  444.0
2019  97  4  7 0700  -30.0  978.1    2.8  181.0   74.0  444.0
2019  97  4  7 0800  -31.0  978.0    4.2  181.0   74.0  444.0
2019  97  4  7 0900  -30.8  977.7    4.1  139.0   73.7  444.0
2019  97  4  7 1000  -31.8  978.7    3.4  160.0   73.0  444.0
2019  97  4  7 1100  -32.7  979.1    4.4  144.0   72.0  444.0
2019  97  4  7 1200  -34.4  979.4    3.4  144.0   71.0  444.0
2019  97  4  7 1300  -34.2  979.7    3.2  120.0   72.0  444.0
2019  97  4  7 1400  -34.6  980.0    3.1  117.0   71.7  444.0
2019  97  4  7 1500  -34.7  980.3    3.1   94.0   72.0  444.0
2019  97  4  7 1600  -34.7  980.8    3.0   24.0   72.0  444.0
2019  97  4  7 1700  -35.0  981.4    1.9   83.0   71.0  444.0
2019  97  4  7 1800  -35.4  981.7    1.0  109.0   71.0  444.0
2019  97  4  7 1900  -35.8  981.9    1.9  109.0   70.6  444.0
2019  97  4  7 2000  -36.6  982.7    2.3  144.0   71.0  444.0
2019  97  4  7 2100  -35.0  983.3    3.2  128.0   72.0  444.0
2019  97  4  7 2200  -33.4  983.6    4.2  132.0   72.3  444.0
2019  97  4  7 2300  -32.0  984.1    3.4  132.0   73.0  444.0
2019  98  4  8 0000  -30.9  984.8    3.4  157.0   74.0  444.0
2019  98  4  8 0100  -30.4  985.0    3.0  169.0   74.0  444.0
2019  98  4  8 0200  -29.8  985.2    2.7  154.0   75.0  444.0
2019  98  4  8 0300  -29.5  985.6    1.9  165.0   74.8  444.0
2019  98  4  8 0400  -29.2  985.8    1.9  168.0   79.0  444.0
2019  98  4  8 0500  -28.9  986.3    2.0  189.0   75.0  444.0
2019  98  4  8 0600  -28.8  986.7    2.0  192.0   75.5  444.0
2019  98  4  8 0700  -28.7  986.9    0.8  186.0   75.0  444.0
2019  98  4  8 0800  -28.5  987.1    2.2  204.0   76.0  444.0
2019  98  4  8 0900  -28.3  987.3    1.8  213.0   76.0  444.0
2019  98  4  8 1000  -28.2  987.6    1.2  230.0   76.0  444.0
2019  98  4  8 1100  -28.1  988.0    1.3  238.0   76.0  444.0
2019  98  4  8 1200  -28.1  988.1    1.5  260.0   76.2  444.0
2019  98  4  8 1300  -28.0  988.2    1.8  272.0   76.0  444.0
2019  98  4  8 1400  -32.4  988.6    0.4  183.0   75.0  444.0
2019  98  4  8 1500  -32.9  988.6    1.2  184.0   73.0  444.0
2019  98  4  8 1600  -33.7  988.7    1.0   97.0   72.0  444.0
2019  98  4  8 1700  -35.0  989.0    0.0    0.0   72.0  444.0
2019  98  4  8 1800  -34.2  989.0    0.5   56.0   72.0  444.0
2019  98  4  8 1900  -35.3  989.2    0.8  292.0   71.0  444.0
2019  98  4  8 2000  -36.8  989.2    0.1  205.0   70.0  444.0
2019  98  4  8 2100  -36.8  989.1    0.6  230.0   71.0  444.0
2019  98  4  8 2200  -36.0  988.9    0.0    0.0   71.0  444.0
2019  98  4  8 2300  -35.5  989.1    0.7    2.0   71.0  444.0
2019  99  4  9 0000  -35.4  989.2    0.5  356.0   71.0  444.0
2019  99  4  9 0100  -35.1  989.4    0.2   40.0   71.0  444.0
2019  99  4  9 0200  -35.0  989.1    0.9   46.0   72.0  444.0
2019  99  4  9 0300  -34.7  988.9    1.1   28.0   72.0  444.0
2019  99  4  9 0400  -34.9  989.0    1.1  333.0   71.5  444.0
2019  99  4  9 0500  -34.5  988.8    1.5   26.0   72.0  444.0
2019  99  4  9 0600  -34.2  988.6    1.7   23.0   72.0  444.0
2019  99  4  9 0700  -33.4  988.6    1.7   44.0   72.0  444.0
2019  99  4  9 0800  -32.8  988.5    1.9   49.0   73.0  444.0
2019  99  4  9 0900  -32.2  988.5    1.5   78.0   73.3  444.0
2019  99  4  9 1000  -31.9  988.3    1.1   40.0   73.0  444.0
2019  99  4  9 1100  -31.5  988.4    0.7   62.0   74.0  444.0
2019  99  4  9 1200  -31.3  988.3    0.6  111.0   74.0  444.0
2019  99  4  9 1300  -31.0  988.1    0.2  183.0   74.0  444.0
2019  99  4  9 1400  -30.8  987.6    0.7  270.0   74.2  444.0
2019  99  4  9 1500  -30.6  987.2    1.7  203.0   74.0  444.0
2019  99  4  9 1600  -29.9  987.3    1.2  208.0   75.0  444.0
2019  99  4  9 1700  -29.4  986.8    1.6  232.0   75.0  444.0
2019  99  4  9 1800  -29.3  986.5    1.7  258.0   75.0  444.0
2019  99  4  9 1900  -29.3  986.1    2.4  227.0   75.2  444.0
2019  99  4  9 2000  -31.1  985.8    2.3  244.0   74.0  444.0
2019  99  4  9 2100  -32.9  985.3    2.5  238.0   73.0  444.0
2019  99  4  9 2200  -34.5  985.0    1.9  228.0   72.0  444.0
2019  99  4  9 2300  -35.8  984.5    1.4  247.0   71.0  444.0
2019 100  4 10 0000  -35.2  984.2    1.7  233.0   71.0  444.0
2019 100  4 10 0100  -36.6  983.5    1.8  276.0   69.0  444.0
2019 100  4 10 0200  -37.5  983.0    1.5  265.0   69.0  444.0
2019 100  4 10 0300  -39.2  982.3    1.4  263.0   69.0  444.0
2019 100  4 10 0400  -38.4  981.9    1.7  268.0   69.0  444.0
2019 100  4 10 0500  -34.8  981.4    3.1  230.0   71.0  444.0
2019 100  4 10 0600  -34.0  980.9    4.8  239.0   72.0  444.0
2019 100  4 10 0700  -35.1  980.8    3.3  226.0   71.2  444.0
2019 100  4 10 0800  -34.3  980.4    4.0  238.0   72.0  444.0
2019 100  4 10 0900  -34.7  979.7    3.9  243.0   71.5  444.0
2019 100  4 10 1000  -33.1  979.3    4.6  237.0   72.0  444.0
2019 100  4 10 1100  -33.3  979.4    5.3  233.0   72.0  444.0
2019 100  4 10 1200  -32.0  978.7    6.0  245.0   73.3  444.0
2019 100  4 10 1300  -30.1  978.7    3.4  233.0   74.0  444.0
2019 100  4 10 1400  -29.5  978.2    3.6  244.0   75.0  444.0
2019 100  4 10 1500  -27.6  977.4    3.3  238.0   76.0  444.0
2019 100  4 10 1600  -24.8  977.0    3.3  221.0   78.0  444.0
2019 100  4 10 1700  -22.9  976.8    3.4  208.0   79.7  444.0
2019 100  4 10 1800  -23.3  976.4    3.9  225.0   78.0  444.0
2019 100  4 10 1900  -24.6  976.4    4.2  202.0   78.0  444.0
2019 100  4 10 2000  -25.2  976.3    4.6  182.0   78.0  444.0
2019 100  4 10 2100  -26.3  976.2    3.0  175.0   77.0  444.0
2019 100  4 10 2200  -33.6  977.2    8.5  127.0   72.0  444.0
2019 100  4 10 2300  -35.4  977.8    8.2  152.0   72.0  444.0
2019 101  4 11 0000  -34.2  978.0    6.9  160.0   73.0  444.0
2019 101  4 11 0100  -34.0  977.8    9.2  159.0   72.0  444.0
2019 101  4 11 0200  -35.4  977.8    5.8  167.0   71.4  444.0
2019 101  4 11 0300  -35.2  977.6    4.5  160.0   72.0  444.0
2019 101  4 11 0400  -39.2  977.5    7.1  147.0   69.0  444.0
2019 101  4 11 0500  -40.5  977.4    8.2  151.0   68.6  444.0
2019 101  4 11 0600  -41.0  977.8    5.5  147.0   68.4  444.0
2019 101  4 11 0700  -40.9  977.8    5.2  155.0   68.4  444.0
2019 101  4 11 0800  -40.3  977.9    4.5  155.0   69.0  444.0
2019 101  4 11 0900  -41.4  977.7    2.6  182.0   68.0  444.0
2019 101  4 11 1000  -41.2  977.7    2.3  174.0   67.8  444.0
2019 101  4 11 1100  -41.2  977.5    2.0  181.0   67.6  444.0
2019 101  4 11 1200  -41.3  977.2    2.3  214.0   68.0  444.0
2019 101  4 11 1300  -41.7  977.3    2.6  196.0   68.0  444.0
2019 101  4 11 1400  -41.6  977.2    1.6  198.0   68.0  444.0
2019 101  4 11 1500  -41.2  976.8    2.3  194.0   67.7  444.0
2019 101  4 11 1600  -40.0  976.6    2.5  191.0   68.5  444.0
2019 101  4 11 1700  -39.4  976.5    1.5  192.0   69.0  444.0
2019 101  4 11 1800  -38.3  976.1    1.5  151.0   69.0  444.0
2019 101  4 11 1900  -38.9  976.2    1.1  122.0   69.0  444.0
2019 101  4 11 2000  -39.6  976.3    1.2  122.0   68.2  444.0
2019 101  4 11 2100  -40.5  976.3    0.1  122.0   67.0  444.0
2019 101  4 11 2200  -41.8  976.4    0.0    0.0   67.0  444.0
2019 101  4 11 2300  -42.4  976.7    1.8  227.0   67.0  444.0
2019 102  4 12 0000  -41.4  976.9    1.4  187.0   67.0  444.0
2019 102  4 12 0100  -42.6  976.8  444.0  444.0   66.5  444.0
2019 102  4 12 0200  -41.0  976.6  444.0  444.0   67.0  444.0
2019 102  4 12 0300  -40.9  976.5  444.0  444.0   68.0  444.0
2019 102  4 12 0400  -41.0  976.4  444.0  444.0   67.7  444.0
2019 102  4 12 0500  -41.4  976.2  444.0  444.0   67.0  444.0
2019 102  4 12 0600  -41.5  976.1  444.0  444.0   67.0  444.0
2019 102  4 12 0700  -40.6  976.3  444.0  444.0   67.0  444.0
2019 102  4 12 0800  -42.7  976.1  444.0  444.0   66.4  444.0
2019 102  4 12 0900  -43.8  976.4  444.0  444.0   66.2  444.0
2019 102  4 12 1000  -43.4  976.7  444.0  444.0   66.0  444.0
2019 102  4 12 1100  -42.9  977.0  444.0  444.0   66.0  444.0
2019 102  4 12 1200  -43.0  977.4    2.1  143.0   67.0  444.0
2019 102  4 12 1300  -43.2  977.9    4.0  163.0   66.7  444.0
2019 102  4 12 1400  -43.0  977.8    4.0  141.0   67.0  444.0
2019 102  4 12 1500  -42.6  978.0    3.7  141.0   67.0  444.0
2019 102  4 12 1600  -43.0  977.7    3.8  152.0   67.0  444.0
2019 102  4 12 1700  -42.8  977.6    4.2  145.0   67.0  444.0
2019 102  4 12 1800  -42.9  977.5    3.6  158.0   66.8  444.0
2019 102  4 12 1900  -42.9  977.4    3.9  157.0   67.0  444.0
2019 102  4 12 2000  -43.3  977.1    3.8  148.0   67.0  444.0
2019 102  4 12 2100  -43.5  977.1    3.3  145.0   66.0  444.0
2019 102  4 12 2200  -43.6  976.6    3.2  134.0   66.3  444.0
2019 102  4 12 2300  -44.1  976.8    3.8  149.0   66.0  444.0
2019 103  4 13 0000  -44.4  976.6    3.9  156.0   66.0  444.0
2019 103  4 13 0100  -42.6  976.6    4.0  162.0   67.0  444.0
2019 103  4 13 0200  -40.2  976.1    4.5  152.0   68.0  444.0
2019 103  4 13 0300  -39.8  975.7    4.0  164.0   68.0  444.0
2019 103  4 13 0400  -39.6  975.3    3.3  183.0   69.0  444.0
2019 103  4 13 0500  -40.3  975.1    4.2  188.0   68.0  444.0
2019 103  4 13 0600  -41.7  974.6    2.5  222.0   67.0  444.0
2019 103  4 13 0700  -42.6  974.1    3.2  212.0   67.0  444.0
2019 103  4 13 0800  -42.5  973.4    2.7  221.0   67.0  444.0
2019 103  4 13 0900  -41.0  972.8    2.8  230.0   68.0  444.0
2019 103  4 13 1000  -42.5  972.2    3.4  216.0   67.0  444.0
2019 103  4 13 1100  -43.4  972.1    1.5  199.0   66.0  444.0
2019 103  4 13 1200  -44.3  971.9    1.2  228.0   66.0  444.0
2019 103  4 13 1300  -44.6  971.5    1.2  248.0   66.0  444.0
2019 103  4 13 1400  -44.2  970.9    1.2  245.0   66.0  444.0
2019 103  4 13 1500  -42.8  970.6    0.9  262.0   66.0  444.0
2019 103  4 13 1600  -43.5  970.1    1.3  298.0   66.0  444.0
2019 103  4 13 1700  -44.6  969.7    1.4  305.0   65.0  444.0
2019 103  4 13 1800  -44.8  969.3    1.5  294.0   66.0  444.0
2019 103  4 13 1900  -44.0  969.0    1.5  296.0   66.0  444.0
2019 103  4 13 2000  -44.5  969.2    1.5  322.0   65.0  444.0
2019 103  4 13 2100  -44.3  969.3    1.3  282.0   66.0  444.0
2019 103  4 13 2200  -43.6  969.8    0.8  230.0   65.8  444.0
2019 103  4 13 2300  -43.3  970.0    1.4  207.0   66.0  444.0
2019 104  4 14 0000  -44.7  970.5    1.3  215.0   65.0  444.0
2019 104  4 14 0100  -43.3  970.7    1.4  210.0   66.0  444.0
2019 104  4 14 0200  -43.2  970.6    1.0  244.0   66.0  444.0
2019 104  4 14 0300  -43.1  970.7    1.2  235.0   66.0  444.0
2019 104  4 14 0400  -42.2  970.8    1.9  222.0   67.0  444.0
2019 104  4 14 0500  -41.3  971.3    2.2  177.0   67.0  444.0
2019 104  4 14 0600  -42.9  971.8    2.3  158.0   66.4  444.0
2019 104  4 14 0700  -44.7  972.7    1.6  159.0   66.0  444.0
2019 104  4 14 0800  -45.4  973.2    2.3  137.0   65.0  444.0
2019 104  4 14 0900  -46.4  973.7    1.4  134.0   65.0  444.0
2019 104  4 14 1000  -46.9  974.4    1.4  168.0   64.0  444.0
2019 104  4 14 1100  -46.4  974.7    1.3  143.0   64.7  444.0
2019 104  4 14 1200  -46.4  975.3    1.7  156.0   65.0  444.0
2019 104  4 14 1300  -47.0  976.0    1.8  149.0   64.0  444.0
2019 104  4 14 1400  -47.0  976.5    2.3  141.0   64.0  444.0
2019 104  4 14 1500  -47.2  977.3    2.7  131.0   64.0  444.0
2019 104  4 14 1600  -46.2  977.9    2.7  120.0   65.0  444.0
2019 104  4 14 1700  -45.8  978.7    2.6  141.0   65.0  444.0
2019 104  4 14 1800  -45.8  979.7    2.5  143.0   65.0  444.0
2019 104  4 14 1900  -45.6  980.7    2.4  149.0   65.0  444.0
2019 104  4 14 2000  -45.8  981.2    2.3  147.0   65.0  444.0
2019 104  4 14 2100  -45.5  981.8    2.2  139.0   65.0  444.0
2019 104  4 14 2200  -44.3  982.5    2.2  147.0   66.0  444.0
2019 104  4 14 2300  -43.3  983.0    2.6  141.0   66.0  444.0
2019 105  4 15 0000  -42.2  983.9    2.6  134.0   67.0  444.0
2019 105  4 15 0100  -41.3  984.3    2.1  139.0   67.1  444.0
2019 105  4 15 0200  -40.8  984.6    1.6  152.0   67.0  444.0
2019 105  4 15 0300  -40.1  984.7    1.5  178.0   68.0  444.0
2019 105  4 15 0400  -38.5  984.9    1.4  166.0   68.6  444.0
2019 105  4 15 0500  -38.3  984.9    1.2  184.0   69.0  444.0
2019 105  4 15 0600  -37.9  984.7    1.1  187.0   69.0  444.0
2019 105  4 15 0700  -37.3  984.6    1.3  208.0   69.0  444.0
2019 105  4 15 0800  -36.4  984.2    1.4  225.0   70.0  444.0
2019 105  4 15 0900  -35.2  983.5    2.2  227.0   70.6  444.0
2019 105  4 15 1000  -34.2  983.0    3.0  223.0   71.0  444.0
2019 105  4 15 1100  -33.1  982.5    2.7  200.0   72.0  444.0
2019 105  4 15 1200  -32.5  982.1    2.9  155.0   71.8  444.0
2019 105  4 15 1300  -34.1  982.0    2.3  184.0   71.0  444.0
2019 105  4 15 1400  -31.7  981.9    2.9  179.0   72.5  444.0
2019 105  4 15 1500  -31.6  981.8    3.6  182.0   73.0  444.0
2019 105  4 15 1600  -32.9  981.4    3.7  176.0   72.0  444.0
2019 105  4 15 1700  -33.2  981.2    3.6  185.0   72.0  444.0
2019 105  4 15 1800  -34.1  981.0    3.1  194.0   71.0  444.0
2019 105  4 15 1900  -33.9  981.2    2.8  184.0   71.0  444.0
2019 105  4 15 2000  -31.7  981.1    3.5  169.0   72.0  444.0
2019 105  4 15 2100  -34.2  981.0    3.4  196.0   71.0  444.0
2019 105  4 15 2200  -30.6  981.2    4.2  175.0   73.0  444.0
2019 105  4 15 2300  -33.8  981.7    3.2  183.0   71.0  444.0
2019 106  4 16 0000  -31.1  981.8    4.6  167.0   74.0  444.0
2019 106  4 16 0100  -34.1  981.9    3.8  188.0   71.0  444.0
2019 106  4 16 0200  -33.3  981.6    4.7  165.0   72.0  444.0
2019 106  4 16 0300  -34.3  981.7    5.8  151.0   71.0  444.0
2019 106  4 16 0400  -37.3  982.7    5.7  149.0   70.0  444.0
2019 106  4 16 0500  -39.1  983.5    6.4  139.0   69.0  444.0
2019 106  4 16 0600  -40.7  984.0    5.3  127.0   68.0  444.0
2019 106  4 16 0700  -41.2  984.9    4.2  144.0   68.0  444.0
2019 106  4 16 0800  -41.3  985.6    3.6  152.0   68.0  444.0
2019 106  4 16 0900  -41.8  986.0    2.7  173.0   67.0  444.0
2019 106  4 16 1000  -41.8  986.8    2.1  187.0   67.2  444.0
2019 106  4 16 1100  -41.3  986.6    1.4  172.0   67.2  444.0
2019 106  4 16 1200  -41.6  986.4    0.6  206.0   67.0  444.0
2019 106  4 16 1300  -42.2  986.4    2.2  232.0   67.0  444.0
2019 106  4 16 1400  -41.2  986.2    0.0    0.0   68.0  444.0
2019 106  4 16 1500  -42.4  986.2    2.1  313.0   69.3  444.0
2019 106  4 16 1600  -42.1  986.0    1.9  299.0   66.7  444.0
2019 106  4 16 1700  -41.4  985.6    2.0  292.0   67.0  444.0
2019 106  4 16 1800  -40.0  985.4    1.6  265.0   68.0  444.0
2019 106  4 16 1900  -38.7  985.3    1.6  246.0   68.0  444.0
2019 106  4 16 2000  -37.2  985.3    2.3  146.0   68.0  444.0
2019 106  4 16 2100  -36.2  985.7    3.0  115.0   69.0  444.0
2019 106  4 16 2200  -38.8  986.4    3.4  139.0   69.0  444.0
2019 106  4 16 2300  -40.3  987.0    5.8  132.0   68.0  444.0
2019 107  4 17 0000  -41.8  988.0    5.1  126.0   67.0  444.0
2019 107  4 17 0100  -42.5  988.1    4.4  137.0   67.0  444.0
2019 107  4 17 0200  -42.6  988.6    4.5  131.0   67.0  444.0
2019 107  4 17 0300  -43.3  989.0    4.6  153.0   66.0  444.0
2019 107  4 17 0400  -44.1  989.5    2.5  154.0   66.0  444.0
2019 107  4 17 0500  -44.0  989.6    2.6  155.0   65.9  444.0
2019 107  4 17 0600  -44.2  989.7    1.8  159.0   65.6  444.0
2019 107  4 17 0700  -43.5  989.6    1.8  170.0   66.0  444.0
2019 107  4 17 0800  -44.6  989.5    1.7  222.0   65.0  444.0
2019 107  4 17 0900  -44.6  989.3    2.0  208.0   65.0  444.0
2019 107  4 17 1000  -43.7  988.8    2.3  207.0   66.0  444.0
2019 107  4 17 1100  -43.5  988.0    2.9  215.0   66.0  444.0
2019 107  4 17 1200  -40.9  987.2    3.9  210.0   68.0  444.0
2019 107  4 17 1300  -36.6  986.2    4.2  211.0   70.0  444.0
2019 107  4 17 1400  -35.0  985.3    4.9  205.0   70.3  444.0
2019 107  4 17 1500  -34.1  984.2    4.5  200.0   71.0  444.0
2019 107  4 17 1600  -32.2  983.3    4.4  205.0   72.0  444.0
2019 107  4 17 1700  -30.2  982.2    4.1  209.0   73.0  444.0
2019 107  4 17 1800  -29.3  981.6    4.5  200.0   74.0  444.0
2019 107  4 17 1900  -30.3  981.2    3.8  189.0   73.4  444.0
2019 107  4 17 2000  -30.2  980.8    4.0  185.0   74.0  444.0
2019 107  4 17 2100  -30.2  980.5    2.9  171.0   73.0  444.0
2019 107  4 17 2200  -30.1  980.1    4.0  140.0   73.0  444.0
2019 107  4 17 2300  -32.5  980.1    3.8  135.0   72.0  444.0
2019 108  4 18 0000  -34.8  980.4    3.3  144.0   70.8  444.0
2019 108  4 18 0100  -36.1  980.2    3.4  159.0   70.2  444.0
2019 108  4 18 0200  -37.5  979.5    2.4  152.0   70.0  444.0
2019 108  4 18 0300  -38.0  979.4    2.4  131.0   69.0  444.0
2019 108  4 18 0400  -38.4  979.5    1.9  159.0   69.0  444.0
2019 108  4 18 0500  -38.2  978.6    1.3  143.0   69.0  444.0
2019 108  4 18 0600  -37.7  977.9    0.9  223.0   69.0  444.0
2019 108  4 18 0700  -36.0  977.2    1.2  263.0   71.0  444.0
2019 108  4 18 0800  -34.3  976.3    1.6  232.0   71.2  444.0
2019 108  4 18 0900  -27.5  976.2    3.8  170.0   75.0  444.0
2019 108  4 18 1000  -28.2  975.5    3.1  187.0   75.0  444.0
2019 108  4 18 1100  -25.6  974.9    3.1  206.0   77.0  444.0
2019 108  4 18 1200  -22.3  973.8    2.7  196.0   80.0  444.0
2019 108  4 18 1300  -20.9  973.2    3.0  184.0   80.9  444.0
2019 108  4 18 1400  -19.9  972.4    3.3  174.0   82.0  444.0
2019 108  4 18 1500  -17.4  971.5    4.1  166.0   85.0  444.0
2019 108  4 18 1600  -17.3  970.9    3.7  180.0   86.0  444.0
2019 108  4 18 1700  -15.0  969.8    5.4  158.0   88.0  444.0
2019 108  4 18 1800  -14.6  969.0    6.3  158.0   89.0  444.0
2019 108  4 18 1900  -17.6  969.0   11.4  130.0   85.0  444.0
2019 108  4 18 2000  -20.0  968.6    7.8  129.0   84.0  444.0
2019 108  4 18 2100  -21.8  969.0    3.2  137.0   81.7  444.0
2019 108  4 18 2200  -17.5  968.1    9.3  152.0   86.0  444.0
2019 108  4 18 2300  -17.5  967.7    9.0  155.0   86.0  444.0
2019 109  4 19 0000  -18.4  967.3    7.5  148.0   85.0  444.0
2019 109  4 19 0100  -18.7  966.7    7.8  148.0   85.0  444.0
2019 109  4 19 0200  -18.5  966.3    9.8  147.0   85.1  444.0
2019 109  4 19 0300  -18.6  966.0   10.2  146.0   85.0  444.0
2019 109  4 19 0400  -19.9  965.5    6.3  161.0   84.0  444.0
2019 109  4 19 0500  -19.7  964.8    6.5  158.0   84.0  444.0
2019 109  4 19 0600  -19.1  964.9    9.5  156.0   84.5  444.0
2019 109  4 19 0700  -19.2  964.5    9.9  160.0   85.0  444.0
2019 109  4 19 0800  -19.0  964.3   10.2  150.0   85.0  444.0
2019 109  4 19 0900  -18.5  964.2   12.5  146.0   85.0  444.0
2019 109  4 19 1000  -18.4  963.9   12.6  142.0   85.5  444.0
2019 109  4 19 1100  -18.7  964.3   12.9  137.0   85.1  444.0
2019 109  4 19 1200  -19.3  965.0   12.5  138.0   84.0  444.0
2019 109  4 19 1300  -20.0  965.2   11.8  142.0   84.0  444.0
2019 109  4 19 1400  -20.8  965.7   12.2  131.0   83.0  444.0
2019 109  4 19 1500  -24.8  967.8    6.6   98.0   78.9  444.0
2019 109  4 19 1600  -27.5  968.8    3.0  128.0   77.0  444.0
2019 109  4 19 1700  -23.6  969.0    7.8  136.0   81.0  444.0
2019 109  4 19 1800  -22.9  970.4    9.0  133.0   81.0  444.0
2019 109  4 19 1900  -22.4  971.5    9.9  127.0   81.0  444.0
2019 109  4 19 2000  -22.7  973.4   10.1  127.0   81.0  444.0
2019 109  4 19 2100  -23.3  975.0   10.6  128.0   81.0  444.0
2019 109  4 19 2200  -24.2  976.8    7.6  143.0   80.0  444.0
2019 109  4 19 2300  -24.7  977.4    7.3  141.0   79.0  444.0
2019 110  4 20 0000  -23.7  977.8    7.9  145.0   80.0  444.0
2019 110  4 20 0100  -23.6  978.3    8.7  145.0   80.0  444.0
2019 110  4 20 0200  -24.3  978.3    9.4  144.0   80.0  444.0
2019 110  4 20 0300  -24.3  978.9   10.9  140.0   79.0  444.0
2019 110  4 20 0400  -23.9  979.8   10.7  140.0   80.0  444.0
2019 110  4 20 0500  -24.1  980.6   11.4  142.0   79.6  444.0
2019 110  4 20 0600  -24.4  981.9    9.2  140.0   79.0  444.0
2019 110  4 20 0700  -24.7  982.6    8.6  153.0   79.0  444.0
2019 110  4 20 0800  -24.3  983.3    9.3  141.0   79.2  444.0
2019 110  4 20 0900  -24.2  983.7    9.1  145.0   79.0  444.0
2019 110  4 20 1000  -24.4  983.6    9.9  140.0   79.0  444.0
2019 110  4 20 1100  -24.2  984.2   10.7  144.0   79.0  444.0
2019 110  4 20 1200  -24.2  984.3   11.1  143.0   79.1  444.0
2019 110  4 20 1300  -24.2  985.0    8.6  150.0   78.0  444.0
2019 110  4 20 1400  -24.3  985.4    7.6  162.0   78.0  444.0
2019 110  4 20 1500  -23.9  985.6    9.5  154.0   79.0  444.0
2019 110  4 20 1600  -24.0  985.3   10.9  141.0   79.0  444.0
2019 110  4 20 1700  -24.1  985.8   10.4  143.0   79.0  444.0
2019 110  4 20 1800  -24.2  985.3   10.5  137.0   79.0  444.0
2019 110  4 20 1900  -24.3  985.5   10.0  143.0   79.0  444.0
2019 110  4 20 2000  -24.5  985.8    9.3  143.0   79.0  444.0
2019 110  4 20 2100  -24.8  986.2    7.9  165.0   78.0  444.0
2019 110  4 20 2200  -25.0  985.9    7.7  160.0   77.6  444.0
2019 110  4 20 2300  -25.0  985.8    7.0  166.0   78.0  444.0
2019 111  4 21 0000  -24.8  985.8    6.7  166.0   78.0  444.0
2019 111  4 21 0100  -25.0  985.6    6.4  173.0   77.0  444.0
2019 111  4 21 0200  -24.4  985.2    7.5  170.0   78.0  444.0
2019 111  4 21 0300  -24.3  984.9    7.4  159.0   77.9  444.0
2019 111  4 21 0400  -24.5  984.7    7.4  166.0   77.0  444.0
2019 111  4 21 0500  -24.2  984.5    8.0  168.0   78.0  444.0
2019 111  4 21 0600  -24.2  983.9    8.2  164.0   78.0  444.0
2019 111  4 21 0700  -23.7  983.6    8.4  158.0   77.0  444.0
2019 111  4 21 0800  -23.9  983.8    7.1  168.0   77.0  444.0
2019 111  4 21 0900  -24.0  983.3    7.2  165.0   76.0  444.0
2019 111  4 21 1000  -24.2  982.8    7.6  175.0   76.0  444.0
2019 111  4 21 1100  -24.3  982.8    6.4  190.0   75.0  444.0
2019 111  4 21 1200  -24.6  982.4    7.1  186.0   74.0  444.0
2019 111  4 21 1300  -23.5  982.0    9.1  181.0   73.0  444.0
2019 111  4 21 1400  -22.6  981.4    9.7  182.0   75.0  444.0
2019 111  4 21 1500  -22.0  981.3    9.8  180.0   71.0  444.0
2019 111  4 21 1600  -22.4  981.0    8.5  188.0   70.0  444.0
2019 111  4 21 1700  -22.4  980.2    8.9  187.0   70.0  444.0
2019 111  4 21 1800  -23.0  980.1    7.2  184.0   70.0  444.0
2019 111  4 21 1900  -22.5  979.9    8.1  183.0   69.0  444.0
2019 111  4 21 2000  -23.6  979.7    8.1  188.0   70.0  444.0
2019 111  4 21 2100  -21.5  979.5    9.6  169.0   72.0  444.0
2019 111  4 21 2200  -20.7  978.9    9.4  185.0   66.0  444.0
2019 111  4 21 2300  -21.9  978.5    9.1  192.0   68.0  444.0
2019 112  4 22 0000  -21.4  978.2    8.9  186.0   68.0  444.0
2019 112  4 22 0100  -21.4  978.0    8.5  183.0   68.5  444.0
2019 112  4 22 0200  -21.4  977.4    8.6  187.0   68.8  444.0
2019 112  4 22 0300  -20.9  976.8    9.6  184.0   70.0  444.0
2019 112  4 22 0400  -22.1  976.4    7.8  180.0   70.0  444.0
2019 112  4 22 0500  -22.9  975.9    7.5  182.0   72.0  444.0
2019 112  4 22 0600  -22.3  975.4    8.1  176.0   70.5  444.0
2019 112  4 22 0700  -22.6  975.1    7.6  174.0   72.0  444.0
2019 112  4 22 0800  -22.9  974.6    7.9  178.0   72.0  444.0
2019 112  4 22 0900  -22.8  974.1    7.7  175.0   71.0  444.0
2019 112  4 22 1000  -22.4  973.9    6.8  169.0   72.0  444.0
2019 112  4 22 1100  -21.5  973.6    7.9  166.0   72.0  444.0
2019 112  4 22 1200  -20.8  973.0    9.0  163.0   72.0  444.0
2019 112  4 22 1300  -22.5  972.4    7.2  175.0   73.0  444.0
2019 112  4 22 1400  -23.6  972.1    8.0  185.0   73.0  444.0
2019 112  4 22 1500  -23.6  971.5    7.9  182.0   73.0  444.0
2019 112  4 22 1600  -21.6  970.7    8.1  172.0   73.0  444.0
2019 112  4 22 1700  -19.7  970.2   10.2  173.0   73.0  444.0
2019 112  4 22 1800  -19.0  969.6   10.4  174.0   73.0  444.0
2019 112  4 22 1900  -18.6  968.6   11.6  176.0   64.0  444.0
2019 112  4 22 2000  -18.3  968.2   11.0  173.0   62.0  444.0
2019 112  4 22 2100  -19.3  967.6   10.1  183.0   63.0  444.0
2019 112  4 22 2200  -18.8  966.7   10.6  179.0   62.0  444.0
2019 112  4 22 2300  -19.1  965.9   10.7  182.0   63.2  444.0
2019 113  4 23 0000  -18.6  965.6   10.3  178.0   63.9  444.0
2019 113  4 23 0100  -17.3  964.9   11.6  174.0   66.0  444.0
2019 113  4 23 0200  -16.6  964.2   11.6  168.0   69.0  444.0
2019 113  4 23 0300  -16.6  963.5   11.5  169.0   74.0  444.0
2019 113  4 23 0400  -17.8  963.3    9.2  174.0   77.2  444.0
2019 113  4 23 0500  -17.1  962.9    9.4  162.0   78.0  444.0
2019 113  4 23 0600  -16.3  962.8    9.9  152.0   81.0  444.0
2019 113  4 23 0700  -16.9  962.3   12.7  143.0   83.0  444.0
2019 113  4 23 0800  -15.7  961.9   14.7  142.0   84.0  444.0
2019 113  4 23 0900  -16.6  963.0   12.8  148.0   82.0  444.0
2019 113  4 23 1000  -16.9  962.7   12.9  148.0   81.0  444.0
2019 113  4 23 1100  -17.2  962.7   13.1  145.0   79.0  444.0
2019 113  4 23 1200  -17.2  962.5   13.2  151.0   83.7  444.0
2019 113  4 23 1300  -16.7  962.4   14.2  154.0   84.0  444.0
2019 113  4 23 1400  -16.5  962.1   14.8  150.0   85.0  444.0
2019 113  4 23 1500  -16.5  962.1   15.1  149.0   85.0  444.0
2019 113  4 23 1600  -16.3  962.3   14.4  148.0   84.0  444.0
2019 113  4 23 1700  -16.1  961.8   15.3  145.0   83.9  444.0
2019 113  4 23 1800  -15.9  961.6   17.0  147.0   78.0  444.0
2019 113  4 23 1900  -16.3  961.2   18.3  146.0   81.0  444.0
2019 113  4 23 2000  -16.0  960.8   20.8  143.0   78.0  444.0
2019 113  4 23 2100  -16.3  961.8   20.5  142.0   81.0  444.0
2019 113  4 23 2200  -16.7  962.7   18.4  143.0   84.0  444.0
2019 113  4 23 2300  -16.8  962.7   19.1  143.0   84.0  444.0
2019 114  4 24 0000  -17.1  962.6   20.4  146.0   82.0  444.0
2019 114  4 24 0100  -17.5  963.3   19.5  141.0   83.0  444.0
2019 114  4 24 0200  -17.6  964.0   18.6  141.0   83.0  444.0
2019 114  4 24 0300  -17.6  964.4   19.2  139.0   82.0  444.0
2019 114  4 24 0400  -17.6  965.1   19.3  139.0   76.0  444.0
2019 114  4 24 0500  -17.7  966.5   19.1  139.0   76.0  444.0
2019 114  4 24 0600  -17.9  966.8   19.2  135.0   75.3  444.0
2019 114  4 24 0700  -18.6  968.1   17.4  141.0   73.0  444.0
2019 114  4 24 0800  -19.0  968.6   16.4  139.0   70.0  444.0
2019 114  4 24 0900  -19.4  969.0   17.0  138.0   68.7  444.0
2019 114  4 24 1000  -20.0  969.2   15.8  139.0   69.0  444.0
2019 114  4 24 1100  -20.1  969.5   16.6  142.0   70.0  444.0
2019 114  4 24 1200  -20.5  970.2   14.4  140.0   70.0  444.0
2019 114  4 24 1300  -20.3  970.3   14.8  141.0   69.0  444.0
2019 114  4 24 1400  -20.4  970.3   13.5  140.0   70.0  444.0
2019 114  4 24 1500  -20.5  970.3   14.5  141.0   70.0  444.0
2019 114  4 24 1600  -21.3  970.5   10.8  141.0   70.0  444.0
2019 114  4 24 1700  -21.5  970.3   11.7  134.0   71.0  444.0
2019 114  4 24 1800  -21.5  970.8    9.9  139.0   71.0  444.0
2019 114  4 24 1900  -21.3  970.5   11.5  135.0   71.0  444.0
2019 114  4 24 2000  -21.7  970.7   10.3  138.0   71.0  444.0
2019 114  4 24 2100  -21.6  970.6   10.7  132.0   70.0  444.0
2019 114  4 24 2200  -22.0  971.2    8.5  136.0   71.0  444.0
2019 114  4 24 2300  -22.0  971.6    6.0  139.0   71.0  444.0
2019 115  4 25 0000  -20.5  971.4    9.9  154.0   70.0  444.0
2019 115  4 25 0100  -20.3  971.7    9.5  151.0   70.0  444.0
2019 115  4 25 0200  -19.6  971.6   10.7  142.0   69.0  444.0
2019 115  4 25 0300  -19.5  971.1   11.1  137.0   70.0  444.0
2019 115  4 25 0400  -19.6  971.0   10.9  148.0   74.0  444.0
2019 115  4 25 0500  -20.3  971.4    9.7  146.0   73.0  444.0
2019 115  4 25 0600  -20.8  971.6    9.4  154.0   74.7  444.0
2019 115  4 25 0700  -21.1  971.7    8.7  155.0   74.0  444.0
2019 115  4 25 0800  -21.5  971.7    9.6  159.0   75.0  444.0
2019 115  4 25 0900  -21.6  971.7   10.9  153.0   71.9  444.0
2019 115  4 25 1000  -22.2  972.0    9.2  147.0   74.0  444.0
2019 115  4 25 1100  -22.3  972.0   11.0  142.0   73.0  444.0
2019 115  4 25 1200  -22.9  972.2   10.9  140.0   72.0  444.0
2019 115  4 25 1300  -24.0  972.7    9.6  144.0   71.0  444.0
2019 115  4 25 1400  -25.2  973.4    9.4  140.0   69.6  444.0
2019 115  4 25 1500  -26.9  973.7   10.9  137.0   73.0  444.0
2019 115  4 25 1600  -29.7  974.8    7.6  120.0   75.0  444.0
2019 115  4 25 1700  -28.6  975.8    5.2  146.0   77.0  444.0
2019 115  4 25 1800  -27.9  976.7    5.2  155.0   76.0  444.0
2019 115  4 25 1900  -29.7  977.8    3.8  175.0   74.9  444.0
2019 115  4 25 2000  -29.6  977.7    2.6  169.0   75.0  444.0
2019 115  4 25 2100  -28.9  977.7    2.2  183.0   74.0  444.0
2019 115  4 25 2200  -30.6  977.9    3.5  228.0   74.0  444.0
2019 115  4 25 2300  -31.8  978.4    3.5  188.0   73.8  444.0
2019 116  4 26 0000  -31.5  978.4    3.0  167.0   73.0  444.0
2019 116  4 26 0100  -31.2  978.9    5.0  167.0   74.0  444.0
2019 116  4 26 0200  -32.5  979.3    4.7  161.0   73.0  444.0
2019 116  4 26 0300  -33.4  979.4    6.4  156.0   73.0  444.0
2019 116  4 26 0400  -33.9  979.8    6.5  143.0   72.5  444.0
2019 116  4 26 0500  -34.5  980.4    3.5  146.0   72.0  444.0
2019 116  4 26 0600  -33.8  980.4    3.9  147.0   73.0  444.0
2019 116  4 26 0700  -31.8  980.5    3.8  158.0   74.0  444.0
2019 116  4 26 0800  -31.1  980.9    2.9  158.0   73.9  444.0
2019 116  4 26 0900  -30.0  981.1    2.5  167.0   75.1  444.0
2019 116  4 26 1000  -29.2  980.9    2.2  181.0   75.0  444.0
2019 116  4 26 1100  -28.9  980.9    2.0  193.0   76.0  444.0
2019 116  4 26 1200  -27.8  980.9    2.2  184.0   76.2  444.0
2019 116  4 26 1300  -28.4  980.8    1.3  190.0   75.0  444.0
2019 116  4 26 1400  -29.8  980.5    1.8  208.0   74.8  444.0
2019 116  4 26 1500  -28.8  980.2    1.0  198.0   75.0  444.0
2019 116  4 26 1600  -27.7  979.9    0.8  188.0   76.2  444.0
2019 116  4 26 1700  -29.1  979.5    1.5  216.0   73.8  444.0
2019 116  4 26 1800  -32.7  979.5    1.4  220.0   73.0  444.0
2019 116  4 26 1900  -34.2  979.8    1.6  191.0   72.0  444.0
2019 116  4 26 2000  -34.8  979.6    1.5  183.0   71.0  444.0
2019 116  4 26 2100  -35.1  979.7    1.5  170.0   71.3  444.0
2019 116  4 26 2200  -36.4  979.8    1.2  209.0   70.6  444.0
2019 116  4 26 2300  -36.3  979.8    1.3  208.0   71.0  444.0
2019 117  4 27 0000  -35.8  979.6    1.2  228.0   71.0  444.0
2019 117  4 27 0100  -35.5  979.4    0.9  275.0   70.3  444.0
2019 117  4 27 0200  -35.6  979.3    1.2  247.0   71.0  444.0
2019 117  4 27 0300  -35.1  979.5    2.1  169.0   72.0  444.0
2019 117  4 27 0400  -35.8  979.9    1.8  164.0   71.0  444.0
2019 117  4 27 0500  -36.3  980.2    1.4  184.0   70.0  444.0
2019 117  4 27 0600  -34.9  980.4    1.4  198.0   72.0  444.0
2019 117  4 27 0700  -33.7  980.6    1.9  190.0   72.1  444.0
2019 117  4 27 0800  -34.6  981.3    1.5  199.0   72.0  444.0
2019 117  4 27 0900  -34.9  981.3    1.7  188.0   71.3  444.0
2019 117  4 27 1000  -35.3  981.3    1.1  198.0   70.8  444.0
2019 117  4 27 1100  -35.0  981.7    1.2  223.0   71.0  444.0
2019 117  4 27 1200  -35.2  981.9    1.7  209.0   71.0  444.0
2019 117  4 27 1300  -35.8  982.2    1.4  178.0   70.0  444.0
2019 117  4 27 1400  -34.9  982.6    1.4  170.0   72.0  444.0
2019 117  4 27 1500  -32.4  983.0    1.1  155.0   73.0  444.0
2019 117  4 27 1600  -31.4  983.5    1.1  124.0   73.0  444.0
2019 117  4 27 1700  -30.1  984.2    0.6  148.0   74.0  444.0
2019 117  4 27 1800  -30.7  984.7    1.5  102.0   74.0  444.0
2019 117  4 27 1900  -34.0  985.0    1.2  104.0   72.0  444.0
2019 117  4 27 2000  -34.8  985.5    0.5  111.0   71.0  444.0
2019 117  4 27 2100  -34.4  985.9    0.4  187.0   71.0  444.0
2019 117  4 27 2200  -33.2  986.3    0.7  160.0   72.0  444.0
2019 117  4 27 2300  -34.6  986.8    0.9  162.0   71.0  444.0
2019 118  4 28 0000  -35.1  986.7    1.0  176.0   71.0  444.0
2019 118  4 28 0100  -33.1  986.5    1.1  166.0   73.0  444.0
2019 118  4 28 0200  -30.8  986.6    1.1  166.0   74.0  444.0
2019 118  4 28 0300  -29.9  986.8    0.9  158.0   74.0  444.0
2019 118  4 28 0400  -29.7  986.8    0.9  160.0   75.0  444.0
2019 118  4 28 0500  -29.0  986.8    1.7  150.0   75.0  444.0
2019 118  4 28 0600  -28.9  986.8    2.2  122.0   75.0  444.0
2019 118  4 28 0700  -30.9  987.5    1.8  105.0   74.0  444.0
2019 118  4 28 0800  -30.6  987.9    1.3  130.0   74.0  444.0
2019 118  4 28 0900  -30.3  987.8    1.5  105.0   74.0  444.0
2019 118  4 28 1000  -31.2  987.8    0.8  138.0   74.0  444.0
2019 118  4 28 1100  -31.5  987.8    1.0  177.0   74.0  444.0
2019 118  4 28 1200  -31.2  987.7    0.4  201.0   73.5  444.0
2019 118  4 28 1300  -32.3  987.4    0.8  220.0   72.0  444.0
2019 118  4 28 1400  -34.3  987.1    0.8  171.0   72.0  444.0
2019 118  4 28 1500  -34.9  986.6    0.7  180.0   71.0  444.0
2019 118  4 28 1600  -33.8  986.3    1.0  197.0   72.0  444.0
2019 118  4 28 1700  -31.8  986.2    0.8  190.0   74.0  444.0
2019 118  4 28 1800  -30.9  985.9    0.5  202.0   74.0  444.0
2019 118  4 28 1900  -33.2  985.6    0.8  207.0   72.0  444.0
2019 118  4 28 2000  -34.4  985.5    1.0  193.0   72.0  444.0
2019 118  4 28 2100  -35.4  985.2    0.6  192.0   71.0  444.0
2019 118  4 28 2200  -35.9  985.0    0.6  217.0   70.5  444.0
2019 118  4 28 2300  -36.2  984.6    0.5  212.0   70.0  444.0
2019 119  4 29 0000  -35.8  984.4    0.6  178.0   71.0  444.0
2019 119  4 29 0100  -36.6  984.2    0.6  192.0   70.0  444.0
2019 119  4 29 0200  -35.3  983.8    0.6  190.0   71.0  444.0
2019 119  4 29 0300  -34.9  983.4    0.7  190.0   71.3  444.0
2019 119  4 29 0400  -33.7  983.2    0.8  186.0   71.9  444.0
2019 119  4 29 0500  -34.0  982.7    0.9  200.0   72.0  444.0
2019 119  4 29 0600  -34.0  982.6    1.0  192.0   72.0  444.0
2019 119  4 29 0700  -33.3  982.4    0.8  184.0   72.0  444.0
2019 119  4 29 0800  -32.8  982.5    0.7  193.0   72.3  444.0
2019 119  4 29 0900  -32.8  982.4    0.8  190.0   73.0  444.0
2019 119  4 29 1000  -31.9  982.3    0.9  189.0   73.5  444.0
2019 119  4 29 1100  -32.0  982.4    0.8  197.0   73.0  444.0
2019 119  4 29 1200  -29.9  982.1    0.8  183.0   74.0  444.0
2019 119  4 29 1300  -29.3  981.8    0.9  194.0   75.0  444.0
2019 119  4 29 1400  -28.4  981.6    1.1  194.0   75.0  444.0
2019 119  4 29 1500  -28.2  980.9    1.4  202.0   76.0  444.0
2019 119  4 29 1600  -25.9  980.7    3.6  184.0   77.0  444.0
2019 119  4 29 1700  -29.3  980.8    6.9  154.0   75.0  444.0
2019 119  4 29 1800  -30.8  981.0    4.2  157.0   74.0  444.0
2019 119  4 29 1900  -31.6  980.9    4.4  167.0   74.0  444.0
2019 119  4 29 2000  -30.8  981.0    4.0  186.0   74.0  444.0
2019 119  4 29 2100  -31.7  980.5    4.5  196.0   73.4  444.0
2019 119  4 29 2200  -30.0  980.4    5.3  194.0   75.0  444.0
2019 119  4 29 2300  -28.7  980.1    5.6  190.0   76.0  444.0
2019 120  4 30 0000  -28.1  980.0    5.1  193.0   76.0  444.0
2019 120  4 30 0100  -28.7  979.6    5.1  181.0   75.5  444.0
2019 120  4 30 0200  -27.4  979.4    5.9  152.0   76.0  444.0
2019 120  4 30 0300  -28.5  978.9    5.6  159.0   76.0  444.0
2019 120  4 30 0400  -30.2  979.0    4.1  141.0   74.0  444.0
2019 120  4 30 0500  -31.5  979.0    6.0  139.0   74.0  444.0
2019 120  4 30 0600  -31.9  979.1    5.3  136.0   73.7  444.0
2019 120  4 30 0700  -32.8  979.2    6.7  138.0   73.0  444.0
2019 120  4 30 0800  -34.6  979.3    5.5  136.0   71.9  444.0
2019 120  4 30 0900  -35.3  979.5    6.2  134.0   71.0  444.0
2019 120  4 30 1000  -35.9  979.5    4.6  145.0   71.0  444.0
2019 120  4 30 1100  -35.6  979.3    4.2  153.0   71.3  444.0
2019 120  4 30 1200  -35.6  979.1    3.7  148.0   71.0  444.0
2019 120  4 30 1300  -36.5  978.6    2.6  153.0   70.0  444.0
2019 120  4 30 1400  -34.9  978.3    2.0  195.0   72.0  444.0
2019 120  4 30 1500  -33.3  977.6    2.0  209.0   72.0  444.0
2019 120  4 30 1600  -32.4  977.0    3.5  180.0   73.0  444.0
2019 120  4 30 1700  -32.4  976.9    3.0  175.0   73.0  444.0
2019 120  4 30 1800  -32.2  976.5    3.2  206.0   73.0  444.0
2019 120  4 30 1900  -30.6  976.1    4.9  189.0   74.0  444.0
2019 120  4 30 2000  -30.5  975.4    4.4  194.0   74.0  444.0
2019 120  4 30 2100  -29.1  974.9    5.0  172.0   76.0  444.0
2019 120  4 30 2200  -28.6  974.7    7.2  156.0   75.0  444.0
2019 120  4 30 2300  -29.7  974.4    6.5  159.0   74.6  444.0
