Year: 2024  Month: 04  ID: LET  ARGOS:  8928  Name: Lettau              
Lat: 82.48S  Lon: 174.59W  Elev:   38m
2024  92  4  1 0000  -12.6  944.1   13.0  134.0   89.0  444.0
2024  92  4  1 0100  -12.8  944.4   12.2  136.0   89.0  444.0
2024  92  4  1 0200  -14.0  944.6   12.3  139.0   88.0  444.0
2024  92  4  1 0300  -13.9  945.1   12.9  132.0   88.0  444.0
2024  92  4  1 0400  -14.1  946.2   12.4  135.0   88.0  444.0
2024  92  4  1 0500  -14.1  946.9   10.7  134.0   87.6  444.0
2024  92  4  1 0600  -14.3  947.2    9.8  136.0   87.0  444.0
2024  92  4  1 0700  -15.0  948.3    9.6  127.0   87.0  444.0
2024  92  4  1 0800  -15.3  949.1    8.1  124.0   86.2  444.0
2024  92  4  1 0900  -15.8  950.5    9.2  110.0   86.0  444.0
2024  92  4  1 1000  -16.3  952.2   10.4  110.0   86.0  444.0
2024  92  4  1 1100  -16.2  953.5   10.6  109.0   86.0  444.0
2024  92  4  1 1200  -16.6  955.1   10.2  116.0   85.0  444.0
2024  92  4  1 1300  -17.3  956.3    9.0  120.0   84.0  444.0
2024  92  4  1 1400  -15.4  957.1    7.5  117.0   84.0  444.0
2024  92  4  1 1500  -15.1  957.3    8.5  130.0   85.0  444.0
2024  92  4  1 1600  -14.6  957.7    9.1  131.0   85.0  444.0
2024  92  4  1 1700  -15.3  958.2    9.7  134.0   85.0  444.0
2024  92  4  1 1800  -16.8  959.2    9.3  120.0   84.0  444.0
2024  92  4  1 1900  -17.2  959.9    7.3  128.0   83.0  444.0
2024  92  4  1 2000  -18.0  960.4    6.7  145.0   83.0  444.0
2024  92  4  1 2100  -17.8  960.9    6.3  149.0   83.0  444.0
2024  92  4  1 2200  -18.8  961.1    4.7  162.0   83.0  444.0
2024  92  4  1 2300  -20.2  961.4    4.9  154.0   83.0  444.0
2024  93  4  2 0000  -18.4  961.6    5.8  148.0   83.0  444.0
2024  93  4  2 0100  -19.0  961.7    5.8  144.0   81.0  444.0
2024  93  4  2 0200  -19.7  961.8    6.7  156.0   82.0  444.0
2024  93  4  2 0300  -20.6  961.8    4.5  156.0   82.0  444.0
2024  93  4  2 0400  -20.7  962.0    5.4  164.0   82.0  444.0
2024  93  4  2 0500  -21.0  962.4    6.2  145.0   81.0  444.0
2024  93  4  2 0600  -22.0  962.7    6.9  132.0   81.0  444.0
2024  93  4  2 0700  -23.0  963.3    5.7  131.0   80.0  444.0
2024  93  4  2 0800  -23.7  963.7    6.7  140.0   79.0  444.0
2024  93  4  2 0900  -25.3  964.3    5.0  153.0   77.0  444.0
2024  93  4  2 1000  -25.6  964.5    6.1  146.0   78.0  444.0
2024  93  4  2 1100  -27.1  965.3    4.5  178.0   78.0  444.0
2024  93  4  2 1200  -26.9  965.3    4.4  182.0   77.0  444.0
2024  93  4  2 1300  -28.1  965.5    3.9  199.0   77.0  444.0
2024  93  4  2 1400  -27.6  965.6    3.9  199.0   78.0  444.0
2024  93  4  2 1500  -28.2  965.6    3.0  198.0   77.0  444.0
2024  93  4  2 1600  -26.0  966.2    3.6  198.0   79.0  444.0
2024  93  4  2 1700  -25.8  966.8    3.3  198.0   79.0  444.0
2024  93  4  2 1800  -25.1  966.9    1.3  198.0   78.0  444.0
2024  93  4  2 1900  -26.3  966.9    3.2  198.0   77.0  444.0
2024  93  4  2 2000  -27.8  966.8    4.8  179.0   77.0  444.0
2024  93  4  2 2100  -29.2  967.8    3.6  157.0   76.0  444.0
2024  93  4  2 2200  -28.2  968.4    4.8  140.0   77.0  444.0
2024  93  4  2 2300  -26.4  969.7    4.0  138.0   77.0  444.0
2024  94  4  3 0000  -23.7  970.2    5.4  142.0   79.0  444.0
2024  94  4  3 0100  -22.2  970.4    6.5  145.0   81.0  444.0
2024  94  4  3 0200  -23.9  970.5    6.2  141.0   79.0  444.0
2024  94  4  3 0300  -25.1  970.9    5.3  159.0   79.0  444.0
2024  94  4  3 0400  -23.9  971.2    7.4  157.0   79.0  444.0
2024  94  4  3 0500  -24.8  971.6    6.4  157.0   79.0  444.0
2024  94  4  3 0600  -28.1  972.1    4.4  174.0   78.0  444.0
2024  94  4  3 0700  -29.0  972.2    4.8  193.0   76.0  444.0
2024  94  4  3 0800  -28.9  972.3    5.2  191.0   75.0  444.0
2024  94  4  3 0900  -30.2  972.6    5.2  201.0   75.0  444.0
2024  94  4  3 1000  -30.8  972.5    5.1  206.0   74.0  444.0
2024  94  4  3 1100  -29.5  972.5    5.6  210.0   75.0  444.0
2024  94  4  3 1200  -28.7  972.9    5.2  202.0   76.0  444.0
2024  94  4  3 1300  -28.3  972.9    5.7  205.0   76.0  444.0
2024  94  4  3 1400  -25.7  973.1    5.4  212.0   78.0  444.0
2024  94  4  3 1500  -23.2  973.3    5.4  198.0   80.0  444.0
2024  94  4  3 1600  -23.1  973.8    6.0  188.0   80.0  444.0
2024  94  4  3 1700  -24.1  974.5    5.5  203.0   79.0  444.0
2024  94  4  3 1800  -23.4  974.9    6.2  197.0   79.0  444.0
2024  94  4  3 1900  -21.6  975.3    7.2  182.0   81.0  444.0
2024  94  4  3 2000  -22.1  976.2   10.1  212.0   80.6  444.0
2024  94  4  3 2100  -21.8  976.7   10.4  215.0   81.0  444.0
2024  94  4  3 2200  -20.0  977.5    9.7  223.0   82.0  444.0
2024  94  4  3 2300  -19.6  978.2   10.0  225.0   83.0  444.0
2024  95  4  4 0000  -19.3  979.1   10.2  232.0   82.0  444.0
2024  95  4  4 0100  -19.9  980.4    8.2  237.0   82.0  444.0
2024  95  4  4 0200  -23.3  981.2    7.9  243.0   78.0  444.0
2024  95  4  4 0300  -25.4  982.0    6.0  244.0   75.0  444.0
2024  95  4  4 0400  -26.6  982.7    6.2  240.0   71.7  444.0
2024  95  4  4 0500  -27.8  983.4    4.6  242.0   69.0  444.0
2024  95  4  4 0600  -28.8  984.2    4.8  254.0   68.9  444.0
2024  95  4  4 0700  -30.8  985.6    5.9  275.0   72.0  444.0
2024  95  4  4 0800  -30.4  986.3    3.5  274.0   72.0  444.0
2024  95  4  4 0900  -28.8  987.0    3.9  281.0   73.5  444.0
2024  95  4  4 1000  -30.7  987.5    3.7  287.0   73.0  444.0
2024  95  4  4 1100  -31.8  988.2    2.9  287.0   75.0  444.0
2024  95  4  4 1200  -30.8  988.7    1.2  287.0   75.0  444.0
2024  95  4  4 1300  -31.6  989.5    2.0  287.0   75.0  444.0
2024  95  4  4 1400  -31.8  989.9    3.0  297.0   74.2  444.0
2024  95  4  4 1500  -32.1  990.0    1.1  312.0   74.0  444.0
2024  95  4  4 1600  -30.9  990.3    2.6  340.0   74.0  444.0
2024  95  4  4 1700  -29.5  990.9    1.9  313.0   75.0  444.0
2024  95  4  4 1800  -29.1  991.3    1.2  332.0   75.0  444.0
2024  95  4  4 1900  -29.2  991.9    0.7  353.0   75.0  444.0
2024  95  4  4 2000  -28.2  992.3  444.0  444.0   76.0  444.0
2024  95  4  4 2100  -28.3  992.4  444.0  444.0   76.0  444.0
2024  95  4  4 2200  -27.6  992.8  444.0  444.0   76.0  444.0
2024  95  4  4 2300  -26.7  993.1  444.0  444.0   77.0  444.0
2024  96  4  5 0000  -27.0  993.2  444.0  444.0   76.7  444.0
2024  96  4  5 0100  -26.8  993.3  444.0  444.0   77.0  444.0
2024  96  4  5 0200  -26.2  993.2  444.0  444.0   77.0  444.0
2024  96  4  5 0300  -25.9  993.3  444.0  444.0   78.0  444.0
2024  96  4  5 0400  -25.6  993.5  444.0  444.0   77.8  444.0
2024  96  4  5 0500  -25.5  993.5  444.0  444.0   78.0  444.0
2024  96  4  5 0600  -25.3  993.7  444.0  444.0   78.0  444.0
2024  96  4  5 0700  -25.1  993.6  444.0  444.0   78.0  444.0
2024  96  4  5 0800  -25.2  993.5  444.0  444.0   78.0  444.0
2024  96  4  5 0900  -25.6  993.6  444.0  444.0   78.0  444.0
2024  96  4  5 1000  -26.3  993.4  444.0  444.0   77.0  444.0
2024  96  4  5 1100  -26.8  993.4  444.0  444.0   77.0  444.0
2024  96  4  5 1200  -26.8  993.2    3.0  149.0   76.9  444.0
2024  96  4  5 1300  -28.0  992.9    3.5  150.0   76.0  444.0
2024  96  4  5 1400  -27.8  992.8    3.1  139.0   76.0  444.0
2024  96  4  5 1500  -28.5  992.6    2.9  136.0   76.0  444.0
2024  96  4  5 1600  -28.3  992.5    3.1  130.0   76.0  444.0
2024  96  4  5 1700  -28.4  992.4    3.6  117.0   75.9  444.0
2024  96  4  5 1800  -29.7  992.3    3.1  117.0   75.0  444.0
2024  96  4  5 1900  -29.8  992.0    3.1  112.0   75.0  444.0
2024  96  4  5 2000  -29.2  991.8    3.6  119.0   75.0  444.0
2024  96  4  5 2100  -29.3  991.6    3.9  135.0   75.3  444.0
2024  96  4  5 2200  -29.3  991.6    4.7  130.0   76.5  444.0
2024  96  4  5 2300  -29.3  991.6    5.1  121.0   75.0  444.0
2024  97  4  6 0000  -29.8  991.4    5.6  116.0   75.0  444.0
2024  97  4  6 0100  -30.1  991.0    5.2  110.0   74.0  444.0
2024  97  4  6 0200  -30.5  990.9    5.5  104.0   74.0  444.0
2024  97  4  6 0300  -30.9  990.8    5.4  104.0   74.0  444.0
2024  97  4  6 0400  -31.7  990.4    4.4  109.0   73.5  444.0
2024  97  4  6 0500  -31.6  990.0    5.1  124.0   74.0  444.0
2024  97  4  6 0600  -31.3  989.8    6.6  120.0   74.0  444.0
2024  97  4  6 0700  -31.1  989.6    6.6  113.0   74.0  444.0
2024  97  4  6 0800  -31.1  989.0    7.5  129.0   74.0  444.0
2024  97  4  6 0900  -30.9  988.8    8.1  122.0   74.0  444.0
2024  97  4  6 1000  -30.8  988.5    8.4  173.0   74.1  444.0
2024  97  4  6 1100  -31.5  988.4    8.3  128.0   74.0  444.0
2024  97  4  6 1200  -31.8  987.8    9.4  126.0   73.0  444.0
2024  97  4  6 1300  -32.3  987.1    9.0  129.0   73.0  444.0
2024  97  4  6 1400  -32.8  986.6    8.8  130.0   72.8  444.0
2024  97  4  6 1500  -33.0  986.0    8.8  132.0   73.0  444.0
2024  97  4  6 1600  -32.7  985.4    7.5  142.0   73.0  444.0
2024  97  4  6 1700  -32.7  984.8    7.6  159.0   73.0  444.0
2024  97  4  6 1800  -32.8  984.2    6.3  154.0   73.0  444.0
2024  97  4  6 1900  -33.8  983.2    7.4  158.0   71.8  444.0
2024  97  4  6 2000  -34.8  982.2    7.6  168.0   71.0  444.0
2024  97  4  6 2100  -35.1  981.2    8.3  166.0   71.0  444.0
2024  97  4  6 2200  -35.3  980.1    8.8  162.0   71.0  444.0
2024  97  4  6 2300  -35.5  979.0    8.5  160.0   71.0  444.0
2024  98  4  7 0000  -35.7  978.1    9.0  159.0   71.0  444.0
2024  98  4  7 0100  -35.5  976.8    8.6  161.0   71.0  444.0
2024  98  4  7 0200  -34.1  975.7    9.5  153.0   72.0  444.0
2024  98  4  7 0300  -32.4  974.4    9.2  157.0   73.0  444.0
2024  98  4  7 0400  -30.6  973.5   10.6  153.0   74.0  444.0
2024  98  4  7 0500  -30.3  972.5   12.4  152.0   74.1  444.0
2024  98  4  7 0600  -30.4  971.8   11.3  155.0   74.0  444.0
2024  98  4  7 0700  -31.8  971.1   11.2  162.0   73.0  444.0
2024  98  4  7 0800  -31.9  970.1   11.2  162.0   73.0  444.0
2024  98  4  7 0900  -31.7  969.7   10.2  161.0   73.0  444.0
2024  98  4  7 1000  -30.6  969.1   10.5  159.0   73.8  444.0
2024  98  4  7 1100  -30.1  968.3   10.7  166.0   74.0  444.0
2024  98  4  7 1200  -29.3  967.2   11.5  163.0   75.0  444.0
2024  98  4  7 1300  -29.2  966.4    9.6  173.0   74.0  444.0
2024  98  4  7 1400  -29.3  965.6   10.2  177.0   74.0  444.0
2024  98  4  7 1500  -29.0  965.0    9.8  179.0   75.0  444.0
2024  98  4  7 1600  -28.1  964.6    9.0  179.0   76.0  444.0
2024  98  4  7 1700  -27.1  964.0    8.7  172.0   76.2  444.0
2024  98  4  7 1800  -27.7  963.6    7.2  178.0   76.0  444.0
2024  98  4  7 1900  -28.4  963.1    7.4  185.0   75.0  444.0
2024  98  4  7 2000  -28.7  962.5    7.8  182.0   75.0  444.0
2024  98  4  7 2100  -28.3  962.1    7.7  176.0   76.0  444.0
2024  98  4  7 2200  -27.7  961.9    7.8  182.0   76.0  444.0
2024  98  4  7 2300  -27.1  961.7    8.4  185.0   76.0  444.0
2024  99  4  8 0000  -26.3  961.4    8.2  181.0   77.0  444.0
2024  99  4  8 0100  -25.5  961.2    8.4  179.0   77.0  444.0
2024  99  4  8 0200  -25.1  960.8    7.9  180.0   78.0  444.0
2024  99  4  8 0300  -24.9  960.8    6.6  180.0   78.0  444.0
2024  99  4  8 0400  -22.8  960.5    8.0  173.0   79.0  444.0
2024  99  4  8 0500  -23.5  960.6    6.9  173.0   79.0  444.0
2024  99  4  8 0600  -24.5  960.3    5.9  177.0   79.0  444.0
2024  99  4  8 0700  -24.4  960.0    6.6  176.0   79.0  444.0
2024  99  4  8 0800  -25.9  959.9    5.5  184.0   77.4  444.0
2024  99  4  8 0900  -26.8  959.8    5.9  188.0   77.0  444.0
2024  99  4  8 1000  -27.2  959.8    5.7  183.0   77.0  444.0
2024  99  4  8 1100  -28.0  959.7    5.3  187.0   76.0  444.0
2024  99  4  8 1200  -28.0  959.7    6.1  182.0   76.0  444.0
2024  99  4  8 1300  -27.6  959.6    5.6  185.0   76.0  444.0
2024  99  4  8 1400  -27.6  959.4    5.1  184.0   76.3  444.0
2024  99  4  8 1500  -27.6  959.3    5.3  187.0   76.0  444.0
2024  99  4  8 1600  -27.0  959.6    5.3  185.0   77.0  444.0
2024  99  4  8 1700  -27.4  959.7    4.8  182.0   76.0  444.0
2024  99  4  8 1800  -28.3  959.6    4.1  183.0   76.0  444.0
2024  99  4  8 1900  -27.3  959.4    5.0  170.0   77.0  444.0
2024  99  4  8 2000  -26.6  959.5    4.8  168.0   77.0  444.0
2024  99  4  8 2100  -27.0  959.5    4.7  171.0   77.0  444.0
2024  99  4  8 2200  -28.3  959.8    3.2  169.0   76.0  444.0
2024  99  4  8 2300  -28.5  960.1    3.6  174.0   75.0  444.0
2024 100  4  9 0000  -28.2  960.1    3.5  175.0   76.0  444.0
2024 100  4  9 0100  -27.0  960.3    3.5  170.0   77.0  444.0
2024 100  4  9 0200  -27.1  960.3    2.4  179.0   76.0  444.0
2024 100  4  9 0300  -27.2  960.3    4.0  162.0   76.0  444.0
2024 100  4  9 0400  -27.6  960.5    3.0  154.0   76.0  444.0
2024 100  4  9 0500  -27.8  960.8    3.5  155.0   76.0  444.0
2024 100  4  9 0600  -27.1  960.9    2.2  139.0   77.0  444.0
2024 100  4  9 0700  -27.4  961.0    1.4  192.0   76.0  444.0
2024 100  4  9 0800  -26.8  961.0    1.4  198.0   77.0  444.0
2024 100  4  9 0900  -26.0  961.3    0.7  198.0   78.0  444.0
2024 100  4  9 1000  -26.8  961.4    4.3  178.0   76.0  444.0
2024 100  4  9 1100  -28.5  961.8    4.6  132.0   76.0  444.0
2024 100  4  9 1200  -29.8  962.6    3.2  116.0   74.8  444.0
2024 100  4  9 1300  -29.2  963.2    2.7  138.0   75.0  444.0
2024 100  4  9 1400  -29.2  963.3    2.8  137.0   75.0  444.0
2024 100  4  9 1500  -30.6  963.7    3.1  175.0   74.0  444.0
2024 100  4  9 1600  -31.9  964.4    2.6  114.0   74.0  444.0
2024 100  4  9 1700  -30.2  965.5    2.2   58.0   74.9  444.0
2024 100  4  9 1800  -30.3  966.4    2.3   49.0   74.0  444.0
2024 100  4  9 1900  -32.5  967.1    3.2   73.0   73.0  444.0
2024 100  4  9 2000  -34.1  968.1    3.2   81.0   72.0  444.0
2024 100  4  9 2100  -34.2  968.8    2.8   76.0   72.0  444.0
2024 100  4  9 2200  -34.2  969.7    2.6   63.0   72.0  444.0
2024 100  4  9 2300  -33.5  970.8    2.2   92.0   72.0  444.0
2024 101  4 10 0000  -33.3  971.6    1.4  113.0   72.0  444.0
2024 101  4 10 0100  -32.6  972.4    1.7  128.0   72.9  444.0
2024 101  4 10 0200  -31.8  973.0    2.0  145.0   73.0  444.0
2024 101  4 10 0300  -30.9  973.4    2.4  138.0   74.0  444.0
2024 101  4 10 0400  -29.9  974.1    2.6  127.0   74.7  444.0
2024 101  4 10 0500  -28.8  974.7    1.4  108.0   75.0  444.0
2024 101  4 10 0600  -28.2  975.5    1.7   84.0   76.0  444.0
2024 101  4 10 0700  -28.1  976.1    1.8  118.0   76.0  444.0
2024 101  4 10 0800  -28.2  976.4    2.1  132.0   76.0  444.0
2024 101  4 10 0900  -27.8  977.0    1.9  129.0   76.0  444.0
2024 101  4 10 1000  -27.6  977.6    1.4  125.0   76.3  444.0
2024 101  4 10 1100  -27.0  978.0    1.3  112.0   77.0  444.0
2024 101  4 10 1200  -26.8  978.5    1.1  127.0   77.0  444.0
2024 101  4 10 1300  -26.6  978.8    1.1  116.0   77.0  444.0
2024 101  4 10 1400  -26.6  979.0    1.0  128.0   77.0  444.0
2024 101  4 10 1500  -26.8  979.1    0.9  149.0   76.8  444.0
2024 101  4 10 1600  -26.9  979.2    1.0  158.0   77.0  444.0
2024 101  4 10 1700  -26.8  979.3    1.0  146.0   77.0  444.0
2024 101  4 10 1800  -26.8  979.4    0.8  149.0   77.0  444.0
2024 101  4 10 1900  -26.9  979.6    0.5  156.0   77.0  444.0
2024 101  4 10 2000  -26.9  979.6    0.6  155.0   76.8  444.0
2024 101  4 10 2100  -26.9  979.4    0.7  152.0   77.0  444.0
2024 101  4 10 2200  -27.2  979.2    0.8  170.0   77.0  444.0
2024 101  4 10 2300  -28.1  979.5    0.6  181.0   76.0  444.0
2024 102  4 11 0000  -28.4  979.5    0.5  190.0   76.0  444.0
2024 102  4 11 0100  -28.4  979.2    0.5  185.0   76.0  444.0
2024 102  4 11 0200  -28.8  979.1    0.4  181.0   75.0  444.0
2024 102  4 11 0300  -28.7  978.6    0.3  174.0   76.0  444.0
2024 102  4 11 0400  -28.3  978.2    0.3  166.0   76.0  444.0
2024 102  4 11 0500  -28.2  978.1    0.4  158.0   76.0  444.0
2024 102  4 11 0600  -28.0  977.6    0.3  166.0   76.0  444.0
2024 102  4 11 0700  -28.2  977.1    0.3  182.0   76.0  444.0
2024 102  4 11 0800  -28.9  976.5    1.6  203.0   75.0  444.0
2024 102  4 11 0900  -29.2  976.3    1.3  203.0   75.0  444.0
2024 102  4 11 1000  -28.2  975.6    1.6  209.0   76.0  444.0
2024 102  4 11 1100  -27.3  975.0    1.5  212.0   77.0  444.0
2024 102  4 11 1200  -26.4  974.7    3.6  174.0   77.0  444.0
2024 102  4 11 1300  -25.5  973.8    4.1  181.0   78.0  444.0
2024 102  4 11 1400  -25.0  973.2    4.7  180.0   78.0  444.0
2024 102  4 11 1500  -25.7  972.7    5.2  188.0   78.0  444.0
2024 102  4 11 1600  -25.3  972.5    4.0  186.0   78.0  444.0
2024 102  4 11 1700  -24.6  971.9    4.3  180.0   78.0  444.0
2024 102  4 11 1800  -23.8  971.9    3.5  170.0   80.0  444.0
2024 102  4 11 1900  -22.8  971.7    4.7  168.0   80.0  444.0
2024 102  4 11 2000  -22.4  971.3    4.7  172.0   80.0  444.0
2024 102  4 11 2100  -22.4  971.0    3.9  177.0   80.0  444.0
2024 102  4 11 2200  -22.7  970.9    4.4  188.0   80.0  444.0
2024 102  4 11 2300  -21.9  970.9    6.0  161.0   81.0  444.0
2024 103  4 12 0000  -22.2  971.0    7.3  160.0   80.0  444.0
2024 103  4 12 0100  -24.6  970.8    6.1  183.0   79.0  444.0
2024 103  4 12 0200  -27.6  970.7    5.8  173.0   76.7  444.0
2024 103  4 12 0300  -28.0  970.8    4.3  184.0   76.0  444.0
2024 103  4 12 0400  -27.4  970.7    4.8  170.0   76.0  444.0
2024 103  4 12 0500  -27.1  970.6    4.8  170.0   77.0  444.0
2024 103  4 12 0600  -29.0  970.7    5.1  177.0   75.0  444.0
2024 103  4 12 0700  -29.2  970.8    5.1  172.0   75.8  444.0
2024 103  4 12 0800  -28.8  970.8    4.1  185.0   76.0  444.0
2024 103  4 12 0900  -27.8  970.9    5.6  167.0   76.0  444.0
2024 103  4 12 1000  -28.5  971.1    5.7  188.0   76.0  444.0
2024 103  4 12 1100  -28.5  971.2    4.8  188.0   76.0  444.0
2024 103  4 12 1200  -27.0  971.7    5.0  180.0   77.0  444.0
2024 103  4 12 1300  -23.0  972.0    7.3  160.0   79.8  444.0
2024 103  4 12 1400  -23.3  972.5    5.2  159.0   79.0  444.0
2024 103  4 12 1500  -23.9  972.9    4.7  166.0   79.0  444.0
2024 103  4 12 1600  -23.9  973.3    5.5  171.0   79.0  444.0
2024 103  4 12 1700  -24.8  973.7    4.8  176.0   79.0  444.0
2024 103  4 12 1800  -26.4  973.7    5.0  198.0   77.0  444.0
2024 103  4 12 1900  -26.7  973.1    4.8  216.0   77.0  444.0
2024 103  4 12 2000  -26.0  972.5    6.0  215.0   77.0  444.0
2024 103  4 12 2100  -26.3  972.9    6.8  192.0   77.0  444.0
2024 103  4 12 2200  -24.1  971.6    9.8  208.0   79.0  444.0
2024 103  4 12 2300  -22.8  970.3   11.8  211.0   77.0  444.0
2024 104  4 13 0000  -19.1  969.0   12.3  184.0   82.0  444.0
2024 104  4 13 0100  -19.2  968.0   12.0  170.0   82.0  444.0
2024 104  4 13 0200  -19.5  967.1   11.9  166.0   82.0  444.0
2024 104  4 13 0300  -19.8  966.2   12.3  158.0   82.0  444.0
2024 104  4 13 0400  -23.6  966.4   11.1  144.0   79.2  444.0
2024 104  4 13 0500  -24.6  966.6    8.3  143.0   79.0  444.0
2024 104  4 13 0600  -25.0  966.1   10.7  143.0   78.0  444.0
2024 104  4 13 0700  -25.6  965.8   14.0  130.0   77.0  444.0
2024 104  4 13 0800  -25.3  965.9   13.8  134.0   78.0  444.0
2024 104  4 13 0900  -26.0  966.5   12.1  130.0   77.0  444.0
2024 104  4 13 1000  -27.2  967.2   10.6  128.0   76.0  444.0
2024 104  4 13 1100  -27.9  967.5   10.3  124.0   75.5  444.0
2024 104  4 13 1200  -27.8  968.0    6.9  124.0   75.0  444.0
2024 104  4 13 1300  -27.1  967.8    3.9  151.0   77.0  444.0
2024 104  4 13 1400  -22.8  967.0    7.6  139.0   81.0  444.0
2024 104  4 13 1500  -20.2  966.8    9.8  140.0   82.0  444.0
2024 104  4 13 1600  -19.2  966.4   10.8  141.0   82.8  444.0
2024 104  4 13 1700  -18.1  966.2   12.0  137.0   84.0  444.0
2024 104  4 13 1800  -17.7  965.9   14.1  135.0   84.0  444.0
2024 104  4 13 1900  -17.7  965.3   14.8  137.0   84.0  444.0
2024 104  4 13 2000  -17.3  965.1   16.1  134.0   84.0  444.0
2024 104  4 13 2100  -17.0  964.9   17.5  134.0   84.5  444.0
2024 104  4 13 2200  -17.4  964.6   18.2  133.0   84.0  444.0
2024 104  4 13 2300  -17.5  964.3   17.6  133.0   84.0  444.0
2024 105  4 14 0000  -17.9  965.3   16.9  134.0   84.0  444.0
2024 105  4 14 0100  -17.8  964.9   17.2  131.0   83.8  444.0
2024 105  4 14 0200  -17.8  964.6   17.7  144.0   83.8  444.0
2024 105  4 14 0300  -17.3  965.0   18.5  129.0   84.0  444.0
2024 105  4 14 0400  -17.3  965.3   18.3  129.0   84.0  444.0
2024 105  4 14 0500  -17.2  965.8   16.6  127.0   84.0  444.0
2024 105  4 14 0600  -16.7  965.7   17.0  131.0   85.0  444.0
2024 105  4 14 0700  -16.3  964.7   19.4  134.0   84.9  444.0
2024 105  4 14 0800  -16.0  964.5   18.9  136.0   85.0  444.0
2024 105  4 14 0900  -16.1  965.3   16.9  138.0   84.0  444.0
2024 105  4 14 1000  -16.2  966.0   14.6  149.0   84.0  444.0
2024 105  4 14 1100  -16.5  966.1   14.3  151.0   84.0  444.0
2024 105  4 14 1200  -16.8  966.1   14.0  153.0   82.9  444.0
2024 105  4 14 1300  -16.6  966.2   13.6  153.0   83.0  444.0
2024 105  4 14 1400  -16.5  966.0   14.6  155.0   83.0  444.0
2024 105  4 14 1500  -16.9  965.3   15.7  154.0   82.0  444.0
2024 105  4 14 1600  -17.0  965.2   14.7  158.0   82.0  444.0
2024 105  4 14 1700  -17.2  965.0   15.4  151.0   83.0  444.0
2024 105  4 14 1800  -17.0  965.1   16.1  150.0   83.0  444.0
2024 105  4 14 1900  -17.1  964.9   16.1  154.0   83.0  444.0
2024 105  4 14 2000  -17.3  965.0   15.1  150.0   83.0  444.0
2024 105  4 14 2100  -17.4  964.5   14.8  145.0   83.0  444.0
2024 105  4 14 2200  -17.5  965.0   16.1  141.0   82.0  444.0
2024 105  4 14 2300  -17.6  965.4   16.6  138.0   81.0  444.0
2024 106  4 15 0000  -17.8  965.2   16.6  142.0   80.0  444.0
2024 106  4 15 0100  -18.6  966.4   14.1  141.0   79.0  444.0
2024 106  4 15 0200  -19.7  966.7   12.8  145.0   79.0  444.0
2024 106  4 15 0300  -20.5  967.1   12.2  143.0   79.0  444.0
2024 106  4 15 0400  -21.6  967.8   11.5  142.0   78.0  444.0
2024 106  4 15 0500  -21.6  968.7   11.0  143.0   77.0  444.0
2024 106  4 15 0600  -22.8  969.5    7.1  162.0   77.0  444.0
2024 106  4 15 0700  -22.6  969.8    7.3  150.0   78.2  444.0
2024 106  4 15 0800  -21.9  969.9    9.2  152.0   80.0  444.0
2024 106  4 15 0900  -21.7  969.8   10.4  152.0   79.0  444.0
2024 106  4 15 1000  -20.9  969.9   11.2  149.0   80.0  444.0
2024 106  4 15 1100  -21.0  969.9   10.6  159.0   80.0  444.0
2024 106  4 15 1200  -20.6  969.8   11.6  153.0   80.0  444.0
2024 106  4 15 1300  -20.3  969.8   12.5  146.0   81.0  444.0
2024 106  4 15 1400  -19.9  970.1   13.2  142.0   81.0  444.0
2024 106  4 15 1500  -20.0  970.3   12.7  151.0   81.0  444.0
2024 106  4 15 1600  -19.7  970.3   13.9  145.0   81.0  444.0
2024 106  4 15 1700  -20.1  970.9   12.8  149.0   81.1  444.0
2024 106  4 15 1800  -20.5  971.2   11.3  144.0   81.0  444.0
2024 106  4 15 1900  -20.2  971.5   12.0  139.0   81.0  444.0
2024 106  4 15 2000  -20.8  972.2   10.0  144.0   81.0  444.0
2024 106  4 15 2100  -21.2  973.0   11.9  126.0   79.0  444.0
2024 106  4 15 2200  -26.0  974.6   12.6  117.0   76.0  444.0
2024 106  4 15 2300  -28.9  976.6   10.2  112.0   75.0  444.0
2024 107  4 16 0000  -30.0  977.5    8.4  115.0   74.0  444.0
2024 107  4 16 0100  -27.9  978.1    6.7  127.0   74.0  444.0
2024 107  4 16 0200  -27.6  978.6    5.7  145.0   73.9  444.0
2024 107  4 16 0300  -27.6  978.5    4.6  153.0   74.7  444.0
2024 107  4 16 0400  -28.8  978.4    3.9  166.0   75.0  444.0
2024 107  4 16 0500  -30.4  978.4    4.8  195.0   74.0  444.0
2024 107  4 16 0600  -30.6  978.0    5.3  199.0   74.0  444.0
2024 107  4 16 0700  -29.7  977.6    5.0  203.0   76.5  444.0
2024 107  4 16 0800  -26.6  977.1    5.4  190.0   77.4  444.0
2024 107  4 16 0900  -24.9  976.5    6.0  162.0   79.0  444.0
2024 107  4 16 1000  -21.0  975.8   10.2  155.0   81.0  444.0
2024 107  4 16 1100  -19.4  975.0   12.1  142.0   82.0  444.0
2024 107  4 16 1200  -19.5  974.9   10.7  144.0   80.9  444.0
2024 107  4 16 1300  -19.7  974.8   12.2  144.0   80.7  444.0
2024 107  4 16 1400  -20.1  974.8   11.0  144.0   80.0  444.0
2024 107  4 16 1500  -20.5  975.0   12.3  137.0   80.0  444.0
2024 107  4 16 1600  -21.5  974.9   12.3  129.0   80.0  444.0
2024 107  4 16 1700  -21.8  975.5   10.1  132.0   80.0  444.0
2024 107  4 16 1800  -21.2  975.4   10.6  136.0   79.5  444.0
2024 107  4 16 1900  -21.2  975.6   10.5  140.0   79.0  444.0
2024 107  4 16 2000  -21.2  975.4   10.6  147.0   79.0  444.0
2024 107  4 16 2100  -20.7  974.9   10.5  141.0   79.0  444.0
2024 107  4 16 2200  -19.9  974.5   11.2  147.0   80.0  444.0
2024 107  4 16 2300  -20.1  974.5   10.2  154.0   79.0  444.0
2024 108  4 17 0000  -19.5  973.8   12.0  140.0   79.0  444.0
2024 108  4 17 0100  -19.7  973.3   12.0  138.0   79.0  444.0
2024 108  4 17 0200  -20.2  973.2    9.8  140.0   79.0  444.0
2024 108  4 17 0300  -20.5  972.5    9.4  145.0   79.0  444.0
2024 108  4 17 0400  -20.9  972.1    9.1  152.0   80.0  444.0
2024 108  4 17 0500  -19.2  971.1   10.9  140.0   80.0  444.0
2024 108  4 17 0600  -19.8  971.0    9.5  147.0   78.0  444.0
2024 108  4 17 0700  -19.7  970.1    9.0  155.0   79.0  444.0
2024 108  4 17 0800  -18.5  969.0   10.9  154.0   79.0  444.0
2024 108  4 17 0900  -18.5  968.2   11.3  150.0   80.0  444.0
2024 108  4 17 1000  -18.7  967.5   12.5  140.0   80.0  444.0
2024 108  4 17 1100  -19.4  967.0   11.2  143.0   78.0  444.0
2024 108  4 17 1200  -20.2  966.4   10.2  147.0   77.0  444.0
2024 108  4 17 1300  -20.6  965.5   10.9  147.0   78.0  444.0
2024 108  4 17 1400  -21.2  964.5   10.1  146.0   78.0  444.0
2024 108  4 17 1500  -20.6  962.9   11.2  144.0   77.0  444.0
2024 108  4 17 1600  -20.6  961.9   12.9  142.0   78.0  444.0
2024 108  4 17 1700  -21.4  961.8   11.3  150.0   78.0  444.0
2024 108  4 17 1800  -22.2  960.9    9.2  153.0   78.0  444.0
2024 108  4 17 1900  -22.0  960.3   10.4  146.0   78.0  444.0
2024 108  4 17 2000  -21.6  959.3   10.4  142.0   79.0  444.0
2024 108  4 17 2100  -21.0  958.4   11.0  148.0   78.0  444.0
2024 108  4 17 2200  -20.1  957.3   12.1  150.0   77.0  444.0
2024 108  4 17 2300  -19.5  956.1   13.7  152.0   80.0  444.0
2024 109  4 18 0000  -19.5  955.1   14.5  148.0   79.0  444.0
2024 109  4 18 0100  -19.8  954.1   14.1  150.0   79.0  444.0
2024 109  4 18 0200  -19.4  953.8   13.8  148.0   82.0  444.0
2024 109  4 18 0300  -18.8  953.7   13.1  151.0   82.0  444.0
2024 109  4 18 0400  -18.8  953.2   12.8  146.0   82.7  444.0
2024 109  4 18 0500  -17.9  952.7   14.6  140.0   83.0  444.0
2024 109  4 18 0600  -18.2  953.1   13.3  141.0   83.0  444.0
2024 109  4 18 0700  -18.6  953.6   12.5  145.0   83.0  444.0
2024 109  4 18 0800  -19.4  953.5   11.7  134.0   82.0  444.0
2024 109  4 18 0900  -21.5  954.2    9.7  120.0   80.0  444.0
2024 109  4 18 1000  -24.0  955.0    9.5  129.0   77.2  444.0
2024 109  4 18 1100  -26.4  955.8   11.1  122.0   76.0  444.0
2024 109  4 18 1200  -31.2  957.8    8.8  114.0   73.0  444.0
2024 109  4 18 1300  -33.7  959.3    9.4  119.0   72.0  444.0
2024 109  4 18 1400  -34.8  960.2    8.8  116.0   71.0  444.0
2024 109  4 18 1500  -36.0  960.9    7.5  103.0   69.5  444.0
2024 109  4 18 1600  -36.4  962.0    5.7  113.0   69.0  444.0
2024 109  4 18 1700  -36.0  962.8    4.2  114.0   69.0  444.0
2024 109  4 18 1800  -36.0  963.6    4.7  124.0   70.0  444.0
2024 109  4 18 1900  -35.8  964.3    3.1  154.0   70.0  444.0
2024 109  4 18 2000  -35.6  964.4    2.7  131.0   69.8  444.0
2024 109  4 18 2100  -34.6  964.9    4.3  157.0   70.0  444.0
2024 109  4 18 2200  -33.8  964.8    2.1  161.0   71.0  444.0
2024 109  4 18 2300  -33.8  964.9    1.4  183.0   71.0  444.0
2024 110  4 19 0000  -32.9  965.0    1.2  183.0   71.0  444.0
2024 110  4 19 0100  -32.5  964.6    0.3  183.0   71.8  444.0
2024 110  4 19 0200  -32.1  964.5    0.3  183.0   72.0  444.0
2024 110  4 19 0300  -32.3  964.4    1.5  230.0   72.0  444.0
2024 110  4 19 0400  -32.2  964.3    2.0  231.0   73.0  444.0
2024 110  4 19 0500  -30.3  964.0    1.5  231.0   76.0  444.0
2024 110  4 19 0600  -29.8  964.1    1.6  231.0   75.1  444.0
2024 110  4 19 0700  -28.1  964.1    3.0  230.0   77.0  444.0
2024 110  4 19 0800  -25.9  964.0    4.4  163.0   78.0  444.0
2024 110  4 19 0900  -25.4  963.9    5.5  173.0   78.0  444.0
2024 110  4 19 1000  -26.6  963.7    4.9  167.0   77.0  444.0
2024 110  4 19 1100  -26.6  963.8    5.6  165.0   77.0  444.0
2024 110  4 19 1200  -25.6  963.8    4.8  166.0   78.0  444.0
2024 110  4 19 1300  -26.6  963.8    8.7  138.0   76.3  444.0
2024 110  4 19 1400  -29.9  964.3    8.3  126.0   75.0  444.0
2024 110  4 19 1500  -28.1  964.6    6.2  114.0   76.0  444.0
2024 110  4 19 1600  -27.9  965.4    5.3  156.0   76.0  444.0
2024 110  4 19 1700  -29.4  965.5    5.4  149.0   75.0  444.0
2024 110  4 19 1800  -30.5  965.5    4.8  140.0   74.5  444.0
2024 110  4 19 1900  -30.8  965.8    4.1  131.0   74.0  444.0
2024 110  4 19 2000  -28.4  965.3    2.6  216.0   76.0  444.0
2024 110  4 19 2100  -29.5  964.9    3.6  234.0   75.0  444.0
2024 110  4 19 2200  -29.9  964.2    5.2  221.0   75.0  444.0
2024 110  4 19 2300  -31.3  964.2    4.2  210.0   74.0  444.0
2024 111  4 20 0000  -31.5  964.2    3.8  194.0   73.0  444.0
2024 111  4 20 0100  -32.3  964.2    2.5  168.0   73.0  444.0
2024 111  4 20 0200  -31.6  964.2    2.5  161.0   74.0  444.0
2024 111  4 20 0300  -29.4  964.0    2.1  196.0   75.0  444.0
2024 111  4 20 0400  -31.0  963.4    2.4  241.0   74.0  444.0
2024 111  4 20 0500  -30.4  962.8    1.3  241.0   75.0  444.0
2024 111  4 20 0600  -29.5  961.7    4.1  319.0   75.0  444.0
2024 111  4 20 0700  -29.0  961.4    3.4  353.0   75.0  444.0
2024 111  4 20 0800  -31.0  962.2    4.1   65.0   74.0  444.0
2024 111  4 20 0900  -33.6  963.8    6.1  100.0   72.0  444.0
2024 111  4 20 1000  -35.4  964.7    5.4  128.0   71.0  444.0
2024 111  4 20 1100  -36.4  965.2    5.5  138.0   70.8  444.0
2024 111  4 20 1200  -37.2  966.2    6.8  130.0   70.0  444.0
2024 111  4 20 1300  -35.3  966.4    6.1  123.0   71.0  444.0
2024 111  4 20 1400  -33.9  966.7    6.0  128.0   72.1  444.0
2024 111  4 20 1500  -33.4  967.0    5.8  126.0   72.0  444.0
2024 111  4 20 1600  -33.0  967.5    5.4  123.0   73.0  444.0
2024 111  4 20 1700  -32.9  967.6    5.2  118.0   73.0  444.0
2024 111  4 20 1800  -33.4  967.8    5.0  116.0   72.0  444.0
2024 111  4 20 1900  -35.3  968.3    3.8  124.0   71.0  444.0
2024 111  4 20 2000  -37.9  968.5    3.2  124.0   70.0  444.0
2024 111  4 20 2100  -38.5  968.9    3.9  129.0   69.0  444.0
2024 111  4 20 2200  -40.2  969.6    3.0  138.0   69.0  444.0
2024 111  4 20 2300  -40.6  969.8    2.6  108.0   68.0  444.0
2024 112  4 21 0000  -41.0  970.7    2.0  152.0   68.0  444.0
2024 112  4 21 0100  -41.5  971.7    2.6  146.0   68.0  444.0
2024 112  4 21 0200  -41.0  972.4    3.0  130.0   68.0  444.0
2024 112  4 21 0300  -40.8  973.0    3.2  143.0   68.0  444.0
2024 112  4 21 0400  -39.0  973.4    5.0  146.0   69.0  444.0
2024 112  4 21 0500  -37.5  974.1    5.6  138.0   70.0  444.0
2024 112  4 21 0600  -36.5  974.8    6.4  133.0   70.2  444.0
2024 112  4 21 0700  -35.7  975.6    5.9  144.0   71.0  444.0
2024 112  4 21 0800  -34.0  976.2    7.1  138.0   72.0  444.0
2024 112  4 21 0900  -32.4  976.4    6.7  153.0   72.7  444.0
2024 112  4 21 1000  -31.4  976.8    6.5  150.0   73.0  444.0
2024 112  4 21 1100  -30.4  977.2    6.9  141.0   74.0  444.0
2024 112  4 21 1200  -29.1  977.1    7.8  141.0   75.0  444.0
2024 112  4 21 1300  -27.9  976.9    9.1  135.0   76.0  444.0
2024 112  4 21 1400  -27.7  977.0    9.2  109.0   75.8  444.0
2024 112  4 21 1500  -28.7  977.7    5.7  111.0   75.0  444.0
2024 112  4 21 1600  -27.0  977.6    8.6  129.0   76.0  444.0
2024 112  4 21 1700  -26.5  977.9    8.2  128.0   77.0  444.0
2024 112  4 21 1800  -25.8  978.3    7.9  120.0   77.0  444.0
2024 112  4 21 1900  -25.8  978.5    7.4  131.0   77.4  444.0
2024 112  4 21 2000  -26.3  978.4    8.6  133.0   77.0  444.0
2024 112  4 21 2100  -26.7  978.5    7.5  136.0   77.0  444.0
2024 112  4 21 2200  -27.0  978.1    9.9  138.0   77.0  444.0
2024 112  4 21 2300  -27.1  978.0    7.4  146.0   77.0  444.0
2024 113  4 22 0000  -26.6  977.3    7.4  156.0   76.9  444.0
2024 113  4 22 0100  -27.8  976.5    7.9  165.0   76.0  444.0
2024 113  4 22 0200  -30.2  975.5    7.6  186.0   75.0  444.0
2024 113  4 22 0300  -31.9  974.4    8.2  180.0   73.0  444.0
2024 113  4 22 0400  -31.5  973.6    8.6  172.0   74.0  444.0
2024 113  4 22 0500  -31.6  972.9    7.1  168.0   74.0  444.0
2024 113  4 22 0600  -31.2  972.3    7.7  166.0   74.0  444.0
2024 113  4 22 0700  -31.3  971.4    8.6  162.0   73.7  444.0
2024 113  4 22 0800  -31.0  971.0    8.3  164.0   74.0  444.0
2024 113  4 22 0900  -30.0  970.1    9.6  159.0   74.0  444.0
2024 113  4 22 1000  -28.6  969.3   10.4  160.0   75.4  444.0
2024 113  4 22 1100  -27.1  969.1    9.6  156.0   77.0  444.0
2024 113  4 22 1200  -26.4  968.9   10.7  154.0   76.9  444.0
2024 113  4 22 1300  -26.0  968.5   10.0  144.0   77.0  444.0
2024 113  4 22 1400  -25.6  968.1    9.9  146.0   78.0  444.0
2024 113  4 22 1500  -25.2  968.0    8.3  150.0   78.0  444.0
2024 113  4 22 1600  -24.9  967.5    7.1  158.0   78.0  444.0
2024 113  4 22 1700  -24.7  967.4    7.1  148.0   78.2  444.0
2024 113  4 22 1800  -24.6  967.4    8.7  151.0   78.0  444.0
2024 113  4 22 1900  -24.1  966.9    8.4  152.0   78.0  444.0
2024 113  4 22 2000  -23.7  966.8    8.8  158.0   78.0  444.0
2024 113  4 22 2100  -23.4  966.7    8.5  150.0   78.0  444.0
2024 113  4 22 2200  -23.3  966.5    8.1  161.0   77.6  444.0
2024 113  4 22 2300  -23.5  966.4    7.2  162.0   78.0  444.0
2024 114  4 23 0000  -23.3  966.1    7.5  160.0   79.0  444.0
2024 114  4 23 0100  -23.3  966.2    7.3  157.0   79.0  444.0
2024 114  4 23 0200  -23.4  966.2    5.7  162.0   79.0  444.0
2024 114  4 23 0300  -23.6  966.2    5.2  154.0   79.0  444.0
2024 114  4 23 0400  -23.8  966.4    4.8  162.0   79.0  444.0
2024 114  4 23 0500  -23.9  967.0    4.7  148.0   79.0  444.0
2024 114  4 23 0600  -26.2  967.8    4.1  114.0   76.6  444.0
2024 114  4 23 0700  -26.5  968.6    3.7  124.0   76.0  444.0
2024 114  4 23 0800  -28.0  969.5    2.5  132.0   75.0  444.0
2024 114  4 23 0900  -28.6  970.5    1.0  131.0   75.3  444.0
2024 114  4 23 1000  -29.2  971.4    0.1  138.0   75.6  444.0
2024 114  4 23 1100  -29.7  972.8    0.1   95.0   75.0  444.0
2024 114  4 23 1200  -31.3  974.3    2.1   59.0   74.0  444.0
2024 114  4 23 1300  -33.6  976.0    3.7   55.0   72.0  444.0
2024 114  4 23 1400  -36.9  977.3    3.2   96.0   70.8  444.0
2024 114  4 23 1500  -35.5  978.9    4.4   89.0   71.0  444.0
2024 114  4 23 1600  -32.2  980.1    4.6   36.0   73.0  444.0
2024 114  4 23 1700  -32.4  981.4    5.6   16.0   73.0  444.0
2024 114  4 23 1800  -31.6  982.9    8.2  358.0   73.0  444.0
2024 114  4 23 1900  -32.4  984.2    7.9  353.0   73.0  444.0
2024 114  4 23 2000  -33.8  985.8    6.7  352.0   72.0  444.0
2024 114  4 23 2100  -34.6  987.7    6.8  332.0   72.0  444.0
2024 114  4 23 2200  -35.8  989.5    6.3  351.0   71.0  444.0
2024 114  4 23 2300  -36.6  990.8    6.0    5.0   71.0  444.0
2024 115  4 24 0000  -37.1  992.4    6.2   13.0   70.2  444.0
2024 115  4 24 0100  -37.5  993.6    5.3   25.0   70.0  444.0
2024 115  4 24 0200  -36.5  994.2    3.5   50.0   70.8  444.0
2024 115  4 24 0300  -31.7  994.7    4.0   54.0   73.0  444.0
2024 115  4 24 0400  -31.1  995.7    3.4   64.0   74.0  444.0
2024 115  4 24 0500  -30.8  996.8    4.2   41.0   74.0  444.0
2024 115  4 24 0600  -30.5  997.7    1.6   25.0   74.0  444.0
2024 115  4 24 0700  -30.3  998.4    1.9   52.0   74.1  444.0
2024 115  4 24 0800  -29.9  998.7    0.8   89.0   74.0  444.0
2024 115  4 24 0900  -30.4  998.7    1.2   89.0   74.0  444.0
2024 115  4 24 1000  -29.5  998.8    0.9   90.0   75.0  444.0
2024 115  4 24 1100  -32.2  998.7    2.4  175.0   73.0  444.0
2024 115  4 24 1200  -32.6  998.4    2.6  149.0   73.0  444.0
2024 115  4 24 1300  -34.9  997.7    2.7  182.0   71.0  444.0
2024 115  4 24 1400  -33.8  997.1    2.7  174.0   71.0  444.0
2024 115  4 24 1500  -37.8  996.4    2.4  159.0   70.0  444.0
2024 115  4 24 1600  -39.0  995.9    3.4  187.0   69.0  444.0
2024 115  4 24 1700  -39.8  995.0    2.6  185.0   68.0  444.0
2024 115  4 24 1800  -40.1  994.1    2.5  201.0   68.0  444.0
2024 115  4 24 1900  -40.3  993.1    1.9  201.0   68.0  444.0
2024 115  4 24 2000  -41.1  992.1    2.2  182.0   68.0  444.0
2024 115  4 24 2100  -42.0  990.9    3.2  204.0   67.0  444.0
2024 115  4 24 2200  -42.5  990.0    3.1  204.0   67.2  444.0
2024 115  4 24 2300  -41.6  989.0    2.7  187.0   68.0  444.0
2024 116  4 25 0000  -38.8  987.8    2.5  178.0   69.0  444.0
2024 116  4 25 0100  -38.9  986.6    2.4  194.0   69.0  444.0
2024 116  4 25 0200  -40.5  985.0    3.9  190.0   68.0  444.0
2024 116  4 25 0300  -41.9  983.6    3.7  197.0   67.4  444.0
2024 116  4 25 0400  -41.4  982.4    3.7  206.0   68.0  444.0
2024 116  4 25 0500  -38.8  981.2    2.9  207.0   69.0  444.0
2024 116  4 25 0600  -37.5  980.0    3.0  211.0   70.0  444.0
2024 116  4 25 0700  -36.5  978.8    3.6  213.0   70.0  444.0
2024 116  4 25 0800  -35.3  977.6    4.4  221.0   71.0  444.0
2024 116  4 25 0900  -36.0  976.5    3.7  226.0   70.0  444.0
2024 116  4 25 1000  -37.0  975.2    4.0  230.0   69.8  444.0
2024 116  4 25 1100  -38.5  974.1    3.3  230.0   69.0  444.0
2024 116  4 25 1200  -39.5  973.0    3.7  230.0   69.0  444.0
2024 116  4 25 1300  -39.3  971.8    3.1  247.0   68.0  444.0
2024 116  4 25 1400  -40.8  970.9    2.6  251.0   68.0  444.0
2024 116  4 25 1500  -40.8  969.9    3.8  264.0   68.0  444.0
2024 116  4 25 1600  -41.3  969.3    2.8  264.0   67.0  444.0
2024 116  4 25 1700  -42.5  968.9    1.6  264.0   67.0  444.0
2024 116  4 25 1800  -43.5  968.3    1.1  264.0   66.0  444.0
2024 116  4 25 1900  -43.7  968.1    0.9  264.0   66.0  444.0
2024 116  4 25 2000  -44.1  967.7    0.7  265.0   66.1  444.0
2024 116  4 25 2100  -44.1  967.5    3.6  358.0   66.0  444.0
2024 116  4 25 2200  -43.5  967.6    3.5  346.0   66.0  444.0
2024 116  4 25 2300  -43.5  967.8    3.8  339.0   66.0  444.0
2024 117  4 26 0000  -43.0  968.1    3.5  338.0   67.0  444.0
2024 117  4 26 0100  -42.8  968.6    4.1  326.0   66.7  444.0
2024 117  4 26 0200  -42.8  969.5    3.0  323.0   67.0  444.0
2024 117  4 26 0300  -43.4  970.1    1.7  324.0   66.0  444.0
2024 117  4 26 0400  -41.8  970.8    0.3  324.0   67.0  444.0
2024 117  4 26 0500  -40.1  971.1    0.3  324.0   68.0  444.0
2024 117  4 26 0600  -38.3  971.8    0.0    0.0   68.9  444.0
2024 117  4 26 0700  -37.4  972.7    0.2  324.0   69.0  444.0
2024 117  4 26 0800  -37.1  973.4    0.6  324.0   70.0  444.0
2024 117  4 26 0900  -36.9  974.0    2.3   45.0   70.0  444.0
2024 117  4 26 1000  -36.5  974.8    1.5   39.0   70.0  444.0
2024 117  4 26 1100  -36.7  975.2    2.4   17.0   70.0  444.0
2024 117  4 26 1200  -37.0  976.0    1.4   64.0   70.0  444.0
2024 117  4 26 1300  -37.5  976.5    1.4   47.0   69.0  444.0
2024 117  4 26 1400  -37.4  976.9    1.7    4.0   69.0  444.0
2024 117  4 26 1500  -36.0  977.5    0.1   45.0   70.0  444.0
2024 117  4 26 1600  -36.2  978.4    0.5   29.0   70.0  444.0
2024 117  4 26 1700  -36.8  979.0    0.6   21.0   69.0  444.0
2024 117  4 26 1800  -38.0  979.5  444.0  444.0   69.0  444.0
2024 117  4 26 1900  -37.6  980.1  444.0  444.0   69.0  444.0
2024 117  4 26 2000  -39.9  981.1  444.0  444.0   68.0  444.0
2024 117  4 26 2100  -38.7  982.0  444.0  444.0   69.0  444.0
2024 117  4 26 2200  -38.5  982.7  444.0  444.0   69.0  444.0
2024 117  4 26 2300  -37.2  983.4  444.0  444.0   70.0  444.0
2024 118  4 27 0000  -36.9  984.0  444.0  444.0   70.0  444.0
2024 118  4 27 0100  -37.3  984.5  444.0  444.0   69.0  444.0
2024 118  4 27 0200  -38.2  985.5  444.0  444.0   69.0  444.0
2024 118  4 27 0300  -38.3  986.1    2.1  131.0   69.0  444.0
2024 118  4 27 0400  -38.5  986.6    2.0  119.0   68.6  444.0
2024 118  4 27 0500  -39.1  987.3    1.7  130.0   68.0  444.0
2024 118  4 27 0600  -40.4  988.1    2.2  133.0   67.4  444.0
2024 118  4 27 0700  -41.6  988.8    2.0  147.0   66.0  444.0
2024 118  4 27 0800  -41.8  989.3    2.6  152.0   66.0  444.0
2024 118  4 27 0900  -43.4  990.1    2.7  159.0   66.0  444.0
2024 118  4 27 1000  -43.0  990.8    2.7  163.0   66.0  444.0
2024 118  4 27 1100  -42.2  991.4    2.9  135.0   67.0  444.0
2024 118  4 27 1200  -40.8  991.8    3.0  128.0   68.0  444.0
2024 118  4 27 1300  -39.9  992.0    3.5  131.0   68.0  444.0
2024 118  4 27 1400  -40.0  992.1    3.8  134.0   68.0  444.0
2024 118  4 27 1500  -39.5  992.2    4.4  136.0   68.0  444.0
2024 118  4 27 1600  -38.5  992.4    4.8  128.0   68.7  444.0
2024 118  4 27 1700  -38.2  992.4    5.1  131.0   69.0  444.0
2024 118  4 27 1800  -38.8  992.2    5.2  133.0   68.0  444.0
2024 118  4 27 1900  -38.7  992.0    5.2  138.0   69.0  444.0
2024 118  4 27 2000  -39.7  991.6    5.1  147.0   68.0  444.0
2024 118  4 27 2100  -40.5  991.3    5.2  138.0   67.6  444.0
2024 118  4 27 2200  -41.0  990.8    5.9  141.0   67.0  444.0
2024 118  4 27 2300  -41.2  990.2    5.8  188.0   67.0  444.0
2024 119  4 28 0000  -40.6  988.8    5.4  142.0   68.0  444.0
2024 119  4 28 0100  -42.5  987.2    5.6  188.0   66.0  444.0
2024 119  4 28 0200  -42.7  986.0    6.4  189.0   66.5  444.0
2024 119  4 28 0300  -41.9  984.5    7.5  181.0   67.0  444.0
2024 119  4 28 0400  -41.4  982.7    7.5  181.0   67.0  444.0
2024 119  4 28 0500  -40.4  980.6    7.9  187.0   68.0  444.0
2024 119  4 28 0600  -38.2  979.0    7.4  185.0   69.0  444.0
2024 119  4 28 0700  -34.7  977.4    8.7  166.0   71.0  444.0
2024 119  4 28 0800  -33.6  975.8    8.7  174.0   71.3  444.0
2024 119  4 28 0900  -32.3  974.6    8.8  178.0   72.0  444.0
2024 119  4 28 1000  -31.9  973.1    8.6  181.0   73.0  444.0
2024 119  4 28 1100  -31.5  971.6    9.2  173.0   73.0  444.0
2024 119  4 28 1200  -30.7  970.8    9.6  174.0   73.0  444.0
2024 119  4 28 1300  -32.9  969.8    8.4  209.0   71.8  444.0
2024 119  4 28 1400  -33.2  968.5    8.5  213.0   71.7  444.0
2024 119  4 28 1500  -33.0  967.3    8.8  228.0   72.0  444.0
2024 119  4 28 1600  -31.9  966.1    9.4  232.0   73.0  444.0
2024 119  4 28 1700  -31.0  965.2    8.2  235.0   73.0  444.0
2024 119  4 28 1800  -30.8  964.8    9.2  248.0   73.1  444.0
2024 119  4 28 1900  -31.5  964.5    8.7  249.0   73.1  444.0
2024 119  4 28 2000  -33.6  964.1    7.6  257.0   72.0  444.0
2024 119  4 28 2100  -34.2  963.9    8.4  270.0   71.0  444.0
2024 119  4 28 2200  -35.6  963.9    7.3  281.0   70.0  444.0
2024 119  4 28 2300  -36.1  964.2    6.5  295.0   70.0  444.0
2024 120  4 29 0000  -36.2  964.2    6.0  294.0   70.0  444.0
2024 120  4 29 0100  -36.9  964.5    6.1  315.0   70.0  444.0
2024 120  4 29 0200  -38.6  964.6    3.9  329.0   69.0  444.0
2024 120  4 29 0300  -39.8  964.9    2.0  331.0   68.0  444.0
2024 120  4 29 0400  -39.8  965.2    4.8    9.0   68.0  444.0
2024 120  4 29 0500  -39.9  965.6    4.9  359.0   68.0  444.0
2024 120  4 29 0600  -41.1  966.5    4.0   29.0   67.0  444.0
2024 120  4 29 0700  -42.2  966.9    2.9   44.0   67.0  444.0
2024 120  4 29 0800  -42.3  968.0    3.3   34.0   67.0  444.0
2024 120  4 29 0900  -43.1  968.5    3.5   54.0   66.0  444.0
2024 120  4 29 1000  -43.6  969.7    2.6   22.0   66.0  444.0
2024 120  4 29 1100  -43.6  970.7    2.9  360.0   66.0  444.0
2024 120  4 29 1200  -44.3  971.6    1.4  360.0   65.8  444.0
2024 120  4 29 1300  -44.5  972.5    1.7  131.0   65.0  444.0
2024 120  4 29 1400  -43.5  973.0    1.5   55.0   66.0  444.0
2024 120  4 29 1500  -43.9  973.5    1.3   65.0   66.0  444.0
2024 120  4 29 1600  -42.9  974.0    1.3   34.0   66.0  444.0
2024 120  4 29 1700  -45.0  974.5    2.9  135.0   65.3  444.0
2024 120  4 29 1800  -44.2  975.0    0.1   59.0   66.0  444.0
2024 120  4 29 1900  -43.1  974.9    1.6  130.0   66.0  444.0
2024 120  4 29 2000  -44.5  975.0    1.0  155.0   65.0  444.0
2024 120  4 29 2100  -41.5  974.8    1.8  187.0   67.0  444.0
2024 120  4 29 2200  -42.2  974.8    1.6  266.0   66.0  444.0
2024 120  4 29 2300  -40.0  974.3    2.6  309.0   67.0  444.0
2024 121  4 30 0000  -40.0  973.8    3.2  310.0   68.0  444.0
2024 121  4 30 0100  -40.8  973.7    1.5  201.0   67.0  444.0
2024 121  4 30 0200  -40.7  973.0    1.6  234.0   67.0  444.0
2024 121  4 30 0300  -41.2  972.7    0.8  238.0   67.0  444.0
2024 121  4 30 0400  -40.3  971.9    2.0  238.0   67.0  444.0
2024 121  4 30 0500  -41.4  971.5    2.4  254.0   67.0  444.0
2024 121  4 30 0600  -41.9  971.1    1.7  255.0   67.0  444.0
2024 121  4 30 0700  -41.3  970.5    1.7  274.0   67.0  444.0
2024 121  4 30 0800  -41.1  969.9    2.0  274.0   67.0  444.0
2024 121  4 30 0900  -41.8  969.5    2.2  274.0   67.0  444.0
2024 121  4 30 1000  -41.8  969.2    1.2  274.0   67.0  444.0
2024 121  4 30 1100  -41.4  968.6    1.8  274.0   66.8  444.0
2024 121  4 30 1200  -41.3  968.5    2.9  283.0   67.0  444.0
2024 121  4 30 1300  -41.0  968.2    2.1  290.0   67.0  444.0
2024 121  4 30 1400  -40.7  968.0    2.2  290.0   67.0  444.0
2024 121  4 30 1500  -40.8  967.8    2.6  290.0   67.0  444.0
2024 121  4 30 1600  -39.8  968.1    2.5  290.0   67.7  444.0
2024 121  4 30 1700  -40.1  968.2    2.3  298.0   67.0  444.0
2024 121  4 30 1800  -40.1  968.6    2.7  313.0   68.0  444.0
2024 121  4 30 1900  -40.4  969.0    3.0  319.0   67.0  444.0
2024 121  4 30 2000  -39.8  969.7    3.9  330.0   68.0  444.0
2024 121  4 30 2100  -39.5  970.7    3.8  329.0   67.9  444.0
2024 121  4 30 2200  -39.6  971.7    3.1  327.0   68.0  444.0
2024 121  4 30 2300  -39.9  972.6    3.6  331.0   68.0  444.0
