Year: 2024  Month: 09  ID: LET  ARGOS:  8928  Name: Lettau              
Lat: 82.48S  Lon: 174.59W  Elev:   38m
2024 245  9  1 0000  -40.5  973.5    7.8  152.0   67.0  444.0
2024 245  9  1 0100  -40.8  974.9    7.9  135.0   67.0  444.0
2024 245  9  1 0200  -43.5  975.3    6.2  136.0   66.0  444.0
2024 245  9  1 0300  -42.3  976.7    6.4  147.0   66.0  444.0
2024 245  9  1 0400  -41.1  976.6    5.3  137.0   67.0  444.0
2024 245  9  1 0500  -41.3  978.1    4.1  127.0   67.0  444.0
2024 245  9  1 0600  -43.3  977.8    3.1   86.0   66.0  444.0
2024 245  9  1 0700  -44.5  978.9    2.0   69.0   65.0  444.0
2024 245  9  1 0800  -45.1  979.1    0.3   29.0   65.0  444.0
2024 245  9  1 0900  -45.9  980.4    1.7   42.0   64.0  444.0
2024 245  9  1 1000  -46.6  981.5    2.2  353.0   64.0  444.0
2024 245  9  1 1100  -46.4  444.0    3.2  327.0   64.0  444.0
2024 245  9  1 1200  -45.6  983.0    3.1  297.0   64.0  444.0
2024 245  9  1 1300  -45.4  982.8    3.4  323.0   64.0  444.0
2024 245  9  1 1400  -44.5  983.1    3.9  308.0   65.0  444.0
2024 245  9  1 1500  -39.9  983.2    4.2  274.0   67.0  444.0
2024 245  9  1 1600  -37.2  983.6    2.6  249.0   69.0  444.0
2024 245  9  1 1700  -33.0  984.1    6.3  193.0   71.0  444.0
2024 245  9  1 1800  -27.2  984.4    7.2  193.0   75.0  444.0
2024 245  9  1 1900  -28.9  986.0    4.6  159.0   73.0  444.0
2024 245  9  1 2000  -32.2  986.6    2.8  124.0   72.0  444.0
2024 245  9  1 2100  -33.9  987.4    2.3  141.0   71.0  444.0
2024 245  9  1 2200  -34.7  987.7    1.5   97.0   70.0  444.0
2024 245  9  1 2300  -34.8  987.6    0.9  111.0   70.0  444.0
2024 246  9  2 0000  -35.2  987.7    1.2  222.0   70.0  444.0
2024 246  9  2 0100  -36.1  987.7    1.7   95.0   69.0  444.0
2024 246  9  2 0200  -37.3  988.3    4.8   94.0   69.0  444.0
2024 246  9  2 0300  -38.7  988.1    1.7   47.0   68.0  444.0
2024 246  9  2 0400  -39.1  988.1    1.0   64.0   68.0  444.0
2024 246  9  2 0500  -39.0  987.8    1.1   80.0   68.0  444.0
2024 246  9  2 0600  -38.9  986.8    0.2   57.0   68.0  444.0
2024 246  9  2 0700  -38.4  986.8    0.7  302.0   68.0  444.0
2024 246  9  2 0800  -37.4  985.7    1.1  302.0   69.0  444.0
2024 246  9  2 0900  -36.7  985.1    0.1  239.0   69.0  444.0
2024 246  9  2 1000  -35.7  984.8    2.1  210.0   69.8  444.0
2024 246  9  2 1100  -35.1  983.7    2.6  232.0   70.0  444.0
2024 246  9  2 1200  -34.5  983.4    3.5  207.0   70.0  444.0
2024 246  9  2 1300  -32.5  983.2    4.7  188.0   71.0  444.0
2024 246  9  2 1400  -32.1  983.1    4.4  188.0   72.0  444.0
2024 246  9  2 1500  -31.1  982.5    3.6  190.0   72.7  444.0
2024 246  9  2 1600  -31.7  983.6    4.0  172.0   72.0  444.0
2024 246  9  2 1700  -28.2  983.4    4.8  188.0   75.0  444.0
2024 246  9  2 1800  -30.0  983.1    4.9  154.0   73.0  444.0
2024 246  9  2 1900  -32.1  982.8    3.7  160.0   72.0  444.0
2024 246  9  2 2000  -33.5  983.1    3.7  204.0   71.4  444.0
2024 246  9  2 2100  -33.3  983.1    4.7  194.0   71.0  444.0
2024 246  9  2 2200  -33.7  983.1    4.2  198.0   71.0  444.0
2024 246  9  2 2300  -34.0  982.6    4.9  156.0   70.7  444.0
2024 247  9  3 0000  -30.8  982.6    4.3  200.0   72.0  444.0
2024 247  9  3 0100  -32.3  982.4    3.9  194.0   72.0  444.0
2024 247  9  3 0200  -32.4  982.2    4.6  198.0   71.0  444.0
2024 247  9  3 0300  -30.5  981.5    4.9  171.0   73.0  444.0
2024 247  9  3 0400  -34.3  981.5    5.3  206.0   72.0  444.0
2024 247  9  3 0500  -34.8  981.1    5.0  196.0   70.0  444.0
2024 247  9  3 0600  -34.5  981.0    4.1  166.0   71.0  444.0
2024 247  9  3 0700  -35.1  980.6    4.5  192.0   70.0  444.0
2024 247  9  3 0800  -34.7  980.5    4.2  204.0   70.4  444.0
2024 247  9  3 0900  -35.4  980.4    4.0  203.0   69.7  444.0
2024 247  9  3 1000  -36.6  979.7    4.4  208.0   69.0  444.0
2024 247  9  3 1100  -35.6  979.3    5.1  198.0   70.0  444.0
2024 247  9  3 1200  -37.2  979.5    5.4  211.0   69.1  444.0
2024 247  9  3 1300  -37.7  979.5    4.7  202.0   69.0  444.0
2024 247  9  3 1400  -37.5  978.5    3.4  188.0   69.0  444.0
2024 247  9  3 1500  -37.2  977.9    3.8  189.0   68.0  444.0
2024 247  9  3 1600  -38.9  977.4    4.0  214.0   68.0  444.0
2024 247  9  3 1700  -39.5  977.3    4.5  216.0   68.0  444.0
2024 247  9  3 1800  -39.0  976.9    3.8  200.0   68.0  444.0
2024 247  9  3 1900  -37.7  976.8    4.4  214.0   68.8  444.0
2024 247  9  3 2000  -37.1  976.4    3.7  211.0   69.0  444.0
2024 247  9  3 2100  -36.1  975.8    3.7  220.0   70.0  444.0
2024 247  9  3 2200  -38.6  975.5    2.9  218.0   68.0  444.0
2024 247  9  3 2300  -37.1  975.3    2.8  177.0   69.0  444.0
2024 248  9  4 0000  -37.5  974.6    3.1  211.0   68.5  444.0
2024 248  9  4 0100  -37.0  974.3    2.8  214.0   68.0  444.0
2024 248  9  4 0200  -38.8  974.6    2.1  183.0   68.0  444.0
2024 248  9  4 0300  -37.5  974.2    2.1  218.0   68.0  444.0
2024 248  9  4 0400  -39.6  973.9    1.9  234.0   67.0  444.0
2024 248  9  4 0500  -39.6  972.9    2.3  253.0   67.0  444.0
2024 248  9  4 0600  -40.6  972.5    2.4  263.0   66.0  444.0
2024 248  9  4 0700  -42.4  972.6    2.0  200.0   66.0  444.0
2024 248  9  4 0800  -42.3  972.6    1.2  205.0   66.0  444.0
2024 248  9  4 0900  -43.1  972.1    1.9  242.0   66.0  444.0
2024 248  9  4 1000  -41.9  972.2    1.9  181.0   66.1  444.0
2024 248  9  4 1100  -42.8  972.1    1.4  236.0   65.7  444.0
2024 248  9  4 1200  -42.3  972.2    2.1  216.0   66.0  444.0
2024 248  9  4 1300  -43.0  972.0    1.9  224.0   66.0  444.0
2024 248  9  4 1400  -43.1  971.9    1.8  214.0   66.0  444.0
2024 248  9  4 1500  -41.8  971.9    1.5  238.0   66.0  444.0
2024 248  9  4 1600  -43.3  972.1    2.0  223.0   66.0  444.0
2024 248  9  4 1700  -42.5  972.3    1.7  229.0   66.0  444.0
2024 248  9  4 1800  -42.5  972.3    1.8  224.0   66.0  444.0
2024 248  9  4 1900  -42.1  972.6    1.6  211.0   66.0  444.0
2024 248  9  4 2000  -41.9  972.7    1.3  214.0   66.0  444.0
2024 248  9  4 2100  -44.0  973.2    1.5  229.0   65.3  444.0
2024 248  9  4 2200  -43.9  973.5    1.6  223.0   65.1  444.0
2024 248  9  4 2300  -43.4  973.8    1.6  227.0   65.0  444.0
2024 249  9  5 0000  -42.2  974.3    1.6  222.0   66.0  444.0
2024 249  9  5 0100  -42.9  974.7    0.7  163.0   66.0  444.0
2024 249  9  5 0200  -41.6  974.9    1.1  229.0   66.0  444.0
2024 249  9  5 0300  -43.7  974.7    1.1  247.0   65.1  444.0
2024 249  9  5 0400  -43.2  974.9    0.7  239.0   66.0  444.0
2024 249  9  5 0500  -43.6  975.1    0.8  232.0   65.0  444.0
2024 249  9  5 0600  -41.6  976.1    1.1  173.0   67.0  444.0
2024 249  9  5 0700  -40.6  976.4    1.0  228.0   66.0  444.0
2024 249  9  5 0800  -43.8  976.4    1.2  251.0   65.0  444.0
2024 249  9  5 0900  -44.2  976.7    1.0  258.0   65.0  444.0
2024 249  9  5 1000  -44.6  976.9    0.6  276.0   65.0  444.0
2024 249  9  5 1100  -41.5  977.0    1.1  242.0   66.0  444.0
2024 249  9  5 1200  -40.1  977.9    0.9  230.0   67.0  444.0
2024 249  9  5 1300  -41.5  977.6    1.0  263.0   66.0  444.0
2024 249  9  5 1400  -40.7  978.1    1.1  206.0   67.0  444.0
2024 249  9  5 1500  -42.6  978.3    0.8  238.0   66.0  444.0
2024 249  9  5 1600  -41.9  978.3    1.0  222.0   66.0  444.0
2024 249  9  5 1700  -42.2  978.3    1.0  205.0   66.0  444.0
2024 249  9  5 1800  -42.8  978.9    1.0  182.0   66.0  444.0
2024 249  9  5 1900  -44.8  979.5  444.0  444.0   65.0  444.0
2024 249  9  5 2000  -45.3  980.2  444.0  444.0   64.0  444.0
2024 249  9  5 2100  -45.3  980.7  444.0  444.0   64.0  444.0
2024 249  9  5 2200  -45.3  980.9  444.0  444.0   64.0  444.0
2024 249  9  5 2300  -45.6  981.2  444.0  444.0   64.0  444.0
2024 250  9  6 0000  -45.7  981.5  444.0  444.0   64.0  444.0
2024 250  9  6 0100  -45.2  981.5  444.0  444.0   64.3  444.0
2024 250  9  6 0200  -45.0  981.5  444.0  444.0   64.0  444.0
2024 250  9  6 0300  -47.0  981.0  444.0  444.0   63.3  444.0
2024 250  9  6 0400  -46.2  980.9  444.0  444.0   64.0  444.0
2024 250  9  6 0500  -45.7  980.8  444.0  444.0   64.0  444.0
2024 250  9  6 0600  -43.7  980.9  444.0  444.0   65.0  444.0
2024 250  9  6 0700  -44.9  981.5  444.0  444.0   64.0  444.0
2024 250  9  6 0800  -46.6  981.8  444.0  444.0   64.0  444.0
2024 250  9  6 0900  -46.8  982.0  444.0  444.0   63.6  444.0
2024 250  9  6 1000  -47.5  982.4  444.0  444.0   63.0  444.0
2024 250  9  6 1100  -47.8  982.5  444.0  444.0   63.0  444.0
2024 250  9  6 1200  -48.0  982.5  444.0  444.0   63.0  444.0
2024 250  9  6 1300  -45.5  982.1  444.0  444.0   64.0  444.0
2024 250  9  6 1400  -45.4  982.2  444.0  444.0   64.0  444.0
2024 250  9  6 1500  -48.9  981.9  444.0  444.0   63.0  444.0
2024 250  9  6 1600  -48.2  981.9  444.0  444.0   63.0  444.0
2024 250  9  6 1700  -48.1  981.9  444.0  444.0   63.0  444.0
2024 250  9  6 1800  -48.4  981.8  444.0  444.0   62.8  444.0
2024 250  9  6 1900  -47.5  981.8  444.0  444.0   63.0  444.0
2024 250  9  6 2000  -48.8  981.7  444.0  444.0   63.0  444.0
2024 250  9  6 2100  -49.3  981.8  444.0  444.0   62.0  444.0
2024 250  9  6 2200  -48.3  981.7  444.0  444.0   63.0  444.0
2024 250  9  6 2300  -48.7  981.4  444.0  444.0   62.0  444.0
2024 251  9  7 0000  -48.9  981.1  444.0  444.0   62.0  444.0
2024 251  9  7 0100  -48.4  980.9  444.0  444.0   62.0  444.0
2024 251  9  7 0200  -50.0  980.9  444.0  444.0   61.8  444.0
2024 251  9  7 0300  -49.4  980.6  444.0  444.0   62.0  444.0
2024 251  9  7 0400  -49.0  980.2  444.0  444.0   62.0  444.0
2024 251  9  7 0500  -50.3  979.9  444.0  444.0   62.0  444.0
2024 251  9  7 0600  -50.6  979.8  444.0  444.0   61.0  444.0
2024 251  9  7 0700  -49.5  979.4  444.0  444.0   62.0  444.0
2024 251  9  7 0800  -51.0  979.1  444.0  444.0   61.0  444.0
2024 251  9  7 0900  -50.4  978.9  444.0  444.0   62.0  444.0
2024 251  9  7 1000  -50.3  978.3  444.0  444.0   62.0  444.0
2024 251  9  7 1100  -49.9  977.6  444.0  444.0   62.0  444.0
2024 251  9  7 1200  -49.9  977.0  444.0  444.0   62.0  444.0
2024 251  9  7 1300  -50.0  976.6  444.0  444.0   62.0  444.0
2024 251  9  7 1400  -49.3  976.1  444.0  444.0   62.0  444.0
2024 251  9  7 1500  -49.1  975.2  444.0  444.0   62.0  444.0
2024 251  9  7 1600  -48.8  974.5  444.0  444.0   62.0  444.0
2024 251  9  7 1700  -48.1  974.1  444.0  444.0   63.0  444.0
2024 251  9  7 1800  -48.5  973.9  444.0  444.0   63.0  444.0
2024 251  9  7 1900  -48.6  973.5  444.0  444.0   62.3  444.0
2024 251  9  7 2000  -48.4  973.1  444.0  444.0   62.0  444.0
2024 251  9  7 2100  -48.8  972.8  444.0  444.0   62.0  444.0
2024 251  9  7 2200  -48.4  972.5  444.0  444.0   62.3  444.0
2024 251  9  7 2300  -48.2  972.2  444.0  444.0   62.0  444.0
2024 252  9  8 0000  -47.0  971.5  444.0  444.0   63.0  444.0
2024 252  9  8 0100  -47.0  971.2  444.0  444.0   63.0  444.0
2024 252  9  8 0200  -47.0  970.9  444.0  444.0   63.0  444.0
2024 252  9  8 0300  -45.6  970.5  444.0  444.0   63.4  444.0
2024 252  9  8 0400  -44.1  970.1  444.0  444.0   64.0  444.0
2024 252  9  8 0500  -45.0  969.6  444.0  444.0   63.5  444.0
2024 252  9  8 0600  -46.1  969.3  444.0  444.0   63.0  444.0
2024 252  9  8 0700  -47.1  969.0  444.0  444.0   63.0  444.0
2024 252  9  8 0800  -49.6  969.0  444.0  444.0   62.0  444.0
2024 252  9  8 0900  -48.7  969.0  444.0  444.0   62.0  444.0
2024 252  9  8 1000  -48.4  968.8  444.0  444.0   62.0  444.0
2024 252  9  8 1100  -50.1  968.9  444.0  444.0   62.0  444.0
2024 252  9  8 1200  -49.1  968.7  444.0  444.0   62.0  444.0
2024 252  9  8 1300  -50.0  968.4  444.0  444.0   62.0  444.0
2024 252  9  8 1400  -50.3  968.7  444.0  444.0   62.0  444.0
2024 252  9  8 1500  -50.2  968.9  444.0  444.0   62.0  444.0
2024 252  9  8 1600  -51.0  968.8  444.0  444.0   61.0  444.0
2024 252  9  8 1700  -51.7  969.6  444.0  444.0   60.9  444.0
2024 252  9  8 1800  -51.9  969.5  444.0  444.0   61.0  444.0
2024 252  9  8 1900  -51.9  969.8  444.0  444.0   61.0  444.0
2024 252  9  8 2000  -51.2  970.0  444.0  444.0   61.0  444.0
2024 252  9  8 2100  -51.0  970.6  444.0  444.0   61.0  444.0
2024 252  9  8 2200  -50.7  970.4  444.0  444.0   61.0  444.0
2024 252  9  8 2300  -50.3  970.7  444.0  444.0   61.3  444.0
2024 253  9  9 0000  -50.3  970.8  444.0  444.0   61.0  444.0
2024 253  9  9 0100  -50.8  971.0  444.0  444.0   61.0  444.0
2024 253  9  9 0200  -51.2  971.3  444.0  444.0   61.0  444.0
2024 253  9  9 0300  -51.3  971.3  444.0  444.0   61.0  444.0
2024 253  9  9 0400  -51.5  971.7  444.0  444.0   61.0  444.0
2024 253  9  9 0500  -51.4  971.8  444.0  444.0   61.0  444.0
2024 253  9  9 0600  -50.6  972.3  444.0  444.0   61.0  444.0
2024 253  9  9 0700  -50.3  972.5  444.0  444.0   62.0  444.0
2024 253  9  9 0800  -50.0  972.9  444.0  444.0   61.0  444.0
2024 253  9  9 0900  -50.3  973.0  444.0  444.0   61.0  444.0
2024 253  9  9 1000  -50.4  973.2  444.0  444.0   61.4  444.0
2024 253  9  9 1100  -50.2  973.3  444.0  444.0   61.0  444.0
2024 253  9  9 1200  -49.3  973.7  444.0  444.0   62.0  444.0
2024 253  9  9 1300  -49.9  973.6  444.0  444.0   61.0  444.0
2024 253  9  9 1400  -51.8  973.3  444.0  444.0   61.0  444.0
2024 253  9  9 1500  -52.2  973.5  444.0  444.0   60.3  444.0
2024 253  9  9 1600  -52.3  973.8  444.0  444.0   60.0  444.0
2024 253  9  9 1700  -52.3  973.8  444.0  444.0   60.0  444.0
2024 253  9  9 1800  -51.9  974.2  444.0  444.0   60.0  444.0
2024 253  9  9 1900  -50.0  974.6  444.0  444.0   61.0  444.0
2024 253  9  9 2000  -49.9  975.0  444.0  444.0   61.0  444.0
2024 253  9  9 2100  -49.6  975.4  444.0  444.0   61.0  444.0
2024 253  9  9 2200  -47.8  976.2  444.0  444.0   62.0  444.0
2024 253  9  9 2300  -50.3  976.7  444.0  444.0   60.0  444.0
2024 254  9 10 0000  -50.8  977.3  444.0  444.0   60.0  444.0
2024 254  9 10 0100  -50.9  978.1  444.0  444.0   60.0  444.0
2024 254  9 10 0200  -52.0  978.4  444.0  444.0   60.0  444.0
2024 254  9 10 0300  -53.1  979.0  444.0  444.0   60.0  444.0
2024 254  9 10 0400  -54.3  979.2  444.0  444.0   59.3  444.0
2024 254  9 10 0500  -54.2  980.1  444.0  444.0   59.0  444.0
2024 254  9 10 0600  -54.6  980.9  444.0  444.0   59.0  444.0
2024 254  9 10 0700  -54.4  982.0  444.0  444.0   59.0  444.0
2024 254  9 10 0800  -54.4  982.8  444.0  444.0   59.3  444.0
2024 254  9 10 0900  -54.5  983.7  444.0  444.0   59.2  444.0
2024 254  9 10 1000  -54.4  984.0  444.0  444.0   59.0  444.0
2024 254  9 10 1100  -54.2  985.1  444.0  444.0   59.0  444.0
2024 254  9 10 1200  -53.8  985.1  444.0  444.0   60.0  444.0
2024 254  9 10 1300  -52.0  985.4  444.0  444.0   60.4  444.0
2024 254  9 10 1400  -52.2  985.3  444.0  444.0   60.0  444.0
2024 254  9 10 1500  -52.2  985.1  444.0  444.0   60.0  444.0
2024 254  9 10 1600  -51.9  985.1  444.0  444.0   60.0  444.0
2024 254  9 10 1700  -51.6  984.7  444.0  444.0   61.0  444.0
2024 254  9 10 1800  -51.0  984.3  444.0  444.0   60.9  444.0
2024 254  9 10 1900  -50.0  984.3  444.0  444.0   61.4  444.0
2024 254  9 10 2000  -49.5  984.0  444.0  444.0   62.0  444.0
2024 254  9 10 2100  -48.8  983.2  444.0  444.0   62.0  444.0
2024 254  9 10 2200  -48.8  982.6  444.0  444.0   62.0  444.0
2024 254  9 10 2300  -49.0  981.7  444.0  444.0   62.0  444.0
2024 255  9 11 0000  -49.8  981.0  444.0  444.0   61.6  444.0
2024 255  9 11 0100  -49.8  980.1  444.0  444.0   61.0  444.0
2024 255  9 11 0200  -50.3  979.1  444.0  444.0   61.0  444.0
2024 255  9 11 0300  -49.7  978.2  444.0  444.0   61.0  444.0
2024 255  9 11 0400  -49.6  977.1  444.0  444.0   61.0  444.0
2024 255  9 11 0500  -49.9  976.0  444.0  444.0   61.5  444.0
2024 255  9 11 0600  -49.8  974.8  444.0  444.0   62.0  444.0
2024 255  9 11 0700  -49.0  973.9  444.0  444.0   62.0  444.0
2024 255  9 11 0800  -48.9  973.0  444.0  444.0   62.0  444.0
2024 255  9 11 0900  -46.9  972.0  444.0  444.0   63.0  444.0
2024 255  9 11 1000  -46.6  971.1  444.0  444.0   63.0  444.0
2024 255  9 11 1100  -44.7  969.8  444.0  444.0   64.0  444.0
2024 255  9 11 1200  -44.4  969.1  444.0  444.0   64.0  444.0
2024 255  9 11 1300  -43.8  968.3  444.0  444.0   64.0  444.0
2024 255  9 11 1400  -42.5  967.5  444.0  444.0   65.0  444.0
2024 255  9 11 1500  -42.6  967.1  444.0  444.0   65.0  444.0
2024 255  9 11 1600  -41.7  966.8  444.0  444.0   65.0  444.0
2024 255  9 11 1700  -42.0  966.4  444.0  444.0   65.0  444.0
2024 255  9 11 1800  -41.4  966.0  444.0  444.0   66.0  444.0
2024 255  9 11 1900  -41.6  965.8  444.0  444.0   66.0  444.0
2024 255  9 11 2000  -40.3  965.4  444.0  444.0   66.0  444.0
2024 255  9 11 2100  -40.2  965.1  444.0  444.0   66.0  444.0
2024 255  9 11 2200  -39.0  965.2  444.0  444.0   67.0  444.0
2024 255  9 11 2300  -39.3  965.2  444.0  444.0   66.0  444.0
2024 256  9 12 0000  -38.1  965.2  444.0  444.0   67.3  444.0
2024 256  9 12 0100  -36.9  965.7  444.0  444.0   67.9  444.0
2024 256  9 12 0200  -37.5  966.0  444.0  444.0   67.0  444.0
2024 256  9 12 0300  -39.3  965.9  444.0  444.0   67.0  444.0
2024 256  9 12 0400  -40.9  966.5  444.0  444.0   66.0  444.0
2024 256  9 12 0500  -41.9  966.7  444.0  444.0   65.6  444.0
2024 256  9 12 0600  -42.7  967.1  444.0  444.0   65.0  444.0
2024 256  9 12 0700  -43.8  967.4  444.0  444.0   65.0  444.0
2024 256  9 12 0800  -45.0  967.8  444.0  444.0   64.0  444.0
2024 256  9 12 0900  -45.5  967.9  444.0  444.0   64.0  444.0
2024 256  9 12 1000  -45.5  968.3  444.0  444.0   63.9  444.0
2024 256  9 12 1100  -45.6  969.0  444.0  444.0   64.0  444.0
2024 256  9 12 1200  -47.6  969.9  444.0  444.0   63.0  444.0
2024 256  9 12 1300  -46.2  970.4  444.0  444.0   63.0  444.0
2024 256  9 12 1400  -46.0  970.6  444.0  444.0   64.0  444.0
2024 256  9 12 1500  -47.0  971.5  444.0  444.0   62.7  444.0
2024 256  9 12 1600  -45.1  972.2  444.0  444.0   64.0  444.0
2024 256  9 12 1700  -46.5  972.8  444.0  444.0   63.0  444.0
2024 256  9 12 1800  -46.5  973.3  444.0  444.0   63.0  444.0
2024 256  9 12 1900  -46.9  973.6  444.0  444.0   63.0  444.0
2024 256  9 12 2000  -44.7  973.8  444.0  444.0   64.0  444.0
2024 256  9 12 2100  -44.6  974.2  444.0  444.0   64.0  444.0
2024 256  9 12 2200  -42.1  974.4  444.0  444.0   65.1  444.0
2024 256  9 12 2300  -40.2  974.9  444.0  444.0   66.0  444.0
2024 257  9 13 0000  -39.0  975.3  444.0  444.0   67.0  444.0
2024 257  9 13 0100  -37.8  975.7  444.0  444.0   67.0  444.0
2024 257  9 13 0200  -36.8  975.7  444.0  444.0   68.0  444.0
2024 257  9 13 0300  -40.2  976.2  444.0  444.0   66.1  444.0
2024 257  9 13 0400  -39.6  976.6  444.0  444.0   67.0  444.0
2024 257  9 13 0500  -38.3  976.5  444.0  444.0   67.0  444.0
2024 257  9 13 0600  -36.4  976.7  444.0  444.0   69.0  444.0
2024 257  9 13 0700  -35.1  977.2  444.0  444.0   70.0  444.0
2024 257  9 13 0800  -34.5  977.7  444.0  444.0   70.0  444.0
2024 257  9 13 0900  -35.0  978.1  444.0  444.0   69.0  444.0
2024 257  9 13 1000  -39.0  978.8  444.0  444.0   67.0  444.0
2024 257  9 13 1100  -39.9  978.7  444.0  444.0   67.0  444.0
2024 257  9 13 1200  -42.4  979.1  444.0  444.0   66.0  444.0
2024 257  9 13 1300  -42.8  979.5  444.0  444.0   65.0  444.0
2024 257  9 13 1400  -43.7  979.8  444.0  444.0   65.0  444.0
2024 257  9 13 1500  -44.7  979.8  444.0  444.0   65.0  444.0
2024 257  9 13 1600  -45.3  979.9  444.0  444.0   64.0  444.0
2024 257  9 13 1700  -44.7  979.8  444.0  444.0   64.0  444.0
2024 257  9 13 1800  -45.1  979.7  444.0  444.0   64.0  444.0
2024 257  9 13 1900  -45.2  979.6  444.0  444.0   64.0  444.0
2024 257  9 13 2000  -45.7  979.6  444.0  444.0   64.0  444.0
2024 257  9 13 2100  -45.9  980.0  444.0  444.0   64.0  444.0
2024 257  9 13 2200  -46.4  980.3  444.0  444.0   63.0  444.0
2024 257  9 13 2300  -46.2  980.9  444.0  444.0   63.0  444.0
2024 258  9 14 0000  -45.5  981.0  444.0  444.0   64.0  444.0
2024 258  9 14 0100  -44.1  980.8  444.0  444.0   64.0  444.0
2024 258  9 14 0200  -44.2  980.4  444.0  444.0   64.0  444.0
2024 258  9 14 0300  -44.9  980.5  444.0  444.0   64.0  444.0
2024 258  9 14 0400  -44.7  980.5  444.0  444.0   64.2  444.0
2024 258  9 14 0500  -45.9  980.5  444.0  444.0   64.0  444.0
2024 258  9 14 0600  -45.8  980.3  444.0  444.0   64.0  444.0
2024 258  9 14 0700  -46.8  980.3  444.0  444.0   63.3  444.0
2024 258  9 14 0800  -45.1  980.3  444.0  444.0   64.0  444.0
2024 258  9 14 0900  -45.3  980.3  444.0  444.0   64.0  444.0
2024 258  9 14 1000  -44.6  980.1  444.0  444.0   64.0  444.0
2024 258  9 14 1100  -43.7  979.9  444.0  444.0   65.0  444.0
2024 258  9 14 1200  -45.8  979.3  444.0  444.0   64.0  444.0
2024 258  9 14 1300  -45.3  979.0  444.0  444.0   64.0  444.0
2024 258  9 14 1400  -44.8  978.2  444.0  444.0   64.0  444.0
2024 258  9 14 1500  -43.7  978.3  444.0  444.0   64.6  444.0
2024 258  9 14 1600  -43.7  978.3  444.0  444.0   65.0  444.0
2024 258  9 14 1700  -43.5  978.0  444.0  444.0   65.0  444.0
2024 258  9 14 1800  -43.2  977.7  444.0  444.0   65.0  444.0
2024 258  9 14 1900  -44.1  977.3  444.0  444.0   64.0  444.0
2024 258  9 14 2000  -42.5  977.0  444.0  444.0   65.0  444.0
2024 258  9 14 2100  -41.0  976.4  444.0  444.0   66.0  444.0
2024 258  9 14 2200  -35.3  976.2  444.0  444.0   69.0  444.0
2024 258  9 14 2300  -35.7  976.2  444.0  444.0   68.0  444.0
2024 259  9 15 0000  -35.1  976.1  444.0  444.0   69.0  444.0
2024 259  9 15 0100  -32.5  975.4  444.0  444.0   70.0  444.0
2024 259  9 15 0200  -33.3  975.9  444.0  444.0   70.0  444.0
2024 259  9 15 0300  -33.0  975.6  444.0  444.0   70.0  444.0
2024 259  9 15 0400  -32.9  975.6  444.0  444.0   71.0  444.0
2024 259  9 15 0500  -33.6  975.3  444.0  444.0   70.4  444.0
2024 259  9 15 0600  -31.7  975.4  444.0  444.0   72.0  444.0
2024 259  9 15 0700  -33.1  975.1  444.0  444.0   71.0  444.0
2024 259  9 15 0800  -34.6  975.2  444.0  444.0   70.0  444.0
2024 259  9 15 0900  -34.5  974.9  444.0  444.0   70.0  444.0
2024 259  9 15 1000  -34.0  974.8  444.0  444.0   71.0  444.0
2024 259  9 15 1100  -32.0  975.0  444.0  444.0   72.0  444.0
2024 259  9 15 1200  -30.2  974.8  444.0  444.0   73.0  444.0
2024 259  9 15 1300  -30.1  974.8  444.0  444.0   73.0  444.0
2024 259  9 15 1400  -30.4  975.3  444.0  444.0   73.0  444.0
2024 259  9 15 1500  -31.7  975.7  444.0  444.0   72.0  444.0
2024 259  9 15 1600  -34.8  976.4  444.0  444.0   70.0  444.0
2024 259  9 15 1700  -37.5  977.3  444.0  444.0   69.0  444.0
2024 259  9 15 1800  -37.3  977.7  444.0  444.0   69.0  444.0
2024 259  9 15 1900  -38.5  978.3  444.0  444.0   68.0  444.0
2024 259  9 15 2000  -40.3  979.0  444.0  444.0   67.0  444.0
2024 259  9 15 2100  -42.2  979.5  444.0  444.0   66.0  444.0
2024 259  9 15 2200  -42.9  979.8  444.0  444.0   66.0  444.0
2024 259  9 15 2300  -41.6  980.4  444.0  444.0   66.0  444.0
2024 260  9 16 0000  -41.1  980.4  444.0  444.0   67.0  444.0
2024 260  9 16 0100  -40.7  980.6  444.0  444.0   66.5  444.0
2024 260  9 16 0200  -39.9  980.3  444.0  444.0   66.0  444.0
2024 260  9 16 0300  -41.5  980.0  444.0  444.0   66.0  444.0
2024 260  9 16 0400  -40.6  980.0  444.0  444.0   66.3  444.0
2024 260  9 16 0500  -42.1  980.3  444.0  444.0   66.0  444.0
2024 260  9 16 0600  -42.1  980.6  444.0  444.0   66.0  444.0
2024 260  9 16 0700  -43.3  980.9  444.0  444.0   65.5  444.0
2024 260  9 16 0800  -44.1  981.3  444.0  444.0   65.0  444.0
2024 260  9 16 0900  -42.9  981.6  444.0  444.0   66.0  444.0
2024 260  9 16 1000  -42.3  982.0  444.0  444.0   65.0  444.0
2024 260  9 16 1100  -45.5  982.4  444.0  444.0   64.0  444.0
2024 260  9 16 1200  -46.7  982.8  444.0  444.0   63.8  444.0
2024 260  9 16 1300  -47.6  983.0  444.0  444.0   63.0  444.0
2024 260  9 16 1400  -48.0  983.6  444.0  444.0   63.0  444.0
2024 260  9 16 1500  -49.4  984.2  444.0  444.0   63.0  444.0
2024 260  9 16 1600  -50.2  985.0  444.0  444.0   62.0  444.0
2024 260  9 16 1700  -50.7  985.4  444.0  444.0   61.9  444.0
2024 260  9 16 1800  -51.4  986.2  444.0  444.0   62.0  444.0
2024 260  9 16 1900  -51.8  986.5  444.0  444.0   61.0  444.0
2024 260  9 16 2000  -52.0  987.3  444.0  444.0   61.0  444.0
2024 260  9 16 2100  -52.1  988.5  444.0  444.0   61.0  444.0
2024 260  9 16 2200  -52.1  988.6  444.0  444.0   60.5  444.0
2024 260  9 16 2300  -52.2  989.1  444.0  444.0   60.0  444.0
2024 261  9 17 0000  -52.1  989.5  444.0  444.0   60.0  444.0
2024 261  9 17 0100  -50.1  990.5  444.0  444.0   60.0  444.0
2024 261  9 17 0200  -49.8  991.0  444.0  444.0   61.0  444.0
2024 261  9 17 0300  -51.3  991.5  444.0  444.0   60.2  444.0
2024 261  9 17 0400  -52.0  991.9  444.0  444.0   60.0  444.0
2024 261  9 17 0500  -52.3  992.3  444.0  444.0   60.3  444.0
2024 261  9 17 0600  -52.6  992.8  444.0  444.0   60.0  444.0
2024 261  9 17 0700  -52.3  993.1  444.0  444.0   61.0  444.0
2024 261  9 17 0800  -53.0  993.6  444.0  444.0   60.0  444.0
2024 261  9 17 0900  -53.0  994.2  444.0  444.0   60.0  444.0
2024 261  9 17 1000  -53.1  994.9  444.0  444.0   60.4  444.0
2024 261  9 17 1100  -53.2  994.9  444.0  444.0   60.0  444.0
2024 261  9 17 1200  -53.1  994.6  444.0  444.0   60.0  444.0
2024 261  9 17 1300  -52.9  994.8  444.0  444.0   60.0  444.0
2024 261  9 17 1400  -52.3  994.9  444.0  444.0   61.0  444.0
2024 261  9 17 1500  -51.9  994.9  444.0  444.0   60.9  444.0
2024 261  9 17 1600  -51.7  995.7  444.0  444.0   61.0  444.0
2024 261  9 17 1700  -50.9  994.2  444.0  444.0   61.0  444.0
2024 261  9 17 1800  -49.8  995.1  444.0  444.0   62.0  444.0
2024 261  9 17 1900  -49.3  993.6  444.0  444.0   62.0  444.0
2024 261  9 17 2000  -48.4  993.9  444.0  444.0   62.4  444.0
2024 261  9 17 2100  -47.6  992.4  444.0  444.0   62.8  444.0
2024 261  9 17 2200  -47.9  992.2  444.0  444.0   63.0  444.0
2024 261  9 17 2300  -47.1  991.8  444.0  444.0   63.0  444.0
2024 262  9 18 0000  -45.9  990.7  444.0  444.0   64.0  444.0
2024 262  9 18 0100  -43.8  989.2  444.0  444.0   64.7  444.0
2024 262  9 18 0200  -42.0  988.3  444.0  444.0   65.5  444.0
2024 262  9 18 0300  -40.0  987.1  444.0  444.0   66.5  444.0
2024 262  9 18 0400  -39.2  986.2  444.0  444.0   67.0  444.0
2024 262  9 18 0500  -38.5  985.4  444.0  444.0   67.0  444.0
2024 262  9 18 0600  -37.7  984.3  444.0  444.0   68.0  444.0
2024 262  9 18 0700  -36.7  983.0  444.0  444.0   68.7  444.0
2024 262  9 18 0800  -35.3  981.9  444.0  444.0   69.5  444.0
2024 262  9 18 0900  -35.3  980.7    9.4  147.0   69.0  444.0
2024 262  9 18 1000  -34.5  979.9    9.7  146.0   70.0  444.0
2024 262  9 18 1100  -34.1  978.9    9.3  144.0   70.0  444.0
2024 262  9 18 1200  -34.0  978.3    9.4  142.0   70.0  444.0
2024 262  9 18 1300  -33.7  977.2   10.5  145.0   70.6  444.0
2024 262  9 18 1400  -32.8  976.3   10.1  145.0   71.0  444.0
2024 262  9 18 1500  -32.1  975.8   11.6  143.0   72.0  444.0
2024 262  9 18 1600  -31.1  975.0   11.9  146.0   72.0  444.0
2024 262  9 18 1700  -30.7  974.6   12.1  147.0   73.0  444.0
2024 262  9 18 1800  -30.1  974.3   11.6  152.0   73.1  444.0
2024 262  9 18 1900  -29.7  973.7   11.5  154.0   73.3  444.0
2024 262  9 18 2000  -28.8  973.5   12.6  150.0   74.0  444.0
2024 262  9 18 2100  -29.0  973.4   12.3  147.0   74.0  444.0
2024 262  9 18 2200  -28.8  973.6   11.5  141.0   74.0  444.0
2024 262  9 18 2300  -27.7  973.1   12.3  142.0   75.0  444.0
2024 263  9 19 0000  -27.3  973.0   12.5  143.0   75.0  444.0
2024 263  9 19 0100  -26.8  973.2   13.7  136.0   75.0  444.0
2024 263  9 19 0200  -26.8  973.0   12.6  134.0   75.0  444.0
2024 263  9 19 0300  -26.9  973.2   11.8  138.0   75.0  444.0
2024 263  9 19 0400  -27.9  973.8    9.6  144.0   75.0  444.0
2024 263  9 19 0500  -28.6  973.9    8.7  139.0   74.0  444.0
2024 263  9 19 0600  -29.3  974.5    8.2  150.0   74.0  444.0
2024 263  9 19 0700  -29.0  974.8    8.6  145.0   74.0  444.0
2024 263  9 19 0800  -27.9  975.3    9.9  141.0   75.0  444.0
2024 263  9 19 0900  -28.0  976.3    8.2  133.0   75.0  444.0
2024 263  9 19 1000  -27.5  977.3    6.9  143.0   75.0  444.0
2024 263  9 19 1100  -27.0  978.1    7.9  142.0   76.0  444.0
2024 263  9 19 1200  -27.0  979.1    6.1  153.0   75.8  444.0
2024 263  9 19 1300  -26.6  980.0    5.2  146.0   76.0  444.0
2024 263  9 19 1400  -26.3  981.1    4.7  167.0   76.0  444.0
2024 263  9 19 1500  -26.4  981.8    4.3  173.0   76.0  444.0
2024 263  9 19 1600  -26.7  982.8    3.2  170.0   76.0  444.0
2024 263  9 19 1700  -26.6  983.8    3.0  192.0   76.0  444.0
2024 263  9 19 1800  -26.8  984.6    2.5  188.0   76.0  444.0
2024 263  9 19 1900  -26.9  985.5    1.4  206.0   76.0  444.0
2024 263  9 19 2000  -26.7  986.4    0.1  210.0   76.0  444.0
2024 263  9 19 2100  -27.0  987.3    0.6  210.0   76.0  444.0
2024 263  9 19 2200  -28.2  988.5    3.7   13.0   75.0  444.0
2024 263  9 19 2300  -28.2  989.3    3.7   14.0   75.0  444.0
2024 264  9 20 0000  -28.6  990.7    4.5   19.0   75.0  444.0
2024 264  9 20 0100  -29.2  991.0    3.9   35.0   74.3  444.0
2024 264  9 20 0200  -29.5  991.4    3.0   35.0   74.0  444.0
2024 264  9 20 0300  -29.6  992.4    2.3   31.0   74.0  444.0
2024 264  9 20 0400  -29.6  992.8    2.0   58.0   74.2  444.0
2024 264  9 20 0500  -29.6  993.7    3.6   47.0   74.0  444.0
2024 264  9 20 0600  -30.1  994.0    3.6   45.0   74.0  444.0
2024 264  9 20 0700  -30.9  994.8    3.1   48.0   73.0  444.0
2024 264  9 20 0800  -31.0  995.7    2.7   51.0   73.0  444.0
2024 264  9 20 0900  -30.9  996.1    2.1   48.0   73.0  444.0
2024 264  9 20 1000  -31.0  996.7    1.1   76.0   73.0  444.0
2024 264  9 20 1100  -31.3  997.2    1.1   90.0   73.0  444.0
2024 264  9 20 1200  -33.6  997.2    1.6  111.0   72.0  444.0
2024 264  9 20 1300  -33.3  997.7    1.4  113.0   72.0  444.0
2024 264  9 20 1400  -33.3  998.2    1.2  145.0   72.0  444.0
2024 264  9 20 1500  -33.0  998.3    1.2  159.0   72.0  444.0
2024 264  9 20 1600  -32.8  998.3    2.5  157.0   72.0  444.0
2024 264  9 20 1700  -32.3  998.1    2.3  151.0   72.0  444.0
2024 264  9 20 1800  -31.9  998.7    1.7  149.0   73.0  444.0
2024 264  9 20 1900  -31.4  998.7    1.9  132.0   73.0  444.0
2024 264  9 20 2000  -31.5  998.5    2.2  134.0   73.0  444.0
2024 264  9 20 2100  -31.4  998.6    1.7  135.0   73.0  444.0
2024 264  9 20 2200  -30.9  999.0    1.3  158.0   73.0  444.0
2024 264  9 20 2300  -30.5  998.8    0.9  166.0   73.0  444.0
2024 265  9 21 0000  -30.0  998.7    1.1  184.0   73.9  444.0
2024 265  9 21 0100  -29.8  998.9    0.8  204.0   74.0  444.0
2024 265  9 21 0200  -29.2  998.6    0.6  207.0   74.0  444.0
2024 265  9 21 0300  -29.1  998.5    0.8  224.0   74.0  444.0
2024 265  9 21 0400  -29.3  998.4    0.8  217.0   74.0  444.0
2024 265  9 21 0500  -30.5  998.2    0.8  220.0   73.3  444.0
2024 265  9 21 0600  -32.8  998.4    1.0  232.0   71.0  444.0
2024 265  9 21 0700  -35.5  998.2    1.0  226.0   70.0  444.0
2024 265  9 21 0800  -36.6  998.2    1.1  235.0   70.0  444.0
2024 265  9 21 0900  -37.3  998.2    1.1  238.0   69.0  444.0
2024 265  9 21 1000  -39.2  998.5    0.8  265.0   68.3  444.0
2024 265  9 21 1100  -41.0  998.7    0.8  285.0   67.0  444.0
2024 265  9 21 1200  -40.6  998.5    0.6  285.0   67.6  444.0
2024 265  9 21 1300  -41.6  998.5    0.5  285.0   67.0  444.0
2024 265  9 21 1400  -42.2  998.4    0.8  285.0   67.0  444.0
2024 265  9 21 1500  -42.5  998.3    0.7  292.0   67.0  444.0
2024 265  9 21 1600  -40.0  998.1    0.8  317.0   68.0  444.0
2024 265  9 21 1700  -38.7  998.0    0.8  324.0   69.0  444.0
2024 265  9 21 1800  -39.3  997.7    1.0  335.0   68.0  444.0
2024 265  9 21 1900  -42.2  996.9    1.4    5.0   67.0  444.0
2024 265  9 21 2000  -42.7  996.4    1.2   15.0   66.0  444.0
2024 265  9 21 2100  -41.4  996.1    1.4  340.0   67.0  444.0
2024 265  9 21 2200  -40.6  995.2    1.7  330.0   67.2  444.0
2024 265  9 21 2300  -39.1  995.7    1.3  292.0   68.0  444.0
2024 266  9 22 0000  -43.4  995.1    1.6  358.0   66.0  444.0
2024 266  9 22 0100  -41.8  994.6    1.4  318.0   66.0  444.0
2024 266  9 22 0200  -42.4  994.6    0.8  322.0   66.0  444.0
2024 266  9 22 0300  -43.1  994.3    0.8  300.0   65.7  444.0
2024 266  9 22 0400  -42.9  993.8    1.3  284.0   66.0  444.0
2024 266  9 22 0500  -43.1  993.7    0.6  252.0   66.0  444.0
2024 266  9 22 0600  -42.8  993.5    0.6  241.0   66.0  444.0
2024 266  9 22 0700  -44.7  993.2    0.8  268.0   65.0  444.0
2024 266  9 22 0800  -47.5  993.4    1.3  196.0   63.9  444.0
2024 266  9 22 0900  -48.5  993.7    1.1  214.0   63.0  444.0
2024 266  9 22 1000  -49.0  993.6    1.3  181.0   63.0  444.0
2024 266  9 22 1100  -49.0  994.1    0.9  180.0   63.0  444.0
2024 266  9 22 1200  -49.2  994.4    0.8  186.0   63.0  444.0
2024 266  9 22 1300  -49.5  994.8    0.9  195.0   63.0  444.0
2024 266  9 22 1400  -49.3  994.7    1.2  196.0   63.0  444.0
2024 266  9 22 1500  -48.7  994.5    1.4  197.0   63.0  444.0
2024 266  9 22 1600  -49.0  994.4    1.4  186.0   63.0  444.0
2024 266  9 22 1700  -49.4  994.4    1.2  190.0   63.0  444.0
2024 266  9 22 1800  -49.1  994.0    1.2  187.0   63.0  444.0
2024 266  9 22 1900  -48.6  993.7    1.6  187.0   63.0  444.0
2024 266  9 22 2000  -48.3  993.8    1.6  188.0   63.0  444.0
2024 266  9 22 2100  -48.2  993.5    1.2  190.0   63.0  444.0
2024 266  9 22 2200  -47.8  993.5    1.1  185.0   63.0  444.0
2024 266  9 22 2300  -47.4  993.7    1.1  181.0   63.0  444.0
2024 267  9 23 0000  -47.6  993.4    1.2  195.0   62.9  444.0
2024 267  9 23 0100  -47.3  992.9    1.2  204.0   62.9  444.0
2024 267  9 23 0200  -47.1  992.2    1.1  203.0   63.0  444.0
2024 267  9 23 0300  -47.4  991.7    1.3  205.0   63.0  444.0
2024 267  9 23 0400  -46.9  991.1    1.7  186.0   63.0  444.0
2024 267  9 23 0500  -47.2  990.7    0.9  192.0   63.4  444.0
2024 267  9 23 0600  -47.3  990.2    1.4  183.0   64.0  444.0
2024 267  9 23 0700  -47.5  989.6    1.7  195.0   63.5  444.0
2024 267  9 23 0800  -47.4  989.0    1.2  198.0   64.0  444.0
2024 267  9 23 0900  -47.8  989.0    0.9  197.0   63.0  444.0
2024 267  9 23 1000  -47.0  988.2    1.5  211.0   64.0  444.0
2024 267  9 23 1100  -46.6  987.9    1.3  208.0   64.0  444.0
2024 267  9 23 1200  -45.2  987.6    1.1  231.0   64.4  444.0
2024 267  9 23 1300  -45.7  987.1    1.1  221.0   64.0  444.0
2024 267  9 23 1400  -47.0  986.2    0.8  215.0   63.7  444.0
2024 267  9 23 1500  -46.6  985.8    0.9  233.0   64.0  444.0
2024 267  9 23 1600  -46.4  985.5    0.6  241.0   64.0  444.0
2024 267  9 23 1700  -41.6  984.8    1.8  246.0   66.4  444.0
2024 267  9 23 1800  -40.2  984.5    2.2  248.0   67.0  444.0
2024 267  9 23 1900  -40.5  984.4    2.2  254.0   66.6  444.0
2024 267  9 23 2000  -40.7  984.2    1.8  258.0   66.0  444.0
2024 267  9 23 2100  -40.1  983.8    2.5  262.0   67.0  444.0
2024 267  9 23 2200  -39.6  983.8    7.4  260.0   67.0  444.0
2024 267  9 23 2300  -39.2  983.2    7.7  267.0   67.0  444.0
2024 268  9 24 0000  -38.8  983.4    7.5  260.0   68.0  444.0
2024 268  9 24 0100  -39.0  983.4    8.0  267.0   68.0  444.0
2024 268  9 24 0200  -38.5  983.5    7.9  271.0   68.0  444.0
2024 268  9 24 0300  -38.8  983.7    6.7  258.0   68.0  444.0
2024 268  9 24 0400  -37.5  984.0    7.7  253.0   68.0  444.0
2024 268  9 24 0500  -39.0  444.0    7.9  272.0   67.8  444.0
2024 268  9 24 0600  -38.0  444.0    7.5  262.0   68.0  444.0
2024 268  9 24 0700  -37.0  985.8    5.1  250.0   69.0  444.0
2024 268  9 24 0800  -37.7  985.5    6.7  274.0   69.0  444.0
2024 268  9 24 0900  -37.5  986.4    5.3  262.0   69.0  444.0
2024 268  9 24 1000  -34.6  987.3    5.4  240.0   70.5  444.0
2024 268  9 24 1100  -32.6  988.1    4.1  194.0   71.0  444.0
2024 268  9 24 1200  -43.6  990.7    9.3  126.0   65.0  444.0
2024 268  9 24 1300  -47.8  992.3    7.1  138.0   64.0  444.0
2024 268  9 24 1400  -48.5  992.8    6.7  135.0   64.0  444.0
2024 268  9 24 1500  -48.5  993.8    5.0  151.0   63.0  444.0
2024 268  9 24 1600  -48.1  995.2    4.0  173.0   64.0  444.0
2024 268  9 24 1700  -47.9  996.1    4.3  148.0   64.0  444.0
2024 268  9 24 1800  -45.4  996.9    6.5  147.0   65.0  444.0
2024 268  9 24 1900  -44.4  997.9    2.8  187.0   65.0  444.0
2024 268  9 24 2000  -42.4  998.6    3.3  194.0   66.0  444.0
2024 268  9 24 2100  -40.3  999.4    4.2  157.0   67.0  444.0
2024 268  9 24 2200  -41.3 1000.4    3.0  173.0   66.0  444.0
2024 268  9 24 2300  -41.5 1001.2    4.0  165.0   66.0  444.0
2024 269  9 25 0000  -41.7 1002.2    3.7  177.0   65.0  444.0
2024 269  9 25 0100  -41.2 1002.7    3.3  178.0   66.0  444.0
2024 269  9 25 0200  -40.6 1003.3    2.4  174.0   65.0  444.0
2024 269  9 25 0300  -41.1 1003.7    2.4  215.0   65.0  444.0
2024 269  9 25 0400  -41.7 1004.1    2.7  168.0   65.0  444.0
2024 269  9 25 0500  -43.0 1004.7    2.9  206.0   65.0  444.0
2024 269  9 25 0600  -44.4 1005.0    3.1  218.0   65.0  444.0
2024 269  9 25 0700  -45.3 1005.5    3.2  200.0   65.0  444.0
2024 269  9 25 0800  -45.6 1006.1    1.6  176.0   64.0  444.0
2024 269  9 25 0900  -45.9 1006.6    1.3  255.0   64.0  444.0
2024 269  9 25 1000  -45.3 1006.9    0.8  253.0   64.0  444.0
2024 269  9 25 1100  -45.4 1006.9    0.4  209.0   64.0  444.0
2024 269  9 25 1200  -45.0 1006.8    0.5  255.0   64.0  444.0
2024 269  9 25 1300  -45.4 1006.8    0.0    0.0   64.0  444.0
2024 269  9 25 1400  -45.3 1006.5    1.2  177.0   64.3  444.0
2024 269  9 25 1500  -45.4 1006.3    0.0    0.0   64.0  444.0
2024 269  9 25 1600  -45.4 1005.9    0.7   22.0   64.0  444.0
2024 269  9 25 1700  -46.4 1005.9    1.2   22.0   64.0  444.0
2024 269  9 25 1800  -46.6 1005.4    0.6   21.0   64.0  444.0
2024 269  9 25 1900  -47.1 1004.7    0.5   21.0   63.0  444.0
2024 269  9 25 2000  -46.9 1004.5    0.1   21.0   63.0  444.0
2024 269  9 25 2100  -46.7 1004.4    0.6   20.0   63.0  444.0
2024 269  9 25 2200  -44.4 1003.5    1.4   20.0   64.0  444.0
2024 269  9 25 2300  -44.8 1002.7    2.1    6.0   64.0  444.0
2024 270  9 26 0000  -43.8 1001.4    2.7   17.0   65.0  444.0
2024 270  9 26 0100  -43.8 1001.2    1.9  250.0   65.0  444.0
2024 270  9 26 0200  444.0 1000.5    0.1  212.0   65.0  444.0
2024 270  9 26 0300  -45.2  999.6    2.3   51.0   65.0  444.0
2024 270  9 26 0400  -43.8  998.9    0.1  333.0   65.5  444.0
2024 270  9 26 0500  -45.8  998.6    2.9   37.0   65.0  444.0
2024 270  9 26 0600  -46.4  998.3    2.5   34.0   65.0  444.0
2024 270  9 26 0700  -47.4  998.1    3.0   60.0   64.0  444.0
2024 270  9 26 0800  -47.5  997.9    3.4   67.0   64.0  444.0
2024 270  9 26 0900  -47.5  997.4    3.2   78.0   63.0  444.0
2024 270  9 26 1000  -47.8  996.9    2.5  113.0   63.0  444.0
2024 270  9 26 1100  -48.2  996.1    2.1  107.0   63.0  444.0
2024 270  9 26 1200  -48.7  995.8    3.8  136.0   63.0  444.0
2024 270  9 26 1300  -48.4  995.2    4.4  138.0   63.0  444.0
2024 270  9 26 1400  -48.6  994.8    2.8  151.0   63.0  444.0
2024 270  9 26 1500  -48.9  994.0    3.6  184.0   63.0  444.0
2024 270  9 26 1600  -47.5  993.3    3.2  180.0   63.0  444.0
2024 270  9 26 1700  -47.5  993.1    3.5  176.0   63.0  444.0
2024 270  9 26 1800  -47.2  992.7    3.6  189.0   63.0  444.0
2024 270  9 26 1900  -46.4  991.9    4.7  186.0   63.0  444.0
2024 270  9 26 2000  -47.0  991.2    5.6  190.0   63.0  444.0
2024 270  9 26 2100  -46.6  989.8    6.1  194.0   63.0  444.0
2024 270  9 26 2200  -45.8  989.3    5.1  192.0   63.0  444.0
2024 270  9 26 2300  -45.4  988.8    5.5  186.0   64.0  444.0
2024 271  9 27 0000  -44.6  988.2    5.0  190.0   64.0  444.0
2024 271  9 27 0100  -43.4  987.6    4.2  174.0   64.0  444.0
2024 271  9 27 0200  -44.2  986.8    5.6  189.0   64.0  444.0
2024 271  9 27 0300  -43.6  985.8    6.0  192.0   64.0  444.0
2024 271  9 27 0400  -43.0  984.9    6.0  187.0   65.0  444.0
2024 271  9 27 0500  -43.2  984.6    5.4  188.0   65.0  444.0
2024 271  9 27 0600  -42.3  984.1    5.0  182.0   65.0  444.0
2024 271  9 27 0700  -42.4  983.6    5.6  185.0   66.0  444.0
2024 271  9 27 0800  -42.5  983.2    5.6  187.0   70.0  444.0
2024 271  9 27 0900  -42.7  982.7    5.5  183.0   65.6  444.0
2024 271  9 27 1000  -41.4  982.3    5.7  195.0   66.0  444.0
2024 271  9 27 1100  -41.4  981.8    5.8  184.0   66.0  444.0
2024 271  9 27 1200  -37.8  981.3    7.7  182.0   68.0  444.0
2024 271  9 27 1300  -40.1  980.7    7.6  189.0   67.0  444.0
2024 271  9 27 1400  -39.6  980.4    6.9  191.0   67.1  444.0
2024 271  9 27 1500  -39.0  980.1    6.6  194.0   67.0  444.0
2024 271  9 27 1600  -39.4  979.6    6.9  189.0   67.0  444.0
2024 271  9 27 1700  -38.7  979.4    7.4  189.0   68.0  444.0
2024 271  9 27 1800  -37.8  979.0    7.7  190.0   68.0  444.0
2024 271  9 27 1900  -37.5  978.9    7.9  187.0   68.1  444.0
2024 271  9 27 2000  -35.9  978.2    7.4  190.0   69.0  444.0
2024 271  9 27 2100  -34.4  977.8    9.5  183.0   70.0  444.0
2024 271  9 27 2200  -33.5  977.5    7.4  185.0   70.0  444.0
2024 271  9 27 2300  -33.3  977.0    7.4  189.0   70.0  444.0
2024 272  9 28 0000  -31.6  976.6    7.7  186.0   71.7  444.0
2024 272  9 28 0100  -29.9  976.1    6.9  186.0   72.7  444.0
2024 272  9 28 0200  -29.4  975.1    6.5  187.0   73.0  444.0
2024 272  9 28 0300  -29.4  974.9    6.1  179.0   73.0  444.0
2024 272  9 28 0400  -27.8  974.8    7.1  169.0   75.0  444.0
2024 272  9 28 0500  -26.8  974.7    7.3  169.0   75.2  444.0
2024 272  9 28 0600  -26.3  974.6    6.3  165.0   76.0  444.0
2024 272  9 28 0700  -27.9  974.3    5.3  174.0   75.0  444.0
2024 272  9 28 0800  -28.9  974.1    4.8  188.0   74.0  444.0
2024 272  9 28 0900  -30.4  974.0    4.1  186.0   73.0  444.0
2024 272  9 28 1000  -30.3  973.7    4.0  190.0   73.0  444.0
2024 272  9 28 1100  -29.8  973.3    5.1  167.0   73.5  444.0
2024 272  9 28 1200  -29.5  973.5    5.0  142.0   74.0  444.0
2024 272  9 28 1300  -29.3  973.2    4.9  145.0   74.0  444.0
2024 272  9 28 1400  -28.4  973.0    5.0  145.0   75.0  444.0
2024 272  9 28 1500  -27.6  973.1    5.8  130.0   75.0  444.0
2024 272  9 28 1600  -27.2  973.1    4.8  141.0   75.4  444.0
2024 272  9 28 1700  -25.3  973.1    6.4  130.0   77.1  444.0
2024 272  9 28 1800  -24.7  973.3    6.1  128.0   77.0  444.0
2024 272  9 28 1900  -24.2  973.1    6.0  128.0   78.0  444.0
2024 272  9 28 2000  -23.5  973.1    6.3  125.0   78.0  444.0
2024 272  9 28 2100  -23.7  973.3    6.4  125.0   78.2  444.0
2024 272  9 28 2200  -23.0  973.6    6.6  116.0   79.0  444.0
2024 272  9 28 2300  -22.4  973.4    8.5  133.0   79.0  444.0
2024 273  9 29 0000  -21.8  973.3    7.9  136.0   79.9  444.0
2024 273  9 29 0100  -21.2  973.1    9.4  124.0   80.0  444.0
2024 273  9 29 0200  -21.2  973.1    9.6  114.0   80.0  444.0
2024 273  9 29 0300  -20.9  972.4   14.0  126.0   80.0  444.0
2024 273  9 29 0400  -20.3  972.2   11.3  130.0   81.0  444.0
2024 273  9 29 0500  -20.3  972.2   10.9  106.0   81.4  444.0
2024 273  9 29 0600  -19.9  972.0   10.7  131.0   82.0  444.0
2024 273  9 29 0700  -19.0  972.4   11.2  135.0   83.0  444.0
2024 273  9 29 0800  -18.1  972.1   13.7  135.0   83.6  444.0
2024 273  9 29 0900  -18.0  972.1   13.6  132.0   84.0  444.0
2024 273  9 29 1000  -17.7  972.3   12.9  128.0   84.0  444.0
2024 273  9 29 1100  -17.4  972.3   13.0  130.0   84.5  444.0
2024 273  9 29 1200  -17.4  972.5   13.2  128.0   85.0  444.0
2024 273  9 29 1300  -17.7  972.2   14.4  132.0   84.0  444.0
2024 273  9 29 1400  -18.0  971.8   16.2  135.0   84.0  444.0
2024 273  9 29 1500  -18.8  970.9   16.4  132.0   87.0  444.0
2024 273  9 29 1600  -19.0  969.7   19.0  143.0   83.1  444.0
2024 273  9 29 1700  -18.8  969.1   18.0  141.0   83.0  444.0
2024 273  9 29 1800  -18.7  968.2   16.4  148.0   83.0  444.0
2024 273  9 29 1900  -18.6  967.1   18.5  136.0   83.0  444.0
2024 273  9 29 2000  -18.3  965.9   18.8  138.0   83.0  444.0
2024 273  9 29 2100  -18.2  965.4   17.0  132.0   83.3  444.0
2024 273  9 29 2200  -18.1  964.3   14.1  132.0   82.0  444.0
2024 273  9 29 2300  -18.0  964.7   11.4  127.0   83.0  444.0
2024 274  9 30 0000  -17.5  964.7   10.2  124.0   83.0  444.0
2024 274  9 30 0100  -16.9  965.2    8.9  119.0   84.0  444.0
2024 274  9 30 0200  -18.5  965.8    8.2   94.0   82.0  444.0
2024 274  9 30 0300  -22.8  966.7    6.1   80.0   78.5  444.0
2024 274  9 30 0400  -25.1  967.4    5.8   83.0   77.0  444.0
2024 274  9 30 0500  -26.5  968.3    5.5   92.0   76.0  444.0
2024 274  9 30 0600  -27.8  969.2    3.9   82.0   76.0  444.0
2024 274  9 30 0700  -29.7  970.0    3.6   90.0   75.0  444.0
2024 274  9 30 0800  -30.4  970.4    3.0   63.0   74.4  444.0
2024 274  9 30 0900  -31.0  971.1    3.1   76.0   74.0  444.0
2024 274  9 30 1000  -30.5  971.4    2.2  110.0   74.0  444.0
2024 274  9 30 1100  -29.6  971.8    0.8  110.0   75.0  444.0
2024 274  9 30 1200  -29.0  971.8    3.1   10.0   75.0  444.0
2024 274  9 30 1300  -28.5  972.3    0.9  134.0   76.0  444.0
2024 274  9 30 1400  -28.2  972.2    0.1  145.0   76.0  444.0
2024 274  9 30 1500  -28.1  972.5    0.2  145.0   76.0  444.0
2024 274  9 30 1600  -28.1  972.7    0.8  145.0   76.0  444.0
2024 274  9 30 1700  -29.8  972.9    3.8   15.0   74.0  444.0
2024 274  9 30 1800  -32.8  973.1    3.1  355.0   72.7  444.0
2024 274  9 30 1900  -33.8  973.5    2.4    4.0   72.0  444.0
2024 274  9 30 2000  -35.3  974.0    1.4   15.0   71.0  444.0
2024 274  9 30 2100  -33.0  974.4    0.0    0.0   72.0  444.0
2024 274  9 30 2200  -32.1  974.8    0.8   64.0   72.0  444.0
2024 274  9 30 2300  -30.0  975.3    1.6   63.0   73.6  444.0
