Year: 2023  Month: 04  ID: LET  ARGOS:  8928  Name: Lettau              
Lat: 82.48S  Lon: 174.59W  Elev:   38m
2023  91  4  1 0000  -32.2 1002.9    2.5  218.0   71.0  444.0
2023  91  4  1 0100  -31.7 1003.1    2.2  194.0   71.0  444.0
2023  91  4  1 0200  -31.3 1003.6    2.6  177.0   72.0  444.0
2023  91  4  1 0300  -32.0 1003.8    2.5  246.0   72.0  444.0
2023  91  4  1 0400  -31.8 1003.7    2.5  217.0   72.0  444.0
2023  91  4  1 0500  -31.9 1003.6    2.7  211.0   72.0  444.0
2023  91  4  1 0600  -31.1 1003.3    2.4  215.0   72.0  444.0
2023  91  4  1 0700  -35.8 1003.0    2.6  298.0   71.0  444.0
2023  91  4  1 0800  -33.2 1002.5    0.4  240.0   70.0  444.0
2023  91  4  1 0900  -35.9 1002.7    1.7  330.0   71.0  444.0
2023  91  4  1 1000  -35.9 1002.3    3.2  324.0   71.0  444.0
2023  91  4  1 1100  -36.0 1002.1    3.3  345.0   71.0  444.0
2023  91  4  1 1200  -36.5 1002.0    2.6  329.0   71.0  444.0
2023  91  4  1 1300  -36.4 1002.2    2.8  327.0   71.0  444.0
2023  91  4  1 1400  -36.1 1002.3    4.7  325.0   71.0  444.0
2023  91  4  1 1500  -35.9 1002.5    3.7  309.0   71.0  444.0
2023  91  4  1 1600  -36.6 1002.9    3.8  332.0   71.0  444.0
2023  91  4  1 1700  -36.6 1002.6    3.9  336.0   71.0  444.0
2023  91  4  1 1800  -36.7 1003.0    3.0  335.0   70.7  444.0
2023  91  4  1 1900  -37.5 1004.2    2.4  322.0   70.0  444.0
2023  91  4  1 2000  -38.1 1004.4    2.1  355.0   70.0  444.0
2023  91  4  1 2100  -38.6 1005.2    1.4  355.0   69.0  444.0
2023  91  4  1 2200  -38.8 1005.8    3.6  343.0   68.0  444.0
2023  91  4  1 2300  -39.0 1006.3    2.7  334.0   67.9  444.0
2023  92  4  2 0000  -39.2 1006.9    2.7  303.0   68.0  444.0
2023  92  4  2 0100  -39.3 1007.7    2.4  292.0   68.0  444.0
2023  92  4  2 0200  -39.0 1008.4    0.5  262.0   68.0  444.0
2023  92  4  2 0300  -39.9 1008.8    1.7  340.0   67.6  444.0
2023  92  4  2 0400  -40.2 1009.2    1.6   51.0   68.0  444.0
2023  92  4  2 0500  -39.0 1009.4    2.2  308.0   69.0  444.0
2023  92  4  2 0600  -38.7 1009.5    3.3  321.0   69.0  444.0
2023  92  4  2 0700  -39.1 1010.0    2.9  321.0   69.0  444.0
2023  92  4  2 0800  -39.5 1010.6    2.6  313.0   69.0  444.0
2023  92  4  2 0900  -39.8 1010.7    2.3  324.0   69.0  444.0
2023  92  4  2 1000  -39.9 1011.2    3.1  320.0   69.0  444.0
2023  92  4  2 1100  -39.5 1011.3    3.2  333.0   68.8  444.0
2023  92  4  2 1200  -39.9 1011.3    2.3  331.0   69.0  444.0
2023  92  4  2 1300  -40.1 1011.7    2.5  338.0   68.0  444.0
2023  92  4  2 1400  -40.2 1012.0    1.7  355.0   68.0  444.0
2023  92  4  2 1500  -41.0 1011.9    3.2  343.0   68.0  444.0
2023  92  4  2 1600  -40.6 1012.0    2.6  321.0   68.0  444.0
2023  92  4  2 1700  -41.1 1012.0    1.9  347.0   68.0  444.0
2023  92  4  2 1800  -41.6 1012.2    2.3  356.0   67.0  444.0
2023  92  4  2 1900  -41.5 1012.1    2.8  346.0   68.0  444.0
2023  92  4  2 2000  -41.8 1012.2    1.8  314.0   67.0  444.0
2023  92  4  2 2100  -41.7 1012.4    0.3  190.0   66.0  444.0
2023  92  4  2 2200  -42.7 1012.3    1.6   66.0   66.0  444.0
2023  92  4  2 2300  -42.3 1011.7    2.7    3.0   66.0  444.0
2023  93  4  3 0000  -42.6 1012.0    1.1  252.0   66.0  444.0
2023  93  4  3 0100  -42.3 1011.8    0.5  165.0   65.0  444.0
2023  93  4  3 0200  -42.4 1011.4    0.2   43.0   66.0  444.0
2023  93  4  3 0300  -43.9 1011.3    1.1  153.0   65.0  444.0
2023  93  4  3 0400  -43.2 1010.7    0.6  342.0   66.0  444.0
2023  93  4  3 0500  -44.3 1010.3    1.9  207.0   66.0  444.0
2023  93  4  3 0600  -44.2 1009.9    2.5  152.0   66.0  444.0
2023  93  4  3 0700  -44.5 1009.9    1.2  146.0   65.9  444.0
2023  93  4  3 0800  -44.8 1009.4    1.8  154.0   66.0  444.0
2023  93  4  3 0900  -44.9 1008.9    2.4  150.0   66.0  444.0
2023  93  4  3 1000  -44.9 1008.6    3.2  151.0   66.0  444.0
2023  93  4  3 1100  -44.8 1008.5    4.2  147.0   66.0  444.0
2023  93  4  3 1200  -44.9 1008.0    3.2  138.0   66.0  444.0
2023  93  4  3 1300  -44.8 1008.0    4.4  144.0   66.0  444.0
2023  93  4  3 1400  -44.7 1008.0    3.8  140.0   66.0  444.0
2023  93  4  3 1500  -44.5 1007.3    3.5  147.0   66.0  444.0
2023  93  4  3 1600  -44.2 1007.3    3.1  154.0   66.0  444.0
2023  93  4  3 1700  -43.6 1006.6    3.5  140.0   66.4  444.0
2023  93  4  3 1800  -43.3 1006.7    3.0  152.0   67.0  444.0
2023  93  4  3 1900  -43.2 1006.3    3.4  169.0   66.0  444.0
2023  93  4  3 2000  -43.1 1006.0    3.0  168.0   67.0  444.0
2023  93  4  3 2100  -43.0 1005.4    2.6  182.0   66.0  444.0
2023  93  4  3 2200  -43.3 1005.2    2.5  196.0   66.0  444.0
2023  93  4  3 2300  -43.1 1004.7    2.7  173.0   66.0  444.0
2023  94  4  4 0000  -43.0 1003.8    1.5  197.0   65.0  444.0
2023  94  4  4 0100  -43.0 1003.1    2.3  235.0   65.0  444.0
2023  94  4  4 0200  -42.9 1002.4    2.0  184.0   66.0  444.0
2023  94  4  4 0300  -43.1 1001.5    2.1  215.0   66.0  444.0
2023  94  4  4 0400  -42.8 1000.4    2.6  238.0   66.3  444.0
2023  94  4  4 0500  -43.4  999.4    1.5  222.0   66.1  444.0
2023  94  4  4 0600  -43.1  998.3    2.7  225.0   66.0  444.0
2023  94  4  4 0700  -43.3  997.6    2.3  218.0   66.0  444.0
2023  94  4  4 0800  -43.3  996.3    2.4  227.0   66.0  444.0
2023  94  4  4 0900  -43.3  995.4    0.5  225.0   66.0  444.0
2023  94  4  4 1000  -44.1  994.3    2.1  274.0   65.9  444.0
2023  94  4  4 1100  -44.3  993.1    2.2  273.0   65.7  444.0
2023  94  4  4 1200  -44.3  991.5    1.5   84.0   66.0  444.0
2023  94  4  4 1300  -44.0  990.2    2.5  354.0   66.0  444.0
2023  94  4  4 1400  -42.4  988.0    3.1   14.0   67.0  444.0
2023  94  4  4 1500  -42.2  986.6    2.9  347.0   66.8  444.0
2023  94  4  4 1600  -42.8  985.3    2.2   36.0   66.3  444.0
2023  94  4  4 1700  -43.0  984.3    2.3    6.0   67.0  444.0
2023  94  4  4 1800  -43.3  983.3    2.6   70.0   66.0  444.0
2023  94  4  4 1900  -42.8  983.4    3.0   78.0   67.0  444.0
2023  94  4  4 2000  -42.4  982.7    1.6   78.0   67.0  444.0
2023  94  4  4 2100  -41.7  982.2    1.6   34.0   66.8  444.0
2023  94  4  4 2200  -42.1  982.2    3.8  132.0   66.8  444.0
2023  94  4  4 2300  -42.0  982.0    2.1  165.0   66.0  444.0
2023  95  4  5 0000  -41.6  981.8    1.8  215.0   66.0  444.0
2023  95  4  5 0100  -41.7  981.6    2.2  209.0   66.0  444.0
2023  95  4  5 0200  -42.5  981.1    2.7  218.0   66.1  444.0
2023  95  4  5 0300  -42.2  980.8    3.0  213.0   66.5  444.0
2023  95  4  5 0400  -41.2  980.1    3.1  210.0   67.0  444.0
2023  95  4  5 0500  -39.5  980.2    5.3  220.0   68.0  444.0
2023  95  4  5 0600  -39.1  980.2    5.1  208.0   68.0  444.0
2023  95  4  5 0700  -36.3  980.0    6.5  190.0   70.0  444.0
2023  95  4  5 0800  -35.9  980.0    5.9  190.0   70.0  444.0
2023  95  4  5 0900  -36.3  979.9    6.2  199.0   70.1  444.0
2023  95  4  5 1000  -35.7  979.6    6.1  200.0   70.0  444.0
2023  95  4  5 1100  -33.4  979.8    6.7  191.0   72.0  444.0
2023  95  4  5 1200  -33.7  979.5    4.8  196.0   71.0  444.0
2023  95  4  5 1300  -32.0  979.5    6.6  218.0   72.9  444.0
2023  95  4  5 1400  -28.5  979.6    6.2  190.0   74.2  444.0
2023  95  4  5 1500  -27.6  979.3    6.9  205.0   74.0  444.0
2023  95  4  5 1600  -28.8  979.5    8.0  199.0   74.0  444.0
2023  95  4  5 1700  -30.0  979.4    7.5  196.0   74.0  444.0
2023  95  4  5 1800  -28.1  979.4    9.4  198.0   74.2  444.0
2023  95  4  5 1900  -25.6  979.6    9.0  184.0   77.2  444.0
2023  95  4  5 2000  -26.5  980.4    6.5  192.0   76.0  444.0
2023  95  4  5 2100  -27.0  981.1    7.2  178.0   77.0  444.0
2023  95  4  5 2200  -29.9  981.7    3.3  170.0   73.0  444.0
2023  95  4  5 2300  -31.2  982.3    4.1  194.0   73.0  444.0
2023  96  4  6 0000  -29.7  982.8    6.4  192.0   74.2  444.0
2023  96  4  6 0100  -30.6  983.1    5.1  195.0   73.0  444.0
2023  96  4  6 0200  -28.8  983.1    5.9  180.0   75.0  444.0
2023  96  4  6 0300  -30.8  983.5    4.4  185.0   74.0  444.0
2023  96  4  6 0400  -30.9  984.1    3.8  190.0   73.0  444.0
2023  96  4  6 0500  -31.4  984.4    3.7  197.0   73.0  444.0
2023  96  4  6 0600  -30.5  984.7    4.1  194.0   74.0  444.0
2023  96  4  6 0700  -29.5  985.0    5.0  186.0   74.0  444.0
2023  96  4  6 0800  -29.3  985.2    5.6  175.0   75.0  444.0
2023  96  4  6 0900  -31.6  985.8    3.6  170.0   73.0  444.0
2023  96  4  6 1000  -33.1  986.7    2.9  143.0   72.0  444.0
2023  96  4  6 1100  -35.6  987.2    2.6  150.0   71.0  444.0
2023  96  4  6 1200  -36.8  987.8    3.0  146.0   70.4  444.0
2023  96  4  6 1300  -37.7  988.1    1.4  157.0   70.0  444.0
2023  96  4  6 1400  -37.0  988.8    0.7  109.0   69.0  444.0
2023  96  4  6 1500  -36.7  988.9    0.3  195.0   69.0  444.0
2023  96  4  6 1600  -36.8  989.5    0.5  267.0   69.0  444.0
2023  96  4  6 1700  -37.6  989.6    2.0  248.0   69.0  444.0
2023  96  4  6 1800  -37.9  990.2    2.2  254.0   69.0  444.0
2023  96  4  6 1900  -37.8  991.0    1.7  199.0   69.0  444.0
2023  96  4  6 2000  -37.4  991.3    1.9  219.0   69.0  444.0
2023  96  4  6 2100  -37.4  991.7    2.5  209.0   69.0  444.0
2023  96  4  6 2200  -37.7  992.2    2.8  206.0   69.3  444.0
2023  96  4  6 2300  -37.6  992.5    2.4  190.0   69.0  444.0
2023  97  4  7 0000  -36.8  992.9    3.6  185.0   70.0  444.0
2023  97  4  7 0100  -35.8  993.2    3.8  182.0   70.0  444.0
2023  97  4  7 0200  -35.5  993.1    3.3  191.0   70.0  444.0
2023  97  4  7 0300  -34.0  993.0    3.9  196.0   72.0  444.0
2023  97  4  7 0400  -34.0  993.4    4.3  180.0   72.0  444.0
2023  97  4  7 0500  -33.3  993.7    4.2  198.0   72.0  444.0
2023  97  4  7 0600  -32.7  993.7    4.4  182.0   72.7  444.0
2023  97  4  7 0700  -31.9  994.0    2.9  180.0   73.0  444.0
2023  97  4  7 0800  -31.3  994.5    4.1  155.0   73.0  444.0
2023  97  4  7 0900  -32.5  994.9    3.6  153.0   72.0  444.0
2023  97  4  7 1000  -34.1  994.9    3.2  152.0   72.0  444.0
2023  97  4  7 1100  -34.9  995.4    2.9  127.0   71.3  444.0
2023  97  4  7 1200  -36.1  995.6    2.3  113.0   70.0  444.0
2023  97  4  7 1300  -36.5  995.7    0.6  196.0   69.0  444.0
2023  97  4  7 1400  -36.2  995.6    1.0  116.0   69.0  444.0
2023  97  4  7 1500  -38.1  995.6    1.2  248.0   69.0  444.0
2023  97  4  7 1600  -37.0  995.3    0.9  209.0   69.0  444.0
2023  97  4  7 1700  -38.3  995.5    0.7  256.0   68.0  444.0
2023  97  4  7 1800  -36.5  995.3    0.8  239.0   68.4  444.0
2023  97  4  7 1900  -38.7  995.1    0.7  240.0   68.0  444.0
2023  97  4  7 2000  -38.0  995.1    0.4  224.0   68.0  444.0
2023  97  4  7 2100  -39.9  995.0    0.5  269.0   68.0  444.0
2023  97  4  7 2200  -39.3  995.1    0.6  280.0   68.0  444.0
2023  97  4  7 2300  -37.5  995.0    0.7  271.0   67.0  444.0
2023  98  4  8 0000  -38.3  995.1    1.3  186.0   67.0  444.0
2023  98  4  8 0100  -40.2  994.8    0.5  240.0   67.0  444.0
2023  98  4  8 0200  -40.4  994.7    1.7  206.0   67.0  444.0
2023  98  4  8 0300  -40.5  994.2    0.8  200.0   67.0  444.0
2023  98  4  8 0400  -39.9  994.1    0.6  315.0   67.2  444.0
2023  98  4  8 0500  -41.6  994.1    1.3  261.0   67.0  444.0
2023  98  4  8 0600  -42.1  994.1    1.1  346.0   67.0  444.0
2023  98  4  8 0700  -42.1  994.4    1.1  282.0   67.0  444.0
2023  98  4  8 0800  -42.6  994.5    1.2  330.0   67.0  444.0
2023  98  4  8 0900  -42.0  994.5    0.6  268.0   66.0  444.0
2023  98  4  8 1000  -42.6  994.5    1.0  197.0   67.0  444.0
2023  98  4  8 1100  -43.1  994.3    0.3   68.0   66.0  444.0
2023  98  4  8 1200  -42.1  994.4    0.5   84.0   66.0  444.0
2023  98  4  8 1300  -42.3  994.2    0.7  169.0   66.0  444.0
2023  98  4  8 1400  -42.5  994.0    0.0    0.0   66.0  444.0
2023  98  4  8 1500  -41.8  993.7    0.8  131.0   66.0  444.0
2023  98  4  8 1600  -41.8  993.9    1.3  196.0   66.3  444.0
2023  98  4  8 1700  -41.1  994.0    0.2   49.0   66.0  444.0
2023  98  4  8 1800  -42.7  993.9    1.9  168.0   66.0  444.0
2023  98  4  8 1900  -42.3  993.9    1.1  153.0   66.0  444.0
2023  98  4  8 2000  -43.5  993.8    1.6  144.0   66.0  444.0
2023  98  4  8 2100  -43.6  993.8    1.7  171.0   66.0  444.0
2023  98  4  8 2200  -43.5  993.9    2.2  158.0   66.0  444.0
2023  98  4  8 2300  -43.6  993.8    2.0  154.0   66.0  444.0
2023  99  4  9 0000  -43.6  993.6    2.5  153.0   66.0  444.0
2023  99  4  9 0100  -43.8  993.6    2.5  145.0   66.0  444.0
2023  99  4  9 0200  -44.1  993.3    2.0  154.0   66.0  444.0
2023  99  4  9 0300  -44.3  993.3    2.1  162.0   66.0  444.0
2023  99  4  9 0400  -44.3  993.3    1.9  149.0   65.9  444.0
2023  99  4  9 0500  -44.3  993.4    1.8  151.0   66.0  444.0
2023  99  4  9 0600  -44.4  993.5    1.7  161.0   66.0  444.0
2023  99  4  9 0700  -44.5  993.2    2.3  180.0   66.0  444.0
2023  99  4  9 0800  -44.4  993.0    1.7  186.0   66.0  444.0
2023  99  4  9 0900  -44.8  993.0    1.5  197.0   66.0  444.0
2023  99  4  9 1000  -44.9  992.7    1.9  173.0   65.5  444.0
2023  99  4  9 1100  -44.7  992.7    1.7  176.0   66.0  444.0
2023  99  4  9 1200  -44.4  992.8    1.4  160.0   65.0  444.0
2023  99  4  9 1300  -44.7  992.6    1.1  201.0   65.0  444.0
2023  99  4  9 1400  -44.5  992.4    1.3  215.0   65.1  444.0
2023  99  4  9 1500  -45.3  992.3    1.4  219.0   65.1  444.0
2023  99  4  9 1600  -45.2  992.2    1.5  193.0   65.0  444.0
2023  99  4  9 1700  -45.2  992.0    1.5  197.0   65.0  444.0
2023  99  4  9 1800  -45.8  991.9    1.7  198.0   65.0  444.0
2023  99  4  9 1900  -45.4  991.8    1.5  214.0   64.9  444.0
2023  99  4  9 2000  -44.9  991.7    1.4  267.0   65.0  444.0
2023  99  4  9 2100  -44.6  991.6    1.6  276.0   65.0  444.0
2023  99  4  9 2200  -44.5  991.6    0.7  258.0   65.0  444.0
2023  99  4  9 2300  -43.7  991.6    1.2  167.0   65.0  444.0
2023 100  4 10 0000  -44.0  991.8    1.3  161.0   65.4  444.0
2023 100  4 10 0100  -43.4  992.0    1.5  192.0   65.4  444.0
2023 100  4 10 0200  -43.4  991.9    1.7  208.0   66.0  444.0
2023 100  4 10 0300  -42.5  991.8    1.2  189.0   66.0  444.0
2023 100  4 10 0400  -42.9  992.1    1.0  151.0   66.0  444.0
2023 100  4 10 0500  -42.5  992.2    1.8  169.0   66.0  444.0
2023 100  4 10 0600  -42.9  992.6    2.2  168.0   66.0  444.0
2023 100  4 10 0700  -43.2  992.9    1.4  165.0   66.0  444.0
2023 100  4 10 0800  -42.9  993.3    1.9  169.0   66.4  444.0
2023 100  4 10 0900  -42.1  993.4    1.6  150.0   67.0  444.0
2023 100  4 10 1000  -41.8  993.6    1.9  175.0   67.0  444.0
2023 100  4 10 1100  -41.7  994.0    1.2  157.0   67.0  444.0
2023 100  4 10 1200  -41.1  994.5    1.3  158.0   67.4  444.0
2023 100  4 10 1300  -40.1  994.5    1.1  184.0   68.0  444.0
2023 100  4 10 1400  -39.8  994.7    0.8  186.0   68.0  444.0
2023 100  4 10 1500  -40.0  994.8    1.8  187.0   67.0  444.0
2023 100  4 10 1600  -41.0  995.0    2.0  129.0   67.0  444.0
2023 100  4 10 1700  -42.0  995.4    2.4  147.0   66.7  444.0
2023 100  4 10 1800  -43.1  995.9    2.7  165.0   66.4  444.0
2023 100  4 10 1900  -43.4  996.1    2.4  175.0   66.2  444.0
2023 100  4 10 2000  -43.7  996.5    1.5  196.0   66.0  444.0
2023 100  4 10 2100  -44.4  996.5    1.8  212.0   65.0  444.0
2023 100  4 10 2200  -44.6  996.7    2.0  192.0   65.0  444.0
2023 100  4 10 2300  -44.7  996.9    1.9  198.0   65.0  444.0
2023 101  4 11 0000  -45.6  997.1    1.4  205.0   65.0  444.0
2023 101  4 11 0100  -46.1  997.1    2.1  203.0   64.7  444.0
2023 101  4 11 0200  -45.1  996.8    2.3  184.0   65.0  444.0
2023 101  4 11 0300  -43.7  996.4    2.3  178.0   66.0  444.0
2023 101  4 11 0400  -45.7  996.6    1.5  216.0   65.0  444.0
2023 101  4 11 0500  -45.9  996.6    2.1  212.0   65.0  444.0
2023 101  4 11 0600  -45.6  996.7    2.3  225.0   64.9  444.0
2023 101  4 11 0700  -44.9  996.5    2.9  216.0   65.0  444.0
2023 101  4 11 0800  -44.8  996.1    3.2  210.0   65.0  444.0
2023 101  4 11 0900  -44.4  996.1    2.7  220.0   65.0  444.0
2023 101  4 11 1000  -42.7  995.7    3.6  228.0   66.0  444.0
2023 101  4 11 1100  -40.6  995.2    4.2  220.0   67.3  444.0
2023 101  4 11 1200  -40.3  995.1    3.5  190.0   67.0  444.0
2023 101  4 11 1300  -38.3  994.8    4.9  196.0   68.0  444.0
2023 101  4 11 1400  -37.8  994.7    4.9  203.0   69.0  444.0
2023 101  4 11 1500  -37.0  994.4    5.6  206.0   69.0  444.0
2023 101  4 11 1600  -36.9  994.2    5.6  209.0   69.2  444.0
2023 101  4 11 1700  -37.8  994.2    4.2  210.0   69.0  444.0
2023 101  4 11 1800  -37.8  993.8    4.1  209.0   69.0  444.0
2023 101  4 11 1900  -38.6  993.3    4.5  209.0   68.0  444.0
2023 101  4 11 2000  -38.3  992.7    5.4  216.0   69.0  444.0
2023 101  4 11 2100  -37.3  992.3    4.0  214.0   69.0  444.0
2023 101  4 11 2200  -36.3  991.9    5.8  207.0   70.0  444.0
2023 101  4 11 2300  -38.5  991.4    3.5  209.0   68.3  444.0
2023 102  4 12 0000  -38.5  991.2    3.7  196.0   68.0  444.0
2023 102  4 12 0100  -39.2  990.5    3.4  206.0   68.0  444.0
2023 102  4 12 0200  -39.1  989.9    3.5  199.0   68.0  444.0
2023 102  4 12 0300  -39.1  989.2    2.9  220.0   68.0  444.0
2023 102  4 12 0400  -36.8  988.5    5.3  212.0   69.4  444.0
2023 102  4 12 0500  -37.0  988.2    4.6  209.0   68.7  444.0
2023 102  4 12 0600  -37.3  987.4    3.6  209.0   67.9  444.0
2023 102  4 12 0700  -35.3  986.8    4.5  218.0   69.0  444.0
2023 102  4 12 0800  -33.1  986.1    5.5  213.0   69.0  444.0
2023 102  4 12 0900  -32.8  985.8    5.8  204.0   69.4  444.0
2023 102  4 12 1000  -32.5  985.2    3.3  224.0   69.5  444.0
2023 102  4 12 1100  -31.7  984.6    4.4  228.0   69.0  444.0
2023 102  4 12 1200  -30.6  984.0    4.0  221.0   70.0  444.0
2023 102  4 12 1300  -30.2  983.4    4.7  225.0   70.0  444.0
2023 102  4 12 1400  -29.8  982.9    5.0  217.0   69.0  444.0
2023 102  4 12 1500  -30.1  982.4    4.6  221.0   68.2  444.0
2023 102  4 12 1600  -31.3  981.7    4.5  233.0   68.0  444.0
2023 102  4 12 1700  -32.0  980.9    5.3  234.0   68.0  444.0
2023 102  4 12 1800  -32.1  980.4    4.6  219.0   69.0  444.0
2023 102  4 12 1900  -33.1  979.8    4.3  226.0   70.0  444.0
2023 102  4 12 2000  -31.4  979.0    5.4  222.0   70.6  444.0
2023 102  4 12 2100  -28.4  977.9    6.4  233.0   69.0  444.0
2023 102  4 12 2200  -28.4  977.3    6.1  220.0   69.0  444.0
2023 102  4 12 2300  -25.8  976.1    8.0  228.0   67.0  444.0
2023 103  4 13 0000  -22.9  975.1    8.4  216.0   74.0  444.0
2023 103  4 13 0100  -22.2  974.4    7.2  200.0   79.8  444.0
2023 103  4 13 0200  -23.5  973.9    6.3  186.0   79.1  444.0
2023 103  4 13 0300  -26.8  973.7    4.3  144.0   76.0  444.0
2023 103  4 13 0400  -27.3  973.4    3.4  210.0   77.0  444.0
2023 103  4 13 0500  -24.9  973.2    6.7  153.0   79.0  444.0
2023 103  4 13 0600  -25.2  973.0    7.1  157.0   78.0  444.0
2023 103  4 13 0700  -26.1  973.0    4.6  141.0   77.0  444.0
2023 103  4 13 0800  -26.9  972.5    0.9  123.0   77.1  444.0
2023 103  4 13 0900  -27.3  972.2    2.2  113.0   76.0  444.0
2023 103  4 13 1000  -28.2  972.2    4.1  128.0   75.0  444.0
2023 103  4 13 1100  -28.4  972.4    6.3  130.0   75.0  444.0
2023 103  4 13 1200  -30.3  973.0    7.1  122.0   74.0  444.0
2023 103  4 13 1300  -32.1  973.6    6.9  130.0   73.1  444.0
2023 103  4 13 1400  -34.3  974.1    8.1  128.0   72.0  444.0
2023 103  4 13 1500  -35.2  974.7    8.5  118.0   72.0  444.0
2023 103  4 13 1600  -36.7  975.4    8.8  120.0   71.0  444.0
2023 103  4 13 1700  -37.2  976.2    8.9  112.0   71.0  444.0
2023 103  4 13 1800  -37.6  976.6    8.7  116.0   70.0  444.0
2023 103  4 13 1900  -37.6  977.8    7.8  122.0   70.0  444.0
2023 103  4 13 2000  -35.5  978.4    8.4  118.0   72.0  444.0
2023 103  4 13 2100  -34.3  979.3    7.8  113.0   72.0  444.0
2023 103  4 13 2200  -34.2  980.5    7.7  109.0   72.0  444.0
2023 103  4 13 2300  -34.0  981.5    7.0  111.0   72.0  444.0
2023 104  4 14 0000  -33.6  982.1    6.3  106.0   72.6  444.0
2023 104  4 14 0100  -33.5  982.7    5.7  105.0   73.0  444.0
2023 104  4 14 0200  -33.5  983.1    4.9  116.0   73.0  444.0
2023 104  4 14 0300  -33.7  983.3    4.4  119.0   72.5  444.0
2023 104  4 14 0400  -33.9  983.8    4.0  103.0   73.0  444.0
2023 104  4 14 0500  -34.1  984.2    3.0  121.0   72.0  444.0
2023 104  4 14 0600  -34.2  984.5    3.1  128.0   72.1  444.0
2023 104  4 14 0700  -34.6  984.8    2.3  123.0   72.0  444.0
2023 104  4 14 0800  -34.9  984.7    1.4  127.0   72.0  444.0
2023 104  4 14 0900  -35.1  984.8    1.5  151.0   71.0  444.0
2023 104  4 14 1000  -35.5  985.4    1.8  150.0   71.0  444.0
2023 104  4 14 1100  -35.2  985.3    1.1  136.0   72.0  444.0
2023 104  4 14 1200  -35.4  985.0    0.9   29.0   71.0  444.0
2023 104  4 14 1300  -35.8  985.2    1.8  214.0   71.0  444.0
2023 104  4 14 1400  -35.9  985.3    2.0  224.0   71.0  444.0
2023 104  4 14 1500  -36.8  984.9    1.6  231.0   70.0  444.0
2023 104  4 14 1600  -37.1  984.9    1.5  283.0   70.0  444.0
2023 104  4 14 1700  -37.8  984.8    2.2  273.0   70.0  444.0
2023 104  4 14 1800  -38.2  984.8    2.3  270.0   70.0  444.0
2023 104  4 14 1900  -38.5  984.8    2.2  284.0   69.0  444.0
2023 104  4 14 2000  -38.5  984.1    2.7  284.0   69.0  444.0
2023 104  4 14 2100  -38.3  984.2    1.2  299.0   69.0  444.0
2023 104  4 14 2200  -38.8  984.0    2.4  304.0   69.0  444.0
2023 104  4 14 2300  -38.3  984.0    2.4  292.0   69.0  444.0
2023 105  4 15 0000  -38.8  984.1    2.1  301.0   69.0  444.0
2023 105  4 15 0100  -38.8  984.1    1.5  309.0   68.8  444.0
2023 105  4 15 0200  -39.1  984.2    1.3  316.0   68.4  444.0
2023 105  4 15 0300  -39.7  984.2    1.4  301.0   68.0  444.0
2023 105  4 15 0400  -39.3  984.2    1.2  218.0   68.0  444.0
2023 105  4 15 0500  -39.0  984.4    1.8  205.0   69.0  444.0
2023 105  4 15 0600  -37.1  984.5    1.5  240.0   68.0  444.0
2023 105  4 15 0700  -35.7  984.7    2.0  224.0   70.6  444.0
2023 105  4 15 0800  -33.7  984.8    2.2  184.0   72.0  444.0
2023 105  4 15 0900  -32.9  984.9    1.1  139.0   72.0  444.0
2023 105  4 15 1000  -32.5  985.0    0.3   44.0   72.0  444.0
2023 105  4 15 1100  -33.6  985.0    1.5  246.0   72.0  444.0
2023 105  4 15 1200  -33.4  985.2    1.5  244.0   72.1  444.0
2023 105  4 15 1300  -33.4  985.2    1.5  252.0   71.4  444.0
2023 105  4 15 1400  -36.0  985.2    0.9  318.0   70.0  444.0
2023 105  4 15 1500  -36.2  985.3    1.0  300.0   70.0  444.0
2023 105  4 15 1600  -33.7  985.6    0.9  248.0   70.0  444.0
2023 105  4 15 1700  -32.6  986.1    1.5  196.0   72.0  444.0
2023 105  4 15 1800  -31.0  986.5    1.4  185.0   72.5  444.0
2023 105  4 15 1900  -30.3  986.9    1.2  204.0   73.0  444.0
2023 105  4 15 2000  -29.7  987.3    1.3  204.0   73.0  444.0
2023 105  4 15 2100  -31.5  987.6    1.5  209.0   73.0  444.0
2023 105  4 15 2200  -32.7  988.2    1.3  195.0   71.7  444.0
2023 105  4 15 2300  -32.9  988.8    1.4  211.0   72.0  444.0
2023 106  4 16 0000  -30.9  989.2    1.3  218.0   73.1  444.0
2023 106  4 16 0100  -31.7  989.6    1.3  224.0   73.0  444.0
2023 106  4 16 0200  -31.2  990.3    1.5  214.0   73.0  444.0
2023 106  4 16 0300  -32.0  990.8    1.4  213.0   72.0  444.0
2023 106  4 16 0400  -31.7  991.4    1.4  205.0   72.4  444.0
2023 106  4 16 0500  -31.6  992.0    1.0  204.0   72.3  444.0
2023 106  4 16 0600  -31.5  992.9    1.6  203.0   74.0  444.0
2023 106  4 16 0700  -26.9  993.3    0.9  196.0   76.0  444.0
2023 106  4 16 0800  -27.5  994.1    1.0  186.0   75.0  444.0
2023 106  4 16 0900  -27.1  994.8    1.1  170.0   77.0  444.0
2023 106  4 16 1000  -25.1  995.1    1.3  168.0   79.0  444.0
2023 106  4 16 1100  -22.9  995.3    1.7  149.0   81.0  444.0
2023 106  4 16 1200  -22.8  996.3    1.5  170.0   80.0  444.0
2023 106  4 16 1300  -23.5  996.6    1.2  184.0   80.0  444.0
2023 106  4 16 1400  -23.2  996.8    1.3  198.0   80.0  444.0
2023 106  4 16 1500  -23.5  997.0    1.3  225.0   80.1  444.0
2023 106  4 16 1600  -23.2  996.9    1.0  225.0   80.0  444.0
2023 106  4 16 1700  -22.7  997.2    1.9  223.0   81.4  444.0
2023 106  4 16 1800  -22.4  996.9    2.2  224.0   82.0  444.0
2023 106  4 16 1900  -22.9  997.0    1.5  191.0   81.0  444.0
2023 106  4 16 2000  -22.9  997.1    1.8  250.0   81.1  444.0
2023 106  4 16 2100  -22.8  997.0    2.2  263.0   81.0  444.0
2023 106  4 16 2200  -22.9  997.1    1.2  276.0   81.2  444.0
2023 106  4 16 2300  -22.4  997.2    1.2  261.0   82.0  444.0
2023 107  4 17 0000  -20.9  997.1    2.8  219.0   83.0  444.0
2023 107  4 17 0100  -20.6  996.4    3.8  226.0   84.0  444.0
2023 107  4 17 0200  -20.1  996.0    5.4  227.0   85.0  444.0
2023 107  4 17 0300  -20.0  995.7    4.3  214.0   84.1  444.0
2023 107  4 17 0400  -20.8  995.2    3.9  218.0   82.6  444.0
2023 107  4 17 0500  -20.8  995.1    3.6  239.0   83.0  444.0
2023 107  4 17 0600  -19.1  995.1    5.5  192.0   83.0  444.0
2023 107  4 17 0700  -19.8  994.8    3.6  209.0   81.0  444.0
2023 107  4 17 0800  -20.3  994.2    5.1  230.0   85.0  444.0
2023 107  4 17 0900  -27.6  994.4    3.9  109.0   76.6  444.0
2023 107  4 17 1000  -29.9  994.0    2.4  145.0   73.7  444.0
2023 107  4 17 1100  -32.6  993.9    3.2   95.0   73.0  444.0
2023 107  4 17 1200  -33.9  993.4    3.1  114.0   72.0  444.0
2023 107  4 17 1300  -34.4  992.9    4.3  143.0   72.0  444.0
2023 107  4 17 1400  -34.7  992.5    2.0  155.0   71.8  444.0
2023 107  4 17 1500  -35.5  991.9    1.3  176.0   71.8  444.0
2023 107  4 17 1600  -35.8  991.2    2.4  201.0   72.0  444.0
2023 107  4 17 1700  -35.4  990.5    2.6  169.0   71.0  444.0
2023 107  4 17 1800  -36.7  990.2    4.9  128.0   71.0  444.0
2023 107  4 17 1900  -38.2  990.0    3.1  142.0   70.0  444.0
2023 107  4 17 2000  -39.1  989.6    4.1  137.0   69.1  444.0
2023 107  4 17 2100  -39.6  988.6    2.3  149.0   69.0  444.0
2023 107  4 17 2200  -40.0  988.5    4.8  146.0   69.0  444.0
2023 107  4 17 2300  -40.5  988.3    4.2  140.0   68.0  444.0
2023 108  4 18 0000  -41.0  987.8    4.3  145.0   68.0  444.0
2023 108  4 18 0100  -41.3  987.6    4.8  133.0   67.9  444.0
2023 108  4 18 0200  -41.0  987.5    4.2  135.0   68.0  444.0
2023 108  4 18 0300  -41.9  987.1    3.6  139.0   68.0  444.0
2023 108  4 18 0400  -42.2  986.3    3.4  152.0   68.0  444.0
2023 108  4 18 0500  -41.9  986.1    4.0  154.0   68.0  444.0
2023 108  4 18 0600  -42.0  986.0    2.1  149.0   67.0  444.0
2023 108  4 18 0700  -42.5  985.8    2.5  190.0   68.0  444.0
2023 108  4 18 0800  -42.1  985.4    2.0  185.0   67.8  444.0
2023 108  4 18 0900  -42.3  984.9    2.7  208.0   68.0  444.0
2023 108  4 18 1000  -42.6  984.5    2.4  177.0   68.0  444.0
2023 108  4 18 1100  -43.2  984.1    1.9  188.0   67.0  444.0
2023 108  4 18 1200  -43.4  984.1    2.3  163.0   67.3  444.0
2023 108  4 18 1300  -42.9  984.1    2.4  142.0   67.5  444.0
2023 108  4 18 1400  -43.1  983.8    2.1  133.0   67.0  444.0
2023 108  4 18 1500  -43.3  983.2    0.9  252.0   67.0  444.0
2023 108  4 18 1600  -43.5  983.0    2.0  229.0   67.0  444.0
2023 108  4 18 1700  -43.3  982.9    2.3  212.0   67.0  444.0
2023 108  4 18 1800  -41.8  982.4    2.2  245.0   67.9  444.0
2023 108  4 18 1900  -39.6  981.9    3.7  201.0   69.0  444.0
2023 108  4 18 2000  -39.4  981.9    2.7  169.0   70.0  444.0
2023 108  4 18 2100  -35.3  981.8    3.7  153.0   72.0  444.0
2023 108  4 18 2200  -34.9  981.6    3.6  143.0   72.0  444.0
2023 108  4 18 2300  -34.9  981.8    3.8  141.0   71.5  444.0
2023 109  4 19 0000  -36.9  982.1    2.8  128.0   70.0  444.0
2023 109  4 19 0100  -39.1  982.6    6.1  123.0   69.0  444.0
2023 109  4 19 0200  -41.5  983.2    5.2  121.0   68.0  444.0
2023 109  4 19 0300  -42.2  983.6    4.3  124.0   68.0  444.0
2023 109  4 19 0400  -41.9  983.9    5.0  143.0   68.0  444.0
2023 109  4 19 0500  -39.7  983.6    3.9  160.0   69.0  444.0
2023 109  4 19 0600  -37.6  983.8    3.3  184.0   70.0  444.0
2023 109  4 19 0700  -35.6  983.6    2.1  219.0   71.0  444.0
2023 109  4 19 0800  -34.5  983.1    2.4  254.0   72.0  444.0
2023 109  4 19 0900  -34.9  982.8    2.1  284.0   71.0  444.0
2023 109  4 19 1000  -35.6  982.3    3.3  206.0   71.0  444.0
2023 109  4 19 1100  -37.2  982.4    2.8  205.0   70.0  444.0
2023 109  4 19 1200  -38.1  982.6    3.1  202.0   70.0  444.0
2023 109  4 19 1300  -38.2  982.4    3.5  183.0   70.0  444.0
2023 109  4 19 1400  -38.7  981.9    2.4  170.0   69.0  444.0
2023 109  4 19 1500  -39.3  981.9    2.6  176.0   69.0  444.0
2023 109  4 19 1600  -39.9  981.8    2.5  194.0   69.0  444.0
2023 109  4 19 1700  -38.8  981.4    0.9  254.0   68.0  444.0
2023 109  4 19 1800  -40.3  980.9    2.0  322.0   69.0  444.0
2023 109  4 19 1900  -40.5  981.0    1.6  326.0   68.0  444.0
2023 109  4 19 2000  -39.8  980.7    1.5  298.0   68.0  444.0
2023 109  4 19 2100  -40.3  980.7    2.6  350.0   68.0  444.0
2023 109  4 19 2200  -41.5  981.0    2.4    7.0   68.0  444.0
2023 109  4 19 2300  -40.4  981.2    0.8  355.0   68.0  444.0
2023 110  4 20 0000  -41.1  981.9    2.6   46.0   68.2  444.0
2023 110  4 20 0100  -42.1  983.0    2.2   72.0   68.0  444.0
2023 110  4 20 0200  -41.9  983.8    3.3   83.0   68.0  444.0
2023 110  4 20 0300  -40.8  984.7    3.2   99.0   68.0  444.0
2023 110  4 20 0400  -40.2  986.1    4.1   79.0   69.0  444.0
2023 110  4 20 0500  -40.0  986.7    4.0   72.0   68.6  444.0
2023 110  4 20 0600  -39.6  987.2    2.8   84.0   68.9  444.0
2023 110  4 20 0700  -39.1  987.7    3.0  124.0   69.0  444.0
2023 110  4 20 0800  -39.7  988.1    4.1  140.0   69.0  444.0
2023 110  4 20 0900  -40.9  988.3    4.0  142.0   68.0  444.0
2023 110  4 20 1000  -40.8  988.2    3.0  116.0   68.0  444.0
2023 110  4 20 1100  -41.4  988.3    2.2  151.0   68.0  444.0
2023 110  4 20 1200  -41.3  988.1    2.6  140.0   68.0  444.0
2023 110  4 20 1300  -41.2  988.3    3.1  155.0   68.0  444.0
2023 110  4 20 1400  -40.8  987.8    3.5  162.0   68.0  444.0
2023 110  4 20 1500  -40.5  987.2    3.2  140.0   68.0  444.0
2023 110  4 20 1600  -40.3  986.9    2.6  142.0   68.0  444.0
2023 110  4 20 1700  -40.4  986.8    3.2  141.0   68.4  444.0
2023 110  4 20 1800  -40.2  986.4    3.4  152.0   68.0  444.0
2023 110  4 20 1900  -39.5  986.3    3.8  163.0   69.0  444.0
2023 110  4 20 2000  -39.2  986.0    3.7  160.0   69.0  444.0
2023 110  4 20 2100  -40.4  985.8    2.8  150.0   68.0  444.0
2023 110  4 20 2200  -41.5  985.6    3.0  136.0   67.6  444.0
2023 110  4 20 2300  -41.9  985.4    2.3  138.0   67.0  444.0
2023 111  4 21 0000  -42.9  985.1    1.7  190.0   67.0  444.0
2023 111  4 21 0100  -42.6  984.6    2.7  211.0   67.0  444.0
2023 111  4 21 0200  -42.5  984.3    3.5  205.0   67.0  444.0
2023 111  4 21 0300  -42.0  983.6    3.5  185.0   67.4  444.0
2023 111  4 21 0400  -39.8  983.3    3.9  163.0   69.0  444.0
2023 111  4 21 0500  -39.5  983.0    4.9  157.0   69.0  444.0
2023 111  4 21 0600  -40.1  983.1    2.7  162.0   68.0  444.0
2023 111  4 21 0700  -41.2  982.8    2.0  188.0   67.0  444.0
2023 111  4 21 0800  -41.4  982.8    3.0  200.0   68.0  444.0
2023 111  4 21 0900  -40.3  983.0    3.2  182.0   67.9  444.0
2023 111  4 21 1000  -40.6  982.9    2.6  180.0   68.0  444.0
2023 111  4 21 1100  -39.3  982.8    2.7  165.0   68.0  444.0
2023 111  4 21 1200  -40.0  982.9    3.6  193.0   68.0  444.0
2023 111  4 21 1300  -39.6  982.8    3.7  189.0   68.0  444.0
2023 111  4 21 1400  -38.9  982.5    3.3  207.0   69.0  444.0
2023 111  4 21 1500  -36.8  981.6    4.3  202.0   70.0  444.0
2023 111  4 21 1600  -37.0  981.1    3.7  206.0   70.0  444.0
2023 111  4 21 1700  -35.5  980.5    3.8  198.0   71.0  444.0
2023 111  4 21 1800  -34.4  980.1    5.1  194.0   71.0  444.0
2023 111  4 21 1900  -34.0  979.6    5.0  194.0   71.0  444.0
2023 111  4 21 2000  -33.1  978.9    4.2  179.0   72.0  444.0
2023 111  4 21 2100  -30.4  978.5    5.6  165.0   74.0  444.0
2023 111  4 21 2200  -28.7  977.8    6.5  168.0   75.0  444.0
2023 111  4 21 2300  -26.8  977.7    8.0  152.0   77.0  444.0
2023 112  4 22 0000  -27.4  977.5    7.4  150.0   76.0  444.0
2023 112  4 22 0100  -26.5  977.5    8.3  151.0   77.0  444.0
2023 112  4 22 0200  -25.3  977.3    9.2  148.0   78.0  444.0
2023 112  4 22 0300  -26.4  977.2    6.2  154.0   77.0  444.0
2023 112  4 22 0400  -25.3  976.7    8.7  152.0   78.0  444.0
2023 112  4 22 0500  -25.2  976.6    9.3  150.0   78.0  444.0
2023 112  4 22 0600  -25.3  976.7    9.2  146.0   78.0  444.0
2023 112  4 22 0700  -25.5  977.0    9.1  146.0   78.0  444.0
2023 112  4 22 0800  -25.6  977.0    9.8  144.0   78.0  444.0
2023 112  4 22 0900  -25.4  976.8   10.3  142.0   78.2  444.0
2023 112  4 22 1000  -25.6  977.1    8.8  141.0   78.0  444.0
2023 112  4 22 1100  -26.0  977.4    8.9  143.0   78.0  444.0
2023 112  4 22 1200  -25.9  977.6   10.3  133.0   78.0  444.0
2023 112  4 22 1300  -26.5  977.7    9.6  140.0   77.0  444.0
2023 112  4 22 1400  -26.6  978.2    9.2  142.0   77.4  444.0
2023 112  4 22 1500  -26.7  978.3    9.3  148.0   77.0  444.0
2023 112  4 22 1600  -27.0  978.4    9.4  143.0   77.0  444.0
2023 112  4 22 1700  -28.2  978.6    8.3  145.0   76.0  444.0
2023 112  4 22 1800  -28.2  978.7    9.2  135.0   76.0  444.0
2023 112  4 22 1900  -28.0  979.3    9.8  131.0   76.3  444.0
2023 112  4 22 2000  -28.6  979.3    7.8  140.0   75.8  444.0
2023 112  4 22 2100  -30.6  979.8    4.6  162.0   75.0  444.0
2023 112  4 22 2200  -30.7  980.1    4.1  167.0   74.0  444.0
2023 112  4 22 2300  -30.6  980.2    4.5  162.0   74.0  444.0
2023 113  4 23 0000  -31.0  980.5    4.4  171.0   74.0  444.0
2023 113  4 23 0100  -31.4  980.8    4.1  172.0   73.5  444.0
2023 113  4 23 0200  -31.3  981.0    4.4  163.0   74.0  444.0
2023 113  4 23 0300  -30.0  981.0    5.8  150.0   75.0  444.0
2023 113  4 23 0400  -31.7  981.3    4.2  161.0   74.0  444.0
2023 113  4 23 0500  -31.3  981.4    4.9  158.0   74.0  444.0
2023 113  4 23 0600  -30.6  981.5    6.6  152.0   74.6  444.0
2023 113  4 23 0700  -30.0  981.6    5.7  160.0   75.0  444.0
2023 113  4 23 0800  -28.2  981.8    7.8  144.0   76.0  444.0
2023 113  4 23 0900  -28.9  982.0    6.9  151.0   75.0  444.0
2023 113  4 23 1000  -29.4  982.3    5.2  156.0   75.0  444.0
2023 113  4 23 1100  -29.0  982.4    4.5  163.0   76.0  444.0
2023 113  4 23 1200  -28.5  982.6    4.3  161.0   75.8  444.0
2023 113  4 23 1300  -27.6  982.4    7.5  148.0   76.0  444.0
2023 113  4 23 1400  -27.1  982.0    7.4  146.0   77.0  444.0
2023 113  4 23 1500  -26.7  981.7   10.2  147.0   77.0  444.0
2023 113  4 23 1600  -26.9  982.0    9.7  141.0   77.2  444.0
2023 113  4 23 1700  -27.8  982.2    7.4  144.0   76.4  444.0
2023 113  4 23 1800  -28.4  982.7    7.3  144.0   75.9  444.0
2023 113  4 23 1900  -28.3  982.7    8.4  142.0   76.0  444.0
2023 113  4 23 2000  -28.5  982.9    8.8  142.0   76.0  444.0
2023 113  4 23 2100  -29.1  983.2    9.0  139.0   75.0  444.0
2023 113  4 23 2200  -29.9  983.5    8.8  141.0   75.0  444.0
2023 113  4 23 2300  -30.8  984.3    8.6  136.0   74.2  444.0
2023 114  4 24 0000  -31.9  984.8    6.9  132.0   74.0  444.0
2023 114  4 24 0100  -32.6  985.5    4.9  146.0   73.0  444.0
2023 114  4 24 0200  -32.8  985.6    4.6  155.0   73.0  444.0
2023 114  4 24 0300  -32.8  985.7    5.3  154.0   73.0  444.0
2023 114  4 24 0400  -32.1  985.8    5.3  163.0   72.4  444.0
2023 114  4 24 0500  -33.6  985.4    4.1  177.0   72.0  444.0
2023 114  4 24 0600  -33.6  985.1    5.0  188.0   72.0  444.0
2023 114  4 24 0700  -33.7  984.9    5.5  194.0   72.0  444.0
2023 114  4 24 0800  -33.5  984.7    6.0  189.0   72.0  444.0
2023 114  4 24 0900  -33.6  984.3    5.5  188.0   72.0  444.0
2023 114  4 24 1000  -32.3  983.9    6.4  177.0   72.0  444.0
2023 114  4 24 1100  -32.1  983.8    6.0  184.0   71.0  444.0
2023 114  4 24 1200  -34.2  983.5    3.7  192.0   71.0  444.0
2023 114  4 24 1300  -33.0  982.9    5.1  193.0   72.0  444.0
2023 114  4 24 1400  -32.8  982.6    5.0  191.0   73.0  444.0
2023 114  4 24 1500  -31.9  982.4    6.1  192.0   72.9  444.0
2023 114  4 24 1600  -32.5  981.7    5.1  190.0   73.0  444.0
2023 114  4 24 1700  -31.9  981.4    5.5  199.0   73.0  444.0
2023 114  4 24 1800  -32.3  981.0    4.7  204.0   73.0  444.0
2023 114  4 24 1900  -32.1  980.2    4.5  197.0   74.0  444.0
2023 114  4 24 2000  -29.5  980.2    6.9  192.0   75.0  444.0
2023 114  4 24 2100  -28.6  980.0    6.0  195.0   73.8  444.0
2023 114  4 24 2200  -27.9  979.5    5.6  191.0   74.0  444.0
2023 114  4 24 2300  -24.8  978.8    7.9  180.0   77.0  444.0
2023 115  4 25 0000  -23.1  978.1    8.0  181.0   79.0  444.0
2023 115  4 25 0100  -27.8  978.9   10.5  158.0   76.0  444.0
2023 115  4 25 0200  -31.8  979.5    8.1  148.0   73.2  444.0
2023 115  4 25 0300  -34.1  980.0    7.6  150.0   72.0  444.0
2023 115  4 25 0400  -37.0  981.2    8.8  133.0   70.0  444.0
2023 115  4 25 0500  -39.2  982.5    9.0  122.0   69.4  444.0
2023 115  4 25 0600  -39.3  983.8    7.8  117.0   69.0  444.0
2023 115  4 25 0700  -37.5  985.0    7.1  114.0   70.0  444.0
2023 115  4 25 0800  -35.4  986.0    7.1  121.0   71.0  444.0
2023 115  4 25 0900  -34.5  986.8    4.9  114.0   72.0  444.0
2023 115  4 25 1000  -33.4  987.4    3.4  148.0   73.0  444.0
2023 115  4 25 1100  -31.8  988.3    4.3  145.0   74.0  444.0
2023 115  4 25 1200  -31.0  988.7    3.9  151.0   74.0  444.0
2023 115  4 25 1300  -30.8  989.4    2.9  153.0   74.0  444.0
2023 115  4 25 1400  -30.6  989.8    2.9  160.0   74.0  444.0
2023 115  4 25 1500  -30.2  990.6    3.3  142.0   75.0  444.0
2023 115  4 25 1600  -29.7  991.0    4.1  141.0   75.0  444.0
2023 115  4 25 1700  -29.5  991.2    3.7  140.0   75.0  444.0
2023 115  4 25 1800  -30.3  991.7    2.8  160.0   75.0  444.0
2023 115  4 25 1900  -29.7  991.7    3.6  157.0   75.0  444.0
2023 115  4 25 2000  -29.4  991.8    4.0  161.0   75.0  444.0
2023 115  4 25 2100  -29.3  991.6    4.6  186.0   75.0  444.0
2023 115  4 25 2200  -29.7  991.2    4.5  186.0   75.0  444.0
2023 115  4 25 2300  -29.4  990.7    4.4  178.0   75.0  444.0
2023 116  4 26 0000  -29.7  990.5    4.7  173.0   74.0  444.0
2023 116  4 26 0100  -30.9  990.1    4.6  187.0   74.0  444.0
2023 116  4 26 0200  -30.9  989.6    5.0  178.0   74.0  444.0
2023 116  4 26 0300  -31.5  989.1    4.0  179.0   73.2  444.0
2023 116  4 26 0400  -31.0  988.7    5.0  182.0   74.0  444.0
2023 116  4 26 0500  -29.4  988.5    5.3  155.0   74.0  444.0
2023 116  4 26 0600  -30.4  987.9    4.3  173.0   74.0  444.0
2023 116  4 26 0700  -28.9  987.3    5.9  178.0   76.0  444.0
2023 116  4 26 0800  -27.3  986.9    5.1  171.0   76.0  444.0
2023 116  4 26 0900  -26.5  986.5    5.3  173.0   77.0  444.0
2023 116  4 26 1000  -25.9  986.6    5.7  167.0   77.0  444.0
2023 116  4 26 1100  -27.3  986.2    5.0  177.0   76.0  444.0
2023 116  4 26 1200  -27.4  985.8    5.1  154.0   76.0  444.0
2023 116  4 26 1300  -27.9  985.3    7.3  149.0   76.0  444.0
2023 116  4 26 1400  -29.3  986.2    7.2  129.0   75.0  444.0
2023 116  4 26 1500  -30.3  986.4    6.7  121.0   74.0  444.0
2023 116  4 26 1600  -31.9  987.0    6.7  115.0   73.0  444.0
2023 116  4 26 1700  -33.0  988.5    5.7  109.0   73.0  444.0
2023 116  4 26 1800  -34.1  989.6    4.6  102.0   72.0  444.0
2023 116  4 26 1900  -35.0  991.0    5.0   91.0   72.0  444.0
2023 116  4 26 2000  -35.7  992.2    4.1  100.0   71.4  444.0
2023 116  4 26 2100  -36.5  993.5    3.3  102.0   71.0  444.0
2023 116  4 26 2200  -37.3  994.6    3.4  102.0   71.0  444.0
2023 116  4 26 2300  -38.1  995.3    3.0  109.0   70.0  444.0
2023 117  4 27 0000  -39.3  996.2    2.9  145.0   69.0  444.0
2023 117  4 27 0100  -39.8  996.9    2.6  141.0   69.0  444.0
2023 117  4 27 0200  -39.7  997.1    3.8  128.0   69.1  444.0
2023 117  4 27 0300  -40.1  997.6    4.6  148.0   69.0  444.0
2023 117  4 27 0400  -40.6  998.3    3.5  134.0   68.0  444.0
2023 117  4 27 0500  -41.2  998.4    3.6  160.0   68.0  444.0
2023 117  4 27 0600  -40.7  998.7    3.4  159.0   68.2  444.0
2023 117  4 27 0700  -41.8  999.2    2.8  171.0   67.6  444.0
2023 117  4 27 0800  -40.0  999.1    4.3  152.0   69.0  444.0
2023 117  4 27 0900  -41.0  999.3    3.5  162.0   68.0  444.0
2023 117  4 27 1000  -41.1  999.6    2.6  154.0   68.0  444.0
2023 117  4 27 1100  -41.8  999.5    3.3  164.0   67.7  444.0
2023 117  4 27 1200  -42.3  999.9    1.3  145.0   67.0  444.0
2023 117  4 27 1300  -41.1 1000.1    3.9  182.0   68.3  444.0
2023 117  4 27 1400  -41.3 1000.1    2.8  176.0   68.0  444.0
2023 117  4 27 1500  -41.2 1000.2    2.1  180.0   68.0  444.0
2023 117  4 27 1600  -40.9 1000.1    2.4  173.0   67.0  444.0
2023 117  4 27 1700  -41.0 1000.2    2.2  177.0   67.0  444.0
2023 117  4 27 1800  -41.8 1000.2    2.4  194.0   67.2  444.0
2023 117  4 27 1900  -42.0 1000.3    1.9  195.0   66.8  444.0
2023 117  4 27 2000  -42.8 1000.2    2.9  200.0   67.0  444.0
2023 117  4 27 2100  -41.9 1000.2    2.3  178.0   67.0  444.0
2023 117  4 27 2200  -39.8 1000.2    3.9  162.0   68.0  444.0
2023 117  4 27 2300  -41.3 1000.5    3.1  182.0   67.6  444.0
2023 118  4 28 0000  -41.5 1000.0    3.2  180.0   67.6  444.0
2023 118  4 28 0100  -41.2  999.7    3.3  191.0   68.0  444.0
2023 118  4 28 0200  -40.1  999.5    3.8  182.0   68.0  444.0
2023 118  4 28 0300  -39.4  999.1    4.0  185.0   69.0  444.0
2023 118  4 28 0400  -40.7  998.9    3.6  190.0   68.1  444.0
2023 118  4 28 0500  -40.4  998.3    4.1  196.0   68.2  444.0
2023 118  4 28 0600  -39.7  998.3    4.2  191.0   68.6  444.0
2023 118  4 28 0700  -38.3  998.1    4.4  192.0   69.3  444.0
2023 118  4 28 0800  -38.0  997.4    4.3  202.0   70.0  444.0
2023 118  4 28 0900  -38.0  996.7    4.5  198.0   70.0  444.0
2023 118  4 28 1000  -37.8  996.2    5.4  192.0   69.7  444.0
2023 118  4 28 1100  -37.9  995.6    4.8  196.0   70.0  444.0
2023 118  4 28 1200  -37.7  994.8    5.4  197.0   69.8  444.0
2023 118  4 28 1300  -36.8  994.3    4.7  196.0   70.0  444.0
2023 118  4 28 1400  -36.8  993.6    5.1  198.0   70.0  444.0
2023 118  4 28 1500  -36.7  993.0    4.3  192.0   70.1  444.0
2023 118  4 28 1600  -36.4  992.3    4.2  204.0   70.4  444.0
2023 118  4 28 1700  -35.3  991.7    4.1  210.0   70.9  444.0
2023 118  4 28 1800  -34.4  991.0    4.9  206.0   72.0  444.0
2023 118  4 28 1900  -32.1  990.2    5.8  191.0   73.0  444.0
2023 118  4 28 2000  -32.1  989.5    3.5  197.0   73.6  444.0
2023 118  4 28 2100  -31.4  988.7    4.0  204.0   73.4  444.0
2023 118  4 28 2200  -31.0  987.6    5.4  206.0   74.0  444.0
2023 118  4 28 2300  -31.6  986.8    5.8  216.0   73.0  444.0
2023 119  4 29 0000  -31.4  986.5    5.8  206.0   74.0  444.0
2023 119  4 29 0100  -32.2  985.9    4.8  207.0   73.0  444.0
2023 119  4 29 0200  -32.6  985.0    4.6  212.0   73.0  444.0
2023 119  4 29 0300  -30.6  983.9    5.9  213.0   74.3  444.0
2023 119  4 29 0400  -27.5  983.6    6.1  206.0   78.0  444.0
2023 119  4 29 0500  -26.2  983.4    5.3  200.0   77.0  444.0
2023 119  4 29 0600  -28.4  982.3    6.2  225.0   76.0  444.0
2023 119  4 29 0700  -27.9  982.3    6.9  217.0   75.0  444.0
2023 119  4 29 0800  -28.2  981.8    7.2  231.0   75.7  444.0
2023 119  4 29 0900  -26.6  981.0    8.6  231.0   76.0  444.0
2023 119  4 29 1000  -28.3  980.4    6.8  221.0   75.7  444.0
2023 119  4 29 1100  -26.9  979.9    8.6  224.0   77.0  444.0
2023 119  4 29 1200  -26.2  979.2    8.6  229.0   76.0  444.0
2023 119  4 29 1300  -26.7  979.4    7.8  205.0   75.0  444.0
2023 119  4 29 1400  -24.9  978.2    9.1  214.0   76.0  444.0
2023 119  4 29 1500  -23.9  976.8    9.6  212.0   77.3  444.0
2023 119  4 29 1600  -21.6  975.9   10.7  204.0   80.0  444.0
2023 119  4 29 1700  -19.8  974.7   10.5  194.0   82.0  444.0
2023 119  4 29 1800  -21.2  973.8    9.1  194.0   82.0  444.0
2023 119  4 29 1900  -19.5  972.7   10.2  189.0   84.0  444.0
2023 119  4 29 2000  -16.9  971.8   12.1  174.0   89.0  444.0
2023 119  4 29 2100  -16.1  971.2   12.6  169.0   90.0  444.0
2023 119  4 29 2200  -15.8  970.9   11.8  170.0   90.0  444.0
2023 119  4 29 2300  -16.1  970.3   10.4  168.0   90.0  444.0
2023 120  4 30 0000  -16.1  969.8   10.0  166.0   90.0  444.0
2023 120  4 30 0100  -15.8  969.3   11.1  166.0   91.0  444.0
2023 120  4 30 0200  -16.0  968.9   10.7  164.0   90.0  444.0
2023 120  4 30 0300  -16.4  968.6   10.6  114.0   88.0  444.0
2023 120  4 30 0400  -17.4  968.2    7.5  158.0   88.0  444.0
2023 120  4 30 0500  -17.2  968.0    9.0  164.0   88.0  444.0
2023 120  4 30 0600  -17.3  968.1    7.6  162.0   87.0  444.0
2023 120  4 30 0700  -17.3  967.9    7.6  165.0   86.0  444.0
2023 120  4 30 0800  -17.7  967.8    7.8  173.0   85.0  444.0
2023 120  4 30 0900  -18.6  968.0    8.1  170.0   85.0  444.0
2023 120  4 30 1000  -19.1  967.9    7.7  168.0   83.5  444.0
2023 120  4 30 1100  -19.2  967.9    8.5  164.0   83.0  444.0
2023 120  4 30 1200  -19.6  967.8    8.6  172.0   80.0  444.0
2023 120  4 30 1300  -20.4  967.7    8.5  162.0   78.1  444.0
2023 120  4 30 1400  -21.3  967.9    8.0  165.0   78.0  444.0
2023 120  4 30 1500  -22.5  967.9    8.0  167.0   77.0  444.0
2023 120  4 30 1600  -23.8  968.1    7.6  164.0   76.0  444.0
2023 120  4 30 1700  -24.6  968.1    6.1  165.0   75.0  444.0
2023 120  4 30 1800  -24.7  968.2    7.1  177.0   75.1  444.0
2023 120  4 30 1900  -24.4  968.0    9.0  168.0   74.0  444.0
2023 120  4 30 2000  -24.6  968.0    8.6  164.0   74.0  444.0
2023 120  4 30 2100  -24.2  968.4    8.1  172.0   74.0  444.0
2023 120  4 30 2200  -23.5  968.2    7.9  173.0   75.0  444.0
2023 120  4 30 2300  -23.0  968.3    8.2  172.0   75.0  444.0
