Year: 2021  Month: 05  ID: LET  ARGOS:  8928  Name: Lettau              
Lat: 82.48S  Lon: 174.59W  Elev:   38m
2021 121  5  1 0000  -30.0  978.1    6.5  154.0   74.7  444.0
2021 121  5  1 0100  -29.7  978.1    6.9  141.0   75.0  444.0
2021 121  5  1 0200  -29.4  978.1    7.3  143.0   75.0  444.0
2021 121  5  1 0300  -28.8  978.3    7.8  135.0   76.0  444.0
2021 121  5  1 0400  -28.5  978.6    7.8  138.0   75.8  444.0
2021 121  5  1 0500  -28.2  978.6    7.3  132.0   76.0  444.0
2021 121  5  1 0600  -28.4  978.6    7.1  138.0   76.0  444.0
2021 121  5  1 0700  -28.3  978.9    5.6  138.0   76.0  444.0
2021 121  5  1 0800  -28.1  979.0    6.2  155.0   76.0  444.0
2021 121  5  1 0900  -28.2  978.8    4.2  149.0   76.0  444.0
2021 121  5  1 1000  -28.7  979.1    4.1  153.0   76.0  444.0
2021 121  5  1 1100  -29.4  979.2    2.5  128.0   75.0  444.0
2021 121  5  1 1200  -30.8  978.8    3.6  164.0   74.0  444.0
2021 121  5  1 1300  -32.8  978.6    4.3  138.0   73.0  444.0
2021 121  5  1 1400  -33.4  978.3    5.1  144.0   73.0  444.0
2021 121  5  1 1500  -32.7  978.4    6.0  144.0   73.0  444.0
2021 121  5  1 1600  -32.5  978.4    6.4  149.0   73.0  444.0
2021 121  5  1 1700  -32.3  978.6    5.3  149.0   73.0  444.0
2021 121  5  1 1800  -33.0  978.4    5.7  149.0   73.0  444.0
2021 121  5  1 1900  -33.3  978.6    6.1  141.0   73.0  444.0
2021 121  5  1 2000  -34.3  978.3    6.9  143.0   72.0  444.0
2021 121  5  1 2100  -35.3  978.2    6.9  149.0   71.5  444.0
2021 121  5  1 2200  -35.2  978.2    5.1  144.0   72.0  444.0
2021 121  5  1 2300  -34.9  977.9    5.1  148.0   72.0  444.0
2021 122  5  2 0000  -35.1  978.0    4.8  160.0   71.0  444.0
2021 122  5  2 0100  -35.9  977.7    5.2  156.0   71.0  444.0
2021 122  5  2 0200  -37.1  977.4    3.4  164.0   70.1  444.0
2021 122  5  2 0300  -37.1  976.9    4.8  166.0   70.0  444.0
2021 122  5  2 0400  -37.2  976.8    4.2  168.0   70.0  444.0
2021 122  5  2 0500  -37.0  976.4    3.7  163.0   70.0  444.0
2021 122  5  2 0600  -36.5  976.2    4.3  164.0   71.0  444.0
2021 122  5  2 0700  -35.9  975.9    4.5  165.0   71.0  444.0
2021 122  5  2 0800  -35.3  975.5    4.8  166.0   71.0  444.0
2021 122  5  2 0900  -34.7  975.1    5.5  159.0   71.7  444.0
2021 122  5  2 1000  -34.7  974.8    4.7  168.0   72.0  444.0
2021 122  5  2 1100  -35.3  974.6    4.9  176.0   71.0  444.0
2021 122  5  2 1200  -36.4  974.1    3.2  186.0   70.5  444.0
2021 122  5  2 1300  -36.5  973.2    3.7  199.0   71.0  444.0
2021 122  5  2 1400  -35.9  972.5    4.8  187.0   70.8  444.0
2021 122  5  2 1500  -34.6  972.0    5.1  177.0   72.0  444.0
2021 122  5  2 1600  -33.8  971.4    5.8  186.0   72.0  444.0
2021 122  5  2 1700  -33.1  970.9    5.9  187.0   72.0  444.0
2021 122  5  2 1800  -33.5  969.8    5.1  190.0   72.0  444.0
2021 122  5  2 1900  -33.5  969.4    6.3  186.0   72.0  444.0
2021 122  5  2 2000  -33.6  968.9    5.3  174.0   72.0  444.0
2021 122  5  2 2100  -31.8  967.8    7.0  178.0   73.0  444.0
2021 122  5  2 2200  -31.3  967.2    7.0  153.0   73.0  444.0
2021 122  5  2 2300  -30.7  966.7    7.7  150.0   74.0  444.0
2021 123  5  3 0000  -30.1  966.1    8.3  152.0   74.4  444.0
2021 123  5  3 0100  -30.0  965.4    9.4  141.0   74.5  444.0
2021 123  5  3 0200  -29.7  964.6    9.6  149.0   74.0  444.0
2021 123  5  3 0300  -29.3  963.9    9.5  147.0   75.0  444.0
2021 123  5  3 0400  -27.3  963.6   12.5  138.0   76.0  444.0
2021 123  5  3 0500  -26.0  963.0   12.3  144.0   77.5  444.0
2021 123  5  3 0600  -25.2  961.6   15.0  141.0   78.0  444.0
2021 123  5  3 0700  -24.5  960.9   15.1  134.0   78.7  444.0
2021 123  5  3 0800  -24.0  960.6   14.4  133.0   79.0  444.0
2021 123  5  3 0900  -23.2  961.0   13.4  137.0   80.0  444.0
2021 123  5  3 1000  -22.4  960.8   12.6  128.0   80.8  444.0
2021 123  5  3 1100  -22.3  961.5   11.5  129.0   81.0  444.0
2021 123  5  3 1200  -22.1  962.1   10.8  129.0   81.1  444.0
2021 123  5  3 1300  -22.2  962.4    9.6  130.0   81.0  444.0
2021 123  5  3 1400  -22.4  962.5    8.5  133.0   81.0  444.0
2021 123  5  3 1500  -24.0  962.8    7.5  138.0   79.3  444.0
2021 123  5  3 1600  -24.8  962.9    7.3  140.0   79.0  444.0
2021 123  5  3 1700  -24.5  962.8    8.8  136.0   80.0  444.0
2021 123  5  3 1800  -23.1  962.9    8.5  134.0   81.0  444.0
2021 123  5  3 1900  -22.5  963.8    6.6  128.0   81.0  444.0
2021 123  5  3 2000  -24.2  964.0    4.6  116.0   79.0  444.0
2021 123  5  3 2100  -23.9  963.9    4.8  133.0   80.0  444.0
2021 123  5  3 2200  -22.9  963.7    4.5  130.0   81.0  444.0
2021 123  5  3 2300  -22.4  963.4    5.1  138.0   81.1  444.0
2021 124  5  4 0000  -22.9  963.7    4.0   97.0   81.0  444.0
2021 124  5  4 0100  -22.9  963.8    4.4   64.0   81.0  444.0
2021 124  5  4 0200  -22.9  963.7    4.5  100.0   80.0  444.0
2021 124  5  4 0300  -23.3  964.2    6.0   76.0   78.6  444.0
2021 124  5  4 0400  -25.3  964.5    6.0   84.0   77.0  444.0
2021 124  5  4 0500  -28.7  965.0    5.7   70.0   76.0  444.0
2021 124  5  4 0600  -31.0  965.5    5.3   78.0   74.0  444.0
2021 124  5  4 0700  -32.8  965.9    4.6   78.0   74.0  444.0
2021 124  5  4 0800  -33.9  966.2    4.7   75.0   73.0  444.0
2021 124  5  4 0900  -34.9  966.4    4.9   82.0   72.0  444.0
2021 124  5  4 1000  -35.8  966.7    4.2   86.0   72.0  444.0
2021 124  5  4 1100  -37.1  967.2    3.9  102.0   71.0  444.0
2021 124  5  4 1200  -37.5  967.8    3.6  111.0   71.0  444.0
2021 124  5  4 1300  -37.9  967.9    4.7  130.0   70.0  444.0
2021 124  5  4 1400  -37.3  968.2    5.2  126.0   70.0  444.0
2021 124  5  4 1500  -37.2  968.5    4.7  120.0   70.0  444.0
2021 124  5  4 1600  -37.9  968.5    4.2  125.0   69.7  444.0
2021 124  5  4 1700  -37.7  968.8    5.6  130.0   70.0  444.0
2021 124  5  4 1800  -36.9  969.5    5.4  120.0   71.0  444.0
2021 124  5  4 1900  -37.5  970.0    4.4  134.0   70.0  444.0
2021 124  5  4 2000  -37.9  970.3    4.8  132.0   70.0  444.0
2021 124  5  4 2100  -37.3  970.6    5.2  138.0   70.5  444.0
2021 124  5  4 2200  -35.4  971.2    6.6  123.0   72.0  444.0
2021 124  5  4 2300  -33.6  972.0    6.1  131.0   73.0  444.0
2021 125  5  5 0000  -34.0  972.4    6.7  134.0   72.0  444.0
2021 125  5  5 0100  -33.3  972.8    7.1  122.0   73.0  444.0
2021 125  5  5 0200  -32.3  973.2    5.9  126.0   73.2  444.0
2021 125  5  5 0300  -31.4  973.3    5.8  124.0   74.0  444.0
2021 125  5  5 0400  -31.5  973.7    5.9  124.0   74.0  444.0
2021 125  5  5 0500  -32.1  973.8    5.9  126.0   73.3  444.0
2021 125  5  5 0600  -31.1  973.9    6.4  130.0   74.0  444.0
2021 125  5  5 0700  -30.7  974.4    5.6  147.0   74.0  444.0
2021 125  5  5 0800  -30.1  974.8    5.3  137.0   75.0  444.0
2021 125  5  5 0900  -29.3  974.8    7.0  124.0   75.0  444.0
2021 125  5  5 1000  -28.8  975.2    6.8  128.0   76.0  444.0
2021 125  5  5 1100  -28.8  975.7    6.3  140.0   76.0  444.0
2021 125  5  5 1200  -29.1  976.4    5.1  160.0   75.0  444.0
2021 125  5  5 1300  -29.0  976.8    5.8  160.0   76.0  444.0
2021 125  5  5 1400  -29.3  976.9    5.8  162.0   75.0  444.0
2021 125  5  5 1500  -30.0  977.6    5.1  169.0   75.0  444.0
2021 125  5  5 1600  -29.0  977.8    5.9  153.0   75.4  444.0
2021 125  5  5 1700  -29.5  978.6    5.6  172.0   75.0  444.0
2021 125  5  5 1800  -30.9  979.2    4.3  183.0   74.0  444.0
2021 125  5  5 1900  -32.3  980.2    3.3  217.0   73.0  444.0
2021 125  5  5 2000  -33.1  980.7    4.2  187.0   72.0  444.0
2021 125  5  5 2100  -33.9  981.1    4.1  178.0   72.0  444.0
2021 125  5  5 2200  -35.7  982.4    3.0  248.0   71.0  444.0
2021 125  5  5 2300  -36.3  983.0    3.8  212.0   70.0  444.0
2021 126  5  6 0000  -36.3  983.4    3.0  211.0   70.0  444.0
2021 126  5  6 0100  -37.6  983.9    2.2  246.0   69.0  444.0
2021 126  5  6 0200  -38.1  984.3    2.3  233.0   69.0  444.0
2021 126  5  6 0300  -38.3  984.7    3.1  243.0   69.1  444.0
2021 126  5  6 0400  -35.5  984.7    1.0  239.0   70.0  444.0
2021 126  5  6 0500  -40.2  985.5    2.9  280.0   68.0  444.0
2021 126  5  6 0600  -40.7  985.4    2.7  298.0   68.0  444.0
2021 126  5  6 0700  -41.6  985.9    2.3  298.0   68.0  444.0
2021 126  5  6 0800  -41.8  986.2    2.1  298.0   67.4  444.0
2021 126  5  6 0900  -41.8  986.3    1.7  298.0   68.0  444.0
2021 126  5  6 1000  -41.6  986.8    2.4  298.0   67.0  444.0
2021 126  5  6 1100  -42.2  987.1    1.8  298.0   67.0  444.0
2021 126  5  6 1200  -40.5  987.5    3.4  299.0   68.0  444.0
2021 126  5  6 1300  -41.0  987.8    2.5  316.0   68.0  444.0
2021 126  5  6 1400  -40.6  988.3    3.1  333.0   68.0  444.0
2021 126  5  6 1500  -41.5  988.4    3.7  332.0   68.0  444.0
2021 126  5  6 1600  -41.8  988.9    3.2  330.0   68.0  444.0
2021 126  5  6 1700  -41.5  989.2    2.9  334.0   67.0  444.0
2021 126  5  6 1800  -41.7  989.7    2.5  341.0   67.0  444.0
2021 126  5  6 1900  -41.4  990.0    2.9  348.0   68.0  444.0
2021 126  5  6 2000  -41.7  990.7    2.8  332.0   67.0  444.0
2021 126  5  6 2100  -41.0  991.0    2.4  353.0   68.0  444.0
2021 126  5  6 2200  -41.1  991.3    1.6  359.0   68.0  444.0
2021 126  5  6 2300  -40.8  991.5    1.5    9.0   68.0  444.0
2021 127  5  7 0000  -40.8  991.7    2.0   17.0   68.0  444.0
2021 127  5  7 0100  -39.9  992.0    2.3    4.0   68.0  444.0
2021 127  5  7 0200  -39.3  991.9    1.6   24.0   69.0  444.0
2021 127  5  7 0300  -39.1  992.0    1.6   24.0   69.0  444.0
2021 127  5  7 0400  -39.2  992.2    0.1   24.0   69.0  444.0
2021 127  5  7 0500  -38.7  992.2    0.8   26.0   69.0  444.0
2021 127  5  7 0600  -38.8  992.2    0.7   28.0   68.9  444.0
2021 127  5  7 0700  -38.7  992.4    2.5  116.0   69.0  444.0
2021 127  5  7 0800  -40.2  992.5    2.2  128.0   68.0  444.0
2021 127  5  7 0900  -41.0  992.6    2.2  108.0   68.0  444.0
2021 127  5  7 1000  -40.5  992.3    2.9  107.0   68.0  444.0
2021 127  5  7 1100  -39.8  992.1    2.2   94.0   68.4  444.0
2021 127  5  7 1200  -40.5  992.0    2.1  128.0   68.0  444.0
2021 127  5  7 1300  -40.6  992.0    2.8  124.0   68.0  444.0
2021 127  5  7 1400  -40.7  992.0    2.7  126.0   68.0  444.0
2021 127  5  7 1500  -40.8  991.9    3.3  109.0   68.0  444.0
2021 127  5  7 1600  -40.9  991.8    3.3  118.0   68.0  444.0
2021 127  5  7 1700  -40.8  991.5    3.4  120.0   68.0  444.0
2021 127  5  7 1800  -40.3  991.2    3.8  127.0   68.0  444.0
2021 127  5  7 1900  -40.1  991.6    4.0  126.0   68.0  444.0
2021 127  5  7 2000  -40.2  991.9    3.9  121.0   68.0  444.0
2021 127  5  7 2100  -39.8  991.6    4.4  121.0   68.0  444.0
2021 127  5  7 2200  -38.1  991.6    3.1  115.0   69.0  444.0
2021 127  5  7 2300  -36.9  991.2    3.8  160.0   70.0  444.0
2021 128  5  8 0000  -35.2  991.3    3.5  123.0   71.0  444.0
2021 128  5  8 0100  -34.9  991.0    4.0  127.0   71.0  444.0
2021 128  5  8 0200  -34.4  990.7    4.8  141.0   72.0  444.0
2021 128  5  8 0300  -33.8  990.6    4.8  136.0   72.0  444.0
2021 128  5  8 0400  -34.0  990.6    4.7  143.0   71.7  444.0
2021 128  5  8 0500  -34.7  990.1    5.8  148.0   71.0  444.0
2021 128  5  8 0600  -34.5  989.7    5.9  142.0   71.0  444.0
2021 128  5  8 0700  -34.6  989.7    5.6  145.0   71.0  444.0
2021 128  5  8 0800  -35.2  989.8    4.9  159.0   71.0  444.0
2021 128  5  8 0900  -35.7  989.5    5.0  145.0   70.6  444.0
2021 128  5  8 1000  -37.5  989.1    4.2  163.0   70.0  444.0
2021 128  5  8 1100  -37.8  988.7    4.7  150.0   69.0  444.0
2021 128  5  8 1200  -38.6  988.5    3.8  158.0   69.0  444.0
2021 128  5  8 1300  -39.2  987.9    3.4  167.0   69.0  444.0
2021 128  5  8 1400  -40.0  987.7    2.8  180.0   68.0  444.0
2021 128  5  8 1500  -41.1  987.4    2.8  179.0   68.0  444.0
2021 128  5  8 1600  -42.5  987.0    2.3  184.0   67.0  444.0
2021 128  5  8 1700  -43.1  986.9    2.9  187.0   66.6  444.0
2021 128  5  8 1800  -43.7  986.5    1.9  178.0   66.0  444.0
2021 128  5  8 1900  -44.3  986.1    2.2  196.0   66.0  444.0
2021 128  5  8 2000  -44.6  986.1    2.2  200.0   65.8  444.0
2021 128  5  8 2100  -44.8  985.7    2.7  188.0   66.0  444.0
2021 128  5  8 2200  -45.2  985.6    2.3  191.0   66.0  444.0
2021 128  5  8 2300  -45.6  985.4    2.3  189.0   65.0  444.0
2021 129  5  9 0000  -46.1  985.2    2.3  182.0   65.0  444.0
2021 129  5  9 0100  -46.4  985.0    2.0  190.0   65.0  444.0
2021 129  5  9 0200  -46.7  984.8    1.7  214.0   64.6  444.0
2021 129  5  9 0300  -46.8  984.5    1.5  180.0   64.0  444.0
2021 129  5  9 0400  -46.7  984.8    2.1  199.0   65.0  444.0
2021 129  5  9 0500  -46.6  984.2    1.8  193.0   65.0  444.0
2021 129  5  9 0600  -46.2  984.3    1.8  170.0   65.0  444.0
2021 129  5  9 0700  -45.9  984.2    1.9  185.0   64.9  444.0
2021 129  5  9 0800  -45.8  984.2    2.1  184.0   65.0  444.0
2021 129  5  9 0900  -45.5  984.2    2.1  167.0   65.0  444.0
2021 129  5  9 1000  -45.5  984.2    2.2  155.0   65.0  444.0
2021 129  5  9 1100  -45.7  984.0    2.0  161.0   65.0  444.0
2021 129  5  9 1200  -45.4  984.0    2.9  149.0   65.0  444.0
2021 129  5  9 1300  -45.4  984.0    2.2  142.0   65.0  444.0
2021 129  5  9 1400  -45.5  983.9    2.6  155.0   65.0  444.0
2021 129  5  9 1500  -44.9  983.8    3.0  152.0   65.5  444.0
2021 129  5  9 1600  -44.3  983.8    3.7  143.0   66.0  444.0
2021 129  5  9 1700  -44.3  983.8    3.4  142.0   66.0  444.0
2021 129  5  9 1800  -44.0  984.0    2.9  144.0   66.0  444.0
2021 129  5  9 1900  -43.9  983.7    2.7  163.0   66.0  444.0
2021 129  5  9 2000  -43.4  983.4    4.2  156.0   66.1  444.0
2021 129  5  9 2100  -42.7  983.6    3.9  146.0   66.5  444.0
2021 129  5  9 2200  -42.0  983.5    3.1  157.0   67.0  444.0
2021 129  5  9 2300  -41.2  983.4    3.3  173.0   67.0  444.0
2021 130  5 10 0000  -40.8  983.5    2.6  184.0   67.0  444.0
2021 130  5 10 0100  -41.1  983.3    3.3  180.0   67.0  444.0
2021 130  5 10 0200  -41.3  983.1    3.3  148.0   67.2  444.0
2021 130  5 10 0300  -41.6  982.9    3.1  152.0   67.1  444.0
2021 130  5 10 0400  -41.5  982.9    3.0  155.0   67.1  444.0
2021 130  5 10 0500  -41.8  982.7    3.1  184.0   67.0  444.0
2021 130  5 10 0600  -42.2  982.6    2.6  189.0   67.0  444.0
2021 130  5 10 0700  -42.9  982.3    3.1  202.0   66.0  444.0
2021 130  5 10 0800  -43.3  982.3    3.8  180.0   66.0  444.0
2021 130  5 10 0900  -44.7  982.3    1.8  176.0   65.0  444.0
2021 130  5 10 1000  -45.2  982.2    2.3  172.0   65.0  444.0
2021 130  5 10 1100  -45.4  981.8    2.5  180.0   65.0  444.0
2021 130  5 10 1200  -45.6  981.7    2.2  189.0   65.0  444.0
2021 130  5 10 1300  -44.9  981.4    3.1  184.0   65.0  444.0
2021 130  5 10 1400  -45.2  981.2    3.5  178.0   65.0  444.0
2021 130  5 10 1500  -45.4  980.9    3.0  189.0   65.0  444.0
2021 130  5 10 1600  -46.4  980.8    2.8  191.0   64.0  444.0
2021 130  5 10 1700  -45.5  980.5    2.2  202.0   64.0  444.0
2021 130  5 10 1800  -45.9  980.4    2.9  198.0   64.3  444.0
2021 130  5 10 1900  -46.2  980.1    2.5  190.0   64.0  444.0
2021 130  5 10 2000  -46.5  979.8    2.6  187.0   64.0  444.0
2021 130  5 10 2100  -47.0  979.9    1.6  196.0   64.0  444.0
2021 130  5 10 2200  -47.2  979.6    1.8  182.0   64.0  444.0
2021 130  5 10 2300  -46.7  979.6    1.4  215.0   64.0  444.0
2021 131  5 11 0000  -47.5  979.4    1.9  197.0   64.0  444.0
2021 131  5 11 0100  -46.8  979.2    0.9  215.0   64.0  444.0
2021 131  5 11 0200  -46.5  979.0    2.0  208.0   64.0  444.0
2021 131  5 11 0300  -46.9  978.8    1.5  219.0   64.0  444.0
2021 131  5 11 0400  -46.4  978.7    2.4  174.0   64.0  444.0
2021 131  5 11 0500  -47.2  978.4    2.4  147.0   63.4  444.0
2021 131  5 11 0600  -46.5  978.5    2.6  168.0   64.0  444.0
2021 131  5 11 0700  -45.5  978.4    2.0  145.0   65.0  444.0
2021 131  5 11 0800  -43.5  978.4    2.7  149.0   66.0  444.0
2021 131  5 11 0900  -42.8  978.6    1.4  162.0   66.1  444.0
2021 131  5 11 1000  -42.0  978.6    2.3  150.0   67.0  444.0
2021 131  5 11 1100  -42.2  978.7    1.4  146.0   66.4  444.0
2021 131  5 11 1200  -43.5  978.6    1.5  185.0   65.0  444.0
2021 131  5 11 1300  -45.2  978.4    2.6  166.0   65.0  444.0
2021 131  5 11 1400  -45.4  978.6    2.4  145.0   64.0  444.0
2021 131  5 11 1500  -46.1  978.6    2.5  178.0   64.0  444.0
2021 131  5 11 1600  -46.8  978.3    2.1  180.0   64.0  444.0
2021 131  5 11 1700  -46.6  978.2    2.7  162.0   64.0  444.0
2021 131  5 11 1800  -47.7  978.1    2.0  205.0   63.0  444.0
2021 131  5 11 1900  -47.3  977.7    2.2  180.0   63.0  444.0
2021 131  5 11 2000  -47.8  977.8    3.0  196.0   63.0  444.0
2021 131  5 11 2100  -47.0  977.8    0.5   39.0   63.0  444.0
2021 131  5 11 2200  -41.0  977.3    1.6  195.0   64.0  444.0
2021 131  5 11 2300  -46.9  977.3    0.9  213.0   64.0  444.0
2021 132  5 12 0000  -45.8  977.1    2.3  209.0   63.0  444.0
2021 132  5 12 0100  -46.3  976.9    1.5  290.0   63.0  444.0
2021 132  5 12 0200  -47.1  976.5    2.3  225.0   63.0  444.0
2021 132  5 12 0300  -49.6  976.2    2.1  230.0   62.0  444.0
2021 132  5 12 0400  -50.3  976.1    0.4  218.0   62.0  444.0
2021 132  5 12 0500  -50.8  975.8    0.2   52.0   62.0  444.0
2021 132  5 12 0600  -51.4  975.3    2.3  261.0   62.0  444.0
2021 132  5 12 0700  -51.9  975.2    1.9  203.0   62.0  444.0
2021 132  5 12 0800  -52.3  975.1    2.3  202.0   61.0  444.0
2021 132  5 12 0900  -52.4  974.9    1.9  173.0   61.0  444.0
2021 132  5 12 1000  -52.3  975.0    2.2  177.0   61.0  444.0
2021 132  5 12 1100  -52.8  975.1    2.3  203.0   61.0  444.0
2021 132  5 12 1200  -52.5  974.8    2.1  222.0   61.0  444.0
2021 132  5 12 1300  -52.8  974.6    2.1  222.0   61.0  444.0
2021 132  5 12 1400  -52.7  974.4    2.3  240.0   61.0  444.0
2021 132  5 12 1500  -52.6  974.3    2.7  225.0   61.0  444.0
2021 132  5 12 1600  -52.1  973.9    2.2  238.0   61.0  444.0
2021 132  5 12 1700  -51.0  973.7    2.8  230.0   61.7  444.0
2021 132  5 12 1800  -50.1  973.8    3.5  207.0   62.0  444.0
2021 132  5 12 1900  -48.8  973.7    3.6  212.0   63.0  444.0
2021 132  5 12 2000  -48.3  973.4    3.7  217.0   63.0  444.0
2021 132  5 12 2100  -47.4  973.2    4.1  222.0   63.0  444.0
2021 132  5 12 2200  -46.9  973.1    3.4  229.0   63.7  444.0
2021 132  5 12 2300  -44.8  972.8    3.0  225.0   64.0  444.0
2021 133  5 13 0000  -45.1  973.2    2.6  190.0   64.0  444.0
2021 133  5 13 0100  -46.7  972.4    3.3  214.0   64.0  444.0
2021 133  5 13 0200  -46.0  972.7    3.3  206.0   64.0  444.0
2021 133  5 13 0300  -47.1  972.7    2.6  215.0   63.0  444.0
2021 133  5 13 0400  -47.8  972.9    3.1  211.0   63.0  444.0
2021 133  5 13 0500  -47.9  973.0    3.1  202.0   63.0  444.0
2021 133  5 13 0600  -47.3  973.3    3.6  197.0   63.0  444.0
2021 133  5 13 0700  -47.5  973.4    2.5  172.0   63.0  444.0
2021 133  5 13 0800  -48.0  973.8    2.6  190.0   63.0  444.0
2021 133  5 13 0900  -48.8  974.1    3.1  198.0   62.6  444.0
2021 133  5 13 1000  -47.3  974.1    3.1  197.0   63.3  444.0
2021 133  5 13 1100  -47.2  974.4    3.0  195.0   63.0  444.0
2021 133  5 13 1200  -47.0  974.9    2.5  186.0   63.0  444.0
2021 133  5 13 1300  -47.7  975.1    3.0  199.0   63.0  444.0
2021 133  5 13 1400  -46.6  975.4    2.7  182.0   63.5  444.0
2021 133  5 13 1500  -46.9  975.9    2.6  185.0   63.2  444.0
2021 133  5 13 1600  -46.7  976.1    2.6  196.0   64.0  444.0
2021 133  5 13 1700  -46.1  976.3    3.0  182.0   64.0  444.0
2021 133  5 13 1800  -45.4  976.3    2.5  191.0   64.0  444.0
2021 133  5 13 1900  -45.5  976.2    2.7  194.0   64.2  444.0
2021 133  5 13 2000  -45.8  976.1    2.6  200.0   63.9  444.0
2021 133  5 13 2100  -44.5  975.9    3.0  187.0   65.0  444.0
2021 133  5 13 2200  -44.2  975.7    2.7  194.0   64.8  444.0
2021 133  5 13 2300  -43.1  975.6    3.2  203.0   65.0  444.0
2021 134  5 14 0000  -42.5  975.6    3.5  195.0   66.0  444.0
2021 134  5 14 0100  -42.6  975.5    2.9  191.0   65.6  444.0
2021 134  5 14 0200  -42.8  975.5    2.9  170.0   65.0  444.0
2021 134  5 14 0300  -41.9  975.8    3.0  160.0   66.0  444.0
2021 134  5 14 0400  -41.5  975.8    3.1  164.0   66.0  444.0
2021 134  5 14 0500  -41.1  975.5    3.3  166.0   66.0  444.0
2021 134  5 14 0600  -40.1  975.5    3.7  168.0   67.0  444.0
2021 134  5 14 0700  -40.3  975.4    3.2  148.0   67.0  444.0
2021 134  5 14 0800  -40.8  975.1    2.9  176.0   67.0  444.0
2021 134  5 14 0900  -39.9  975.1    3.1  173.0   66.9  444.0
2021 134  5 14 1000  -40.3  975.2    2.7  179.0   67.0  444.0
2021 134  5 14 1100  -42.6  975.2    2.8  200.0   66.0  444.0
2021 134  5 14 1200  -42.4  974.8    3.1  193.0   66.0  444.0
2021 134  5 14 1300  -41.9  974.7    3.5  193.0   66.1  444.0
2021 134  5 14 1400  -42.4  974.5    2.5  207.0   66.0  444.0
2021 134  5 14 1500  -42.6  974.2    2.6  215.0   66.0  444.0
2021 134  5 14 1600  -41.7  974.1    3.7  213.0   66.0  444.0
2021 134  5 14 1700  -39.1  973.6    3.5  210.0   68.0  444.0
2021 134  5 14 1800  -41.1  973.1    2.9  223.0   66.1  444.0
2021 134  5 14 1900  -39.6  972.7    3.9  216.0   67.0  444.0
2021 134  5 14 2000  -39.0  972.4    3.7  208.0   68.0  444.0
2021 134  5 14 2100  -38.5  972.8    3.3  185.0   67.0  444.0
2021 134  5 14 2200  -38.5  973.2    4.6  177.0   68.0  444.0
2021 134  5 14 2300  -41.5  973.5    2.9  172.0   66.2  444.0
2021 135  5 15 0000  -43.6  973.5    1.6  192.0   65.0  444.0
2021 135  5 15 0100  -44.1  973.7    3.2  154.0   65.0  444.0
2021 135  5 15 0200  -47.1  974.6    5.1  138.0   63.8  444.0
2021 135  5 15 0300  -48.9  975.1    4.7  141.0   63.0  444.0
2021 135  5 15 0400  -50.5  976.0    4.9  136.0   62.0  444.0
2021 135  5 15 0500  -51.5  976.9    4.2  139.0   62.0  444.0
2021 135  5 15 0600  -51.3  977.5    3.8  136.0   62.0  444.0
2021 135  5 15 0700  -50.7  978.6    2.9  147.0   62.0  444.0
2021 135  5 15 0800  -50.0  978.9    3.2  143.0   62.0  444.0
2021 135  5 15 0900  -49.6  979.8    3.0  141.0   63.0  444.0
2021 135  5 15 1000  -49.2  980.7    2.8  114.0   63.0  444.0
2021 135  5 15 1100  -48.7  981.0    1.7  116.0   63.0  444.0
2021 135  5 15 1200  -48.8  981.8    0.9  134.0   63.0  444.0
2021 135  5 15 1300  -48.8  982.4    1.2  172.0   63.0  444.0
2021 135  5 15 1400  -49.0  983.0    0.2  214.0   63.0  444.0
2021 135  5 15 1500  -49.6  983.8    1.6  200.0   62.0  444.0
2021 135  5 15 1600  -50.5  984.2    1.6  232.0   62.0  444.0
2021 135  5 15 1700  -50.8  984.7    1.2  229.0   62.0  444.0
2021 135  5 15 1800  -50.4  985.7    0.8  235.0   62.0  444.0
2021 135  5 15 1900  -51.0  986.7    1.3  332.0   61.0  444.0
2021 135  5 15 2000  -51.6  987.2    1.8  322.0   61.0  444.0
2021 135  5 15 2100  -52.0  988.3    1.5  311.0   61.0  444.0
2021 135  5 15 2200  -51.5  989.4    1.4  288.0   61.0  444.0
2021 135  5 15 2300  -51.7  990.5    1.5  316.0   61.3  444.0
2021 136  5 16 0000  -51.4  990.9    1.8  300.0   61.0  444.0
2021 136  5 16 0100  -51.7  991.9    1.8  305.0   61.0  444.0
2021 136  5 16 0200  -51.8  992.5    1.8  303.0   61.0  444.0
2021 136  5 16 0300  -51.8  993.2    1.8  322.0   61.0  444.0
2021 136  5 16 0400  -51.4  993.7    2.1  285.0   61.5  444.0
2021 136  5 16 0500  -51.4  994.7    1.0  286.0   62.0  444.0
2021 136  5 16 0600  -51.6  995.7    1.3  321.0   61.0  444.0
2021 136  5 16 0700  -52.2  996.7    1.3  186.0   61.0  444.0
2021 136  5 16 0800  -50.7  997.4    3.3  152.0   62.0  444.0
2021 136  5 16 0900  -50.3  998.4    3.3  135.0   62.0  444.0
2021 136  5 16 1000  -50.9  999.1    2.7  149.0   62.0  444.0
2021 136  5 16 1100  -51.4 1000.3    2.8  150.0   62.0  444.0
2021 136  5 16 1200  -52.0 1000.8    2.4  147.0   61.0  444.0
2021 136  5 16 1300  -52.0 1001.1    3.3  140.0   61.2  444.0
2021 136  5 16 1400  -51.9 1001.1    3.5  128.0   61.0  444.0
2021 136  5 16 1500  -52.4 1001.1    2.6  166.0   61.0  444.0
2021 136  5 16 1600  -51.8 1001.5    2.7  148.0   61.0  444.0
2021 136  5 16 1700  -51.8 1001.2    2.3  174.0   61.0  444.0
2021 136  5 16 1800  -52.5 1000.6    2.0  196.0   60.7  444.0
2021 136  5 16 1900  -52.4  999.8    1.3  197.0   61.0  444.0
2021 136  5 16 2000  -52.1  998.8    1.7  207.0   61.0  444.0
2021 136  5 16 2100  -51.2  997.5    1.0  246.0   61.2  444.0
2021 136  5 16 2200  -49.8  996.0    2.0  250.0   62.0  444.0
2021 136  5 16 2300  -49.3  994.5    1.6  293.0   62.0  444.0
2021 137  5 17 0000  -49.0  993.1    3.1  252.0   63.0  444.0
2021 137  5 17 0100  -48.4  991.2    1.6  276.0   63.0  444.0
2021 137  5 17 0200  -48.5  989.5    2.7  296.0   63.0  444.0
2021 137  5 17 0300  -48.8  987.6    2.7  297.0   63.0  444.0
2021 137  5 17 0400  -48.3  985.8    2.2  316.0   63.0  444.0
2021 137  5 17 0500  -47.7  983.7    4.4  317.0   63.0  444.0
2021 137  5 17 0600  -45.7  982.2    5.2  307.0   64.0  444.0
2021 137  5 17 0700  -45.2  980.7    5.0  310.0   64.0  444.0
2021 137  5 17 0800  -44.0  980.2    4.7  305.0   65.0  444.0
2021 137  5 17 0900  -42.7  979.6    4.6  294.0   65.0  444.0
2021 137  5 17 1000  -39.4  979.5    5.7  280.0   67.0  444.0
2021 137  5 17 1100  -36.9  979.1    6.3  275.0   69.0  444.0
2021 137  5 17 1200  -34.9  978.4    8.0  281.0   70.0  444.0
2021 137  5 17 1300  -33.9  977.9    8.1  286.0   71.0  444.0
2021 137  5 17 1400  -34.9  978.9    7.2  279.0   70.0  444.0
2021 137  5 17 1500  -34.0  978.7    7.0  265.0   70.0  444.0
2021 137  5 17 1600  -34.9  979.1    6.4  212.0   70.2  444.0
2021 137  5 17 1700  -33.5  978.9    5.0  253.0   71.0  444.0
2021 137  5 17 1800  -33.1  979.4    4.1  209.0   71.0  444.0
2021 137  5 17 1900  -35.0  979.5    5.5  156.0   70.0  444.0
2021 137  5 17 2000  -36.7  980.8    5.7  164.0   69.0  444.0
2021 137  5 17 2100  -38.6  981.1    3.5  164.0   68.0  444.0
2021 137  5 17 2200  -39.3  980.8    3.9  171.0   68.0  444.0
2021 137  5 17 2300  -39.5  980.6    2.3  152.0   68.0  444.0
2021 138  5 18 0000  -42.2  981.8    3.6   80.0   66.0  444.0
2021 138  5 18 0100  -43.6  982.9    5.0  104.0   66.0  444.0
2021 138  5 18 0200  -45.0  983.6    5.7  107.0   65.0  444.0
2021 138  5 18 0300  -46.9  984.1    6.0  131.0   64.0  444.0
2021 138  5 18 0400  -46.2  985.2    6.2   65.0   64.0  444.0
2021 138  5 18 0500  -46.1  986.1    6.4   65.0   64.0  444.0
2021 138  5 18 0600  -46.1  987.0    6.0   83.0   64.0  444.0
2021 138  5 18 0700  -46.5  987.6    5.2   75.0   64.0  444.0
2021 138  5 18 0800  -47.6  987.9    4.3   75.0   64.0  444.0
2021 138  5 18 0900  -47.8  987.9    3.8   76.0   63.6  444.0
2021 138  5 18 1000  -47.5  988.6    4.1  122.0   64.0  444.0
2021 138  5 18 1100  -48.6  988.9    3.3   97.0   63.0  444.0
2021 138  5 18 1200  -47.0  989.3    3.1   70.0   64.0  444.0
2021 138  5 18 1300  -45.5  989.9    3.9  139.0   65.0  444.0
2021 138  5 18 1400  -44.3  989.9    3.5  124.0   65.0  444.0
2021 138  5 18 1500  -43.8  990.2    4.1   87.0   66.0  444.0
2021 138  5 18 1600  -44.5  990.4    3.9   79.0   65.0  444.0
2021 138  5 18 1700  -43.2  990.4    3.6   90.0   66.0  444.0
2021 138  5 18 1800  -43.6  990.6    3.0  115.0   65.0  444.0
2021 138  5 18 1900  -44.5  990.6    3.7   82.0   64.9  444.0
2021 138  5 18 2000  -46.8  990.8    2.5   86.0   63.7  444.0
2021 138  5 18 2100  -47.8  990.8    2.8   77.0   63.0  444.0
2021 138  5 18 2200  -48.5  991.1    2.9   52.0   63.0  444.0
2021 138  5 18 2300  -49.2  991.3    3.3   75.0   63.0  444.0
2021 139  5 19 0000  -49.9  991.8    2.5  100.0   62.0  444.0
2021 139  5 19 0100  -50.5  991.9    2.3  108.0   62.0  444.0
2021 139  5 19 0200  -51.0  991.4    2.2   63.0   62.0  444.0
2021 139  5 19 0300  -50.9  991.2    0.4   37.0   61.8  444.0
2021 139  5 19 0400  -52.1  991.7    1.7  164.0   61.0  444.0
2021 139  5 19 0500  -52.3  991.7    1.8   55.0   61.0  444.0
2021 139  5 19 0600  -52.7  991.7    1.2   81.0   61.0  444.0
2021 139  5 19 0700  -52.2  990.6    2.4  102.0   61.0  444.0
2021 139  5 19 0800  -52.2  990.5    2.7  134.0   61.1  444.0
2021 139  5 19 0900  -52.4  990.3    2.9   35.0   61.0  444.0
2021 139  5 19 1000  -52.5  990.3    2.5  170.0   61.0  444.0
2021 139  5 19 1100  -52.0  990.1    1.6  110.0   61.0  444.0
2021 139  5 19 1200  -52.9  989.4    1.5   63.0   61.0  444.0
2021 139  5 19 1300  -52.9  989.0    2.5   25.0   60.7  444.0
2021 139  5 19 1400  -53.2  988.8    2.9   37.0   61.0  444.0
2021 139  5 19 1500  -53.3  988.8    1.6   51.0   61.0  444.0
2021 139  5 19 1600  -53.8  988.7    1.2  136.0   60.0  444.0
2021 139  5 19 1700  -53.6  988.4    1.9  107.0   60.0  444.0
2021 139  5 19 1800  -53.8  988.6    1.6   93.0   60.0  444.0
2021 139  5 19 1900  -54.0  988.6    2.4   52.0   60.0  444.0
2021 139  5 19 2000  -54.3  988.8    2.6   51.0   60.0  444.0
2021 139  5 19 2100  -54.7  989.5    2.2  136.0   60.0  444.0
2021 139  5 19 2200  -54.8  989.8    2.0  120.0   59.8  444.0
2021 139  5 19 2300  -54.9  989.9    2.5  114.0   59.8  444.0
2021 140  5 20 0000  -54.6  989.7    2.9  110.0   60.0  444.0
2021 140  5 20 0100  -54.5  990.0    2.5  155.0   59.9  444.0
2021 140  5 20 0200  -54.6  989.6    2.5  150.0   60.0  444.0
2021 140  5 20 0300  -54.5  989.4    3.0  146.0   60.0  444.0
2021 140  5 20 0400  -53.4  989.5    3.4  134.0   60.0  444.0
2021 140  5 20 0500  -52.9  989.2    3.4  137.0   61.0  444.0
2021 140  5 20 0600  -52.2  989.4    3.6  137.0   61.0  444.0
2021 140  5 20 0700  -52.2  988.8    2.5  156.0   61.0  444.0
2021 140  5 20 0800  -48.3  988.6    3.3  154.0   63.0  444.0
2021 140  5 20 0900  -47.8  988.2    3.8  156.0   63.0  444.0
2021 140  5 20 1000  -48.8  987.7    3.2  172.0   62.0  444.0
2021 140  5 20 1100  -49.0  987.0    3.2  189.0   62.2  444.0
2021 140  5 20 1200  -48.3  985.9    4.1  204.0   62.6  444.0
2021 140  5 20 1300  -48.1  985.2    3.6  191.0   63.0  444.0
2021 140  5 20 1400  -48.2  984.2    3.2  200.0   63.0  444.0
2021 140  5 20 1500  -47.4  983.1    3.2  193.0   63.0  444.0
2021 140  5 20 1600  -46.7  982.0    3.3  204.0   64.0  444.0
2021 140  5 20 1700  -45.8  981.0    3.6  211.0   64.0  444.0
2021 140  5 20 1800  -44.5  979.8    4.8  209.0   65.0  444.0
2021 140  5 20 1900  -44.5  979.1    4.2  211.0   65.0  444.0
2021 140  5 20 2000  -45.3  977.8    3.6  222.0   64.0  444.0
2021 140  5 20 2100  -44.3  976.6    3.5  213.0   65.0  444.0
2021 140  5 20 2200  -43.8  975.1    4.2  230.0   65.0  444.0
2021 140  5 20 2300  -43.8  973.9    4.4  243.0   65.0  444.0
2021 141  5 21 0000  -42.6  972.4    5.2  251.0   66.0  444.0
2021 141  5 21 0100  -42.1  971.4    5.4  254.0   66.0  444.0
2021 141  5 21 0200  -41.1  970.0    6.9  257.0   66.0  444.0
2021 141  5 21 0300  -39.8  969.3    6.7  262.0   67.0  444.0
2021 141  5 21 0400  -38.7  968.0    7.5  263.0   67.8  444.0
2021 141  5 21 0500  -38.4  967.2    9.7  268.0   67.9  444.0
2021 141  5 21 0600  -37.5  966.7    9.1  270.0   68.0  444.0
2021 141  5 21 0700  -37.4  966.2    8.6  273.0   69.0  444.0
2021 141  5 21 0800  -37.1  965.8    8.8  287.0   69.0  444.0
2021 141  5 21 0900  -36.4  966.6    8.1  284.0   69.2  444.0
2021 141  5 21 1000  -35.3  966.2    9.8  295.0   69.8  444.0
2021 141  5 21 1100  -35.1  967.2    9.4  292.0   70.0  444.0
2021 141  5 21 1200  -33.7  967.8   10.4  297.0   71.0  444.0
2021 141  5 21 1300  -33.0  969.1    9.6  292.0   71.0  444.0
2021 141  5 21 1400  -33.6  970.5    9.8  313.0   71.0  444.0
2021 141  5 21 1500  -34.6  971.8    9.1  320.0   70.6  444.0
2021 141  5 21 1600  -35.0  973.8    8.9  327.0   70.0  444.0
2021 141  5 21 1700  -37.1  975.3    9.1  325.0   69.0  444.0
2021 141  5 21 1800  -37.2  976.9    9.2  324.0   69.0  444.0
2021 141  5 21 1900  -37.8  978.8    9.9  326.0   69.0  444.0
2021 141  5 21 2000  -37.4  980.4    9.9  328.0   69.0  444.0
2021 141  5 21 2100  -36.7  981.8    9.2  326.0   69.0  444.0
2021 141  5 21 2200  -38.4  984.5    8.4  347.0   68.0  444.0
2021 141  5 21 2300  -40.1  986.7    6.2  345.0   67.0  444.0
2021 142  5 22 0000  -42.1  988.1    5.9    6.0   66.0  444.0
2021 142  5 22 0100  -42.6  989.6    5.1   13.0   66.0  444.0
2021 142  5 22 0200  -44.0  991.2    3.3   50.0   65.5  444.0
2021 142  5 22 0300  -44.9  992.5    2.9   84.0   65.0  444.0
2021 142  5 22 0400  -45.3  993.7    5.1  113.0   65.0  444.0
2021 142  5 22 0500  -45.6  994.9    3.9  112.0   64.7  444.0
2021 142  5 22 0600  -45.8  995.5    3.9  131.0   64.0  444.0
2021 142  5 22 0700  -45.5  995.8    6.2  152.0   65.0  444.0
2021 142  5 22 0800  -43.6  995.8    6.6  154.0   65.7  444.0
2021 142  5 22 0900  -43.5  995.9    6.5  154.0   66.0  444.0
2021 142  5 22 1000  -43.2  996.0    6.2  156.0   66.0  444.0
2021 142  5 22 1100  -42.2  995.6    7.3  151.0   66.0  444.0
2021 142  5 22 1200  -41.6  994.9    7.2  161.0   67.0  444.0
2021 142  5 22 1300  -40.9  994.6    7.5  161.0   66.9  444.0
2021 142  5 22 1400  -39.2  994.2    7.5  167.0   68.0  444.0
2021 142  5 22 1500  -38.3  993.8    7.9  156.0   68.0  444.0
2021 142  5 22 1600  -37.4  993.3    9.3  156.0   69.0  444.0
2021 142  5 22 1700  -37.8  992.7    7.3  166.0   69.0  444.0
2021 142  5 22 1800  -38.0  992.1    6.4  170.0   68.5  444.0
2021 142  5 22 1900  -37.2  991.5    7.5  175.0   69.0  444.0
2021 142  5 22 2000  -35.9  990.7    8.4  170.0   70.0  444.0
2021 142  5 22 2100  -34.6  990.2    8.2  163.0   70.0  444.0
2021 142  5 22 2200  -33.7  989.3    8.5  165.0   71.0  444.0
2021 142  5 22 2300  -33.0  988.6    9.6  165.0   72.0  444.0
2021 143  5 23 0000  -32.5  988.1    9.7  164.0   72.0  444.0
2021 143  5 23 0100  -32.3  987.4    7.9  164.0   72.0  444.0
2021 143  5 23 0200  -32.2  986.6    9.2  161.0   72.0  444.0
2021 143  5 23 0300  -32.4  986.2    8.1  154.0   72.0  444.0
2021 143  5 23 0400  -31.6  985.1    9.3  160.0   73.0  444.0
2021 143  5 23 0500  -31.3  984.6    7.1  166.0   73.0  444.0
2021 143  5 23 0600  -31.5  984.1    7.8  161.0   72.7  444.0
2021 143  5 23 0700  -30.5  983.2    8.5  160.0   73.0  444.0
2021 143  5 23 0800  -27.4  982.4   11.5  152.0   76.0  444.0
2021 143  5 23 0900  -26.2  981.7   10.4  162.0   77.0  444.0
2021 143  5 23 1000  -25.6  981.3    8.6  161.0   77.0  444.0
2021 143  5 23 1100  -25.1  980.6   10.7  162.0   78.0  444.0
2021 143  5 23 1200  -24.8  979.8   11.1  156.0   78.0  444.0
2021 143  5 23 1300  -24.2  978.8   10.4  164.0   79.0  444.0
2021 143  5 23 1400  -23.6  978.7    9.0  144.0   79.0  444.0
2021 143  5 23 1500  -23.8  977.9    8.4  157.0   79.0  444.0
2021 143  5 23 1600  -23.1  977.5    9.4  152.0   80.0  444.0
2021 143  5 23 1700  -22.7  977.2   10.0  151.0   80.0  444.0
2021 143  5 23 1800  -22.3  976.5    9.5  157.0   81.0  444.0
2021 143  5 23 1900  -21.5  975.7   10.2  152.0   82.0  444.0
2021 143  5 23 2000  -21.1  975.2    8.8  149.0   82.0  444.0
2021 143  5 23 2100  -20.5  974.6    9.5  145.0   83.0  444.0
2021 143  5 23 2200  -20.1  974.0   11.0  140.0   83.0  444.0
2021 143  5 23 2300  -19.5  973.4   12.4  143.0   84.0  444.0
2021 144  5 24 0000  -18.8  973.1   10.6  149.0   84.0  444.0
2021 144  5 24 0100  -20.1  972.4    9.4  144.0   83.1  444.0
2021 144  5 24 0200  -19.8  972.0    9.3  144.0   83.0  444.0
2021 144  5 24 0300  -18.5  971.6    8.9  138.0   85.0  444.0
2021 144  5 24 0400  -17.7  971.5    8.8  129.0   86.0  444.0
2021 144  5 24 0500  -17.4  971.9    8.5  136.0   86.0  444.0
2021 144  5 24 0600  -17.1  971.8    8.5  134.0   86.4  444.0
2021 144  5 24 0700  -17.0  971.9    9.3  137.0   87.0  444.0
2021 144  5 24 0800  -16.6  972.0    9.5  135.0   87.0  444.0
2021 144  5 24 0900  -16.4  972.1    9.8  134.0   87.0  444.0
2021 144  5 24 1000  -16.3  972.3   10.6  133.0   87.0  444.0
2021 144  5 24 1100  -17.5  973.0    9.7  131.0   86.0  444.0
2021 144  5 24 1200  -19.1  973.4   10.0  135.0   85.0  444.0
2021 144  5 24 1300  -19.9  974.3    9.2  138.0   84.0  444.0
2021 144  5 24 1400  -20.5  974.8    8.6  139.0   83.0  444.0
2021 144  5 24 1500  -21.8  975.6    8.0  135.0   82.0  444.0
2021 144  5 24 1600  -23.0  976.2    7.4  139.0   81.0  444.0
2021 144  5 24 1700  -23.5  976.9    7.7  136.0   81.0  444.0
2021 144  5 24 1800  -24.1  977.5    8.2  134.0   80.0  444.0
2021 144  5 24 1900  -23.0  978.1    8.3  127.0   81.0  444.0
2021 144  5 24 2000  -21.8  978.9    7.5  113.0   82.0  444.0
2021 144  5 24 2100  -20.3  979.6    7.5  114.0   83.0  444.0
2021 144  5 24 2200  -19.9  980.9    6.9  122.0   83.9  444.0
2021 144  5 24 2300  -19.4  981.7    6.2  137.0   84.0  444.0
2021 145  5 25 0000  -19.2  982.2    5.2  141.0   85.0  444.0
2021 145  5 25 0100  -18.7  982.4    6.1  141.0   85.0  444.0
2021 145  5 25 0200  -19.4  982.2    6.9  145.0   84.0  444.0
2021 145  5 25 0300  -19.4  982.5    7.0  140.0   84.0  444.0
2021 145  5 25 0400  -20.6  982.7    9.0  135.0   83.0  444.0
2021 145  5 25 0500  -21.1  983.0    7.4  140.0   83.0  444.0
2021 145  5 25 0600  -20.5  983.2    6.9  147.0   83.4  444.0
2021 145  5 25 0700  -20.8  983.1    6.0  151.0   83.0  444.0
2021 145  5 25 0800  -20.9  982.9    8.3  133.0   83.0  444.0
2021 145  5 25 0900  -23.4  983.2    8.1  128.0   81.0  444.0
2021 145  5 25 1000  -22.5  983.4    7.4  128.0   82.0  444.0
2021 145  5 25 1100  -21.0  983.7    5.2  139.0   82.9  444.0
2021 145  5 25 1200  -19.0  983.5    6.6  137.0   85.0  444.0
2021 145  5 25 1300  -18.4  983.8    5.9  142.0   85.0  444.0
2021 145  5 25 1400  -17.6  983.5    7.5  142.0   86.0  444.0
2021 145  5 25 1500  -17.4  983.2    6.0  149.0   86.0  444.0
2021 145  5 25 1600  -16.9  982.6    8.9  141.0   87.0  444.0
2021 145  5 25 1700  -16.9  982.5    9.6  146.0   86.9  444.0
2021 145  5 25 1800  -16.6  982.0   10.4  140.0   87.0  444.0
2021 145  5 25 1900  -16.7  981.7    8.9  151.0   87.0  444.0
2021 145  5 25 2000  -16.0  981.5   12.8  145.0   88.0  444.0
2021 145  5 25 2100  -16.3  981.0    9.9  149.0   88.0  444.0
2021 145  5 25 2200  -16.1  979.8   12.3  143.0   87.9  444.0
2021 145  5 25 2300  -16.1  979.3   12.0  139.0   88.0  444.0
2021 146  5 26 0000  -15.7  978.9   12.3  136.0   88.0  444.0
2021 146  5 26 0100  -15.5  979.0   11.4  138.0   89.0  444.0
2021 146  5 26 0200  -15.1  978.9    9.5  139.0   89.0  444.0
2021 146  5 26 0300  -14.7  978.7    6.5  128.0   89.0  444.0
2021 146  5 26 0400  -19.7  979.5    4.0  101.0   83.0  444.0
2021 146  5 26 0500  -21.3  980.5    4.4   98.0   82.0  444.0
2021 146  5 26 0600  -21.1  981.4    5.7   93.0   83.0  444.0
2021 146  5 26 0700  -22.7  982.5    4.9   94.0   81.0  444.0
2021 146  5 26 0800  -25.9  983.7    4.3   95.0   79.0  444.0
2021 146  5 26 0900  -28.4  984.9    2.9  100.0   76.9  444.0
2021 146  5 26 1000  -29.7  986.1    3.3   85.0   75.9  444.0
2021 146  5 26 1100  -30.3  987.3    2.4   96.0   75.0  444.0
2021 146  5 26 1200  -28.6  988.2    2.3  136.0   77.0  444.0
2021 146  5 26 1300  -26.6  989.2    3.4  125.0   78.0  444.0
2021 146  5 26 1400  -24.9  990.0    3.4  107.0   79.4  444.0
2021 146  5 26 1500  -25.2  990.8    3.7  116.0   79.3  444.0
2021 146  5 26 1600  -25.3  991.0    2.8  130.0   79.0  444.0
2021 146  5 26 1700  -25.2  991.5    2.7  145.0   79.0  444.0
2021 146  5 26 1800  -23.4  991.7    2.2  171.0   81.0  444.0
2021 146  5 26 1900  -19.8  991.9    3.8  150.0   84.6  444.0
2021 146  5 26 2000  -17.5  992.0    7.9  134.0   86.2  444.0
2021 146  5 26 2100  -15.7  992.1    9.5  138.0   88.0  444.0
2021 146  5 26 2200  -15.5  992.3   10.4  138.0   88.0  444.0
2021 146  5 26 2300  -15.2  992.4   11.1  139.0   89.0  444.0
2021 147  5 27 0000  -14.7  992.2   11.7  135.0   90.0  444.0
2021 147  5 27 0100  -14.4  992.2   11.5  133.0   90.1  444.0
2021 147  5 27 0200  -13.9  992.8   11.6  126.0   91.0  444.0
2021 147  5 27 0300  -13.8  992.8   10.7  125.0   91.0  444.0
2021 147  5 27 0400  -13.4  993.0   10.1  120.0   91.0  444.0
2021 147  5 27 0500  -13.3  993.1   10.3  125.0   92.0  444.0
2021 147  5 27 0600  -13.0  993.6    9.7  126.0   92.0  444.0
2021 147  5 27 0700  -12.8  993.8    9.1  124.0   92.0  444.0
2021 147  5 27 0800  -12.7  993.9    8.2  124.0   93.0  444.0
2021 147  5 27 0900  -12.2  994.5    6.9  116.0   93.0  444.0
2021 147  5 27 1000  -12.2  994.9    6.7  113.0   93.0  444.0
2021 147  5 27 1100  -12.3  995.0    5.4  118.0   93.0  444.0
2021 147  5 27 1200  -11.6  994.8    7.2  114.0   94.0  444.0
2021 147  5 27 1300  -12.2  994.9    6.7  106.0   93.0  444.0
2021 147  5 27 1400  -12.8  995.3    6.6   94.0   92.0  444.0
2021 147  5 27 1500  -13.4  995.7    5.2  107.0   92.0  444.0
2021 147  5 27 1600  -12.9  995.5    6.1  120.0   92.0  444.0
2021 147  5 27 1700  -12.3  995.4    5.2  120.0   93.0  444.0
2021 147  5 27 1800  -12.4  995.1    4.5  126.0   93.0  444.0
2021 147  5 27 1900  -13.1  994.8    4.5  133.0   92.0  444.0
2021 147  5 27 2000  -13.2  994.6    3.9  131.0   92.0  444.0
2021 147  5 27 2100  -12.9  994.2    4.3  128.0   92.0  444.0
2021 147  5 27 2200  -13.2  993.8    3.4  136.0   92.0  444.0
2021 147  5 27 2300  -13.3  993.3    3.8  141.0   92.0  444.0
2021 148  5 28 0000  -13.2  993.0    3.7  148.0   92.0  444.0
2021 148  5 28 0100  -13.5  992.5    4.1  137.0   91.0  444.0
2021 148  5 28 0200  -13.8  991.9    3.7  142.0   91.4  444.0
2021 148  5 28 0300  -13.7  991.4    4.0  142.0   91.0  444.0
2021 148  5 28 0400  -13.6  991.1    4.0  128.0   92.0  444.0
2021 148  5 28 0500  -14.3  990.9    3.6  116.0   90.0  444.0
2021 148  5 28 0600  -14.5  991.0    3.8  100.0   90.0  444.0
2021 148  5 28 0700  -15.1  990.9    4.0   89.0   89.0  444.0
2021 148  5 28 0800  -16.0  991.1    4.2   75.0   88.0  444.0
2021 148  5 28 0900  -15.9  991.7    4.3   72.0   89.0  444.0
2021 148  5 28 1000  -17.8  991.9    5.1   69.0   87.0  444.0
2021 148  5 28 1100  -18.3  992.4    5.3   63.0   87.0  444.0
2021 148  5 28 1200  -16.0  993.0    4.6   58.0   89.0  444.0
2021 148  5 28 1300  -15.2  993.5    5.4   73.0   90.0  444.0
2021 148  5 28 1400  -14.3  994.1    6.1   70.0   91.0  444.0
2021 148  5 28 1500  -14.1  994.9    4.6   69.0   91.0  444.0
2021 148  5 28 1600  -14.5  995.5    4.4   88.0   90.0  444.0
2021 148  5 28 1700  -14.8  995.8    5.9   85.0   90.0  444.0
2021 148  5 28 1800  -17.5  996.4    5.6   90.0   87.0  444.0
2021 148  5 28 1900  -18.8  996.9    5.5   93.0   85.0  444.0
2021 148  5 28 2000  -18.6  997.5    5.5   92.0   86.0  444.0
2021 148  5 28 2100  -18.0  998.3    5.3   76.0   86.0  444.0
2021 148  5 28 2200  -18.1  998.6    5.1   98.0   86.0  444.0
2021 148  5 28 2300  -18.2  998.9    5.6   93.0   86.0  444.0
2021 149  5 29 0000  -18.1  999.2    5.3  103.0   86.2  444.0
2021 149  5 29 0100  -18.3  999.1    5.0  109.0   86.0  444.0
2021 149  5 29 0200  -18.0  999.3    5.5  112.0   86.0  444.0
2021 149  5 29 0300  -18.0  999.3    4.5  129.0   86.0  444.0
2021 149  5 29 0400  -18.2  999.1    3.6  142.0   86.0  444.0
2021 149  5 29 0500  -18.2  998.8    3.9  167.0   86.0  444.0
2021 149  5 29 0600  -17.7  998.2    4.0  170.0   86.7  444.0
2021 149  5 29 0700  -17.6  997.8    3.5  170.0   86.0  444.0
2021 149  5 29 0800  -17.7  997.1    4.4  169.0   86.0  444.0
2021 149  5 29 0900  -17.0  996.7    5.3  149.0   87.0  444.0
2021 149  5 29 1000  -15.9  996.3    5.9  142.0   89.0  444.0
2021 149  5 29 1100  -15.2  995.7    5.4  147.0   89.0  444.0
2021 149  5 29 1200  -15.0  995.3    6.4  148.0   89.0  444.0
2021 149  5 29 1300  -14.9  994.8    5.4  148.0   90.0  444.0
2021 149  5 29 1400  -14.9  993.9    4.5  164.0   90.0  444.0
2021 149  5 29 1500  -14.2  993.1    6.1  157.0   91.0  444.0
2021 149  5 29 1600  -14.1  992.3    5.8  165.0   91.0  444.0
2021 149  5 29 1700  -13.9  991.1    5.8  164.0   91.0  444.0
2021 149  5 29 1800  -14.1  990.7    5.7  150.0   90.0  444.0
2021 149  5 29 1900  -14.6  990.1    5.8  153.0   90.0  444.0
2021 149  5 29 2000  -14.3  989.3    6.2  153.0   90.0  444.0
2021 149  5 29 2100  -14.6  988.5    5.9  154.0   90.0  444.0
2021 149  5 29 2200  -14.5  988.0    6.1  145.0   90.0  444.0
2021 149  5 29 2300  -14.3  987.4    6.1  140.0   90.0  444.0
2021 150  5 30 0000  -14.6  986.6    5.8  146.0   90.0  444.0
2021 150  5 30 0100  -15.3  985.9    4.6  159.0   89.0  444.0
2021 150  5 30 0200  -16.7  985.5    3.3  167.0   87.0  444.0
2021 150  5 30 0300  -17.6  984.6    3.9  164.0   87.0  444.0
2021 150  5 30 0400  -17.5  984.1    3.4  176.0   87.0  444.0
2021 150  5 30 0500  -20.3  983.6    2.3  171.0   83.0  444.0
2021 150  5 30 0600  -21.2  983.1    2.2  167.0   83.0  444.0
2021 150  5 30 0700  -19.4  982.6    2.7  174.0   81.0  444.0
2021 150  5 30 0800  -20.0  982.1    1.9  180.0   83.0  444.0
2021 150  5 30 0900  -21.4  981.7    2.7  162.0   82.7  444.0
2021 150  5 30 1000  -19.4  981.4    3.3  161.0   85.0  444.0
2021 150  5 30 1100  -21.8  981.1    3.6  183.0   82.0  444.0
2021 150  5 30 1200  -22.8  980.9    3.0  160.0   81.0  444.0
2021 150  5 30 1300  -23.0  980.8    2.6  184.0   80.0  444.0
2021 150  5 30 1400  -23.6  980.4    3.6  134.0   80.0  444.0
2021 150  5 30 1500  -26.0  980.3    3.2  124.0   78.0  444.0
2021 150  5 30 1600  -28.2  980.3    3.3  131.0   76.0  444.0
2021 150  5 30 1700  -24.6  979.8    3.7  128.0   81.0  444.0
2021 150  5 30 1800  -21.8  979.8    3.8  152.0   83.0  444.0
2021 150  5 30 1900  -20.0  979.6    4.8  141.0   84.0  444.0
2021 150  5 30 2000  -19.4  979.3    4.3  150.0   85.0  444.0
2021 150  5 30 2100  -18.5  979.0    5.1  150.0   86.0  444.0
2021 150  5 30 2200  -17.1  978.9    5.1  130.0   87.3  444.0
2021 150  5 30 2300  -17.0  978.4    4.6  122.0   87.0  444.0
2021 151  5 31 0000  -16.7  978.1    5.9  127.0   87.0  444.0
2021 151  5 31 0100  -16.6  978.0    6.4  135.0   88.0  444.0
2021 151  5 31 0200  -16.8  977.5    6.7  137.0   87.0  444.0
2021 151  5 31 0300  -17.5  977.3    5.7  155.0   86.0  444.0
2021 151  5 31 0400  -18.8  976.8    6.1  154.0   85.0  444.0
2021 151  5 31 0500  -21.2  976.7    5.4  133.0   84.0  444.0
2021 151  5 31 0600  -22.6  976.5    3.4  148.0   82.0  444.0
2021 151  5 31 0700  -23.4  976.2    3.6  175.0   81.0  444.0
2021 151  5 31 0800  -24.2  975.9    3.7  183.0   80.0  444.0
2021 151  5 31 0900  -22.8  975.6    3.8  151.0   81.5  444.0
2021 151  5 31 1000  -25.8  974.9    3.1  179.0   78.0  444.0
2021 151  5 31 1100  -26.8  975.1    1.1  124.0   77.0  444.0
2021 151  5 31 1200  -27.7  975.0    0.4  215.0   76.0  444.0
2021 151  5 31 1300  -29.9  974.9    1.6  250.0   74.0  444.0
2021 151  5 31 1400  -28.1  974.8    1.6  182.0   76.7  444.0
2021 151  5 31 1500  -26.7  974.7    1.8  218.0   78.0  444.0
2021 151  5 31 1600  -26.9  975.0    0.1  183.0   78.0  444.0
2021 151  5 31 1700  -24.8  975.0    0.5  163.0   80.0  444.0
2021 151  5 31 1800  -23.7  975.3    1.6   58.0   81.0  444.0
2021 151  5 31 1900  -23.4  976.0    1.5  102.0   80.8  444.0
2021 151  5 31 2000  -23.0  976.8    2.0  116.0   81.2  444.0
2021 151  5 31 2100  -21.9  977.3    1.8   75.0   82.0  444.0
2021 151  5 31 2200  -22.0  978.4    1.4   84.0   82.0  444.0
2021 151  5 31 2300  -21.6  979.3    2.4  132.0   82.0  444.0
