Year: 2017  Month: 06  ID: LET  ARGOS:  8928  Name: Lettau              
Lat: 82.49S  Lon: 174.58W  Elev:   39m
2017 152  6  1 0000  -31.3  968.2    4.7  146.0   74.0  444.0
2017 152  6  1 0100  -32.0  968.0    3.3  151.0   72.0  444.0
2017 152  6  1 0200  -33.1  968.5    3.9  206.0   72.0  444.0
2017 152  6  1 0300  -33.5  968.6    3.3  194.0   71.4  444.0
2017 152  6  1 0400  -32.8  968.2    3.3  142.0   71.0  444.0
2017 152  6  1 0500  -33.5  968.4    3.8  156.0   71.0  444.0
2017 152  6  1 0600  -34.8  968.5    2.6  208.0   70.6  444.0
2017 152  6  1 0700  -34.2  969.3    2.3  185.0   71.0  444.0
2017 152  6  1 0800  -34.1  970.3    3.9  157.0   72.0  444.0
2017 152  6  1 0900  -35.1  970.6    4.4  192.0   71.0  444.0
2017 152  6  1 1000  -33.8  970.9    4.4  204.0   73.0  444.0
2017 152  6  1 1100  -30.0  971.5    8.4  130.0   75.0  444.0
2017 152  6  1 1200  -32.6  972.7    5.8  130.0   73.5  444.0
2017 152  6  1 1300  -32.9  973.1    2.3  189.0   73.0  444.0
2017 152  6  1 1400  -30.3  973.2    4.2  169.0   75.0  444.0
2017 152  6  1 1500  -30.9  974.7    8.6  107.0   75.0  444.0
2017 152  6  1 1600  -31.2  976.0    7.1   99.0   75.0  444.0
2017 152  6  1 1700  -27.5  977.5    8.1   96.0   77.0  444.0
2017 152  6  1 1800  -23.5  979.4    8.1   96.0   80.0  444.0
2017 152  6  1 1900  -23.6  980.6    6.5  114.0   80.0  444.0
2017 152  6  1 2000  -22.9  981.4    6.8  119.0   80.0  444.0
2017 152  6  1 2100  -24.8  982.1    4.5  118.0   79.0  444.0
2017 152  6  1 2200  -24.8  982.8    4.2  146.0   80.0  444.0
2017 152  6  1 2300  -24.5  983.2    3.7  156.0   79.0  444.0
2017 153  6  2 0000  -24.4  983.3    2.8  156.0   79.3  444.0
2017 153  6  2 0100  -24.2  983.0    2.2  180.0   80.0  444.0
2017 153  6  2 0200  -24.2  982.9    2.2  207.0   80.0  444.0
2017 153  6  2 0300  -24.4  982.6    2.9  221.0   79.0  444.0
2017 153  6  2 0400  -23.6  982.2    3.5  208.0   80.0  444.0
2017 153  6  2 0500  -26.1  981.8    4.2  191.0   78.1  444.0
2017 153  6  2 0600  -27.0  981.4    3.7  185.0   77.6  444.0
2017 153  6  2 0700  -26.2  980.9    4.7  182.0   77.0  444.0
2017 153  6  2 0800  -28.9  980.7    4.4  192.0   76.0  444.0
2017 153  6  2 0900  -28.4  980.2    5.7  188.0   76.0  444.0
2017 153  6  2 1000  -29.3  979.6    4.7  190.0   75.6  444.0
2017 153  6  2 1100  -28.9  978.6    5.0  196.0   76.2  444.0
2017 153  6  2 1200  -28.3  978.0    5.0  193.0   76.0  444.0
2017 153  6  2 1300  -26.0  977.2    6.7  183.0   78.0  444.0
2017 153  6  2 1400  -25.3  976.7    5.5  184.0   79.0  444.0
2017 153  6  2 1500  -26.6  975.9    5.9  210.0   77.0  444.0
2017 153  6  2 1600  -27.8  974.9    5.2  219.0   76.4  444.0
2017 153  6  2 1700  -25.2  973.8    6.8  216.0   77.0  444.0
2017 153  6  2 1800  -26.0  973.1    7.2  210.0   73.0  444.0
2017 153  6  2 1900  -25.8  972.3    6.5  210.0   72.0  444.0
2017 153  6  2 2000  -25.0  971.6    7.4  208.0   70.9  444.0
2017 153  6  2 2100  -23.3  970.0    8.1  213.0   70.0  444.0
2017 153  6  2 2200  -19.2  969.1   10.6  196.0   77.5  444.0
2017 153  6  2 2300  -16.2  967.9   10.1  193.0   86.0  444.0
2017 154  6  3 0000  -15.2  967.1    9.6  172.0   87.0  444.0
2017 154  6  3 0100  -18.4  967.2    8.3  144.0   83.3  444.0
2017 154  6  3 0200  -21.8  967.4    8.6  143.0   81.0  444.0
2017 154  6  3 0300  -25.3  967.9    8.7  125.0   78.3  444.0
2017 154  6  3 0400  -28.4  969.1    5.7  127.0   76.0  444.0
2017 154  6  3 0500  -30.4  969.5    4.7  145.0   75.0  444.0
2017 154  6  3 0600  -30.6  969.9    4.5  130.0   75.0  444.0
2017 154  6  3 0700  -32.2  970.1    2.0  150.0   74.0  444.0
2017 154  6  3 0800  -32.1  970.0    0.8  272.0   73.8  444.0
2017 154  6  3 0900  -31.9  970.0    2.1  222.0   74.0  444.0
2017 154  6  3 1000  -31.7  969.9    3.1  212.0   74.0  444.0
2017 154  6  3 1100  -31.3  970.0    3.1  192.0   74.0  444.0
2017 154  6  3 1200  -29.2  970.3    2.7  188.0   75.0  444.0
2017 154  6  3 1300  -27.6  970.4    3.0  172.0   76.9  444.0
2017 154  6  3 1400  -27.3  970.7    3.4  155.0   77.0  444.0
2017 154  6  3 1500  -27.7  970.8    3.4  118.0   76.4  444.0
2017 154  6  3 1600  -29.5  971.1    2.9  174.0   75.0  444.0
2017 154  6  3 1700  -30.9  971.3    3.3  182.0   74.0  444.0
2017 154  6  3 1800  -31.5  971.7    2.6  182.0   73.8  444.0
2017 154  6  3 1900  -32.4  971.8    3.4  190.0   73.0  444.0
2017 154  6  3 2000  -32.2  971.5    4.1  196.0   73.9  444.0
2017 154  6  3 2100  -30.9  971.3    5.0  192.0   75.0  444.0
2017 154  6  3 2200  -27.2  970.9    4.0  211.0   78.0  444.0
2017 154  6  3 2300  -24.4  970.6    4.8  193.0   79.0  444.0
2017 155  6  4 0000  -21.2  970.3    6.4  175.0   82.0  444.0
2017 155  6  4 0100  -21.6  970.0    6.0  170.0   81.1  444.0
2017 155  6  4 0200  -20.7  969.8    7.1  166.0   82.0  444.0
2017 155  6  4 0300  -22.3  969.8    5.6  169.0   80.9  444.0
2017 155  6  4 0400  -19.9  969.4    8.0  150.0   83.0  444.0
2017 155  6  4 0500  -19.5  969.5    7.9  165.0   83.0  444.0
2017 155  6  4 0600  -19.0  969.4    7.5  158.0   83.8  444.0
2017 155  6  4 0700  -18.8  968.5    8.2  165.0   84.0  444.0
2017 155  6  4 0800  -17.8  967.5    9.4  154.0   85.0  444.0
2017 155  6  4 0900  -17.5  967.1    8.7  159.0   85.0  444.0
2017 155  6  4 1000  -21.9  967.0    7.3  146.0   81.0  444.0
2017 155  6  4 1100  -26.8  968.0   10.6  125.0   77.3  444.0
2017 155  6  4 1200  -30.4  969.0   12.4  132.0   75.0  444.0
2017 155  6  4 1300  -31.6  970.4   11.1  128.0   74.6  444.0
2017 155  6  4 1400  -30.0  971.6   10.6  126.0   76.0  444.0
2017 155  6  4 1500  -29.9  972.1    7.4  112.0   76.0  444.0
2017 155  6  4 1600  -31.1  972.5    5.0  124.0   74.5  444.0
2017 155  6  4 1700  -32.3  972.7    3.4  141.0   74.0  444.0
2017 155  6  4 1800  -30.1  972.9    3.1  157.0   74.7  444.0
2017 155  6  4 1900  -28.8  972.6    4.1  157.0   76.0  444.0
2017 155  6  4 2000  -24.4  972.4    7.9  139.0   79.0  444.0
2017 155  6  4 2100  -25.5  972.5    4.2  158.0   78.3  444.0
2017 155  6  4 2200  -24.0  972.4    5.6  164.0   79.0  444.0
2017 155  6  4 2300  -24.5  972.4    6.2  161.0   79.7  444.0
2017 156  6  5 0000  -24.3  972.4    7.8  148.0   79.0  444.0
2017 156  6  5 0100  -24.3  972.0    8.9  134.0   79.0  444.0
2017 156  6  5 0200  -24.8  972.5    8.1  138.0   79.0  444.0
2017 156  6  5 0300  -25.5  972.5    7.7  132.0   78.0  444.0
2017 156  6  5 0400  -26.1  972.6    7.4  130.0   78.0  444.0
2017 156  6  5 0500  -26.8  973.8    6.0  158.0   77.4  444.0
2017 156  6  5 0600  -27.6  973.7    6.0  139.0   77.0  444.0
2017 156  6  5 0700  -27.6  973.8    7.2  127.0   77.0  444.0
2017 156  6  5 0800  -28.3  974.4    5.2  138.0   77.0  444.0
2017 156  6  5 0900  -27.4  974.6    4.9  160.0   77.3  444.0
2017 156  6  5 1000  -28.3  975.0    4.8  151.0   75.8  444.0
2017 156  6  5 1100  -29.1  975.1    4.6  153.0   75.3  444.0
2017 156  6  5 1200  -27.7  975.2    6.1  140.0   77.0  444.0
2017 156  6  5 1300  -29.2  975.8    5.4  151.0   76.0  444.0
2017 156  6  5 1400  -30.2  976.3    7.4  126.0   74.6  444.0
2017 156  6  5 1500  -31.8  977.1    6.8  133.0   74.0  444.0
2017 156  6  5 1600  -33.5  977.7    5.9  121.0   72.7  444.0
2017 156  6  5 1700  -35.0  978.4    4.2  144.0   72.0  444.0
2017 156  6  5 1800  -35.0  978.4    4.9  143.0   72.0  444.0
2017 156  6  5 1900  -35.3  978.8    3.0  157.0   71.5  444.0
2017 156  6  5 2000  -35.9  978.4    3.9  183.0   71.0  444.0
2017 156  6  5 2100  -36.2  978.7    3.8  204.0   70.8  444.0
2017 156  6  5 2200  -36.1  978.5    4.1  220.0   71.0  444.0
2017 156  6  5 2300  -34.6  978.1    4.2  203.0   72.0  444.0
2017 157  6  6 0000  -33.8  978.1    4.5  199.0   72.4  444.0
2017 157  6  6 0100  -33.5  977.6    4.5  194.0   73.0  444.0
2017 157  6  6 0200  -32.8  977.7    5.2  198.0   73.1  444.0
2017 157  6  6 0300  -32.9  977.6    4.5  200.0   73.0  444.0
2017 157  6  6 0400  -31.7  977.3    4.9  162.0   73.0  444.0
2017 157  6  6 0500  -30.8  977.0    5.8  191.0   74.0  444.0
2017 157  6  6 0600  -31.4  976.7    5.6  193.0   73.7  444.0
2017 157  6  6 0700  -31.0  976.9    5.0  196.0   73.7  444.0
2017 157  6  6 0800  -31.0  976.8    5.1  188.0   74.0  444.0
2017 157  6  6 0900  -31.6  976.9    3.0  195.0   74.0  444.0
2017 157  6  6 1000  -30.5  977.6    3.4  190.0   73.0  444.0
2017 157  6  6 1100  -30.5  977.7    4.8  160.0   74.0  444.0
2017 157  6  6 1200  -31.1  977.7    5.5  167.0   74.3  444.0
2017 157  6  6 1300  -32.7  978.1    9.2  136.0   73.0  444.0
2017 157  6  6 1400  -37.0  978.9   10.1  130.0   71.0  444.0
2017 157  6  6 1500  -39.2  980.8    7.8  133.0   69.0  444.0
2017 157  6  6 1600  -38.6  981.2    5.9  130.0   70.0  444.0
2017 157  6  6 1700  -38.1  982.0    5.2  136.0   69.9  444.0
2017 157  6  6 1800  -38.8  982.2    3.8  139.0   69.0  444.0
2017 157  6  6 1900  -39.4  982.4    2.2  163.0   69.0  444.0
2017 157  6  6 2000  -39.6  982.3    1.8  190.0   69.0  444.0
2017 157  6  6 2100  -40.0  982.7    2.5  185.0   69.0  444.0
2017 157  6  6 2200  -38.8  982.2    2.9  195.0   69.3  444.0
2017 157  6  6 2300  -37.9  982.1    2.8  196.0   70.0  444.0
2017 158  6  7 0000  -38.2  982.0    1.8  216.0   69.6  444.0
2017 158  6  7 0100  -38.5  981.8    2.6  201.0   69.0  444.0
2017 158  6  7 0200  -38.8  981.7    2.7  153.0   69.0  444.0
2017 158  6  7 0300  -38.7  981.7    2.5  108.0   69.3  444.0
2017 158  6  7 0400  -39.5  982.1    2.3  144.0   69.0  444.0
2017 158  6  7 0500  -39.5  982.1    1.7  147.0   69.0  444.0
2017 158  6  7 0600  -40.5  982.2    3.0  169.0   68.0  444.0
2017 158  6  7 0700  -40.8  982.5    4.4  145.0   68.0  444.0
2017 158  6  7 0800  -42.5  982.8    3.0  111.0   67.0  444.0
2017 158  6  7 0900  -43.5  982.8    2.4  136.0   66.6  444.0
2017 158  6  7 1000  -43.9  983.2    3.5  147.0   66.6  444.0
2017 158  6  7 1100  -43.9  983.4    2.7  177.0   67.0  444.0
2017 158  6  7 1200  -43.6  983.3    2.6  191.0   66.0  444.0
2017 158  6  7 1300  -44.6  983.2    3.0  201.0   66.0  444.0
2017 158  6  7 1400  -43.7  983.5    3.1  139.0   66.0  444.0
2017 158  6  7 1500  -44.3  984.1    4.6  130.0   66.2  444.0
2017 158  6  7 1600  -45.5  985.0    5.2  124.0   66.0  444.0
2017 158  6  7 1700  -46.3  985.7    4.7  124.0   65.0  444.0
2017 158  6  7 1800  -46.4  985.8    3.7  125.0   65.0  444.0
2017 158  6  7 1900  -45.9  985.9    3.4  130.0   65.0  444.0
2017 158  6  7 2000  -46.0  985.9    2.1  169.0   65.2  444.0
2017 158  6  7 2100  -45.9  985.8    1.9  205.0   65.2  444.0
2017 158  6  7 2200  -44.3  985.2    2.4  208.0   66.0  444.0
2017 158  6  7 2300  -44.1  985.1    2.2  216.0   66.0  444.0
2017 159  6  8 0000  -43.4  984.5    2.7  240.0   67.0  444.0
2017 159  6  8 0100  -41.8  984.1    2.8  216.0   67.4  444.0
2017 159  6  8 0200  -40.6  983.3    3.0  211.0   67.8  444.0
2017 159  6  8 0300  -38.2  982.7    2.9  202.0   69.0  444.0
2017 159  6  8 0400  -35.1  982.4    2.2  205.0   71.0  444.0
2017 159  6  8 0500  -32.0  982.0    3.0  199.0   73.0  444.0
2017 159  6  8 0600  -30.1  981.5    3.2  199.0   74.0  444.0
2017 159  6  8 0700  -29.1  981.2    2.4  196.0   75.0  444.0
2017 159  6  8 0800  -28.3  980.7    2.9  194.0   75.0  444.0
2017 159  6  8 0900  -27.9  980.4    3.5  203.0   75.7  444.0
2017 159  6  8 1000  -27.0  979.9    4.3  184.0   77.0  444.0
2017 159  6  8 1100  -26.2  979.5    5.2  185.0   77.0  444.0
2017 159  6  8 1200  -26.0  979.1    5.0  172.0   77.0  444.0
2017 159  6  8 1300  -27.8  979.1    4.3  181.0   76.0  444.0
2017 159  6  8 1400  -28.6  979.1    4.2  167.0   75.6  444.0
2017 159  6  8 1500  -30.1  979.2    3.0  162.0   74.0  444.0
2017 159  6  8 1600  -34.2  979.3    2.7  140.0   72.0  444.0
2017 159  6  8 1700  -35.5  979.5    5.1  143.0   71.1  444.0
2017 159  6  8 1800  -38.8  979.9    5.1  134.0   69.4  444.0
2017 159  6  8 1900  -40.6  980.5    5.1  132.0   68.5  444.0
2017 159  6  8 2000  -42.1  981.2    4.7  125.0   68.0  444.0
2017 159  6  8 2100  -42.9  981.8    4.1  147.0   67.0  444.0
2017 159  6  8 2200  -42.8  982.1    3.0  150.0   67.0  444.0
2017 159  6  8 2300  -41.9  982.3    3.3  143.0   67.7  444.0
2017 160  6  9 0000  -41.7  982.5    3.6  151.0   68.0  444.0
2017 160  6  9 0100  -41.1  983.1    3.3  144.0   68.0  444.0
2017 160  6  9 0200  -41.3  983.1    4.0  150.0   68.0  444.0
2017 160  6  9 0300  -41.7  982.8    3.5  148.0   68.0  444.0
2017 160  6  9 0400  -42.4  982.9    2.1  181.0   67.0  444.0
2017 160  6  9 0500  -42.5  983.4    2.4  195.0   67.4  444.0
2017 160  6  9 0600  -41.0  983.1    2.7  186.0   68.0  444.0
2017 160  6  9 0700  -40.4  982.7    1.4  192.0   68.0  444.0
2017 160  6  9 0800  -39.7  982.2    3.0  214.0   69.0  444.0
2017 160  6  9 0900  -37.8  981.9    4.3  198.0   70.0  444.0
2017 160  6  9 1000  -36.5  981.9    4.5  196.0   69.8  444.0
2017 160  6  9 1100  -37.1  981.6    4.0  182.0   70.0  444.0
2017 160  6  9 1200  -33.6  981.8    3.8  182.0   72.0  444.0
2017 160  6  9 1300  -34.7  981.5    2.7  203.0   71.0  444.0
2017 160  6  9 1400  -35.7  981.1    2.4  210.0   70.0  444.0
2017 160  6  9 1500  -37.7  980.9    3.8  187.0   69.0  444.0
2017 160  6  9 1600  -38.2  980.3    4.3  199.0   69.0  444.0
2017 160  6  9 1700  -37.4  980.1    3.9  196.0   70.1  444.0
2017 160  6  9 1800  -37.7  980.0    3.2  197.0   69.0  444.0
2017 160  6  9 1900  -37.3  979.6    4.2  205.0   70.0  444.0
2017 160  6  9 2000  -36.7  979.3    4.8  205.0   70.0  444.0
2017 160  6  9 2100  -36.5  979.2    4.5  192.0   70.0  444.0
2017 160  6  9 2200  -37.7  979.4    4.7  191.0   69.1  444.0
2017 160  6  9 2300  -37.3  980.1    5.8  146.0   70.0  444.0
2017 161  6 10 0000  -39.9  980.4    4.1  148.0   68.0  444.0
2017 161  6 10 0100  -41.5  980.3    3.3  185.0   67.0  444.0
2017 161  6 10 0200  -41.6  980.5    4.0  151.0   67.0  444.0
2017 161  6 10 0300  -42.5  980.7    5.8  129.0   67.0  444.0
2017 161  6 10 0400  -44.1  981.4    5.5  139.0   66.0  444.0
2017 161  6 10 0500  -45.5  982.0    5.0  141.0   66.0  444.0
2017 161  6 10 0600  -46.3  982.7    6.1  130.0   65.0  444.0
2017 161  6 10 0700  -47.3  983.4    5.9  127.0   65.0  444.0
2017 161  6 10 0800  -47.5  984.1    6.0  123.0   64.7  444.0
2017 161  6 10 0900  -47.5  985.0    6.1  130.0   65.0  444.0
2017 161  6 10 1000  -47.4  985.8    6.1  126.0   64.6  444.0
2017 161  6 10 1100  -47.2  986.5    5.5  125.0   64.8  444.0
2017 161  6 10 1200  -46.8  987.1    4.8  123.0   65.0  444.0
2017 161  6 10 1300  -46.5  988.1    4.5  129.0   65.0  444.0
2017 161  6 10 1400  -46.3  988.8    5.2  133.0   65.0  444.0
2017 161  6 10 1500  -45.8  989.5    5.5  130.0   65.3  444.0
2017 161  6 10 1600  -45.2  990.1    6.2  126.0   65.6  444.0
2017 161  6 10 1700  -43.9  990.6    5.3  125.0   66.0  444.0
2017 161  6 10 1800  -44.0  991.4    4.6  135.0   66.2  444.0
2017 161  6 10 1900  -42.5  991.6    6.0  137.0   67.0  444.0
2017 161  6 10 2000  -40.8  992.2    5.9  140.0   67.8  444.0
2017 161  6 10 2100  -38.9  992.7    5.6  135.0   69.0  444.0
2017 161  6 10 2200  -37.8  993.3    5.3  136.0   69.0  444.0
2017 161  6 10 2300  -36.9  993.9    5.7  143.0   70.0  444.0
2017 162  6 11 0000  -36.9  994.1    6.2  140.0   70.0  444.0
2017 162  6 11 0100  -36.9  994.2    5.2  131.0   69.8  444.0
2017 162  6 11 0200  -36.8  994.5    5.3  156.0   70.0  444.0
2017 162  6 11 0300  -36.5  994.5    5.4  149.0   70.0  444.0
2017 162  6 11 0400  -37.9  994.5    5.4  158.0   69.0  444.0
2017 162  6 11 0500  -38.6  994.4    5.7  156.0   69.0  444.0
2017 162  6 11 0600  -39.3  994.3    4.2  160.0   68.6  444.0
2017 162  6 11 0700  -40.0  994.0    4.0  173.0   68.0  444.0
2017 162  6 11 0800  -41.3  994.1    3.6  177.0   67.6  444.0
2017 162  6 11 0900  -40.2  993.8    4.8  161.0   68.0  444.0
2017 162  6 11 1000  -40.9  993.6    3.6  177.0   68.0  444.0
2017 162  6 11 1100  -42.1  993.1    4.5  184.0   67.3  444.0
2017 162  6 11 1200  -41.3  992.6    4.4  182.0   68.0  444.0
2017 162  6 11 1300  -40.5  992.0    4.1  186.0   68.0  444.0
2017 162  6 11 1400  -39.4  991.3    4.7  174.0   69.0  444.0
2017 162  6 11 1500  -39.1  990.8    4.2  189.0   69.0  444.0
2017 162  6 11 1600  -37.7  989.8    4.2  191.0   69.4  444.0
2017 162  6 11 1700  -36.2  989.1    4.5  191.0   70.0  444.0
2017 162  6 11 1800  -35.0  988.3    3.9  187.0   70.8  444.0
2017 162  6 11 1900  -34.5  987.6    4.0  179.0   71.0  444.0
2017 162  6 11 2000  -34.0  987.1    5.6  183.0   71.0  444.0
2017 162  6 11 2100  -34.0  986.3    3.1  178.0   72.0  444.0
2017 162  6 11 2200  -32.4  985.7    5.4  182.0   72.0  444.0
2017 162  6 11 2300  -32.1  984.7    5.7  188.0   72.7  444.0
2017 163  6 12 0000  -29.4  983.7    8.8  168.0   74.0  444.0
2017 163  6 12 0100  -30.4  982.9    8.3  156.0   73.0  444.0
2017 163  6 12 0200  -31.6  983.1    6.5  146.0   73.0  444.0
2017 163  6 12 0300  -31.6  982.2    7.4  141.0   73.0  444.0
2017 163  6 12 0400  -31.7  981.8    7.7  142.0   72.8  444.0
2017 163  6 12 0500  -31.8  981.4    7.2  140.0   73.0  444.0
2017 163  6 12 0600  -31.8  980.7    8.1  150.0   73.0  444.0
2017 163  6 12 0700  -31.8  981.0    8.2  129.0   73.0  444.0
2017 163  6 12 0800  -32.0  980.9    9.1  127.0   73.0  444.0
2017 163  6 12 0900  -32.3  980.9    9.3  119.0   72.8  444.0
2017 163  6 12 1000  -33.2  981.3    8.1  122.0   72.0  444.0
2017 163  6 12 1100  -32.2  981.5    9.2  129.0   73.0  444.0
2017 163  6 12 1200  -31.5  982.3    8.1  116.0   74.0  444.0
2017 163  6 12 1300  -31.0  982.8    8.4  115.0   74.0  444.0
2017 163  6 12 1400  -31.1  983.5    7.1  104.0   73.7  444.0
2017 163  6 12 1500  -32.6  984.2    6.3  114.0   73.0  444.0
2017 163  6 12 1600  -30.4  985.3    5.9  122.0   75.0  444.0
2017 163  6 12 1700  -29.0  986.3    8.4  115.0   75.0  444.0
2017 163  6 12 1800  -29.9  986.7    9.2  120.0   75.0  444.0
2017 163  6 12 1900  -30.2  987.5    9.5  120.0   74.4  444.0
2017 163  6 12 2000  -31.5  988.0    9.7  119.0   74.0  444.0
2017 163  6 12 2100  -32.9  989.0    7.9  124.0   73.0  444.0
2017 163  6 12 2200  -35.0  989.1    8.2  125.0   72.0  444.0
2017 163  6 12 2300  -36.8  989.2    5.4  145.0   70.0  444.0
2017 164  6 13 0000  -36.3  988.7    5.1  150.0   71.0  444.0
2017 164  6 13 0100  -36.9  988.0    3.6  167.0   70.0  444.0
2017 164  6 13 0200  -36.9  987.0    3.3  197.0   70.0  444.0
2017 164  6 13 0300  -35.8  985.9    3.7  192.0   71.0  444.0
2017 164  6 13 0400  -34.3  985.0    4.1  184.0   72.0  444.0
2017 164  6 13 0500  -33.9  984.1    3.3  193.0   72.0  444.0
2017 164  6 13 0600  -32.6  983.1    3.6  192.0   72.5  444.0
2017 164  6 13 0700  -30.5  981.7    3.7  183.0   74.6  444.0
2017 164  6 13 0800  -26.1  980.5    5.4  144.0   77.0  444.0
2017 164  6 13 0900  -25.6  979.4    4.7  163.0   77.0  444.0
2017 164  6 13 1000  -25.8  978.2    3.9  179.0   77.0  444.0
2017 164  6 13 1100  -26.3  976.9    4.2  172.0   77.0  444.0
2017 164  6 13 1200  -26.3  975.8    4.4  167.0   77.3  444.0
2017 164  6 13 1300  -28.2  974.5    3.0  196.0   76.0  444.0
2017 164  6 13 1400  -26.7  973.6    4.6  209.0   77.0  444.0
2017 164  6 13 1500  -25.8  972.3    4.0  190.0   77.0  444.0
2017 164  6 13 1600  -27.4  971.4    2.8  194.0   76.0  444.0
2017 164  6 13 1700  -28.6  970.8    3.0  160.0   74.7  444.0
2017 164  6 13 1800  -30.5  970.5    3.7  135.0   73.0  444.0
2017 164  6 13 1900  -34.2  970.7    2.8  117.0   72.0  444.0
2017 164  6 13 2000  -35.1  970.9    2.2  152.0   71.0  444.0
2017 164  6 13 2100  -31.3  971.2    1.8  167.0   75.0  444.0
2017 164  6 13 2200  -27.0  971.5    3.2  144.0   77.0  444.0
2017 164  6 13 2300  -25.9  971.3    3.5  142.0   78.0  444.0
2017 165  6 14 0000  -25.6  971.2    3.0  163.0   78.0  444.0
2017 165  6 14 0100  -26.3  970.9    2.4  179.0   77.2  444.0
2017 165  6 14 0200  -24.4  970.5    2.7  187.0   79.0  444.0
2017 165  6 14 0300  -21.3  970.4    3.8  157.0   81.0  444.0
2017 165  6 14 0400  -19.7  970.3    4.5  137.0   83.0  444.0
2017 165  6 14 0500  -18.2  970.3    4.9  126.0   84.0  444.0
2017 165  6 14 0600  -18.1  970.2    4.0  120.0   84.0  444.0
2017 165  6 14 0700  -18.4  970.5    3.5   98.0   84.0  444.0
2017 165  6 14 0800  -18.3  970.5    5.5   95.0   85.0  444.0
2017 165  6 14 0900  -18.4  971.0    4.5   96.0   85.0  444.0
2017 165  6 14 1000  -17.8  970.9    4.5  118.0   85.0  444.0
2017 165  6 14 1100  -17.6  970.5    6.5  140.0   85.3  444.0
2017 165  6 14 1200  -16.8  969.3    8.6  136.0   85.5  444.0
2017 165  6 14 1300  -20.3  968.4    8.3  155.0   83.0  444.0
2017 165  6 14 1400  -19.6  966.7    6.1  160.0   84.0  444.0
2017 165  6 14 1500  -15.2  964.4    9.2  155.0   88.0  444.0
2017 165  6 14 1600  -14.3  962.4   11.9  145.0   88.2  444.0
2017 165  6 14 1700  -14.6  960.7   10.1  162.0   87.5  444.0
2017 165  6 14 1800  -14.6  958.9   12.2  170.0   87.0  444.0
2017 165  6 14 1900  -14.2  956.6   11.6  185.0   87.0  444.0
2017 165  6 14 2000  -13.0  954.9   15.0  193.0   89.0  444.0
2017 165  6 14 2100  -11.6  951.9   16.5  196.0   91.0  444.0
2017 165  6 14 2200  -11.1  949.8   17.0  173.0   91.6  444.0
2017 165  6 14 2300  -12.2  949.2    9.5  140.0   90.3  444.0
2017 166  6 15 0000  -14.4  949.9   11.3  151.0   88.0  444.0
2017 166  6 15 0100  -17.0  950.8    9.3  152.0   86.0  444.0
2017 166  6 15 0200  -16.2  951.4    9.2  141.0   87.0  444.0
2017 166  6 15 0300  -16.2  952.1    7.5  154.0   86.0  444.0
2017 166  6 15 0400  -18.6  952.9   10.6  152.0   83.7  444.0
2017 166  6 15 0500  -20.5  954.0    9.9  152.0   82.0  444.0
2017 166  6 15 0600  -20.8  954.7    8.3  168.0   82.0  444.0
2017 166  6 15 0700  -22.0  955.2    5.0  187.0   82.0  444.0
2017 166  6 15 0800  -21.9  956.1    2.7  216.0   82.0  444.0
2017 166  6 15 0900  -22.2  957.7    2.8  320.0   81.7  444.0
2017 166  6 15 1000  -23.9  959.6    4.1   10.0   80.0  444.0
2017 166  6 15 1100  -25.8  962.1    5.3   40.0   78.0  444.0
2017 166  6 15 1200  -24.1  964.6    8.0   29.0   80.0  444.0
2017 166  6 15 1300  -24.0  967.5    9.9   33.0   80.0  444.0
2017 166  6 15 1400  -24.3  970.6    9.3   34.0   79.7  444.0
2017 166  6 15 1500  -23.9  973.5    9.2   41.0   79.7  444.0
2017 166  6 15 1600  -25.1  976.3   10.0   57.0   79.0  444.0
2017 166  6 15 1700  -27.5  978.8    8.4   73.0   77.0  444.0
2017 166  6 15 1800  -29.2  979.8    7.5   94.0   76.0  444.0
2017 166  6 15 1900  -28.6  980.3    7.4  107.0   76.8  444.0
2017 166  6 15 2000  -28.2  980.3    6.5  122.0   76.6  444.0
2017 166  6 15 2100  -27.9  979.9    8.2  152.0   77.0  444.0
2017 166  6 15 2200  -26.7  978.1    9.5  157.0   78.0  444.0
2017 166  6 15 2300  -25.7  976.9   10.2  153.0   78.0  444.0
2017 167  6 16 0000  -25.3  975.0   10.8  150.0   78.5  444.0
2017 167  6 16 0100  -25.2  972.1   13.7  152.0   79.0  444.0
2017 167  6 16 0200  -25.1  970.2   14.5  146.0   78.7  444.0
2017 167  6 16 0300  -24.8  968.5   15.6  151.0   79.0  444.0
2017 167  6 16 0400  -25.1  966.3   15.3  151.0   78.0  444.0
2017 167  6 16 0500  -24.1  963.9   16.1  152.0   79.0  444.0
2017 167  6 16 0600  -24.9  962.0   16.0  153.0   79.0  444.0
2017 167  6 16 0700  -24.4  959.4   17.3  151.0   79.0  444.0
2017 167  6 16 0800  -23.6  956.9   16.8  152.0   80.0  444.0
2017 167  6 16 0900  -22.3  955.1   17.4  149.0   80.0  444.0
2017 167  6 16 1000  -21.1  952.9   17.5  147.0   82.0  444.0
2017 167  6 16 1100  -20.4  950.9   17.5  156.0   82.0  444.0
2017 167  6 16 1200  -18.7  949.9   17.4  154.0   83.6  444.0
2017 167  6 16 1300  -17.7  949.8   15.7  152.0   85.0  444.0
2017 167  6 16 1400  -17.3  949.0   15.7  164.0   85.0  444.0
2017 167  6 16 1500  -17.3  948.6   13.6  175.0   85.0  444.0
2017 167  6 16 1600  -19.3  948.1   13.3  195.0   84.0  444.0
2017 167  6 16 1700  -18.7  947.8   10.3  194.0   84.4  444.0
2017 167  6 16 1800  -17.5  947.3   11.4  180.0   84.6  444.0
2017 167  6 16 1900  -21.6  948.0    4.4   98.0   80.0  444.0
2017 167  6 16 2000  -25.4  950.8    6.7  110.0   79.0  444.0
2017 167  6 16 2100  -25.8  953.3    4.9  118.0   78.4  444.0
2017 167  6 16 2200  -27.0  955.7    4.9  134.0   77.5  444.0
2017 167  6 16 2300  -26.6  958.1    5.3  138.0   78.0  444.0
2017 168  6 17 0000  -25.2  961.0    7.0  135.0   79.0  444.0
2017 168  6 17 0100  -27.8  963.0    6.2  144.0   77.0  444.0
2017 168  6 17 0200  -29.7  964.6    5.1  148.0   76.0  444.0
2017 168  6 17 0300  -29.2  966.0    6.7  138.0   76.1  444.0
2017 168  6 17 0400  -29.3  967.3    5.4  156.0   76.0  444.0
2017 168  6 17 0500  -30.5  968.4    6.7  151.0   75.0  444.0
2017 168  6 17 0600  -31.5  969.7    4.0  186.0   74.0  444.0
2017 168  6 17 0700  -30.9  970.5    4.6  166.0   74.5  444.0
2017 168  6 17 0800  -30.5  971.5    3.2  191.0   75.0  444.0
2017 168  6 17 0900  -30.4  972.1    3.7  171.0   75.0  444.0
2017 168  6 17 1000  -30.6  972.6    4.0  174.0   75.0  444.0
2017 168  6 17 1100  -31.8  973.0    4.3  183.0   74.0  444.0
2017 168  6 17 1200  -34.0  973.3    4.7  179.0   73.0  444.0
2017 168  6 17 1300  -34.2  973.6    3.4  177.0   73.0  444.0
2017 168  6 17 1400  -35.5  973.7    3.8  181.0   71.9  444.0
2017 168  6 17 1500  -35.8  973.9    3.8  204.0   71.5  444.0
2017 168  6 17 1600  -37.9  974.0    4.2  202.0   70.0  444.0
2017 168  6 17 1700  -38.4  974.1    4.1  200.0   70.0  444.0
2017 168  6 17 1800  -38.5  974.3    3.5  200.0   70.0  444.0
2017 168  6 17 1900  -38.4  974.2    4.4  200.0   70.1  444.0
2017 168  6 17 2000  -38.7  974.9    3.7  190.0   69.5  444.0
2017 168  6 17 2100  -40.0  975.2    2.9  185.0   69.0  444.0
2017 168  6 17 2200  -40.5  975.1    3.2  206.0   68.0  444.0
2017 168  6 17 2300  -41.9  975.4    4.0  203.0   68.0  444.0
2017 169  6 18 0000  -42.1  975.6    4.0  177.0   68.0  444.0
2017 169  6 18 0100  -42.4  975.7    3.3  195.0   67.6  444.0
2017 169  6 18 0200  -43.6  976.0    3.2  231.0   67.0  444.0
2017 169  6 18 0300  -43.8  976.0    2.9  206.0   67.0  444.0
2017 169  6 18 0400  -43.1  975.8    2.9  210.0   67.0  444.0
2017 169  6 18 0500  -44.1  976.1    3.3  203.0   66.0  444.0
2017 169  6 18 0600  -43.8  976.3    3.0  179.0   66.2  444.0
2017 169  6 18 0700  -42.0  976.0    3.3  156.0   66.2  444.0
2017 169  6 18 0800  -44.1  976.4    2.5  166.0   66.0  444.0
2017 169  6 18 0900  -44.7  976.6    3.1  201.0   66.0  444.0
2017 169  6 18 1000  -43.5  976.7    2.2  165.0   66.0  444.0
2017 169  6 18 1100  -43.3  977.2    0.7  105.0   66.8  444.0
2017 169  6 18 1200  -40.8  977.1    3.0  147.0   67.8  444.0
2017 169  6 18 1300  -41.2  977.5    2.8  149.0   68.0  444.0
2017 169  6 18 1400  -40.9  977.8    3.3  149.0   68.0  444.0
2017 169  6 18 1500  -40.5  977.8    3.7  161.0   68.0  444.0
2017 169  6 18 1600  -39.6  978.1    4.0  152.0   69.0  444.0
2017 169  6 18 1700  -40.1  978.5    3.8  150.0   68.3  444.0
2017 169  6 18 1800  -40.7  979.0    3.8  149.0   68.0  444.0
2017 169  6 18 1900  -41.3  979.6    3.5  147.0   68.0  444.0
2017 169  6 18 2000  -41.9  980.4    2.8  150.0   67.0  444.0
2017 169  6 18 2100  -41.5  980.3    4.1  171.0   68.0  444.0
2017 169  6 18 2200  -40.9  980.6    3.1  152.0   67.3  444.0
2017 169  6 18 2300  -41.3  981.1    1.9  147.0   67.0  444.0
2017 170  6 19 0000  -40.8  980.9    4.0  161.0   67.6  444.0
2017 170  6 19 0100  -41.3  981.3    3.3  155.0   67.0  444.0
2017 170  6 19 0200  -41.9  981.3    3.5  170.0   67.0  444.0
2017 170  6 19 0300  -42.8  981.7    2.2  157.0   67.0  444.0
2017 170  6 19 0400  -43.0  981.8    3.5  160.0   66.0  444.0
2017 170  6 19 0500  -44.2  981.9    2.8  178.0   66.1  444.0
2017 170  6 19 0600  -44.9  981.7    4.0  157.0   66.0  444.0
2017 170  6 19 0700  -45.4  981.4    3.5  203.0   66.0  444.0
2017 170  6 19 0800  -44.3  981.1    3.7  199.0   66.0  444.0
2017 170  6 19 0900  -43.3  980.8    3.5  184.0   67.0  444.0
2017 170  6 19 1000  -42.7  980.4    4.0  179.0   66.8  444.0
2017 170  6 19 1100  -43.1  980.2    4.2  163.0   66.6  444.0
2017 170  6 19 1200  -42.2  979.7    4.6  176.0   67.0  444.0
2017 170  6 19 1300  -42.0  979.0    4.3  175.0   67.0  444.0
2017 170  6 19 1400  -39.9  978.6    5.5  178.0   68.2  444.0
2017 170  6 19 1500  -42.1  977.9    5.0  197.0   67.1  444.0
2017 170  6 19 1600  -41.8  977.1    5.8  193.0   67.0  444.0
2017 170  6 19 1700  -42.2  976.3    6.0  193.0   67.0  444.0
2017 170  6 19 1800  -41.9  975.1    6.3  190.0   67.0  444.0
2017 170  6 19 1900  -41.8  974.5    7.6  189.0   68.0  444.0
2017 170  6 19 2000  -41.6  974.4    7.1  185.0   67.5  444.0
2017 170  6 19 2100  -41.7  973.8    7.1  190.0   67.0  444.0
2017 170  6 19 2200  -40.5  973.5    6.5  184.0   68.0  444.0
2017 170  6 19 2300  -39.8  972.9    6.6  186.0   68.0  444.0
2017 171  6 20 0000  -39.2  972.8    6.8  191.0   69.0  444.0
2017 171  6 20 0100  -38.5  972.6    6.5  187.0   69.0  444.0
2017 171  6 20 0200  -37.7  972.3    6.3  185.0   69.0  444.0
2017 171  6 20 0300  -36.7  972.4    6.3  205.0   69.9  444.0
2017 171  6 20 0400  -34.9  972.4    6.9  196.0   70.9  444.0
2017 171  6 20 0500  -35.9  972.6    5.3  206.0   70.0  444.0
2017 171  6 20 0600  -38.6  972.7    5.3  234.0   69.0  444.0
2017 171  6 20 0700  -38.2  972.7    5.1  222.0   69.0  444.0
2017 171  6 20 0800  -38.8  972.9    4.8  212.0   69.0  444.0
2017 171  6 20 0900  -39.0  973.6    5.2  226.0   69.0  444.0
2017 171  6 20 1000  -39.0  974.3    5.5  228.0   69.0  444.0
2017 171  6 20 1100  -38.8  974.9    5.0  224.0   69.0  444.0
2017 171  6 20 1200  -38.8  975.7    5.1  226.0   69.0  444.0
2017 171  6 20 1300  -39.3  976.3    5.5  227.0   68.8  444.0
2017 171  6 20 1400  -37.3  976.9    6.0  228.0   69.8  444.0
2017 171  6 20 1500  -37.5  977.0    5.9  242.0   70.0  444.0
2017 171  6 20 1600  -34.9  977.3    7.6  249.0   71.0  444.0
2017 171  6 20 1700  -31.2  978.0    7.5  240.0   74.0  444.0
2017 171  6 20 1800  -28.0  978.0    7.5  243.0   75.6  444.0
2017 171  6 20 1900  -26.5  978.1    8.7  228.0   76.4  444.0
2017 171  6 20 2000  -23.9  978.4    7.0  225.0   79.0  444.0
2017 171  6 20 2100  -22.6  978.2    5.6  208.0   79.0  444.0
2017 171  6 20 2200  -26.4  978.4    5.2  189.0   76.0  444.0
2017 171  6 20 2300  -34.0  979.9    6.8  144.0   71.9  444.0
2017 172  6 21 0000  -37.1  980.9    7.3  156.0   71.0  444.0
2017 172  6 21 0100  -39.6  981.8    8.9  147.0   69.0  444.0
2017 172  6 21 0200  -41.9  983.1    8.8  137.0   68.0  444.0
2017 172  6 21 0300  -42.5  984.0   10.8  136.0   68.0  444.0
2017 172  6 21 0400  -42.1  984.9   12.6  135.0   68.0  444.0
2017 172  6 21 0500  -41.2  985.9   12.9  129.0   68.0  444.0
2017 172  6 21 0600  -39.2  987.7   13.2  118.0   69.3  444.0
2017 172  6 21 0700  -36.6  988.3   12.3  116.0   70.6  444.0
2017 172  6 21 0800  -35.0  988.7    8.2  118.0   71.0  444.0
2017 172  6 21 0900  -36.5  988.9    5.7  115.0   70.0  444.0
2017 172  6 21 1000  -37.6  989.0    4.2  121.0   70.0  444.0
2017 172  6 21 1100  -38.1  988.6    4.5  127.0   69.7  444.0
2017 172  6 21 1200  -39.9  987.8    3.4  161.0   68.5  444.0
2017 172  6 21 1300  -39.2  987.1    2.1  191.0   68.0  444.0
2017 172  6 21 1400  -36.8  986.0    0.0    0.0   69.0  444.0
2017 172  6 21 1500  -39.5  985.3    2.5  241.0   68.0  444.0
2017 172  6 21 1600  -39.1  983.9    2.6  265.0   68.4  444.0
2017 172  6 21 1700  -37.5  982.7    2.8  278.0   69.0  444.0
2017 172  6 21 1800  -36.1  981.9    1.8  252.0   70.0  444.0
2017 172  6 21 1900  -35.4  981.1    3.1  221.0   70.0  444.0
2017 172  6 21 2000  -32.3  980.2    3.2  191.0   72.0  444.0
2017 172  6 21 2100  -30.9  979.4    2.0  199.0   73.3  444.0
2017 172  6 21 2200  -30.2  978.7    1.8  219.0   74.0  444.0
2017 172  6 21 2300  -28.2  977.8    2.3  244.0   73.0  444.0
2017 173  6 22 0000  -30.7  976.8    1.2  296.0   73.0  444.0
2017 173  6 22 0100  -30.9  976.3    2.3  275.0   74.0  444.0
2017 173  6 22 0200  -29.7  975.4    2.2  298.0   73.9  444.0
2017 173  6 22 0300  -28.9  974.8    2.2  300.0   76.0  444.0
2017 173  6 22 0400  -26.3  974.4    3.5  298.0   77.0  444.0
2017 173  6 22 0500  -26.2  974.1    3.0  304.0   76.5  444.0
2017 173  6 22 0600  -28.6  973.4    2.9  327.0   74.0  444.0
2017 173  6 22 0700  -28.4  973.2    2.1  322.0   76.0  444.0
2017 173  6 22 0800  -25.1  973.2    4.3  315.0   78.0  444.0
2017 173  6 22 0900  -24.7  973.5    3.0  321.0   79.0  444.0
2017 173  6 22 1000  -24.8  973.5    3.2  321.0   79.0  444.0
2017 173  6 22 1100  -24.4  973.5    3.5  320.0   79.0  444.0
2017 173  6 22 1200  -24.0  973.5    4.4  332.0   79.0  444.0
2017 173  6 22 1300  -23.4  974.1    5.6  335.0   79.3  444.0
2017 173  6 22 1400  -24.5  974.0    7.9  328.0   79.0  444.0
2017 173  6 22 1500  -26.3  974.4    9.3  328.0   78.0  444.0
2017 173  6 22 1600  -27.5  975.4    8.8  324.0   77.0  444.0
2017 173  6 22 1700  -28.7  975.9    8.8  327.0   76.0  444.0
2017 173  6 22 1800  -29.8  977.0    9.0  334.0   75.3  444.0
2017 173  6 22 1900  -30.3  978.1    7.6  326.0   74.9  444.0
2017 173  6 22 2000  -32.3  979.2    7.2  338.0   73.0  444.0
2017 173  6 22 2100  -35.3  980.4    5.3  352.0   72.0  444.0
2017 173  6 22 2200  -37.8  981.4    4.4    9.0   70.0  444.0
2017 173  6 22 2300  -39.3  982.2    5.1    9.0   69.0  444.0
2017 174  6 23 0000  -40.3  983.2    4.4   16.0   69.0  444.0
2017 174  6 23 0100  -36.4  984.4    1.6   37.0   71.0  444.0
2017 174  6 23 0200  -34.2  985.2    2.5   68.0   72.0  444.0
2017 174  6 23 0300  -33.2  985.6    3.2   73.0   73.0  444.0
2017 174  6 23 0400  -32.4  985.9    3.7   80.0   73.0  444.0
2017 174  6 23 0500  -31.9  986.3    4.6   70.0   74.0  444.0
2017 174  6 23 0600  -31.2  986.6    3.8   71.0   74.2  444.0
2017 174  6 23 0700  -30.8  987.1    3.6   90.0   74.0  444.0
2017 174  6 23 0800  -30.1  987.4    2.9  113.0   75.0  444.0
2017 174  6 23 0900  -30.0  987.5    3.5  123.0   75.0  444.0
2017 174  6 23 1000  -30.6  987.9    4.5  125.0   75.0  444.0
2017 174  6 23 1100  -30.8  987.8    5.3  116.0   74.5  444.0
2017 174  6 23 1200  -32.5  987.7    5.5  115.0   73.0  444.0
2017 174  6 23 1300  -33.3  987.6    5.8  119.0   73.0  444.0
2017 174  6 23 1400  -33.9  987.9    5.3  124.0   72.0  444.0
2017 174  6 23 1500  -33.8  987.9    6.1  124.0   72.0  444.0
2017 174  6 23 1600  -34.2  988.0    6.6  125.0   72.2  444.0
2017 174  6 23 1700  -34.5  988.1    6.9  123.0   72.0  444.0
2017 174  6 23 1800  -35.2  988.1    6.1  131.0   71.0  444.0
2017 174  6 23 1900  -35.8  988.8    5.9  132.0   71.0  444.0
2017 174  6 23 2000  -35.8  988.9    6.2  140.0   71.0  444.0
2017 174  6 23 2100  -36.1  989.0    6.3  135.0   71.0  444.0
2017 174  6 23 2200  -36.2  989.5    5.2  149.0   71.0  444.0
2017 174  6 23 2300  -37.5  990.0    3.8  168.0   69.9  444.0
2017 175  6 24 0000  -38.6  990.2    3.2  180.0   69.4  444.0
2017 175  6 24 0100  -37.7  990.5    3.6  184.0   70.0  444.0
2017 175  6 24 0200  -37.2  990.8    3.7  200.0   70.0  444.0
2017 175  6 24 0300  -39.0  991.2    4.0  199.0   69.0  444.0
2017 175  6 24 0400  -40.3  991.1    3.2  209.0   68.4  444.0
2017 175  6 24 0500  -41.2  991.2    3.4  223.0   68.0  444.0
2017 175  6 24 0600  -41.4  991.0    3.8  207.0   68.0  444.0
2017 175  6 24 0700  -42.9  991.0    2.7  226.0   67.0  444.0
2017 175  6 24 0800  -42.4  991.7    3.2  210.0   67.0  444.0
2017 175  6 24 0900  -41.1  992.1    1.2  218.0   68.1  444.0
2017 175  6 24 1000  -41.5  991.4    1.5  222.0   68.0  444.0
2017 175  6 24 1100  -43.7  991.8    1.7  251.0   67.0  444.0
2017 175  6 24 1200  -44.5  991.5    2.1  236.0   66.0  444.0
2017 175  6 24 1300  -44.7  991.2    2.6  229.0   66.0  444.0
2017 175  6 24 1400  -45.5  991.2    0.8  258.0   65.8  444.0
2017 175  6 24 1500  -44.8  990.4    0.2  218.0   66.0  444.0
2017 175  6 24 1600  -44.5  989.8    1.0  236.0   66.3  444.0
2017 175  6 24 1700  -44.3  989.7    1.1  183.0   66.0  444.0
2017 175  6 24 1800  -44.3  988.8    1.8  156.0   66.0  444.0
2017 175  6 24 1900  -42.8  988.4    2.1  148.0   67.0  444.0
2017 175  6 24 2000  -41.9  987.5    3.6  156.0   67.0  444.0
2017 175  6 24 2100  -41.2  986.8    3.3  162.0   67.8  444.0
2017 175  6 24 2200  -40.7  985.4    4.4  170.0   68.0  444.0
2017 175  6 24 2300  -40.6  984.7    4.6  163.0   68.0  444.0
2017 176  6 25 0000  -40.4  983.8    5.4  164.0   68.0  444.0
2017 176  6 25 0100  -40.1  983.3    4.0  174.0   68.0  444.0
2017 176  6 25 0200  -41.1  981.9    4.9  179.0   68.0  444.0
2017 176  6 25 0300  -42.0  981.2    4.9  185.0   67.4  444.0
2017 176  6 25 0400  -41.6  980.5    4.2  184.0   67.6  444.0
2017 176  6 25 0500  -40.3  979.7    4.2  188.0   68.0  444.0
2017 176  6 25 0600  -39.4  978.6    6.4  189.0   69.0  444.0
2017 176  6 25 0700  -39.3  978.2    6.6  194.0   68.8  444.0
2017 176  6 25 0800  -39.1  977.8    6.2  198.0   69.0  444.0
2017 176  6 25 0900  -40.4  977.3    6.7  192.0   68.1  444.0
2017 176  6 25 1000  -42.1  977.0    5.4  190.0   67.0  444.0
2017 176  6 25 1100  -43.1  976.7    4.9  198.0   67.0  444.0
2017 176  6 25 1200  -43.5  976.1    5.6  195.0   66.5  444.0
2017 176  6 25 1300  -44.5  975.5    2.9  224.0   66.0  444.0
2017 176  6 25 1400  -44.6  975.2    3.1  221.0   65.8  444.0
2017 176  6 25 1500  -44.6  975.0    4.0  218.0   66.0  444.0
2017 176  6 25 1600  -43.3  974.8    4.3  203.0   67.0  444.0
2017 176  6 25 1700  -44.1  974.5    2.4  214.0   65.8  444.0
2017 176  6 25 1800  -45.3  973.9    2.5  270.0   65.0  444.0
2017 176  6 25 1900  -46.5  974.2    3.0  293.0   64.8  444.0
2017 176  6 25 2000  -46.6  974.1    3.1  320.0   65.0  444.0
2017 176  6 25 2100  -45.5  974.3    3.0  306.0   65.0  444.0
2017 176  6 25 2200  -45.1  974.5    3.2  302.0   65.4  444.0
2017 176  6 25 2300  -43.9  974.3    3.6  291.0   66.0  444.0
2017 177  6 26 0000  -42.7  974.3    3.4  291.0   66.5  444.0
2017 177  6 26 0100  -45.2  974.3    2.6  301.0   65.2  444.0
2017 177  6 26 0200  -47.3  974.8    2.7  310.0   65.0  444.0
2017 177  6 26 0300  -47.8  974.8    2.3  315.0   64.0  444.0
2017 177  6 26 0400  -48.7  974.9    2.0  334.0   64.0  444.0
2017 177  6 26 0500  -49.9  974.6    2.4  341.0   63.1  444.0
2017 177  6 26 0600  -51.2  974.9    3.1  354.0   62.6  444.0
2017 177  6 26 0700  -51.5  975.2    2.9  325.0   62.0  444.0
2017 177  6 26 0800  -51.6  975.3    2.0  333.0   62.0  444.0
2017 177  6 26 0900  -52.2  975.8    0.0    0.0   62.0  444.0
2017 177  6 26 1000  -52.6  976.3    1.8    7.0   61.7  444.0
2017 177  6 26 1100  -52.6  976.2    1.7  343.0   61.5  444.0
2017 177  6 26 1200  -52.6  976.8    0.0    0.0   61.4  444.0
2017 177  6 26 1300  -52.7  976.8    0.3  337.0   61.0  444.0
2017 177  6 26 1400  -53.4  977.9    1.0  132.0   61.0  444.0
2017 177  6 26 1500  -52.6  977.9    0.9   58.0   61.0  444.0
2017 177  6 26 1600  -53.3  978.2    0.0    0.0   61.0  444.0
2017 177  6 26 1700  -53.0  978.5    1.7  223.0   61.1  444.0
2017 177  6 26 1800  -53.0  978.8    1.4  245.0   61.0  444.0
2017 177  6 26 1900  -51.9  979.0    2.0  239.0   62.0  444.0
2017 177  6 26 2000  -50.8  979.6    2.4  228.0   62.1  444.0
2017 177  6 26 2100  -50.2  979.9    2.5  239.0   62.0  444.0
2017 177  6 26 2200  -50.3  980.1    2.7  266.0   62.5  444.0
2017 177  6 26 2300  -49.9  980.3    3.4  248.0   63.0  444.0
2017 178  6 27 0000  -48.9  980.6    2.8  268.0   63.0  444.0
2017 178  6 27 0100  -48.0  981.0    3.1  231.0   64.0  444.0
2017 178  6 27 0200  -45.6  980.9    3.9  228.0   65.0  444.0
2017 178  6 27 0300  -47.1  981.1    3.7  220.0   64.0  444.0
2017 178  6 27 0400  -47.5  981.5    4.5  221.0   64.0  444.0
2017 178  6 27 0500  -47.7  981.7    3.7  230.0   64.0  444.0
2017 178  6 27 0600  -48.0  981.9    3.9  212.0   64.0  444.0
2017 178  6 27 0700  -47.9  982.3    4.3  222.0   64.0  444.0
2017 178  6 27 0800  -49.0  982.6    3.6  219.0   63.1  444.0
2017 178  6 27 0900  -49.0  982.9    3.3  221.0   63.0  444.0
2017 178  6 27 1000  -48.1  983.2    4.5  225.0   64.0  444.0
2017 178  6 27 1100  -47.4  983.7    4.2  212.0   64.0  444.0
2017 178  6 27 1200  -47.3  983.8    3.8  211.0   64.0  444.0
2017 178  6 27 1300  -46.1  984.0    3.6  210.0   64.5  444.0
2017 178  6 27 1400  -45.1  984.2    4.6  202.0   65.0  444.0
2017 178  6 27 1500  -44.7  984.4    3.4  192.0   65.0  444.0
2017 178  6 27 1600  -45.0  985.1    3.6  186.0   65.0  444.0
2017 178  6 27 1700  -45.7  985.1    3.4  189.0   64.0  444.0
2017 178  6 27 1800  -46.5  985.4    3.2  192.0   64.1  444.0
2017 178  6 27 1900  -45.9  985.3    3.8  203.0   64.0  444.0
2017 178  6 27 2000  -45.6  985.4    4.5  208.0   65.0  444.0
2017 178  6 27 2100  -45.7  984.8    4.6  209.0   65.0  444.0
2017 178  6 27 2200  -42.7  984.9    6.0  165.0   66.0  444.0
2017 178  6 27 2300  -42.2  984.9    5.4  176.0   66.2  444.0
2017 179  6 28 0000  -42.9  984.6    4.7  178.0   66.0  444.0
2017 179  6 28 0100  -41.9  984.4    5.9  180.0   67.0  444.0
2017 179  6 28 0200  -43.0  983.9    5.5  189.0   66.0  444.0
2017 179  6 28 0300  -41.7  983.7    6.1  188.0   66.6  444.0
2017 179  6 28 0400  -41.4  983.4    5.0  192.0   67.0  444.0
2017 179  6 28 0500  -41.0  983.2    5.7  186.0   67.0  444.0
2017 179  6 28 0600  -41.7  983.3    4.9  203.0   67.0  444.0
2017 179  6 28 0700  -39.0  983.0    5.9  181.0   68.0  444.0
2017 179  6 28 0800  -40.9  982.9    4.5  202.0   67.2  444.0
2017 179  6 28 0900  -42.3  983.1    3.1  199.0   66.0  444.0
2017 179  6 28 1000  -43.5  982.9    3.9  186.0   66.0  444.0
2017 179  6 28 1100  -44.6  982.5    3.9  202.0   65.0  444.0
2017 179  6 28 1200  -44.5  982.6    3.4  212.0   65.0  444.0
2017 179  6 28 1300  -45.0  982.4    4.6  204.0   65.2  444.0
2017 179  6 28 1400  -44.7  982.3    4.8  202.0   65.0  444.0
2017 179  6 28 1500  -46.9  982.2    4.1  224.0   64.0  444.0
2017 179  6 28 1600  -46.8  981.7    4.0  217.0   64.0  444.0
2017 179  6 28 1700  -47.7  981.6    4.1  221.0   64.0  444.0
2017 179  6 28 1800  -48.8  981.3    2.8  217.0   63.2  444.0
2017 179  6 28 1900  -47.7  981.3    3.3  212.0   64.0  444.0
2017 179  6 28 2000  -47.6  981.0    4.5  221.0   64.0  444.0
2017 179  6 28 2100  -47.5  981.0    3.6  216.0   63.9  444.0
2017 179  6 28 2200  -47.7  981.0    3.2  212.0   63.8  444.0
2017 179  6 28 2300  -46.9  981.4    2.8  186.0   64.0  444.0
2017 180  6 29 0000  -47.0  981.6    3.3  207.0   64.0  444.0
2017 180  6 29 0100  -45.0  981.8    4.0  197.0   65.0  444.0
2017 180  6 29 0200  -44.5  981.9    4.1  206.0   65.0  444.0
2017 180  6 29 0300  -42.7  981.9    5.0  200.0   66.0  444.0
2017 180  6 29 0400  -41.8  982.1    6.2  213.0   66.3  444.0
2017 180  6 29 0500  -42.3  982.5    4.7  207.0   66.0  444.0
2017 180  6 29 0600  -43.8  982.8    5.1  214.0   65.5  444.0
2017 180  6 29 0700  -43.2  982.9    4.1  219.0   66.0  444.0
2017 180  6 29 0800  -42.6  983.3    4.3  212.0   66.0  444.0
2017 180  6 29 0900  -40.5  984.0    3.4  169.0   67.0  444.0
2017 180  6 29 1000  -37.9  984.2    5.4  195.0   69.0  444.0
2017 180  6 29 1100  -37.8  985.0    4.3  186.0   68.7  444.0
2017 180  6 29 1200  -35.6  985.5    4.4  196.0   70.0  444.0
2017 180  6 29 1300  -35.6  986.4    3.9  196.0   70.0  444.0
2017 180  6 29 1400  -36.1  986.1    4.1  222.0   69.0  444.0
2017 180  6 29 1500  -32.6  986.9    5.3  203.0   71.6  444.0
2017 180  6 29 1600  -31.3  987.5    4.9  195.0   71.9  444.0
2017 180  6 29 1700  -29.9  987.8    4.8  202.0   74.0  444.0
2017 180  6 29 1800  -27.8  988.3    5.9  214.0   75.0  444.0
2017 180  6 29 1900  -26.5  987.9    6.3  215.0   77.0  444.0
2017 180  6 29 2000  -25.3  988.1    5.9  206.0   77.2  444.0
2017 180  6 29 2100  -25.2  988.2    6.0  202.0   77.1  444.0
2017 180  6 29 2200  -27.1  988.0    7.5  214.0   76.0  444.0
2017 180  6 29 2300  -28.1  988.4    6.2  206.0   75.0  444.0
2017 181  6 30 0000  -28.3  988.3    6.4  207.0   75.0  444.0
2017 181  6 30 0100  -27.2  987.9    6.6  207.0   76.2  444.0
2017 181  6 30 0200  -27.4  988.1    5.9  213.0   76.1  444.0
2017 181  6 30 0300  -26.9  987.8    5.9  215.0   76.7  444.0
2017 181  6 30 0400  -26.0  987.3    5.3  199.0   77.0  444.0
2017 181  6 30 0500  -24.6  986.9    4.7  204.0   78.0  444.0
2017 181  6 30 0600  -24.0  987.1    6.2  204.0   78.3  444.0
2017 181  6 30 0700  -21.6  986.6    7.6  197.0   79.7  444.0
2017 181  6 30 0800  -22.0  985.8    6.0  193.0   79.2  444.0
2017 181  6 30 0900  -22.2  985.6    4.8  184.0   79.0  444.0
2017 181  6 30 1000  -21.7  985.0    4.4  199.0   80.0  444.0
2017 181  6 30 1100  -21.4  984.4    4.0  189.0   79.0  444.0
2017 181  6 30 1200  -22.5  984.5    4.1  194.0   78.7  444.0
2017 181  6 30 1300  -21.3  983.7    3.3  194.0   78.7  444.0
2017 181  6 30 1400  -20.0  983.2    4.6  170.0   78.0  444.0
2017 181  6 30 1500  -18.9  982.7    6.3  146.0   80.0  444.0
2017 181  6 30 1600  -24.8  983.0    2.4   84.0   77.0  444.0
2017 181  6 30 1700  -27.4  982.8    2.3   80.0   71.5  444.0
2017 181  6 30 1800  -28.9  982.6    2.0  138.0   70.7  444.0
2017 181  6 30 1900  -29.8  982.6    3.0  199.0   70.0  444.0
2017 181  6 30 2000  -30.5  981.8    2.8  204.0   75.0  444.0
2017 181  6 30 2100  -30.0  981.4    5.3  200.0   75.0  444.0
2017 181  6 30 2200  -27.7  981.0    6.4  189.0   76.0  444.0
2017 181  6 30 2300  -29.0  980.8    5.8  197.0   75.6  444.0
