Year: 2015  Month: 01  ID: LET  ARGOS:  8928  Name: Lettau              
Lat: 82.49S  Lon: 174.58W  Elev:   39m
2015   1  1  1 0000  -10.3  983.9    4.3  306.0   84.4  444.0
2015   1  1  1 0100   -9.7  984.0    3.5  302.0   83.0  444.0
2015   1  1  1 0200  -10.2  983.8    3.4  292.0   83.0  444.0
2015   1  1  1 0300   -9.9  983.9    2.5  291.0   82.7  444.0
2015   1  1  1 0400  -10.0  984.1    2.1  300.0   84.0  444.0
2015   1  1  1 0500  -10.2  984.2    3.2  300.0   83.6  444.0
2015   1  1  1 0600  -10.5  984.0    3.2  292.0   84.0  444.0
2015   1  1  1 0700  -10.6  984.1    3.4  290.0   85.0  444.0
2015   1  1  1 0800  -10.9  984.2    2.6  266.0   84.2  444.0
2015   1  1  1 0900  -12.0  984.0    2.8  288.0   84.0  444.0
2015   1  1  1 1000  -12.1  983.6    2.8  284.0   81.0  444.0
2015   1  1  1 1100  -12.8  983.4    2.6  265.0   83.0  444.0
2015   1  1  1 1200  -11.9  982.8    3.4  272.0   82.0  444.0
2015   1  1  1 1300  -11.5  982.5    3.5  260.0   84.6  444.0
2015   1  1  1 1400  -12.2  982.1    2.8  274.0   84.0  444.0
2015   1  1  1 1500  -11.6  981.5    2.4  274.0   81.0  444.0
2015   1  1  1 1600  -11.2  980.9    3.4  270.0   86.0  444.0
2015   1  1  1 1700  -10.4  980.7    3.3  265.0   88.0  444.0
2015   1  1  1 1800   -9.4  980.3    3.3  280.0   85.0  444.0
2015   1  1  1 1900   -8.1  979.6    3.6  267.0   85.0  444.0
2015   1  1  1 2000   -6.6  979.2    3.6  265.0   82.0  444.0
2015   1  1  1 2100   -6.2  978.7    2.8  275.0   81.0  444.0
2015   1  1  1 2200   -5.2  978.4    3.4  266.0   80.4  444.0
2015   1  1  1 2300   -4.4  977.9    2.8  246.0   81.0  444.0
2015   2  1  2 0000   -3.3  977.3    2.5  234.0   80.0  444.0
2015   2  1  2 0100   -3.6  976.9    1.7  234.0   81.9  444.0
2015   2  1  2 0200   -3.1  976.5    1.2  219.0   81.0  444.0
2015   2  1  2 0300  444.0  976.2    1.2  188.0   89.0  444.0
2015   2  1  2 0400  444.0  976.2    0.0    0.0   70.0  444.0
2015   2  1  2 0500  444.0  975.8    0.7  132.0   85.0  444.0
2015   2  1  2 0600   -4.5  975.9    1.7  142.0   87.8  444.0
2015   2  1  2 0700   -5.8  976.0    1.8  124.0   87.0  444.0
2015   2  1  2 0800   -7.1  976.1    1.4   51.0   85.7  444.0
2015   2  1  2 0900   -7.1  976.3    1.4   23.0   94.0  444.0
2015   2  1  2 1000   -6.1  976.4    2.3   46.0   92.0  444.0
2015   2  1  2 1100   -6.2  976.7    2.6   26.0   95.0  444.0
2015   2  1  2 1200   -6.6  977.0    1.3   40.0   94.0  444.0
2015   2  1  2 1300   -6.9  977.2    1.5   71.0   93.0  444.0
2015   2  1  2 1400   -6.7  977.5    1.1   88.0   92.0  444.0
2015   2  1  2 1500   -7.3  977.6    0.7   38.0   93.0  444.0
2015   2  1  2 1600   -6.5  977.8    0.4   75.0   90.0  444.0
2015   2  1  2 1700   -7.0  978.0    1.1  132.0   92.0  444.0
2015   2  1  2 1800   -7.2  978.4    1.3  143.0   92.0  444.0
2015   2  1  2 1900   -7.1  978.7    1.0  140.0   91.0  444.0
2015   2  1  2 2000   -5.9  978.9    0.4  312.0   88.4  444.0
2015   2  1  2 2100   -6.0  979.2    1.1  281.0   89.0  444.0
2015   2  1  2 2200   -5.5  979.5    1.9  261.0   88.0  444.0
2015   2  1  2 2300   -5.1  979.5    1.7  265.0   88.0  444.0
2015   3  1  3 0000   -5.0  979.6    1.9  308.0   89.0  444.0
2015   3  1  3 0100   -5.2  979.9    3.5  317.0   89.0  444.0
2015   3  1  3 0200   -6.2  980.1    3.5  307.0   89.7  444.0
2015   3  1  3 0300   -6.2  980.4    3.9  309.0   90.0  444.0
2015   3  1  3 0400   -7.1  980.7    4.0  309.0   89.0  444.0
2015   3  1  3 0500   -7.6  981.0    3.5  308.0   89.0  444.0
2015   3  1  3 0600   -8.6  981.5    4.1  321.0   86.0  444.0
2015   3  1  3 0700   -8.9  981.9    3.7  310.0   88.5  444.0
2015   3  1  3 0800   -8.9  982.5    3.3  317.0   89.0  444.0
2015   3  1  3 0900   -7.9  982.8    2.8  335.0   91.0  444.0
2015   3  1  3 1000   -8.8  983.2    3.0  336.0   90.5  444.0
2015   3  1  3 1100   -9.0  983.6    2.6  349.0   91.0  444.0
2015   3  1  3 1200   -9.5  984.1    1.8  320.0   90.0  444.0
2015   3  1  3 1300   -9.1  984.3    2.0  344.0   90.0  444.0
2015   3  1  3 1400   -9.0  984.6    2.2  350.0   90.0  444.0
2015   3  1  3 1500   -8.7  985.0    2.3  347.0   90.0  444.0
2015   3  1  3 1600   -8.3  985.4    1.6  298.0   90.0  444.0
2015   3  1  3 1700   -7.6  985.7    0.9  207.0   92.0  444.0
2015   3  1  3 1800   -7.5  986.3    1.4  188.0   92.0  444.0
2015   3  1  3 1900   -6.6  986.8    0.3  117.0   90.0  444.0
2015   3  1  3 2000   -7.6  987.0    1.7  156.0   91.0  444.0
2015   3  1  3 2100   -7.8  987.1    1.9  114.0   91.0  444.0
2015   3  1  3 2200   -7.9  987.2    1.8  137.0   90.0  444.0
2015   3  1  3 2300   -8.4  987.6    2.6  142.0   90.0  444.0
2015   4  1  4 0000   -8.8  987.6    3.2  141.0   88.7  444.0
2015   4  1  4 0100   -8.3  987.6    2.9  163.0   90.3  444.0
2015   4  1  4 0200   -8.4  987.5    2.4  146.0   89.0  444.0
2015   4  1  4 0300   -8.5  987.5    3.1  152.0   90.0  444.0
2015   4  1  4 0400   -7.4  987.2    3.0  149.0   91.0  444.0
2015   4  1  4 0500   -7.1  987.2    3.1  141.0   91.8  444.0
2015   4  1  4 0600   -6.9  987.4    3.1  141.0   93.0  444.0
2015   4  1  4 0700   -6.8  987.4    3.1  137.0   93.0  444.0
2015   4  1  4 0800   -6.0  987.2    2.7  148.0   93.9  444.0
2015   4  1  4 0900   -5.8  987.1    2.9  140.0   94.0  444.0
2015   4  1  4 1000   -6.7  986.8    4.7  150.0   93.6  444.0
2015   4  1  4 1100   -7.2  987.0    4.4  154.0   93.0  444.0
2015   4  1  4 1200   -7.5  987.1    4.4  152.0   92.8  444.0
2015   4  1  4 1300   -7.5  987.1    2.1  179.0   93.0  444.0
2015   4  1  4 1400   -6.9  986.6    1.3  162.0   93.0  444.0
2015   4  1  4 1500   -7.0  986.2    3.0  211.0   93.0  444.0
2015   4  1  4 1600   -6.9  986.0    3.7  233.0   93.0  444.0
2015   4  1  4 1700   -6.3  985.7    4.2  237.0   93.3  444.0
2015   4  1  4 1800   -5.0  985.2    4.1  201.0   94.0  444.0
2015   4  1  4 1900   -4.8  985.0    2.6  204.0   92.0  444.0
2015   4  1  4 2000   -4.5  984.6    2.9  205.0   90.0  444.0
2015   4  1  4 2100   -4.2  984.3    2.5  201.0   90.0  444.0
2015   4  1  4 2200   -4.2  984.0    2.7  198.0   91.5  444.0
2015   4  1  4 2300   -3.3  983.7    3.1  184.0   91.2  444.0
2015   5  1  5 0000   -3.2  983.5    3.1  180.0   91.0  444.0
2015   5  1  5 0100   -2.5  983.2    3.1  180.0   90.0  444.0
2015   5  1  5 0200   -2.2  982.9    2.6  169.0   89.0  444.0
2015   5  1  5 0300   -1.7  982.8    2.1  172.0   89.1  444.0
2015   5  1  5 0400   -2.1  982.3    2.7  174.0   88.8  444.0
2015   5  1  5 0500   -2.7  982.1    2.3  195.0   88.6  444.0
2015   5  1  5 0600   -2.2  982.0    2.1  178.0   89.0  444.0
2015   5  1  5 0700   -3.0  981.9    1.7  189.0   89.0  444.0
2015   5  1  5 0800   -4.0  981.5    2.1  198.0   89.5  444.0
2015   5  1  5 0900   -4.6  981.6    2.4  191.0   89.5  444.0
2015   5  1  5 1000   -5.7  981.4    2.4  200.0   90.0  444.0
2015   5  1  5 1100   -6.5  981.3    2.8  192.0   88.0  444.0
2015   5  1  5 1200   -6.2  981.5    2.6  154.0   88.0  444.0
2015   5  1  5 1300   -4.9  981.1    2.3  133.0   95.6  444.0
2015   5  1  5 1400   -5.6  981.1    2.5  150.0   94.0  444.0
2015   5  1  5 1500   -6.2  980.9    2.5  129.0   93.0  444.0
2015   5  1  5 1600   -6.3  981.0    2.3  125.0   92.0  444.0
2015   5  1  5 1700   -6.9  981.1    2.4  129.0   92.0  444.0
2015   5  1  5 1800   -6.2  981.2    1.8   81.0   93.0  444.0
2015   5  1  5 1900   -5.5  981.6    0.8  108.0   92.0  444.0
2015   5  1  5 2000   -5.7  981.7    0.9  358.0   92.5  444.0
2015   5  1  5 2100   -4.8  982.1    0.0    0.0   92.9  444.0
2015   5  1  5 2200  444.0  982.4    0.3  203.0   90.0  444.0
2015   5  1  5 2300   -4.6  982.6    3.5  338.0   93.0  444.0
2015   6  1  6 0000   -4.6  982.9    3.9  321.0   93.0  444.0
2015   6  1  6 0100   -4.4  983.2    4.3  319.0   92.3  444.0
2015   6  1  6 0200   -4.6  983.6    4.7  328.0   92.9  444.0
2015   6  1  6 0300   -5.1  983.8    4.6  335.0   92.0  444.0
2015   6  1  6 0400   -5.2  984.2    3.5  308.0   91.0  444.0
2015   6  1  6 0500   -5.2  984.5    3.9  326.0   92.0  444.0
2015   6  1  6 0600   -5.2  984.8    3.6  322.0   91.5  444.0
2015   6  1  6 0700   -5.0  985.2    3.5  311.0   90.5  444.0
2015   6  1  6 0800   -5.0  985.4    3.9  313.0   91.0  444.0
2015   6  1  6 0900   -5.2  985.8    4.1  318.0   92.0  444.0
2015   6  1  6 1000   -5.2  986.2    3.6  316.0   92.0  444.0
2015   6  1  6 1100   -5.3  986.6    3.2  292.0   91.0  444.0
2015   6  1  6 1200   -5.2  986.8    3.4  307.0   90.7  444.0
2015   6  1  6 1300   -5.1  987.0    3.1  302.0   92.0  444.0
2015   6  1  6 1400   -5.1  987.1    3.7  303.0   91.0  444.0
2015   6  1  6 1500   -5.2  987.2    3.1  303.0   91.0  444.0
2015   6  1  6 1600   -5.1  987.4    3.8  298.0   90.9  444.0
2015   6  1  6 1700   -5.1  987.9    3.6  299.0   91.0  444.0
2015   6  1  6 1800   -5.0  988.2    3.9  290.0   90.4  444.0
2015   6  1  6 1900   -4.9  988.3    4.7  284.0   92.0  444.0
2015   6  1  6 2000   -4.9  988.5    4.6  285.0   93.0  444.0
2015   6  1  6 2100   -4.7  988.5    4.7  277.0   93.0  444.0
2015   6  1  6 2200   -4.3  988.7    2.8  255.0   86.0  444.0
2015   6  1  6 2300   -4.4  988.8    3.4  268.0   87.4  444.0
2015   7  1  7 0000   -4.1  988.8    2.8  244.0   84.9  444.0
2015   7  1  7 0100   -3.9  988.7    2.9  223.0   84.0  444.0
2015   7  1  7 0200   -3.4  988.5    3.8  212.0   83.0  444.0
2015   7  1  7 0300   -3.5  988.4    4.1  224.0   82.0  444.0
2015   7  1  7 0400   -3.2  988.3    4.2  235.0   84.6  444.0
2015   7  1  7 0500   -3.1  988.2    3.8  237.0   88.0  444.0
2015   7  1  7 0600   -3.3  988.0    4.6  208.0   91.0  444.0
2015   7  1  7 0700   -3.4  987.9    5.1  199.0   92.0  444.0
2015   7  1  7 0800   -3.4  988.1    4.9  194.0   90.0  444.0
2015   7  1  7 0900   -3.8  988.3    4.3  208.0   92.6  444.0
2015   7  1  7 1000   -4.1  988.2    3.9  220.0   92.0  444.0
2015   7  1  7 1100   -4.2  988.0    3.9  207.0   93.0  444.0
2015   7  1  7 1200   -4.3  988.0    2.6  208.0   91.0  444.0
2015   7  1  7 1300   -4.2  987.8    2.7  245.0   88.0  444.0
2015   7  1  7 1400   -4.5  987.5    2.3  257.0   92.4  444.0
2015   7  1  7 1500   -3.9  987.2    3.4  243.0   91.0  444.0
2015   7  1  7 1600   -3.9  986.9    4.7  246.0   90.0  444.0
2015   7  1  7 1700   -3.9  986.9    4.8  266.0   91.0  444.0
2015   7  1  7 1800   -3.7  986.8    5.2  258.0   90.0  444.0
2015   7  1  7 1900   -3.6  986.6    5.7  240.0   89.0  444.0
2015   7  1  7 2000   -3.8  986.6    6.1  226.0   85.0  444.0
2015   7  1  7 2100   -3.7  986.6    6.2  206.0   90.0  444.0
2015   7  1  7 2200   -3.3  986.8    4.4  211.0   85.0  444.0
2015   7  1  7 2300   -3.1  986.7    3.8  232.0   83.0  444.0
2015   8  1  8 0000   -3.4  986.5    3.4  241.0   90.0  444.0
2015   8  1  8 0100   -3.0  986.1    4.8  232.0   86.3  444.0
2015   8  1  8 0200   -3.3  986.0    4.8  234.0   88.0  444.0
2015   8  1  8 0300   -3.2  985.8    5.0  223.0   89.0  444.0
2015   8  1  8 0400   -3.1  985.7    4.9  225.0   89.1  444.0
2015   8  1  8 0500   -3.2  985.7    4.9  202.0   92.0  444.0
2015   8  1  8 0600   -3.6  985.8    3.7  202.0   87.0  444.0
2015   8  1  8 0700   -3.7  986.2    3.2  215.0   87.0  444.0
2015   8  1  8 0800   -3.7  986.2    2.7  223.0   87.0  444.0
2015   8  1  8 0900   -3.5  986.3    2.0  258.0   88.3  444.0
2015   8  1  8 1000   -3.0  986.0    3.1  241.0   92.0  444.0
2015   8  1  8 1100   -3.3  986.0    4.4  227.0   91.0  444.0
2015   8  1  8 1200   -3.3  986.0    3.3  236.0   92.0  444.0
2015   8  1  8 1300   -3.5  986.1    4.5  239.0   89.0  444.0
2015   8  1  8 1400   -3.7  986.0    3.7  266.0   91.7  444.0
2015   8  1  8 1500   -3.7  985.9    2.8  279.0   92.0  444.0
2015   8  1  8 1600   -3.5  985.9    2.8  275.0   92.0  444.0
2015   8  1  8 1700   -3.4  985.9    2.9  283.0   91.0  444.0
2015   8  1  8 1800   -3.3  985.8    2.3  295.0   91.0  444.0
2015   8  1  8 1900   -3.1  985.9    2.0  304.0   89.7  444.0
2015   8  1  8 2000   -3.1  985.9    2.6  318.0   89.0  444.0
2015   8  1  8 2100   -3.1  986.0    3.1  323.0   89.0  444.0
2015   8  1  8 2200   -2.9  985.8    2.9  325.0   90.0  444.0
2015   8  1  8 2300   -2.6  985.7    3.3  326.0   89.9  444.0
2015   9  1  9 0000   -2.3  985.5    3.2  313.0   91.0  444.0
2015   9  1  9 0100   -1.5  985.3    4.0  318.0   87.0  444.0
2015   9  1  9 0200   -1.4  985.3    4.0  323.0   86.0  444.0
2015   9  1  9 0300   -1.5  985.1    3.8  324.0   87.0  444.0
2015   9  1  9 0400   -1.6  984.9    3.3  331.0   88.0  444.0
2015   9  1  9 0500   -1.9  984.8    3.7  329.0   89.9  444.0
2015   9  1  9 0600   -2.0  984.7    3.4  331.0   91.0  444.0
2015   9  1  9 0700   -1.9  984.6    2.8  348.0   94.0  444.0
2015   9  1  9 0800   -1.8  984.6    2.4  340.0   93.0  444.0
2015   9  1  9 0900   -1.7  984.6    2.4  306.0   93.0  444.0
2015   9  1  9 1000   -1.8  984.6    2.6  310.0   93.4  444.0
2015   9  1  9 1100   -2.7  984.6    5.1  288.0   93.4  444.0
2015   9  1  9 1200   -3.3  984.5    4.9  290.0   92.0  444.0
2015   9  1  9 1300   -4.2  984.8    5.4  295.0   92.0  444.0
2015   9  1  9 1400   -4.2  985.0    5.1  295.0   93.0  444.0
2015   9  1  9 1500   -4.7  985.1    4.6  298.0   93.0  444.0
2015   9  1  9 1600   -5.1  985.0    3.7  292.0   95.5  444.0
2015   9  1  9 1700   -4.9  984.9    2.5  295.0   92.2  444.0
2015   9  1  9 1800   -5.1  985.1    2.4  318.0   93.0  444.0
2015   9  1  9 1900   -5.1  985.4    2.7  317.0   89.0  444.0
2015   9  1  9 2000   -4.8  985.4    2.5  330.0   88.0  444.0
2015   9  1  9 2100   -4.6  985.6    2.1  342.0   89.1  444.0
2015   9  1  9 2200   -4.2  985.6    2.5  348.0   94.3  444.0
2015   9  1  9 2300   -3.4  985.6    2.8  353.0   91.0  444.0
2015  10  1 10 0000   -2.8  985.4    2.9  331.0   88.0  444.0
2015  10  1 10 0100   -2.2  985.2    1.6  318.0   87.0  444.0
2015  10  1 10 0200   -1.1  985.1    0.5  268.0   81.0  444.0
2015  10  1 10 0300   -1.3  984.8    0.9  165.0   84.7  444.0
2015  10  1 10 0400   -1.2  984.7    0.6  154.0   85.0  444.0
2015  10  1 10 0500   -1.4  984.7    0.5  101.0   83.0  444.0
2015  10  1 10 0600   -1.9  984.7    0.9  104.0   87.0  444.0
2015  10  1 10 0700   -2.3  984.6    1.3  110.0   90.0  444.0
2015  10  1 10 0800   -2.5  984.6    1.3   99.0   91.4  444.0
2015  10  1 10 0900   -2.5  984.6    0.9   61.0   92.1  444.0
2015  10  1 10 1000   -2.8  984.6    1.1   63.0   93.0  444.0
2015  10  1 10 1100   -3.1  984.5    1.7   16.0   95.0  444.0
2015  10  1 10 1200   -3.0  984.3    1.4  350.0   95.0  444.0
2015  10  1 10 1300   -3.2  984.0    1.4  350.0   95.0  444.0
2015  10  1 10 1400   -3.0  983.7    1.2  335.0   95.2  444.0
2015  10  1 10 1500   -2.1  983.6    0.0    0.0   89.0  444.0
2015  10  1 10 1600   -2.5  983.6    0.6  357.0   90.0  444.0
2015  10  1 10 1700   -2.4  983.5    1.0  346.0   91.0  444.0
2015  10  1 10 1800   -2.3  983.5    1.4  288.0   90.3  444.0
2015  10  1 10 1900   -2.4  983.4    2.3  279.0   91.9  444.0
2015  10  1 10 2000   -2.2  983.4    1.7  255.0   90.1  444.0
2015  10  1 10 2100   -1.2  983.4    0.6  306.0   88.0  444.0
2015  10  1 10 2200   -1.6  983.2    0.9  272.0   88.0  444.0
2015  10  1 10 2300   -1.5  983.1    1.0  258.0   86.0  444.0
2015  11  1 11 0000   -0.5  982.8    0.6  296.0   84.7  444.0
2015  11  1 11 0100   -1.3  982.6    1.0  276.0   85.0  444.0
2015  11  1 11 0200   -1.4  982.3    0.7  230.0   81.0  444.0
2015  11  1 11 0300  444.0  982.0    0.0    0.0   68.0  444.0
2015  11  1 11 0400   -1.2  981.7    0.8  294.0   86.0  444.0
2015  11  1 11 0500   -1.6  981.4    0.8    4.0   85.0  444.0
2015  11  1 11 0600   -2.5  981.3    1.7  303.0   91.3  444.0
2015  11  1 11 0700   -2.9  981.4    2.3  298.0   92.0  444.0
2015  11  1 11 0800   -2.9  981.3    2.4  276.0   92.0  444.0
2015  11  1 11 0900   -3.0  981.1    2.1  264.0   93.0  444.0
2015  11  1 11 1000   -3.0  981.1    1.7  158.0   92.0  444.0
2015  11  1 11 1100   -3.1  981.0    1.2  147.0   91.0  444.0
2015  11  1 11 1200   -3.0  980.9    1.0  171.0   91.0  444.0
2015  11  1 11 1300   -3.5  980.7    1.3  194.0   94.0  444.0
2015  11  1 11 1400   -4.0  980.6    2.1  193.0   93.0  444.0
2015  11  1 11 1500   -4.2  980.7    2.6  188.0   92.0  444.0
2015  11  1 11 1600   -4.6  980.8    4.2  160.0   92.0  444.0
2015  11  1 11 1700   -5.4  980.9    3.6  171.0   91.3  444.0
2015  11  1 11 1800   -5.4  980.8    4.2  170.0   90.0  444.0
2015  11  1 11 1900   -5.2  981.1    2.6  178.0   86.0  444.0
2015  11  1 11 2000   -5.0  981.3    0.5   82.0   75.0  444.0
2015  11  1 11 2100   -4.3  981.5    0.6  185.0   78.0  444.0
2015  11  1 11 2200   -3.7  981.7    2.0  170.0   81.4  444.0
2015  11  1 11 2300   -3.5  981.8    3.3  148.0   84.0  444.0
2015  12  1 12 0000   -3.3  981.9    3.4  145.0   80.0  444.0
2015  12  1 12 0100   -3.6  981.9    2.7  154.0   82.0  444.0
2015  12  1 12 0200   -3.3  982.0    2.8  155.0   80.0  444.0
2015  12  1 12 0300   -3.6  982.2    3.5  144.0   79.9  444.0
2015  12  1 12 0400   -3.9  982.3    4.1  150.0   79.0  444.0
2015  12  1 12 0500   -4.1  982.5    3.9  139.0   82.0  444.0
2015  12  1 12 0600   -4.8  982.7    4.0  141.0   83.0  444.0
2015  12  1 12 0700   -5.2  983.0    2.5  144.0   84.0  444.0
2015  12  1 12 0800   -6.8  983.2    2.6  169.0   85.0  444.0
2015  12  1 12 0900   -8.4  983.4    3.0  203.0   86.0  444.0
2015  12  1 12 1000   -9.6  983.6    2.9  201.0   85.0  444.0
2015  12  1 12 1100  -10.5  983.6    3.1  207.0   83.0  444.0
2015  12  1 12 1200  -11.6  983.9    2.7  222.0   81.0  444.0
2015  12  1 12 1300  -12.2  984.1    2.8  212.0   82.0  444.0
2015  12  1 12 1400  -12.8  984.3    2.0  213.0   79.0  444.0
2015  12  1 12 1500  -12.9  984.5    2.4  197.0   80.0  444.0
2015  12  1 12 1600  -12.8  984.5    2.4  197.0   80.0  444.0
2015  12  1 12 1700  -12.6  984.5    3.0  210.0   80.0  444.0
2015  12  1 12 1800  -11.9  984.6    2.6  226.0   78.0  444.0
2015  12  1 12 1900  -11.3  984.9    2.9  211.0   80.0  444.0
2015  12  1 12 2000  -10.8  984.9    3.3  230.0   78.0  444.0
2015  12  1 12 2100   -9.7  985.1    3.3  209.0   79.0  444.0
2015  12  1 12 2200   -8.4  985.2    2.9  201.0   76.0  444.0
2015  12  1 12 2300   -7.8  985.1    3.2  213.0   75.0  444.0
2015  13  1 13 0000   -7.3  985.0    3.5  215.0   75.6  444.0
2015  13  1 13 0100   -6.6  985.1    3.7  222.0   73.0  444.0
2015  13  1 13 0200   -5.9  984.9    4.1  205.0   71.0  444.0
2015  13  1 13 0300   -6.0  984.9    5.4  210.0   70.8  444.0
2015  13  1 13 0400   -6.4  984.8    5.0  217.0   72.2  444.0
2015  13  1 13 0500   -6.7  984.7    4.6  213.0   75.0  444.0
2015  13  1 13 0600   -7.1  984.8    5.3  202.0   76.0  444.0
2015  13  1 13 0700   -8.1  984.9    3.8  218.0   78.0  444.0
2015  13  1 13 0800   -8.7  985.1    3.7  208.0   79.3  444.0
2015  13  1 13 0900   -9.5  985.3    3.3  218.0   78.0  444.0
2015  13  1 13 1000   -9.4  985.3    3.7  215.0   74.0  444.0
2015  13  1 13 1100  -10.2  985.5    3.7  239.0   76.0  444.0
2015  13  1 13 1200   -9.8  985.3    4.9  226.0   76.0  444.0
2015  13  1 13 1300  -10.8  985.2    4.9  221.0   77.3  444.0
2015  13  1 13 1400  -11.2  985.2    3.9  203.0   76.0  444.0
2015  13  1 13 1500  -11.8  985.0    3.1  220.0   76.0  444.0
2015  13  1 13 1600  -12.0  985.0    3.3  232.0   73.0  444.0
2015  13  1 13 1700  -11.9  985.2    3.1  252.0   74.4  444.0
2015  13  1 13 1800  -10.6  985.3    2.5  215.0   74.3  444.0
2015  13  1 13 1900   -9.0  985.6    1.9  198.0   77.0  444.0
2015  13  1 13 2000   -8.3  985.7    4.5  188.0   78.0  444.0
2015  13  1 13 2100   -7.8  985.9    5.0  180.0   79.0  444.0
2015  13  1 13 2200   -7.5  986.3    4.4  178.0   77.2  444.0
2015  13  1 13 2300   -7.0  986.5    3.0  178.0   79.0  444.0
2015  14  1 14 0000   -6.6  986.8    2.7  190.0   80.0  444.0
2015  14  1 14 0100   -6.3  986.8    2.8  187.0   80.1  444.0
2015  14  1 14 0200   -6.2  986.9    3.2  188.0   80.0  444.0
2015  14  1 14 0300   -6.1  986.9    2.6  201.0   80.0  444.0
2015  14  1 14 0400   -6.5  986.9    2.7  211.0   80.0  444.0
2015  14  1 14 0500   -6.5  987.1    3.5  207.0   81.0  444.0
2015  14  1 14 0600   -6.3  987.3    4.4  199.0   79.2  444.0
2015  14  1 14 0700   -6.5  987.5    4.2  201.0   79.0  444.0
2015  14  1 14 0800   -7.6  987.9    3.3  189.0   82.0  444.0
2015  14  1 14 0900   -7.9  988.2    3.5  183.0   82.0  444.0
2015  14  1 14 1000   -8.4  988.5    2.6  177.0   81.0  444.0
2015  14  1 14 1100  -10.1  988.8    2.4  186.0   80.5  444.0
2015  14  1 14 1200  -10.0  988.9    2.9  190.0   80.0  444.0
2015  14  1 14 1300  -10.9  989.1    2.9  205.0   80.0  444.0
2015  14  1 14 1400  -11.8  989.3    2.2  195.0   78.0  444.0
2015  14  1 14 1500  -11.9  989.6    1.9  191.0   77.0  444.0
2015  14  1 14 1600  -11.5  989.9    2.1  180.0   78.2  444.0
2015  14  1 14 1700  -12.1  990.1    2.4  179.0   79.0  444.0
2015  14  1 14 1800  -11.7  990.4    2.1  165.0   79.0  444.0
2015  14  1 14 1900  -11.1  990.8    2.3  164.0   79.0  444.0
2015  14  1 14 2000  -10.7  991.1    2.8  146.0   79.3  444.0
2015  14  1 14 2100  -10.5  991.6    3.0  151.0   80.4  444.0
2015  14  1 14 2200  -10.1  992.0    2.5  144.0   80.0  444.0
2015  14  1 14 2300   -9.5  992.3    1.9  132.0   79.7  444.0
2015  15  1 15 0000   -9.2  992.4    1.8  135.0   80.0  444.0
2015  15  1 15 0100   -7.9  992.5    0.9  168.0   78.2  444.0
2015  15  1 15 0200   -8.4  992.6    1.5  164.0   79.8  444.0
2015  15  1 15 0300   -8.5  992.5    1.9  152.0   81.0  444.0
2015  15  1 15 0400   -8.5  992.6    1.6  135.0   80.5  444.0
2015  15  1 15 0500   -9.1  992.8    1.7   90.0   81.0  444.0
2015  15  1 15 0600   -9.7  993.1    1.7   97.0   80.0  444.0
2015  15  1 15 0700  -11.2  993.3    2.6   62.0   84.0  444.0
2015  15  1 15 0800  -12.4  993.5    2.1   71.0   86.0  444.0
2015  15  1 15 0900  -12.2  994.0    2.0   78.0   93.4  444.0
2015  15  1 15 1000  -12.1  994.1    1.9  111.0   88.0  444.0
2015  15  1 15 1100  -11.9  994.4    0.5  111.0   87.0  444.0
2015  15  1 15 1200  -12.1  994.6    1.0  136.0   87.0  444.0
2015  15  1 15 1300  -12.3  994.5    1.1  100.0   87.0  444.0
2015  15  1 15 1400  -12.2  994.6    1.1  103.0   86.5  444.0
2015  15  1 15 1500  -12.5  994.6    1.3   86.0   86.0  444.0
2015  15  1 15 1600  -13.0  994.7    1.9   59.0   87.0  444.0
2015  15  1 15 1700  -13.5  995.0    1.4   33.0   85.0  444.0
2015  15  1 15 1800  -13.1  995.1    1.7   47.0   83.0  444.0
2015  15  1 15 1900  -12.8  995.2    1.8   32.0   81.6  444.0
2015  15  1 15 2000  -12.0  995.3    1.7   46.0   80.0  444.0
2015  15  1 15 2100  -11.0  995.3    1.2   12.0   79.0  444.0
2015  15  1 15 2200  -12.2  995.5    2.3  342.0   80.0  444.0
2015  15  1 15 2300  -11.8  995.6    2.5  331.0   79.8  444.0
2015  16  1 16 0000  -11.9  995.5    2.1  343.0   78.6  444.0
2015  16  1 16 0100  -12.9  995.4    2.5  342.0   79.0  444.0
2015  16  1 16 0200  -12.7  995.3    2.0  346.0   78.8  444.0
2015  16  1 16 0300  -12.6  995.2    3.1  336.0   78.0  444.0
2015  16  1 16 0400  -12.5  995.0    2.9  341.0   79.0  444.0
2015  16  1 16 0500  -12.6  994.8    2.5  342.0   79.0  444.0
2015  16  1 16 0600  -12.8  994.8    2.1  337.0   79.0  444.0
2015  16  1 16 0700  -13.3  994.9    2.2  346.0   79.7  444.0
2015  16  1 16 0800  -13.5  995.0    3.2  339.0   81.0  444.0
2015  16  1 16 0900  -14.0  994.7    2.8  337.0   81.0  444.0
2015  16  1 16 1000  -14.9  995.0    3.3  326.0   81.0  444.0
2015  16  1 16 1100  -14.5  995.0    2.9  328.0   80.0  444.0
2015  16  1 16 1200  -14.3  994.9    3.3  314.0   82.2  444.0
2015  16  1 16 1300  -14.9  994.7    2.9  316.0   80.0  444.0
2015  16  1 16 1400  -15.3  994.5    2.7  313.0   80.0  444.0
2015  16  1 16 1500  -15.6  994.6    1.7  306.0   77.0  444.0
2015  16  1 16 1600  -15.2  994.5    2.5  310.0   78.0  444.0
2015  16  1 16 1700  -14.3  994.4    2.2  298.0   81.1  444.0
2015  16  1 16 1800  -13.1  994.4    2.3  275.0   84.0  444.0
2015  16  1 16 1900  -11.8  994.6    1.6  294.0   79.0  444.0
2015  16  1 16 2000  -11.0  994.7    1.5  305.0   78.0  444.0
2015  16  1 16 2100  -10.8  994.6    1.8  303.0   79.0  444.0
2015  16  1 16 2200  -10.3  994.5    2.8  288.0   80.0  444.0
2015  16  1 16 2300   -9.1  994.5    2.9  277.0   81.0  444.0
2015  17  1 17 0000   -8.7  994.5    2.8  283.0   79.0  444.0
2015  17  1 17 0100   -7.9  994.2    2.3  283.0   78.0  444.0
2015  17  1 17 0200   -7.6  993.9    2.1  294.0   78.0  444.0
2015  17  1 17 0300   -7.2  993.5    2.9  286.0   78.0  444.0
2015  17  1 17 0400   -7.5  993.2    3.8  285.0   79.0  444.0
2015  17  1 17 0500   -7.7  993.0    3.8  288.0   79.0  444.0
2015  17  1 17 0600   -8.4  993.1    3.3  301.0   80.1  444.0
2015  17  1 17 0700   -8.9  992.8    3.5  294.0   81.0  444.0
2015  17  1 17 0800   -9.7  992.5    3.0  295.0   80.0  444.0
2015  17  1 17 0900  -10.4  992.3    3.2  290.0   80.0  444.0
2015  17  1 17 1000  -11.2  992.0    2.9  293.0   79.9  444.0
2015  17  1 17 1100  -12.0  991.7    3.6  286.0   81.9  444.0
2015  17  1 17 1200  -12.6  991.4    3.4  294.0   83.0  444.0
2015  17  1 17 1300  -13.4  991.0    3.2  291.0   82.0  444.0
2015  17  1 17 1400  -13.6  990.6    3.8  294.0   82.0  444.0
2015  17  1 17 1500  -13.4  990.0    3.1  296.0   81.2  444.0
2015  17  1 17 1600  -12.6  989.7    3.1  284.0   80.2  444.0
2015  17  1 17 1700  -12.6  989.2    3.5  291.0   80.0  444.0
2015  17  1 17 1800  -12.1  988.8    3.3  295.0   79.0  444.0
2015  17  1 17 1900  -11.4  988.5    3.4  305.0   80.0  444.0
2015  17  1 17 2000  -11.2  987.9    4.2  302.0   79.0  444.0
2015  17  1 17 2100  -10.6  987.8    3.5  301.0   77.1  444.0
2015  17  1 17 2200  -10.1  987.3    4.5  306.0   78.0  444.0
2015  17  1 17 2300   -9.8  986.9    4.0  305.0   78.0  444.0
2015  18  1 18 0000   -9.7  986.4    4.4  312.0   77.0  444.0
2015  18  1 18 0100   -9.7  985.9    4.6  313.0   78.0  444.0
2015  18  1 18 0200   -9.8  985.2    5.2  306.0   78.9  444.0
2015  18  1 18 0300   -9.7  984.6    5.0  313.0   79.8  444.0
2015  18  1 18 0400   -9.7  984.3    5.0  317.0   80.3  444.0
2015  18  1 18 0500   -9.9  983.8    4.6  315.0   81.0  444.0
2015  18  1 18 0600  -10.2  983.5    4.1  317.0   82.0  444.0
2015  18  1 18 0700  -10.6  983.4    3.4  324.0   82.3  444.0
2015  18  1 18 0800  -11.2  983.1    3.7  329.0   83.0  444.0
2015  18  1 18 0900  -11.9  982.9    3.3  333.0   83.0  444.0
2015  18  1 18 1000  -12.6  982.7    3.6  334.0   82.0  444.0
2015  18  1 18 1100  -13.4  983.0    3.1  336.0   81.0  444.0
2015  18  1 18 1200  -13.9  983.0    2.6  335.0   80.0  444.0
2015  18  1 18 1300  -14.4  983.0    3.0  335.0   80.0  444.0
2015  18  1 18 1400  -15.0  982.9    2.1  334.0   80.4  444.0
2015  18  1 18 1500  -15.1  982.9    2.6  333.0   78.0  444.0
2015  18  1 18 1600  -15.2  982.8    2.4  325.0   77.0  444.0
2015  18  1 18 1700  -14.8  983.0    2.4  311.0   76.0  444.0
2015  18  1 18 1800  -13.8  983.5    1.2  299.0   73.0  444.0
2015  18  1 18 1900  -13.2  983.9    0.9  302.0   72.4  444.0
2015  18  1 18 2000  -11.8  984.2    0.9  304.0   71.0  444.0
2015  18  1 18 2100  -11.3  984.5    1.3  282.0   71.0  444.0
2015  18  1 18 2200  -10.3  984.8    1.4  291.0   71.0  444.0
2015  18  1 18 2300   -8.4  985.1    0.7  311.0   69.0  444.0
2015  19  1 19 0000   -8.2  985.4    0.7  329.0   69.4  444.0
2015  19  1 19 0100   -8.1  985.5    0.9  340.0   69.0  444.0
2015  19  1 19 0200   -8.2  985.6    0.9  253.0   73.0  444.0
2015  19  1 19 0300   -7.9  985.8    1.9  187.0   78.0  444.0
2015  19  1 19 0400   -8.9  986.0    1.9  154.0   79.2  444.0
2015  19  1 19 0500   -9.6  986.3    1.5  164.0   79.9  444.0
2015  19  1 19 0600  444.0  986.7    0.5  176.0   74.0  444.0
2015  19  1 19 0700  -10.4  986.9    2.2  186.0   80.9  444.0
2015  19  1 19 0800  -11.3  987.2    1.9  201.0   82.0  444.0
2015  19  1 19 0900  -12.5  987.5    2.4  179.0   82.0  444.0
2015  19  1 19 1000  -13.0  988.0    1.9  140.0   83.8  444.0
2015  19  1 19 1100  -13.2  988.2    1.9  183.0   81.0  444.0
2015  19  1 19 1200  -14.3  988.6    1.9  169.0   81.7  444.0
2015  19  1 19 1300  -14.8  988.8    1.9  166.0   80.0  444.0
2015  19  1 19 1400  -15.5  988.9    2.0  173.0   79.0  444.0
2015  19  1 19 1500  -15.6  989.2    1.8  162.0   79.8  444.0
2015  19  1 19 1600  -15.4  989.2    1.6  148.0   79.0  444.0
2015  19  1 19 1700  -15.2  989.7    1.3  155.0   80.4  444.0
2015  19  1 19 1800  -14.8  990.3    1.0  162.0   82.0  444.0
2015  19  1 19 1900  -14.7  990.4    0.9  128.0   85.0  444.0
2015  19  1 19 2000  -13.0  990.7    0.7  170.0   82.1  444.0
2015  19  1 19 2100  -13.1  990.7    0.8  216.0   80.7  444.0
2015  19  1 19 2200  -13.8  991.0    1.2  235.0   83.3  444.0
2015  19  1 19 2300  -13.1  991.4    1.8  253.0   83.0  444.0
2015  20  1 20 0000  -12.3  991.4    2.2  246.0   79.0  444.0
2015  20  1 20 0100  -12.1  991.4    1.9  202.0   85.0  444.0
2015  20  1 20 0200  -12.0  991.2    2.7  221.0   86.4  444.0
2015  20  1 20 0300  -11.6  990.9    3.6  249.0   84.9  444.0
2015  20  1 20 0400  -10.6  990.6    4.5  235.0   83.0  444.0
2015  20  1 20 0500  -11.2  990.6    4.3  225.0   84.0  444.0
2015  20  1 20 0600  -11.7  990.7    4.8  243.0   84.0  444.0
2015  20  1 20 0700  -11.9  990.7    4.3  235.0   84.7  444.0
2015  20  1 20 0800  -12.2  990.5    3.3  206.0   86.9  444.0
2015  20  1 20 0900  -12.1  990.4    1.7  224.0   83.0  444.0
2015  20  1 20 1000  -12.6  990.1    1.0  221.0   83.0  444.0
2015  20  1 20 1100  -13.6  990.0    1.4  256.0   87.0  444.0
2015  20  1 20 1200  -12.7  989.9    0.9  312.0   86.3  444.0
2015  20  1 20 1300  -12.2  989.7    1.6  274.0   85.8  444.0
2015  20  1 20 1400  -11.4  989.0    1.1  282.0   85.0  444.0
2015  20  1 20 1500  -11.3  988.5    0.9    6.0   85.1  444.0
2015  20  1 20 1600  -10.8  988.1    2.4  333.0   86.0  444.0
2015  20  1 20 1700  -10.9  987.6    3.1  330.0   85.0  444.0
2015  20  1 20 1800  -10.3  987.1    2.7  349.0   85.5  444.0
2015  20  1 20 1900   -9.8  986.9    4.3  325.0   85.2  444.0
2015  20  1 20 2000   -9.0  986.5    2.1  334.0   85.6  444.0
2015  20  1 20 2100   -8.2  985.9    3.2  329.0   86.0  444.0
2015  20  1 20 2200   -8.2  985.3    2.9  348.0   82.0  444.0
2015  20  1 20 2300   -9.0  984.9    3.7  354.0   79.6  444.0
2015  21  1 21 0000   -8.9  984.3    3.9  356.0   81.5  444.0
2015  21  1 21 0100   -8.6  983.8    3.4  350.0   84.6  444.0
2015  21  1 21 0200   -8.7  983.1    3.0   13.0   86.0  444.0
2015  21  1 21 0300   -8.6  982.5    3.0   16.0   86.3  444.0
2015  21  1 21 0400   -8.7  981.8    2.8   45.0   87.0  444.0
2015  21  1 21 0500   -8.9  981.4    2.9   65.0   87.0  444.0
2015  21  1 21 0600   -9.2  981.0    2.7   62.0   87.6  444.0
2015  21  1 21 0700   -9.7  980.6    2.3   86.0   88.0  444.0
2015  21  1 21 0800   -9.2  980.4    2.4   72.0   88.0  444.0
2015  21  1 21 0900   -8.6  980.0    2.6   59.0   88.0  444.0
2015  21  1 21 1000   -8.6  979.6    2.9   97.0   89.7  444.0
2015  21  1 21 1100   -8.8  979.2    3.4   79.0   89.8  444.0
2015  21  1 21 1200   -8.9  978.9    3.2   81.0   89.0  444.0
2015  21  1 21 1300   -9.1  978.8    3.7   89.0   88.0  444.0
2015  21  1 21 1400  -10.1  978.7    2.7  107.0   88.0  444.0
2015  21  1 21 1500  -10.3  978.4    2.8  126.0   88.0  444.0
2015  21  1 21 1600   -9.8  978.1    3.0  125.0   87.7  444.0
2015  21  1 21 1700   -9.9  977.9    3.1  124.0   87.0  444.0
2015  21  1 21 1800   -9.9  978.1    2.0  138.0   85.7  444.0
2015  21  1 21 1900   -9.9  978.1    2.2  148.0   86.0  444.0
2015  21  1 21 2000   -9.9  977.9    2.4  176.0   84.0  444.0
2015  21  1 21 2100  -10.0  977.8    2.7  167.0   86.0  444.0
2015  21  1 21 2200   -9.7  977.6    2.8  162.0   82.0  444.0
2015  21  1 21 2300  -10.6  977.6    2.5  178.0   83.3  444.0
2015  22  1 22 0000  -11.2  977.3    2.8  195.0   80.0  444.0
2015  22  1 22 0100  -11.3  977.2    3.4  192.0   81.0  444.0
2015  22  1 22 0200  -12.4  976.9    4.1  178.0   83.0  444.0
2015  22  1 22 0300  -12.8  976.6    2.9  196.0   81.0  444.0
2015  22  1 22 0400  -12.8  976.0    2.6  226.0   77.9  444.0
2015  22  1 22 0500  -12.7  976.0    3.4  204.0   81.0  444.0
2015  22  1 22 0600  -13.5  976.0    3.5  210.0   81.0  444.0
2015  22  1 22 0700  -12.8  976.1    3.7  149.0   80.0  444.0
2015  22  1 22 0800  -13.8  976.0    3.3  169.0   79.0  444.0
2015  22  1 22 0900  -14.5  975.7    2.7  218.0   76.7  444.0
2015  22  1 22 1000  -13.4  975.4    2.9  234.0   82.0  444.0
2015  22  1 22 1100  -12.3  975.4    4.4  235.0   82.0  444.0
2015  22  1 22 1200  -12.5  975.3    5.5  181.0   79.0  444.0
2015  22  1 22 1300  -15.5  975.4    4.1  189.0   82.0  444.0
2015  22  1 22 1400  -13.9  975.6    4.2  160.0   84.0  444.0
2015  22  1 22 1500  -14.2  975.6    5.0  175.0   83.0  444.0
2015  22  1 22 1600  -13.5  975.7    6.7  129.0   83.1  444.0
2015  22  1 22 1700  -13.4  975.9    6.8  123.0   83.0  444.0
2015  22  1 22 1800  -13.2  976.6    6.1  123.0   83.0  444.0
2015  22  1 22 1900  -11.6  977.2    2.8   71.0   76.0  444.0
2015  22  1 22 2000  -12.7  978.0    2.4   62.0   79.8  444.0
2015  22  1 22 2100  -11.5  978.6    3.3   46.0   78.2  444.0
2015  22  1 22 2200  -10.3  978.9    3.1   82.0   74.0  444.0
2015  22  1 22 2300  -11.0  979.3    3.7   91.0   80.0  444.0
2015  23  1 23 0000  -14.3  979.6    3.4   89.0   79.0  444.0
2015  23  1 23 0100  -13.1  979.8    3.6  105.0   77.9  444.0
2015  23  1 23 0200  -12.6  979.9    2.5  114.0   78.0  444.0
2015  23  1 23 0300  -12.4  980.0    2.6  157.0   78.0  444.0
2015  23  1 23 0400  -12.3  979.9    2.9  183.0   79.3  444.0
2015  23  1 23 0500  -13.6  979.7    2.4  203.0   79.0  444.0
2015  23  1 23 0600  -13.5  979.5    2.7  226.0   76.6  444.0
2015  23  1 23 0700  -13.6  979.3    3.6  250.0   79.0  444.0
2015  23  1 23 0800  -15.2  978.9    3.9  248.0   82.0  444.0
2015  23  1 23 0900  -14.1  978.4    4.0  260.0   82.0  444.0
2015  23  1 23 1000  -13.0  977.8    4.2  253.0   80.0  444.0
2015  23  1 23 1100  -13.7  977.3    3.9  276.0   83.0  444.0
2015  23  1 23 1200  -11.7  976.8    5.9  261.0   84.0  444.0
2015  23  1 23 1300   -9.7  976.5    4.5  247.0   85.0  444.0
2015  23  1 23 1400  -11.5  976.3    4.1  163.0   82.0  444.0
2015  23  1 23 1500  -12.3  976.3    4.0  171.0   81.0  444.0
2015  23  1 23 1600  -11.2  976.2    5.2  148.0   83.0  444.0
2015  23  1 23 1700  -11.7  976.2    5.5  134.0   79.0  444.0
2015  23  1 23 1800  -13.5  976.5    3.9  169.0   78.0  444.0
2015  23  1 23 1900  -13.0  976.4    4.2  165.0   74.3  444.0
2015  23  1 23 2000  -12.0  976.1    1.9  160.0   77.0  444.0
2015  23  1 23 2100   -9.5  975.7    4.6  162.0   83.0  444.0
2015  23  1 23 2200   -9.0  975.8    5.0  168.0   83.0  444.0
2015  23  1 23 2300   -8.5  975.8    3.9  182.0   80.4  444.0
2015  24  1 24 0000   -7.6  975.6    3.8  179.0   81.0  444.0
2015  24  1 24 0100   -7.1  975.7    5.4  174.0   81.0  444.0
2015  24  1 24 0200   -6.9  975.6    6.4  169.0   81.0  444.0
2015  24  1 24 0300   -6.8  975.6    5.2  175.0   81.6  444.0
2015  24  1 24 0400   -6.6  975.4    5.8  175.0   82.3  444.0
2015  24  1 24 0500   -6.5  975.4    6.3  171.0   83.0  444.0
2015  24  1 24 0600   -6.9  975.6    5.2  183.0   84.0  444.0
2015  24  1 24 0700   -8.0  975.8    5.1  194.0   85.0  444.0
2015  24  1 24 0800   -7.9  975.7    5.6  188.0   86.0  444.0
2015  24  1 24 0900   -8.8  975.9    4.5  194.0   85.1  444.0
2015  24  1 24 1000   -8.6  975.6    5.0  192.0   85.0  444.0
2015  24  1 24 1100   -8.4  975.2    6.1  183.0   84.0  444.0
2015  24  1 24 1200   -8.2  975.1    6.3  184.0   83.0  444.0
2015  24  1 24 1300   -7.5  975.3    6.3  169.0   84.0  444.0
2015  24  1 24 1400   -8.7  975.6    6.5  161.0   84.1  444.0
2015  24  1 24 1500  -11.2  976.2    7.6  152.0   85.0  444.0
2015  24  1 24 1600  -11.4  977.0    9.6  124.0   82.0  444.0
2015  24  1 24 1700  -13.7  977.9    5.8  123.0   80.0  444.0
2015  24  1 24 1800  -10.8  978.5    6.9  130.0   84.0  444.0
2015  24  1 24 1900   -9.8  978.8    7.6  105.0   82.2  444.0
2015  24  1 24 2000   -9.6  979.6    6.8  113.0   81.7  444.0
2015  24  1 24 2100   -9.4  980.0    5.7   96.0   82.0  444.0
2015  24  1 24 2200   -9.3  980.0    5.8  127.0   81.0  444.0
2015  24  1 24 2300   -9.3  980.0    5.2  124.0   82.0  444.0
2015  25  1 25 0000   -9.4  980.2    6.4  141.0   81.0  444.0
2015  25  1 25 0100  -10.4  980.4    6.9  138.0   80.8  444.0
2015  25  1 25 0200  -11.0  980.3    6.7  143.0   80.0  444.0
2015  25  1 25 0300  -10.8  980.2    5.5  143.0   81.0  444.0
2015  25  1 25 0400  -11.5  980.0    4.8  144.0   81.0  444.0
2015  25  1 25 0500  -11.7  979.9    4.9  159.0   81.0  444.0
2015  25  1 25 0600  -12.4  980.1    4.9  160.0   81.0  444.0
2015  25  1 25 0700  -11.9  980.1    4.5  161.0   81.8  444.0
2015  25  1 25 0800  -12.3  980.0    4.5  162.0   84.0  444.0
2015  25  1 25 0900  -12.7  979.9    4.8  154.0   84.0  444.0
2015  25  1 25 1000  -12.9  979.8    3.9  150.0   84.0  444.0
2015  25  1 25 1100  -14.0  980.1    4.1  153.0   82.0  444.0
2015  25  1 25 1200  -15.1  980.3    4.5  158.0   80.8  444.0
2015  25  1 25 1300  -14.0  980.5    5.4  157.0   83.8  444.0
2015  25  1 25 1400  -12.5  980.5    5.5  148.0   82.0  444.0
2015  25  1 25 1500  -12.1  980.5    5.5  143.0   83.0  444.0
2015  25  1 25 1600  -10.8  980.7    5.9  137.0   83.0  444.0
2015  25  1 25 1700  -10.3  980.9    5.6  134.0   82.8  444.0
2015  25  1 25 1800  -10.2  981.0    4.0  147.0   82.1  444.0
2015  25  1 25 1900  -10.1  981.2    4.1  150.0   81.0  444.0
2015  25  1 25 2000   -9.4  981.1    3.2  159.0   78.0  444.0
2015  25  1 25 2100   -8.8  980.9    2.5  176.0   77.0  444.0
2015  25  1 25 2200   -9.1  980.8    1.7  215.0   78.0  444.0
2015  25  1 25 2300   -8.9  980.6    2.0  281.0   79.5  444.0
2015  26  1 26 0000   -9.4  980.3    3.6  256.0   79.0  444.0
2015  26  1 26 0100   -9.3  979.5    4.4  274.0   81.0  444.0
2015  26  1 26 0200   -8.3  978.9    5.8  260.0   78.0  444.0
2015  26  1 26 0300   -7.7  978.5    5.6  252.0   81.0  444.0
2015  26  1 26 0400   -6.8  977.9    4.1  232.0   82.9  444.0
2015  26  1 26 0500   -6.8  978.1    4.2  175.0   84.0  444.0
2015  26  1 26 0600   -7.4  978.1    5.6  160.0   82.0  444.0
2015  26  1 26 0700   -8.3  978.4    4.0  159.0   84.2  444.0
2015  26  1 26 0800  -10.9  978.7    3.7  164.0   86.0  444.0
2015  26  1 26 0900  -10.8  978.9    4.0  172.0   85.0  444.0
2015  26  1 26 1000  -10.5  979.1    4.4  158.0   87.0  444.0
2015  26  1 26 1100  -10.8  979.6    4.0  164.0   88.0  444.0
2015  26  1 26 1200  -12.0  980.1    4.4  140.0   87.0  444.0
2015  26  1 26 1300  -12.7  980.8    4.3  112.0   88.0  444.0
2015  26  1 26 1400  -10.3  981.7    4.7   95.0   89.0  444.0
2015  26  1 26 1500   -8.9  982.4    4.8   94.0   89.0  444.0
2015  26  1 26 1600   -8.8  982.9    5.4   89.0   89.0  444.0
2015  26  1 26 1700   -9.7  983.5    4.8   90.0   88.0  444.0
2015  26  1 26 1800  -10.0  984.2    3.8   91.0   84.0  444.0
2015  26  1 26 1900  -10.5  984.7    3.0   85.0   85.0  444.0
2015  26  1 26 2000  -10.0  984.9    3.2   67.0   80.0  444.0
2015  26  1 26 2100   -9.1  985.2    1.9  119.0   77.0  444.0
2015  26  1 26 2200   -8.4  985.2    1.5   68.0   74.0  444.0
2015  26  1 26 2300  444.0  985.1    0.2  162.0   69.1  444.0
2015  27  1 27 0000   -7.8  985.0    1.5  236.0   70.0  444.0
2015  27  1 27 0100   -7.3  984.7    2.3  233.0   79.0  444.0
2015  27  1 27 0200   -7.3  984.0    3.9  203.0   85.0  444.0
2015  27  1 27 0300   -8.5  983.5    5.3  216.0   89.0  444.0
2015  27  1 27 0400   -9.4  982.9    4.6  216.0   86.8  444.0
2015  27  1 27 0500  -10.3  982.2    4.4  233.0   86.0  444.0
2015  27  1 27 0600  -10.9  981.4    4.4  253.0   83.0  444.0
2015  27  1 27 0700  -10.8  980.6    3.0  221.0   80.0  444.0
2015  27  1 27 0800  -10.6  980.4    3.4  187.0   84.0  444.0
2015  27  1 27 0900  -12.3  980.0    3.3  191.0   84.5  444.0
2015  27  1 27 1000  -12.8  979.8    3.7  146.0   83.6  444.0
2015  27  1 27 1100  -14.6  980.0    4.1  154.0   83.0  444.0
2015  27  1 27 1200  -15.9  980.4    4.2  118.0   84.0  444.0
2015  27  1 27 1300  -16.0  980.5    3.7  144.0   90.0  444.0
2015  27  1 27 1400  -12.9  980.4    2.0  160.0   88.3  444.0
2015  27  1 27 1500  -11.1  980.0    4.2  119.0   88.4  444.0
2015  27  1 27 1600  -11.8  980.2    4.3  146.0   87.0  444.0
2015  27  1 27 1700  -11.9  980.1    3.9  166.0   86.0  444.0
2015  27  1 27 1800  -12.5  980.0    3.7  166.0   85.0  444.0
2015  27  1 27 1900  -12.3  979.9    3.6  186.0   86.0  444.0
2015  27  1 27 2000  -12.3  979.6    4.0  195.0   83.3  444.0
2015  27  1 27 2100  -12.9  979.3    3.0  215.0   78.0  444.0
2015  27  1 27 2200  -10.3  979.1    3.4  187.0   76.0  444.0
2015  27  1 27 2300   -9.3  979.0    3.8  183.0   76.0  444.0
2015  28  1 28 0000   -8.7  978.9    3.2  182.0   76.0  444.0
2015  28  1 28 0100   -9.3  978.8    2.5  188.0   76.0  444.0
2015  28  1 28 0200   -9.6  978.6    3.0  203.0   77.5  444.0
2015  28  1 28 0300   -8.9  978.3    3.4  191.0   79.0  444.0
2015  28  1 28 0400   -8.6  978.1    3.5  194.0   79.0  444.0
2015  28  1 28 0500   -8.7  978.0    3.9  184.0   80.0  444.0
2015  28  1 28 0600   -8.9  978.0    4.3  181.0   81.0  444.0
2015  28  1 28 0700   -9.3  978.0    3.8  204.0   81.5  444.0
2015  28  1 28 0800   -8.4  977.9    4.9  191.0   81.0  444.0
2015  28  1 28 0900   -7.6  977.5    6.0  185.0   80.0  444.0
2015  28  1 28 1000   -8.6  977.4    4.6  191.0   82.0  444.0
2015  28  1 28 1100   -8.6  977.3    5.7  182.0   82.0  444.0
2015  28  1 28 1200   -9.9  977.3    5.6  184.0   83.6  444.0
2015  28  1 28 1300   -9.4  977.4    5.4  170.0   82.1  444.0
2015  28  1 28 1400  -10.7  977.5    4.4  190.0   82.0  444.0
2015  28  1 28 1500  -10.6  977.7    4.6  176.0   81.0  444.0
2015  28  1 28 1600   -9.8  977.9    5.4  164.0   81.0  444.0
2015  28  1 28 1700   -9.1  978.2    6.1  159.0   79.4  444.0
2015  28  1 28 1800   -9.0  978.5    6.0  165.0   79.0  444.0
2015  28  1 28 1900   -8.1  978.7    6.0  167.0   76.0  444.0
2015  28  1 28 2000   -7.6  978.5    6.7  176.0   75.0  444.0
2015  28  1 28 2100   -7.5  978.6    6.4  182.0   77.0  444.0
2015  28  1 28 2200   -6.8  978.4    6.8  173.0   78.0  444.0
2015  28  1 28 2300   -6.6  978.3    6.5  170.0   79.0  444.0
2015  29  1 29 0000   -6.9  978.3    6.2  160.0   79.5  444.0
2015  29  1 29 0100   -8.1  978.2    6.1  150.0   80.0  444.0
2015  29  1 29 0200   -8.7  978.2    5.5  156.0   80.0  444.0
2015  29  1 29 0300   -8.4  978.0    4.3  160.0   80.2  444.0
2015  29  1 29 0400   -8.3  977.8    4.0  158.0   81.0  444.0
2015  29  1 29 0500   -9.1  977.7    3.9  139.0   81.3  444.0
2015  29  1 29 0600  -10.0  977.8    2.8  152.0   82.0  444.0
2015  29  1 29 0700  -10.5  977.7    3.2  173.0   83.0  444.0
2015  29  1 29 0800  -10.5  977.4    3.9  173.0   85.3  444.0
2015  29  1 29 0900  -10.3  977.2    4.3  174.0   84.0  444.0
2015  29  1 29 1000  -10.6  977.0    5.0  167.0   85.7  444.0
2015  29  1 29 1100  -13.2  976.9    3.9  175.0   88.0  444.0
2015  29  1 29 1200  -13.0  976.8    4.5  161.0   85.0  444.0
2015  29  1 29 1300  -13.0  976.9    4.3  164.0   82.0  444.0
2015  29  1 29 1400  -14.5  976.9    3.4  190.0   81.0  444.0
2015  29  1 29 1500  -12.8  976.6    4.9  178.0   81.0  444.0
2015  29  1 29 1600  -11.7  976.4    5.3  181.0   79.0  444.0
2015  29  1 29 1700  -12.0  976.2    4.4  184.0   78.0  444.0
2015  29  1 29 1800  -11.4  975.9    4.6  188.0   77.0  444.0
2015  29  1 29 1900  -10.6  975.6    3.8  191.0   77.0  444.0
2015  29  1 29 2000   -8.6  975.2    4.5  185.0   74.3  444.0
2015  29  1 29 2100   -8.3  974.8    7.1  163.0   74.0  444.0
2015  29  1 29 2200   -8.2  974.6    5.9  162.0   75.0  444.0
2015  29  1 29 2300   -8.0  974.3    7.9  154.0   75.0  444.0
2015  30  1 30 0000   -8.0  974.2    7.7  156.0   76.0  444.0
2015  30  1 30 0100   -8.1  974.1    7.5  154.0   77.3  444.0
2015  30  1 30 0200   -7.8  974.0    7.1  156.0   78.0  444.0
2015  30  1 30 0300   -7.7  973.6    6.6  154.0   77.8  444.0
2015  30  1 30 0400   -7.5  973.5    5.5  169.0   76.0  444.0
2015  30  1 30 0500   -7.4  973.3    7.7  153.0   76.0  444.0
2015  30  1 30 0600   -7.7  973.1    6.1  166.0   77.3  444.0
2015  30  1 30 0700   -7.4  972.8    6.4  175.0   80.0  444.0
2015  30  1 30 0800   -7.5  972.7    8.0  170.0   78.8  444.0
2015  30  1 30 0900   -8.0  972.5    7.8  172.0   81.0  444.0
2015  30  1 30 1000   -8.1  972.1    8.7  170.0   82.0  444.0
2015  30  1 30 1100   -8.6  972.1    8.2  167.0   82.9  444.0
2015  30  1 30 1200   -8.5  971.8    9.1  169.0   84.0  444.0
2015  30  1 30 1300   -8.3  971.7    9.8  170.0   85.5  444.0
2015  30  1 30 1400   -8.4  971.6   11.0  165.0   84.0  444.0
2015  30  1 30 1500   -8.2  971.4   10.4  160.0   84.0  444.0
2015  30  1 30 1600   -7.6  971.3   10.6  158.0   84.0  444.0
2015  30  1 30 1700   -7.7  971.1   10.8  157.0   85.0  444.0
2015  30  1 30 1800   -7.9  971.2   10.1  156.0   84.4  444.0
2015  30  1 30 1900   -7.8  971.2   10.7  152.0   84.0  444.0
2015  30  1 30 2000   -7.7  971.3   10.2  150.0   84.0  444.0
2015  30  1 30 2100   -7.5  971.3   10.8  137.0   81.0  444.0
2015  30  1 30 2200   -8.2  972.0    9.6  132.0   79.0  444.0
2015  30  1 30 2300   -7.9  972.6    8.5  128.0   80.9  444.0
2015  31  1 31 0000   -7.5  973.0    8.4  135.0   78.0  444.0
2015  31  1 31 0100   -7.2  973.2    6.5  134.0   77.0  444.0
2015  31  1 31 0200   -6.4  972.8    4.6  131.0   81.0  444.0
2015  31  1 31 0300   -7.0  973.0    7.6  126.0   79.0  444.0
2015  31  1 31 0400   -7.6  973.1    4.7  130.0   80.7  444.0
2015  31  1 31 0500   -6.3  973.1   10.0  136.0   85.0  444.0
2015  31  1 31 0600   -7.0  973.5   11.1  138.0   85.4  444.0
2015  31  1 31 0700   -7.5  973.7   10.1  136.0   84.0  444.0
2015  31  1 31 0800   -7.7  973.6   10.0  138.0   85.0  444.0
2015  31  1 31 0900   -8.0  973.5    9.6  144.0   84.4  444.0
2015  31  1 31 1000   -8.6  973.9    6.8  153.0   83.0  444.0
2015  31  1 31 1100   -8.9  973.5    8.0  154.0   83.4  444.0
2015  31  1 31 1200   -9.2  973.4    8.1  157.0   84.0  444.0
2015  31  1 31 1300   -9.3  973.3    8.1  154.0   84.0  444.0
2015  31  1 31 1400   -9.3  972.8    9.5  151.0   84.0  444.0
2015  31  1 31 1500   -9.4  972.4    8.8  148.0   84.0  444.0
2015  31  1 31 1600   -9.3  972.2    9.1  149.0   84.3  444.0
2015  31  1 31 1700   -9.0  972.0    9.9  143.0   84.0  444.0
2015  31  1 31 1800   -9.0  972.2   10.1  142.0   84.0  444.0
2015  31  1 31 1900   -8.8  972.6   10.3  134.0   84.0  444.0
2015  31  1 31 2000   -8.6  972.8   10.3  131.0   83.0  444.0
2015  31  1 31 2100   -8.3  973.1    9.4  129.0   82.7  444.0
2015  31  1 31 2200   -8.1  973.6    9.1  124.0   82.2  444.0
2015  31  1 31 2300   -7.8  973.9    7.8  131.0   82.0  444.0
