Year: 2018  Month: 05  ID: LET  ARGOS:  8928  Name: Lettau              
Lat: 82.49S  Lon: 174.58W  Elev:   39m
2018 121  5  1 0000  -38.6  975.4    4.5  130.0   70.0  444.0
2018 121  5  1 0100  -39.2  975.7    5.6  128.0   69.0  444.0
2018 121  5  1 0200  -40.1  976.0    5.8  137.0   69.0  444.0
2018 121  5  1 0300  -39.6  976.2    6.1  142.0   69.0  444.0
2018 121  5  1 0400  -39.0  976.5    5.9  135.0   70.0  444.0
2018 121  5  1 0500  -37.8  976.7    5.7  158.0   70.0  444.0
2018 121  5  1 0600  -36.4  977.0    6.0  152.0   70.9  444.0
2018 121  5  1 0700  -34.4  977.0    5.5  143.0   72.0  444.0
2018 121  5  1 0800  -32.5  977.1    5.7  142.0   73.0  444.0
2018 121  5  1 0900  -31.2  977.4    5.4  135.0   74.0  444.0
2018 121  5  1 1000  -30.8  977.7    4.7  144.0   74.0  444.0
2018 121  5  1 1100  -30.6  977.5    4.6  141.0   75.0  444.0
2018 121  5  1 1200  -30.6  977.4    4.2  146.0   75.0  444.0
2018 121  5  1 1300  -30.6  977.5    4.5  145.0   75.0  444.0
2018 121  5  1 1400  -30.5  977.2    4.5  138.0   74.6  444.0
2018 121  5  1 1500  -30.5  976.5    3.6  140.0   75.0  444.0
2018 121  5  1 1600  -30.2  976.4    2.2  134.0   75.0  444.0
2018 121  5  1 1700  -29.9  976.1    2.5  144.0   75.0  444.0
2018 121  5  1 1800  -29.7  975.9    2.0  126.0   75.0  444.0
2018 121  5  1 1900  -29.7  975.5    2.3  154.0   75.2  444.0
2018 121  5  1 2000  -29.7  975.0    1.6  170.0   75.0  444.0
2018 121  5  1 2100  -29.8  974.8    1.5  192.0   79.0  444.0
2018 121  5  1 2200  -30.1  974.2    2.6  193.0   74.9  444.0
2018 121  5  1 2300  -30.8  974.1    2.8  178.0   75.0  444.0
2018 122  5  2 0000  -30.9  973.8    1.5  191.0   74.0  444.0
2018 122  5  2 0100  -30.9  973.3    2.0  192.0   74.0  444.0
2018 122  5  2 0200  -31.2  973.0    2.3  173.0   74.0  444.0
2018 122  5  2 0300  -32.3  972.8    2.4  190.0   73.5  444.0
2018 122  5  2 0400  -33.0  972.3    1.4  223.0   73.0  444.0
2018 122  5  2 0500  -37.7  971.8    3.0  214.0   70.0  444.0
2018 122  5  2 0600  -39.5  971.7    2.5  217.0   69.0  444.0
2018 122  5  2 0700  -40.0  971.1    2.1  239.0   68.9  444.0
2018 122  5  2 0800  -39.6  970.4    2.9  234.0   69.0  444.0
2018 122  5  2 0900  -39.8  970.0    2.6  216.0   69.0  444.0
2018 122  5  2 1000  -40.4  969.5    2.5  202.0   69.0  444.0
2018 122  5  2 1100  -41.0  969.4    2.4  198.0   68.0  444.0
2018 122  5  2 1200  -40.3  968.9    3.2  195.0   68.6  444.0
2018 122  5  2 1300  -40.3  969.0    3.2  188.0   69.0  444.0
2018 122  5  2 1400  -40.1  968.5    3.3  192.0   68.7  444.0
2018 122  5  2 1500  -39.4  968.4    3.8  188.0   69.0  444.0
2018 122  5  2 1600  -39.7  968.0    3.1  201.0   69.0  444.0
2018 122  5  2 1700  -38.7  967.3    3.1  194.0   69.0  444.0
2018 122  5  2 1800  -37.6  966.9    3.7  201.0   70.0  444.0
2018 122  5  2 1900  -36.9  966.2    3.5  214.0   70.0  444.0
2018 122  5  2 2000  -36.7  966.1    3.6  194.0   70.0  444.0
2018 122  5  2 2100  -36.1  966.0    4.3  195.0   70.7  444.0
2018 122  5  2 2200  -36.9  966.6    4.7  148.0   70.0  444.0
2018 122  5  2 2300  -39.1  967.1    3.7  168.0   69.0  444.0
2018 123  5  3 0000  -39.3  967.5    3.5  170.0   69.0  444.0
2018 123  5  3 0100  -39.9  967.5    3.0  174.0   68.0  444.0
2018 123  5  3 0200  -39.7  968.1    2.6  172.0   68.3  444.0
2018 123  5  3 0300  -40.7  968.0    3.4  177.0   68.0  444.0
2018 123  5  3 0400  -40.8  968.2    2.3  198.0   68.0  444.0
2018 123  5  3 0500  -40.4  967.8    2.4  197.0   68.0  444.0
2018 123  5  3 0600  -39.8  968.1    2.8  202.0   68.5  444.0
2018 123  5  3 0700  -37.0  968.2    3.5  193.0   69.9  444.0
2018 123  5  3 0800  -32.4  968.3    4.7  177.0   73.0  444.0
2018 123  5  3 0900  -29.8  968.2    5.8  168.0   74.0  444.0
2018 123  5  3 1000  -29.9  968.4    5.7  165.0   74.0  444.0
2018 123  5  3 1100  -32.4  968.9    3.7  176.0   73.0  444.0
2018 123  5  3 1200  -37.4  969.3    4.8  114.0   70.0  444.0
2018 123  5  3 1300  -40.5  970.8    7.0  134.0   68.0  444.0
2018 123  5  3 1400  -40.0  971.9    9.2  132.0   69.0  444.0
2018 123  5  3 1500  -40.6  973.4    6.4  136.0   68.0  444.0
2018 123  5  3 1600  -38.6  974.0    6.4  146.0   70.0  444.0
2018 123  5  3 1700  -37.1  974.4    5.8  156.0   70.0  444.0
2018 123  5  3 1800  -36.5  974.3    6.1  146.0   70.0  444.0
2018 123  5  3 1900  -37.4  974.4    6.0  134.0   70.0  444.0
2018 123  5  3 2000  -37.7  974.7    7.0  136.0   70.0  444.0
2018 123  5  3 2100  -39.6  975.6    6.5  129.0   69.0  444.0
2018 123  5  3 2200  -40.7  976.0    6.0  131.0   68.0  444.0
2018 123  5  3 2300  -40.6  976.7    7.3  117.0   68.0  444.0
2018 124  5  4 0000  -39.9  977.4    5.8  116.0   69.0  444.0
2018 124  5  4 0100  -39.2  978.2    6.1  125.0   69.0  444.0
2018 124  5  4 0200  -38.3  978.8    5.8  126.0   70.0  444.0
2018 124  5  4 0300  -37.2  979.4    5.0  138.0   70.0  444.0
2018 124  5  4 0400  -36.7  979.8    5.1  148.0   70.0  444.0
2018 124  5  4 0500  -37.7  980.2    4.8  149.0   70.0  444.0
2018 124  5  4 0600  -38.6  980.6    4.0  150.0   69.2  444.0
2018 124  5  4 0700  -40.4  980.9    4.1  138.0   68.0  444.0
2018 124  5  4 0800  -41.3  981.2    3.0  155.0   68.0  444.0
2018 124  5  4 0900  -41.1  981.3    2.8  133.0   68.0  444.0
2018 124  5  4 1000  -41.6  981.3    2.1  144.0   68.0  444.0
2018 124  5  4 1100  -41.7  981.6    1.9  148.0   67.5  444.0
2018 124  5  4 1200  -42.0  981.8    1.9  164.0   67.3  444.0
2018 124  5  4 1300  -42.4  982.3    1.6  182.0   67.0  444.0
2018 124  5  4 1400  -42.5  982.1    1.8  238.0   67.0  444.0
2018 124  5  4 1500  -42.7  982.2    1.0  227.0   67.0  444.0
2018 124  5  4 1600  -41.2  981.8    2.1  218.0   67.7  444.0
2018 124  5  4 1700  -41.1  982.2    0.9  235.0   67.7  444.0
2018 124  5  4 1800  -41.0  982.2    1.0  300.0   67.6  444.0
2018 124  5  4 1900  -40.8  982.5    1.1  215.0   68.0  444.0
2018 124  5  4 2000  -41.4  982.6    1.3  197.0   67.0  444.0
2018 124  5  4 2100  -41.0  982.7    1.9  220.0   67.0  444.0
2018 124  5  4 2200  -39.9  982.6    1.6  200.0   68.0  444.0
2018 124  5  4 2300  -40.5  983.1    1.8  219.0   67.8  444.0
2018 125  5  5 0000  -40.7  982.8    2.2  209.0   67.0  444.0
2018 125  5  5 0100  -42.3  983.3    2.5  189.0   67.0  444.0
2018 125  5  5 0200  -43.7  983.6    2.2  156.0   66.0  444.0
2018 125  5  5 0300  -44.4  983.5    2.8  150.0   66.0  444.0
2018 125  5  5 0400  -45.3  983.5    2.5  180.0   65.3  444.0
2018 125  5  5 0500  -45.1  984.4    2.7  175.0   66.0  444.0
2018 125  5  5 0600  -45.5  984.2    3.0  190.0   65.0  444.0
2018 125  5  5 0700  -46.1  984.2    2.2  180.0   65.0  444.0
2018 125  5  5 0800  -44.6  984.5    2.6  135.0   66.0  444.0
2018 125  5  5 0900  -43.8  984.5    2.3  130.0   66.0  444.0
2018 125  5  5 1000  -44.2  984.8    1.6  172.0   66.0  444.0
2018 125  5  5 1100  -45.7  984.9    2.3  180.0   65.2  444.0
2018 125  5  5 1200  -45.9  985.4    1.7  241.0   65.0  444.0
2018 125  5  5 1300  -47.0  985.3    1.9  223.0   64.0  444.0
2018 125  5  5 1400  -47.3  985.0    1.7  228.0   64.0  444.0
2018 125  5  5 1500  -47.2  984.9    1.7  240.0   64.2  444.0
2018 125  5  5 1600  -46.8  984.8    2.0  232.0   64.0  444.0
2018 125  5  5 1700  -46.8  984.3    1.8  243.0   64.0  444.0
2018 125  5  5 1800  -46.4  983.8    1.5  252.0   65.0  444.0
2018 125  5  5 1900  -45.7  983.8    1.3  262.0   65.0  444.0
2018 125  5  5 2000  -44.1  983.4    2.4  195.0   65.4  444.0
2018 125  5  5 2100  -44.7  983.2    2.0  184.0   65.5  444.0
2018 125  5  5 2200  -45.5  983.2    2.2  231.0   65.0  444.0
2018 125  5  5 2300  -45.2  982.9    2.4  170.0   65.0  444.0
2018 126  5  6 0000  -46.1  983.0    0.4  193.0   64.0  444.0
2018 126  5  6 0100  -45.8  982.4    1.3  154.0   64.0  444.0
2018 126  5  6 0200  -48.0  982.2    1.3  174.0   63.7  444.0
2018 126  5  6 0300  -48.3  981.8    1.3  201.0   63.0  444.0
2018 126  5  6 0400  -47.6  981.4    2.0  152.0   63.0  444.0
2018 126  5  6 0500  -48.4  981.2    0.8  171.0   63.0  444.0
2018 126  5  6 0600  -47.7  980.7    0.5  122.0   64.0  444.0
2018 126  5  6 0700  -48.9  980.4    0.1  139.0   63.0  444.0
2018 126  5  6 0800  -48.3  979.8    0.5   65.0   63.0  444.0
2018 126  5  6 0900  -48.4  979.8    1.1  290.0   63.0  444.0
2018 126  5  6 1000  -48.9  979.7    0.4  270.0   63.0  444.0
2018 126  5  6 1100  -50.0  979.8    1.8   53.0   62.0  444.0
2018 126  5  6 1200  -51.7  979.7    1.5   69.0   62.0  444.0
2018 126  5  6 1300  -51.8  979.6    1.4   45.0   62.0  444.0
2018 126  5  6 1400  -51.8  979.7    0.8  287.0   62.0  444.0
2018 126  5  6 1500  -51.7  979.8    0.1  131.0   62.0  444.0
2018 126  5  6 1600  -52.0  979.5    0.0    0.0   61.0  444.0
2018 126  5  6 1700  -52.5  979.4    1.0  154.0   61.0  444.0
2018 126  5  6 1800  -53.3  979.8    1.1   67.0   61.1  444.0
2018 126  5  6 1900  -52.2  980.0    2.1  122.0   61.0  444.0
2018 126  5  6 2000  -52.9  979.9    1.0  114.0   61.0  444.0
2018 126  5  6 2100  -53.3  980.1    1.3  147.0   61.0  444.0
2018 126  5  6 2200  -53.5  980.5    1.6  185.0   61.0  444.0
2018 126  5  6 2300  -53.4  980.4    1.6  205.0   61.0  444.0
2018 127  5  7 0000  -53.3  980.3    2.1  171.0   61.0  444.0
2018 127  5  7 0100  -52.9  980.6    2.6  160.0   61.0  444.0
2018 127  5  7 0200  -52.6  980.3    2.9  154.0   61.0  444.0
2018 127  5  7 0300  -53.2  979.9    2.4  174.0   61.0  444.0
2018 127  5  7 0400  -53.0  979.9    1.8  157.0   61.0  444.0
2018 127  5  7 0500  -52.9  979.8    2.0  151.0   61.0  444.0
2018 127  5  7 0600  -53.1  980.0    1.6  190.0   61.0  444.0
2018 127  5  7 0700  -53.4  979.9    1.5  192.0   61.0  444.0
2018 127  5  7 0800  -53.5  979.8    1.5  207.0   61.0  444.0
2018 127  5  7 0900  -53.7  980.3    1.6  229.0   61.0  444.0
2018 127  5  7 1000  -53.7  980.5    1.1  218.0   61.0  444.0
2018 127  5  7 1100  -53.4  980.7    1.8  182.0   61.0  444.0
2018 127  5  7 1200  -53.2  980.9    1.8  191.0   61.0  444.0
2018 127  5  7 1300  -52.7  981.1    1.9  169.0   61.0  444.0
2018 127  5  7 1400  -52.1  981.3    1.9  172.0   61.1  444.0
2018 127  5  7 1500  -52.5  981.7    1.9  192.0   61.0  444.0
2018 127  5  7 1600  -51.3  982.3    2.4  197.0   62.0  444.0
2018 127  5  7 1700  -50.1  982.6    2.7  220.0   62.0  444.0
2018 127  5  7 1800  -48.6  983.1    3.5  195.0   63.0  444.0
2018 127  5  7 1900  -48.8  983.2    2.8  211.0   62.8  444.0
2018 127  5  7 2000  -49.0  983.3    3.7  204.0   62.9  444.0
2018 127  5  7 2100  -48.6  983.6    3.4  190.0   63.0  444.0
2018 127  5  7 2200  -48.9  983.9    3.8  201.0   63.0  444.0
2018 127  5  7 2300  -49.3  984.1    1.9  213.0   63.0  444.0
2018 128  5  8 0000  -49.4  984.0    2.3  224.0   62.0  444.0
2018 128  5  8 0100  -49.4  984.0    2.1  242.0   62.7  444.0
2018 128  5  8 0200  -49.0  983.6    1.7  267.0   62.7  444.0
2018 128  5  8 0300  -49.2  982.9    3.2  272.0   63.0  444.0
2018 128  5  8 0400  -49.7  982.6    2.8  259.0   63.0  444.0
2018 128  5  8 0500  -49.6  982.0    2.1  240.0   63.0  444.0
2018 128  5  8 0600  -49.0  981.9    2.6  239.0   62.8  444.0
2018 128  5  8 0700  -48.9  981.4    2.0  227.0   62.9  444.0
2018 128  5  8 0800  -48.3  981.1    1.7  257.0   63.0  444.0
2018 128  5  8 0900  -48.9  981.1    1.8  258.0   63.0  444.0
2018 128  5  8 1000  -47.5  981.0    2.3  236.0   63.0  444.0
2018 128  5  8 1100  -47.1  981.1    2.6  228.0   63.0  444.0
2018 128  5  8 1200  -47.0  981.0    2.3  218.0   63.6  444.0
2018 128  5  8 1300  -47.0  981.0    2.6  217.0   64.0  444.0
2018 128  5  8 1400  -46.4  981.1    1.7  198.0   64.0  444.0
2018 128  5  8 1500  -45.5  980.6    2.8  224.0   64.0  444.0
2018 128  5  8 1600  -43.5  980.4    2.3  209.0   65.0  444.0
2018 128  5  8 1700  -43.4  981.1    1.3   73.0   64.3  444.0
2018 128  5  8 1800  -43.0  981.1    2.2  217.0   65.0  444.0
2018 128  5  8 1900  -44.5  981.4    2.5  217.0   64.0  444.0
2018 128  5  8 2000  -44.3  981.5    2.5  214.0   65.0  444.0
2018 128  5  8 2100  -44.8  981.7    2.4  197.0   65.0  444.0
2018 128  5  8 2200  -46.7  982.7    2.3  156.0   63.8  444.0
2018 128  5  8 2300  -47.4  983.0    3.6  148.0   64.0  444.0
2018 129  5  9 0000  -49.0  983.3    3.4  139.0   63.0  444.0
2018 129  5  9 0100  -49.7  983.0    3.6  152.0   62.6  444.0
2018 129  5  9 0200  -50.1  983.3    3.2  156.0   62.0  444.0
2018 129  5  9 0300  -50.1  983.4    3.3  155.0   62.0  444.0
2018 129  5  9 0400  -50.3  983.5    4.0  165.0   62.0  444.0
2018 129  5  9 0500  -49.6  983.1    2.7  150.0   62.5  444.0
2018 129  5  9 0600  -50.5  983.1    3.0  145.0   62.4  444.0
2018 129  5  9 0700  -51.3  982.9    4.9  140.0   62.0  444.0
2018 129  5  9 0800  -51.9  982.9    3.8  139.0   62.0  444.0
2018 129  5  9 0900  -52.2  982.8    4.2  143.0   61.0  444.0
2018 129  5  9 1000  -52.2  982.6    3.7  145.0   61.4  444.0
2018 129  5  9 1100  -52.0  982.4    3.4  149.0   62.0  444.0
2018 129  5  9 1200  -52.1  981.9    2.9  144.0   61.0  444.0
2018 129  5  9 1300  -51.8  981.1    3.1  121.0   62.0  444.0
2018 129  5  9 1400  -52.3  980.6    2.3  186.0   61.2  444.0
2018 129  5  9 1500  -52.2  980.1    2.1  199.0   61.3  444.0
2018 129  5  9 1600  -52.5  979.3    1.3  210.0   61.0  444.0
2018 129  5  9 1700  -52.7  978.3    1.3  213.0   61.0  444.0
2018 129  5  9 1800  -52.3  977.8    2.5  210.0   61.0  444.0
2018 129  5  9 1900  -51.4  977.1    3.1  210.0   62.0  444.0
2018 129  5  9 2000  -51.2  976.5    2.7  222.0   62.0  444.0
2018 129  5  9 2100  -50.1  975.7    3.5  210.0   62.0  444.0
2018 129  5  9 2200  -49.9  975.0    3.4  210.0   62.2  444.0
2018 129  5  9 2300  -49.8  974.7    3.1  208.0   62.4  444.0
2018 130  5 10 0000  -48.7  973.8    2.8  210.0   63.0  444.0
2018 130  5 10 0100  -48.6  973.1    3.8  212.0   63.0  444.0
2018 130  5 10 0200  -48.4  972.2    2.9  190.0   63.0  444.0
2018 130  5 10 0300  -47.6  971.3    4.0  201.0   63.3  444.0
2018 130  5 10 0400  -47.8  970.7    2.8  204.0   63.2  444.0
2018 130  5 10 0500  -48.2  969.9    2.1  205.0   63.0  444.0
2018 130  5 10 0600  -47.5  969.0    2.7  207.0   63.0  444.0
2018 130  5 10 0700  -45.8  968.4    3.4  208.0   64.0  444.0
2018 130  5 10 0800  -45.7  967.9    3.1  227.0   64.1  444.0
2018 130  5 10 0900  -45.2  967.2    2.6  240.0   64.3  444.0
2018 130  5 10 1000  -45.6  966.4    2.3  260.0   64.0  444.0
2018 130  5 10 1100  -45.4  965.1    1.9  249.0   64.0  444.0
2018 130  5 10 1200  -39.6  964.0    4.8  232.0   68.0  444.0
2018 130  5 10 1300  -34.0  962.5    7.6  242.0   70.0  444.0
2018 130  5 10 1400  -34.5  961.6    7.4  232.0   70.1  444.0
2018 130  5 10 1500  -34.1  960.8    5.3  215.0   70.0  444.0
2018 130  5 10 1600  -35.1  959.8    2.8  203.0   70.0  444.0
2018 130  5 10 1700  -35.1  959.7    2.7  181.0   69.0  444.0
2018 130  5 10 1800  -37.3  959.5    3.4  160.0   68.0  444.0
2018 130  5 10 1900  -41.1  959.6    3.8  151.0   66.8  444.0
2018 130  5 10 2000  -44.0  960.1    4.3  148.0   66.0  444.0
2018 130  5 10 2100  -46.2  960.7    4.6  138.0   64.6  444.0
2018 130  5 10 2200  -47.6  961.5    6.3  135.0   64.0  444.0
2018 130  5 10 2300  -48.4  962.4    6.9  132.0   64.0  444.0
2018 131  5 11 0000  -48.4  963.7    7.0  127.0   64.0  444.0
2018 131  5 11 0100  -48.1  964.5    6.0  130.0   63.6  444.0
2018 131  5 11 0200  -48.0  965.0    4.9  123.0   63.7  444.0
2018 131  5 11 0300  -47.9  965.8    4.5  132.0   64.0  444.0
2018 131  5 11 0400  -47.8  966.4    3.5  151.0   64.0  444.0
2018 131  5 11 0500  -47.8  965.9    2.9  193.0   64.0  444.0
2018 131  5 11 0600  -44.4  965.3    3.6  216.0   66.0  444.0
2018 131  5 11 0700  -39.8  964.4    3.7  214.0   67.7  444.0
2018 131  5 11 0800  -36.9  963.0    4.4  222.0   69.0  444.0
2018 131  5 11 0900  -34.9  962.2    5.3  205.0   70.0  444.0
2018 131  5 11 1000  -36.1  961.5    4.5  226.0   69.0  444.0
2018 131  5 11 1100  -35.6  960.5    5.1  209.0   70.0  444.0
2018 131  5 11 1200  -34.9  959.6    4.2  213.0   70.2  444.0
2018 131  5 11 1300  -34.0  958.3    4.3  216.0   71.0  444.0
2018 131  5 11 1400  -32.6  957.4    3.6  222.0   71.0  444.0
2018 131  5 11 1500  -32.0  956.9    3.6  208.0   72.0  444.0
2018 131  5 11 1600  -31.1  956.8    4.0  186.0   73.0  444.0
2018 131  5 11 1700  -27.6  956.7    4.0  166.0   75.0  444.0
2018 131  5 11 1800  -28.8  956.8    2.7  186.0   74.0  444.0
2018 131  5 11 1900  -30.5  956.9    3.1  175.0   73.0  444.0
2018 131  5 11 2000  -30.6  956.8    2.2  180.0   73.0  444.0
2018 131  5 11 2100  -25.1  956.8    5.4  138.0   77.0  444.0
2018 131  5 11 2200  -26.1  956.7    2.4  178.0   77.0  444.0
2018 131  5 11 2300  -22.0  956.8    3.7  148.0   80.0  444.0
2018 132  5 12 0000  -17.7  956.2    7.9  134.0   85.3  444.0
2018 132  5 12 0100  -14.4  955.6   12.7  133.0   88.0  444.0
2018 132  5 12 0200  -15.5  956.0   12.4  125.0   87.0  444.0
2018 132  5 12 0300  -21.6  957.6   13.0  121.0   82.0  444.0
2018 132  5 12 0400  -23.9  959.9   12.2  114.0   80.0  444.0
2018 132  5 12 0500  -25.3  961.2    9.1  118.0   78.9  444.0
2018 132  5 12 0600  -23.5  961.7    6.5  121.0   81.0  444.0
2018 132  5 12 0700  -22.2  961.7    5.2  141.0   81.0  444.0
2018 132  5 12 0800  -21.9  962.1    6.4  134.0   82.0  444.0
2018 132  5 12 0900  -22.3  962.8    5.4  135.0   82.0  444.0
2018 132  5 12 1000  -21.9  963.0    6.2  133.0   81.0  444.0
2018 132  5 12 1100  -21.5  963.3    6.0  125.0   83.0  444.0
2018 132  5 12 1200  -19.7  963.3    7.6  136.0   84.0  444.0
2018 132  5 12 1300  -19.1  963.6    9.1  139.0   84.5  444.0
2018 132  5 12 1400  -19.9  963.5    9.7  147.0   83.0  444.0
2018 132  5 12 1500  -20.7  964.2    8.3  150.0   83.0  444.0
2018 132  5 12 1600  -21.2  964.5    7.8  148.0   83.0  444.0
2018 132  5 12 1700  -19.2  964.6    7.3  139.0   84.0  444.0
2018 132  5 12 1800  -19.0  964.5    7.7  152.0   84.6  444.0
2018 132  5 12 1900  -19.6  964.7   10.2  150.0   84.0  444.0
2018 132  5 12 2000  -21.1  965.1    9.1  157.0   83.0  444.0
2018 132  5 12 2100  -21.0  965.9    9.1  156.0   83.0  444.0
2018 132  5 12 2200  -21.0  966.0    9.2  153.0   83.0  444.0
2018 132  5 12 2300  -20.8  966.2   11.2  137.0   83.0  444.0
2018 133  5 13 0000  -23.0  967.6    9.9  119.0   81.0  444.0
2018 133  5 13 0100  -25.5  968.7    8.0  126.0   78.8  444.0
2018 133  5 13 0200  -27.3  969.4    9.1  121.0   77.0  444.0
2018 133  5 13 0300  -29.1  970.6    7.3  123.0   76.0  444.0
2018 133  5 13 0400  -29.8  971.8    6.2  132.0   76.0  444.0
2018 133  5 13 0500  -29.9  972.4    4.5  149.0   75.0  444.0
2018 133  5 13 0600  -29.7  972.4    3.8  145.0   76.2  444.0
2018 133  5 13 0700  -28.1  972.4    3.0  140.0   77.0  444.0
2018 133  5 13 0800  -26.5  972.5    5.4  154.0   77.0  444.0
2018 133  5 13 0900  -27.2  972.5    4.2  179.0   77.0  444.0
2018 133  5 13 1000  -25.0  972.5    3.2  165.0   79.0  444.0
2018 133  5 13 1100  -23.2  972.1    6.6  159.0   80.4  444.0
2018 133  5 13 1200  -22.7  972.1    7.5  148.0   81.0  444.0
2018 133  5 13 1300  -23.4  972.1    7.0  152.0   80.0  444.0
2018 133  5 13 1400  -23.4  971.9    7.6  154.0   80.0  444.0
2018 133  5 13 1500  -22.8  971.4    7.6  155.0   81.0  444.0
2018 133  5 13 1600  -22.4  971.1    7.6  153.0   81.1  444.0
2018 133  5 13 1700  -23.7  971.0    7.1  152.0   80.0  444.0
2018 133  5 13 1800  -24.5  970.8    8.6  134.0   79.0  444.0
2018 133  5 13 1900  -26.7  970.7    6.0  132.0   78.0  444.0
2018 133  5 13 2000  -27.3  971.2    5.1  138.0   77.0  444.0
2018 133  5 13 2100  -27.5  970.8    4.2  147.0   76.6  444.0
2018 133  5 13 2200  -29.5  970.8    3.4  184.0   75.4  444.0
2018 133  5 13 2300  -29.0  970.2    4.0  192.0   75.6  444.0
2018 134  5 14 0000  -29.6  969.7    4.2  192.0   76.0  444.0
2018 134  5 14 0100  -26.7  969.0    4.4  194.0   78.0  444.0
2018 134  5 14 0200  -23.9  968.4    3.6  197.0   80.0  444.0
2018 134  5 14 0300  -23.6  967.6    4.0  194.0   79.0  444.0
2018 134  5 14 0400  -24.0  966.9    4.4  197.0   79.3  444.0
2018 134  5 14 0500  -21.5  966.0    6.0  151.0   83.0  444.0
2018 134  5 14 0600  -18.3  965.2    5.8  156.0   85.0  444.0
2018 134  5 14 0700  -15.6  964.8    9.0  153.0   88.0  444.0
2018 134  5 14 0800  -15.7  964.5    9.0  144.0   88.0  444.0
2018 134  5 14 0900  -17.6  964.5    7.6  140.0   85.7  444.0
2018 134  5 14 1000  -19.7  965.1    6.9  135.0   84.0  444.0
2018 134  5 14 1100  -21.2  965.7    6.4  142.0   83.0  444.0
2018 134  5 14 1200  -22.5  966.0    5.8  140.0   81.0  444.0
2018 134  5 14 1300  -23.7  966.3    3.9  156.0   80.0  444.0
2018 134  5 14 1400  -23.8  965.9    3.9  166.0   80.3  444.0
2018 134  5 14 1500  -21.3  966.0    4.0  149.0   83.0  444.0
2018 134  5 14 1600  -17.9  966.0    5.5  137.0   85.9  444.0
2018 134  5 14 1700  -15.3  965.8    8.7  139.0   89.0  444.0
2018 134  5 14 1800  -14.7  965.7    9.1  146.0   89.0  444.0
2018 134  5 14 1900  -14.7  965.9    9.8  151.0   89.0  444.0
2018 134  5 14 2000  -14.8  966.0   10.7  151.0   90.0  444.0
2018 134  5 14 2100  -14.8  966.7    9.9  138.0   89.4  444.0
2018 134  5 14 2200  -15.0  967.0   10.2  143.0   89.0  444.0
2018 134  5 14 2300  -15.5  967.5   11.3  138.0   88.0  444.0
2018 135  5 15 0000  -16.6  968.3   11.1  136.0   87.0  444.0
2018 135  5 15 0100  -18.1  969.1    8.4  137.0   86.0  444.0
2018 135  5 15 0200  -20.4  970.4   10.5  142.0   83.6  444.0
2018 135  5 15 0300  -23.6  970.5   11.4  123.0   81.0  444.0
2018 135  5 15 0400  -28.7  972.6   10.5  123.0   76.7  444.0
2018 135  5 15 0500  -31.2  974.1   11.1  130.0   75.0  444.0
2018 135  5 15 0600  -32.4  975.0   10.6  115.0   74.0  444.0
2018 135  5 15 0700  -33.0  976.2   10.4  112.0   74.0  444.0
2018 135  5 15 0800  -33.0  977.5    8.9  108.0   74.0  444.0
2018 135  5 15 0900  -33.4  979.1    6.8  119.0   73.5  444.0
2018 135  5 15 1000  -33.5  980.1    6.3  128.0   73.0  444.0
2018 135  5 15 1100  -33.0  981.9    5.4  151.0   74.0  444.0
2018 135  5 15 1200  -33.2  982.8    6.7  134.0   74.0  444.0
2018 135  5 15 1300  -32.7  983.5    6.7  142.0   74.0  444.0
2018 135  5 15 1400  -33.2  984.6    7.9  131.0   73.6  444.0
2018 135  5 15 1500  -32.3  985.3    6.8  137.0   74.0  444.0
2018 135  5 15 1600  -32.1  985.6    8.5  136.0   74.0  444.0
2018 135  5 15 1700  -31.2  986.6    8.8  134.0   75.0  444.0
2018 135  5 15 1800  -28.7  987.9    9.6  134.0   77.0  444.0
2018 135  5 15 1900  -26.8  988.5   14.3  128.0   77.8  444.0
2018 135  5 15 2000  -26.1  989.7   11.3  118.0   78.0  444.0
2018 135  5 15 2100  -25.9  990.5    8.9  128.0   79.0  444.0
2018 135  5 15 2200  -25.7  990.7    7.7  125.0   79.0  444.0
2018 135  5 15 2300  -26.2  990.7    5.0  140.0   78.0  444.0
2018 136  5 16 0000  -27.4  990.5    5.0  152.0   77.2  444.0
2018 136  5 16 0100  -30.6  990.0    2.1  184.0   74.4  444.0
2018 136  5 16 0200  -32.8  988.8    4.4  210.0   74.0  444.0
2018 136  5 16 0300  -33.1  987.5    4.7  205.0   73.0  444.0
2018 136  5 16 0400  -31.2  986.4    4.8  215.0   75.0  444.0
2018 136  5 16 0500  -30.2  985.4    4.8  203.0   75.0  444.0
2018 136  5 16 0600  -28.5  984.1    6.3  208.0   76.2  444.0
2018 136  5 16 0700  -30.2  982.8    5.5  212.0   75.0  444.0
2018 136  5 16 0800  -26.3  981.1    6.7  214.0   78.0  444.0
2018 136  5 16 0900  -20.9  980.0    8.2  208.0   83.0  444.0
2018 136  5 16 1000  -19.2  978.7    8.6  202.0   85.0  444.0
2018 136  5 16 1100  -17.6  977.9    6.0  204.0   86.0  444.0
2018 136  5 16 1200  -16.2  976.8    6.9  175.0   87.4  444.0
2018 136  5 16 1300  -16.7  976.5    6.2  170.0   87.0  444.0
2018 136  5 16 1400  -16.5  975.9    5.2  169.0   87.0  444.0
2018 136  5 16 1500  -16.9  975.5    3.0  186.0   87.0  444.0
2018 136  5 16 1600  -17.5  975.2    2.5  186.0   86.0  444.0
2018 136  5 16 1700  -17.5  974.8    1.4  182.0   85.9  444.0
2018 136  5 16 1800  -17.1  974.7    1.6  174.0   86.0  444.0
2018 136  5 16 1900  -17.9  974.6    0.5   11.0   86.0  444.0
2018 136  5 16 2000  -22.3  975.2    2.8  356.0   79.1  444.0
2018 136  5 16 2100  -22.9  975.7    1.9  299.0   80.0  444.0
2018 136  5 16 2200  -21.8  976.4    1.7   79.0   81.0  444.0
2018 136  5 16 2300  -24.3  977.4    2.7   88.0   80.0  444.0
2018 137  5 17 0000  -24.4  978.5    5.2  111.0   79.0  444.0
2018 137  5 17 0100  -28.7  979.8    6.2  123.0   77.0  444.0
2018 137  5 17 0200  -29.8  980.5    6.3  130.0   76.0  444.0
2018 137  5 17 0300  -33.4  981.1    5.1  135.0   73.0  444.0
2018 137  5 17 0400  -31.0  982.1    5.1  132.0   76.0  444.0
2018 137  5 17 0500  -26.5  983.1    5.2  123.0   78.0  444.0
2018 137  5 17 0600  -24.6  984.0    6.4  110.0   80.0  444.0
2018 137  5 17 0700  -24.3  985.1    6.6  114.0   80.0  444.0
2018 137  5 17 0800  -23.3  986.5    5.7   95.0   81.0  444.0
2018 137  5 17 0900  -23.6  988.0    6.5   74.0   80.0  444.0
2018 137  5 17 1000  -23.2  989.5    5.3   72.0   81.0  444.0
2018 137  5 17 1100  -22.5  990.6    5.0   84.0   81.0  444.0
2018 137  5 17 1200  -22.3  991.8    6.3   91.0   82.0  444.0
2018 137  5 17 1300  -22.4  993.0    6.2   84.0   81.6  444.0
2018 137  5 17 1400  -22.5  993.9    6.0   77.0   82.0  444.0
2018 137  5 17 1500  -22.7  994.7    6.1   75.0   81.0  444.0
2018 137  5 17 1600  -22.9  996.0    6.2   78.0   81.0  444.0
2018 137  5 17 1700  -23.9  997.0    5.5   73.0   80.0  444.0
2018 137  5 17 1800  -23.9  997.8    4.8   76.0   80.2  444.0
2018 137  5 17 1900  -25.9  998.5    2.7   95.0   78.0  444.0
2018 137  5 17 2000  -28.1  999.2    4.7  128.0   77.0  444.0
2018 137  5 17 2100  -29.0  999.8    3.3  119.0   76.0  444.0
2018 137  5 17 2200  -30.0 1000.2    3.7  103.0   75.0  444.0
2018 137  5 17 2300  -30.7 1000.3    3.1   70.0   74.5  444.0
2018 138  5 18 0000  -33.3 1000.8    2.6  157.0   72.9  444.0
2018 138  5 18 0100  -35.0 1000.6    2.6  162.0   72.0  444.0
2018 138  5 18 0200  -35.5 1000.4    2.3  158.0   71.0  444.0
2018 138  5 18 0300  -36.3 1000.2    1.4  122.0   71.0  444.0
2018 138  5 18 0400  -36.5  999.9    1.4   87.0   71.0  444.0
2018 138  5 18 0500  -37.2  999.8    1.1  348.0   70.0  444.0
2018 138  5 18 0600  -36.4  999.6    0.0    0.0   71.0  444.0
2018 138  5 18 0700  -36.7  999.3    0.9  230.0   70.0  444.0
2018 138  5 18 0800  -37.5  999.0    2.3  306.0   69.0  444.0
2018 138  5 18 0900  -40.2  998.6    2.5  262.0   69.0  444.0
2018 138  5 18 1000  -40.0  997.9    2.4  311.0   68.0  444.0
2018 138  5 18 1100  -41.0  997.4    2.3  282.0   68.4  444.0
2018 138  5 18 1200  -39.5  997.1    2.5  291.0   69.0  444.0
2018 138  5 18 1300  -38.3  996.7    1.8  301.0   70.0  444.0
2018 138  5 18 1400  -39.4  996.1    1.7  304.0   69.0  444.0
2018 138  5 18 1500  -38.1  995.9    2.1  301.0   70.0  444.0
2018 138  5 18 1600  -37.3  995.4    2.6  310.0   70.5  444.0
2018 138  5 18 1700  -36.5  995.3    2.3  317.0   71.0  444.0
2018 138  5 18 1800  -35.4  994.9    2.6  333.0   72.0  444.0
2018 138  5 18 1900  -34.4  995.1    2.6  295.0   72.0  444.0
2018 138  5 18 2000  -33.7  994.8    2.1  296.0   73.0  444.0
2018 138  5 18 2100  -33.1  994.6    1.8  292.0   72.9  444.0
2018 138  5 18 2200  -34.0  994.4    1.1  266.0   71.8  444.0
2018 138  5 18 2300  -35.2  994.1    1.4  300.0   72.0  444.0
2018 139  5 19 0000  -35.6  993.9    1.3  284.0   71.0  444.0
2018 139  5 19 0100  -37.0  993.8    0.9  250.0   70.0  444.0
2018 139  5 19 0200  -38.5  993.1    1.5  318.0   70.0  444.0
2018 139  5 19 0300  -39.3  992.9    1.0  269.0   69.0  444.0
2018 139  5 19 0400  -39.2  992.8    0.8  284.0   70.0  444.0
2018 139  5 19 0500  -38.9  992.4    0.0    0.0   69.0  444.0
2018 139  5 19 0600  -38.6  992.1    0.9   63.0   69.0  444.0
2018 139  5 19 0700  -39.0  992.1    0.9  309.0   70.0  444.0
2018 139  5 19 0800  -38.3  991.9    0.7  192.0   70.0  444.0
2018 139  5 19 0900  -37.0  991.8    0.3  171.0   71.0  444.0
2018 139  5 19 1000  -36.2  991.4    0.5  171.0   70.9  444.0
2018 139  5 19 1100  -35.8  991.2    1.2  171.0   71.0  444.0
2018 139  5 19 1200  -35.1  990.9    1.1  171.0   71.0  444.0
2018 139  5 19 1300  -34.9  990.2    0.5  171.0   71.0  444.0
2018 139  5 19 1400  -35.6  989.7    0.8  171.0   71.0  444.0
2018 139  5 19 1500  -35.6  989.2    1.1  171.0   71.1  444.0
2018 139  5 19 1600  -35.6  988.7    0.7  172.0   71.1  444.0
2018 139  5 19 1700  -37.4  987.9    0.2  172.0   69.0  444.0
2018 139  5 19 1800  -38.7  987.1    2.0  264.0   69.0  444.0
2018 139  5 19 1900  -37.2  986.3    2.6  227.0   70.0  444.0
2018 139  5 19 2000  -37.0  985.8    1.7  216.0   69.8  444.0
2018 139  5 19 2100  -36.9  985.3    1.4  231.0   70.0  444.0
2018 139  5 19 2200  -33.3  984.8    1.6  231.0   73.0  444.0
2018 139  5 19 2300  -33.0  984.4    2.4  230.0   71.0  444.0
2018 140  5 20 0000  -34.0  983.9    2.5  215.0   71.0  444.0
2018 140  5 20 0100  -34.8  983.5    2.4  223.0   70.3  444.0
2018 140  5 20 0200  -33.3  982.2    3.7  237.0   72.6  444.0
2018 140  5 20 0300  -31.8  981.4    3.4  207.0   73.0  444.0
2018 140  5 20 0400  -31.8  981.2    2.7  199.0   73.0  444.0
2018 140  5 20 0500  -32.2  981.0    2.0  185.0   72.0  444.0
2018 140  5 20 0600  -31.1  980.6    2.2  169.0   73.0  444.0
2018 140  5 20 0700  -31.9  980.2    1.9  182.0   70.8  444.0
2018 140  5 20 0800  -34.8  980.1    2.5  180.0   70.2  444.0
2018 140  5 20 0900  -36.5  980.0    2.0  184.0   68.8  444.0
2018 140  5 20 1000  -38.4  979.9    2.1  196.0   68.0  444.0
2018 140  5 20 1100  -37.3  979.9    1.7  216.0   68.0  444.0
2018 140  5 20 1200  -38.7  980.2    1.3  208.0   68.7  444.0
2018 140  5 20 1300  -37.0  979.9    1.7  215.0   69.6  444.0
2018 140  5 20 1400  -35.0  979.6    3.0  201.0   71.0  444.0
2018 140  5 20 1500  -31.4  979.5    3.8  188.0   73.0  444.0
2018 140  5 20 1600  -30.2  979.9    9.0  151.0   74.0  444.0
2018 140  5 20 1700  -37.9  981.6   10.8  146.0   70.0  444.0
2018 140  5 20 1800  -41.8  983.1   10.3  128.0   67.8  444.0
2018 140  5 20 1900  -42.6  984.6    8.6  136.0   67.4  444.0
2018 140  5 20 2000  -42.8  985.8    6.9  140.0   67.0  444.0
2018 140  5 20 2100  -42.0  986.5    7.2  147.0   68.0  444.0
2018 140  5 20 2200  -41.0  987.2    6.2  155.0   68.0  444.0
2018 140  5 20 2300  -40.8  988.2    5.7  163.0   68.1  444.0
2018 141  5 21 0000  -40.7  988.8    4.5  168.0   68.0  444.0
2018 141  5 21 0100  -40.2  989.0    4.4  180.0   68.0  444.0
2018 141  5 21 0200  -41.0  989.4    3.8  183.0   68.0  444.0
2018 141  5 21 0300  -41.4  990.0    4.7  190.0   68.0  444.0
2018 141  5 21 0400  -40.3  991.0    4.8  184.0   68.0  444.0
2018 141  5 21 0500  -41.3  991.8    4.7  180.0   67.6  444.0
2018 141  5 21 0600  -41.9  992.9    5.1  190.0   67.4  444.0
2018 141  5 21 0700  -42.4  993.3    4.5  172.0   67.0  444.0
2018 141  5 21 0800  -42.4  994.5    4.1  170.0   67.0  444.0
2018 141  5 21 0900  -42.0  995.1    5.1  186.0   67.0  444.0
2018 141  5 21 1000  -41.1  995.9    4.7  173.0   67.4  444.0
2018 141  5 21 1100  -43.3  996.6    4.7  186.0   66.5  444.0
2018 141  5 21 1200  -43.7  997.7    4.2  190.0   66.0  444.0
2018 141  5 21 1300  -44.0  998.5    4.0  205.0   66.0  444.0
2018 141  5 21 1400  -43.2  999.5    3.9  193.0   67.0  444.0
2018 141  5 21 1500  -43.9  999.5    3.4  188.0   66.0  444.0
2018 141  5 21 1600  -40.5  999.6    5.0  154.0   68.1  444.0
2018 141  5 21 1700  -36.4 1000.1    7.0  159.0   70.2  444.0
2018 141  5 21 1800  -35.8 1001.0   11.1  151.0   71.0  444.0
2018 141  5 21 1900  -36.4 1002.2    7.5  157.0   70.0  444.0
2018 141  5 21 2000  -37.7 1003.0    5.8  164.0   69.0  444.0
2018 141  5 21 2100  -39.1 1003.7    5.2  180.0   69.0  444.0
2018 141  5 21 2200  -40.5 1004.4    4.4  181.0   67.9  444.0
2018 141  5 21 2300  -40.7 1004.8    3.8  190.0   68.0  444.0
2018 142  5 22 0000  -41.4 1004.9    4.8  185.0   67.0  444.0
2018 142  5 22 0100  -42.0 1005.7    4.5  183.0   67.0  444.0
2018 142  5 22 0200  -42.8 1006.2    3.2  176.0   67.0  444.0
2018 142  5 22 0300  -43.0 1006.3    3.3  186.0   66.5  444.0
2018 142  5 22 0400  -43.8 1006.5    3.7  187.0   66.0  444.0
2018 142  5 22 0500  -44.0 1006.5    3.1  191.0   66.0  444.0
2018 142  5 22 0600  -44.4 1006.5    3.7  195.0   66.0  444.0
2018 142  5 22 0700  -44.2 1006.5    3.8  187.0   66.0  444.0
2018 142  5 22 0800  -44.8 1006.3    3.0  194.0   66.0  444.0
2018 142  5 22 0900  -45.1 1005.8    4.2  190.0   66.0  444.0
2018 142  5 22 1000  -45.2 1005.3    4.2  182.0   66.0  444.0
2018 142  5 22 1100  -45.1 1005.2    3.4  188.0   65.0  444.0
2018 142  5 22 1200  -45.4 1004.9    3.6  189.0   65.0  444.0
2018 142  5 22 1300  -45.8 1004.3    4.4  190.0   65.0  444.0
2018 142  5 22 1400  -45.6 1003.3    4.7  193.0   65.0  444.0
2018 142  5 22 1500  -45.1 1003.0    3.6  192.0   65.0  444.0
2018 142  5 22 1600  -45.8 1002.1    4.3  198.0   65.0  444.0
2018 142  5 22 1700  -45.1 1001.8    4.8  187.0   66.0  444.0
2018 142  5 22 1800  -45.0 1000.9    4.6  192.0   66.0  444.0
2018 142  5 22 1900  -43.0 1000.0    5.6  186.0   67.0  444.0
2018 142  5 22 2000  -42.5  999.4    6.2  188.0   67.0  444.0
2018 142  5 22 2100  -42.0  999.1    5.1  184.0   67.0  444.0
2018 142  5 22 2200  -41.9  998.3    4.9  185.0   67.0  444.0
2018 142  5 22 2300  -41.0  997.4    5.2  185.0   67.4  444.0
2018 143  5 23 0000  -41.5  996.7    5.7  189.0   67.0  444.0
2018 143  5 23 0100  -41.8  995.7    5.8  188.0   67.0  444.0
2018 143  5 23 0200  -41.4  994.8    5.8  188.0   67.0  444.0
2018 143  5 23 0300  -40.8  993.4    5.3  188.0   68.0  444.0
2018 143  5 23 0400  -40.2  992.9    5.1  194.0   67.7  444.0
2018 143  5 23 0500  -40.1  991.5    6.8  194.0   68.0  444.0
2018 143  5 23 0600  -39.4  990.2    7.3  182.0   69.0  444.0
2018 143  5 23 0700  -37.5  989.4    6.2  191.0   69.0  444.0
2018 143  5 23 0800  -37.0  988.0    6.4  204.0   70.0  444.0
2018 143  5 23 0900  -36.3  987.3    7.6  199.0   70.0  444.0
2018 143  5 23 1000  -35.6  986.0    7.7  210.0   70.0  444.0
2018 143  5 23 1100  -36.5  985.2    5.8  214.0   70.0  444.0
2018 143  5 23 1200  -36.1  983.8    6.0  212.0   70.0  444.0
2018 143  5 23 1300  -34.3  982.8    5.8  197.0   71.0  444.0
2018 143  5 23 1400  -33.3  981.8    7.1  200.0   72.0  444.0
2018 143  5 23 1500  -32.5  980.9    7.3  205.0   72.0  444.0
2018 143  5 23 1600  -31.5  980.3    8.2  212.0   73.0  444.0
2018 143  5 23 1700  -32.0  979.6    6.0  220.0   73.0  444.0
2018 143  5 23 1800  -30.0  978.5    6.8  209.0   74.0  444.0
2018 143  5 23 1900  -29.7  977.9    5.8  212.0   74.0  444.0
2018 143  5 23 2000  -29.6  978.0    6.0  176.0   75.0  444.0
2018 143  5 23 2100  -29.4  977.5    5.8  214.0   74.6  444.0
2018 143  5 23 2200  -29.2  977.0    5.3  217.0   75.0  444.0
2018 143  5 23 2300  -29.8  976.5    5.4  225.0   74.0  444.0
2018 144  5 24 0000  -27.2  975.8    6.7  212.0   76.0  444.0
2018 144  5 24 0100  -25.4  974.9    7.9  208.0   78.0  444.0
2018 144  5 24 0200  -23.0  974.3    8.2  202.0   79.7  444.0
2018 144  5 24 0300  -25.1  973.9    5.3  198.0   79.0  444.0
2018 144  5 24 0400  -23.0  973.3    6.6  192.0   81.0  444.0
2018 144  5 24 0500  -23.3  972.9    5.8  194.0   80.0  444.0
2018 144  5 24 0600  -23.0  972.7    4.6  199.0   80.0  444.0
2018 144  5 24 0700  -23.3  972.2    3.8  202.0   80.0  444.0
2018 144  5 24 0800  -23.7  971.4    4.7  198.0   79.0  444.0
2018 144  5 24 0900  -24.2  971.6    4.6  177.0   80.0  444.0
2018 144  5 24 1000  -25.7  971.8    7.5  147.0   78.0  444.0
2018 144  5 24 1100  -27.4  972.0    9.2  139.0   77.0  444.0
2018 144  5 24 1200  -29.1  972.4   10.1  134.0   76.0  444.0
2018 144  5 24 1300  -31.6  972.7   10.4  128.0   74.0  444.0
2018 144  5 24 1400  -34.1  973.3    9.8  120.0   73.0  444.0
2018 144  5 24 1500  -36.1  973.4   10.5  130.0   71.0  444.0
2018 144  5 24 1600  -37.1  973.7    7.9  124.0   71.0  444.0
2018 144  5 24 1700  -36.6  973.8    6.4  146.0   71.0  444.0
2018 144  5 24 1800  -36.7  973.1    3.3  181.0   70.0  444.0
2018 144  5 24 1900  -35.7  972.2    4.5  180.0   71.2  444.0
2018 144  5 24 2000  -33.1  971.5    4.6  163.0   72.9  444.0
2018 144  5 24 2100  -31.6  971.3    7.1  129.0   74.0  444.0
2018 144  5 24 2200  -29.3  971.4    4.5  150.0   76.0  444.0
2018 144  5 24 2300  -24.6  971.2    5.3  130.0   79.0  444.0
2018 145  5 25 0000  -23.6  971.1    7.4  149.0   80.0  444.0
2018 145  5 25 0100  -21.1  970.8    7.1  143.0   82.4  444.0
2018 145  5 25 0200  -19.7  971.1    6.0  153.0   84.0  444.0
2018 145  5 25 0300  -18.9  970.6    6.5  155.0   85.0  444.0
2018 145  5 25 0400  -19.0  970.3    6.7  153.0   84.0  444.0
2018 145  5 25 0500  -21.0  970.4    5.3  152.0   82.0  444.0
2018 145  5 25 0600  -24.1  970.4    4.5  190.0   80.0  444.0
2018 145  5 25 0700  -24.6  970.3    4.9  187.0   79.0  444.0
2018 145  5 25 0800  -24.8  970.2    4.8  190.0   79.3  444.0
2018 145  5 25 0900  -25.3  970.5    5.1  188.0   79.0  444.0
2018 145  5 25 1000  -26.5  970.7    3.7  192.0   78.0  444.0
2018 145  5 25 1100  -27.1  970.8    4.6  194.0   77.0  444.0
2018 145  5 25 1200  -27.9  971.0    4.2  200.0   77.0  444.0
2018 145  5 25 1300  -27.9  971.3    4.7  187.0   76.8  444.0
2018 145  5 25 1400  -29.0  971.4    5.0  198.0   76.0  444.0
2018 145  5 25 1500  -29.9  971.7    3.8  188.0   75.0  444.0
2018 145  5 25 1600  -30.4  971.8    4.2  199.0   75.0  444.0
2018 145  5 25 1700  -30.1  972.0    5.4  196.0   75.0  444.0
2018 145  5 25 1800  -30.0  972.2    3.8  214.0   74.7  444.0
2018 145  5 25 1900  -30.9  972.7    4.0  216.0   74.3  444.0
2018 145  5 25 2000  -32.0  973.2    4.2  189.0   74.0  444.0
2018 145  5 25 2100  -31.4  973.8    4.2  200.0   74.0  444.0
2018 145  5 25 2200  -29.9  974.0    4.5  213.0   75.0  444.0
2018 145  5 25 2300  -29.9  974.5    3.8  222.0   74.6  444.0
2018 146  5 26 0000  -28.3  975.2    3.8  214.0   76.0  444.0
2018 146  5 26 0100  -27.9  975.3    3.7  167.0   75.0  444.0
2018 146  5 26 0200  -30.1  975.7    3.7  223.0   75.0  444.0
2018 146  5 26 0300  -31.7  976.1    3.6  247.0   73.0  444.0
2018 146  5 26 0400  -31.0  976.8    3.0  234.0   74.1  444.0
2018 146  5 26 0500  -30.1  977.3    3.2  224.0   74.0  444.0
2018 146  5 26 0600  -29.1  977.9    3.7  251.0   74.1  444.0
2018 146  5 26 0700  -30.0  978.6    2.6  269.0   74.0  444.0
2018 146  5 26 0800  -30.6  979.6    1.6  233.0   74.0  444.0
2018 146  5 26 0900  -28.3  980.4    1.8  114.0   77.0  444.0
2018 146  5 26 1000  -27.4  981.4    1.1   90.0   75.0  444.0
2018 146  5 26 1100  -25.6  982.4    0.0    0.0   75.9  444.0
2018 146  5 26 1200  -22.5  982.9    0.5  300.0   78.0  444.0
2018 146  5 26 1300  -26.0  983.8    0.3  299.0   77.0  444.0
2018 146  5 26 1400  -23.6  984.6    1.7  164.0   78.0  444.0
2018 146  5 26 1500  -25.0  985.1    0.0    0.0   78.0  444.0
2018 146  5 26 1600  -27.7  985.9    3.6  125.0   75.9  444.0
2018 146  5 26 1700  -28.8  986.6    3.9  112.0   76.0  444.0
2018 146  5 26 1800  -28.7  987.4    5.4  122.0   76.0  444.0
2018 146  5 26 1900  -29.4  988.3    4.7  126.0   76.0  444.0
2018 146  5 26 2000  -30.4  989.2    2.1  118.0   75.0  444.0
2018 146  5 26 2100  -31.3  990.0    0.8  160.0   74.2  444.0
2018 146  5 26 2200  -31.5  990.6    0.1  174.0   74.0  444.0
2018 146  5 26 2300  -32.5  991.1    2.6  200.0   73.0  444.0
2018 147  5 27 0000  -33.2  991.7    2.3  212.0   72.0  444.0
2018 147  5 27 0100  -33.4  992.1    3.2  176.0   73.0  444.0
2018 147  5 27 0200  -34.0  992.8    2.5  214.0   72.0  444.0
2018 147  5 27 0300  -33.7  993.1    2.8  208.0   72.0  444.0
2018 147  5 27 0400  -32.7  993.4    2.8  216.0   72.0  444.0
2018 147  5 27 0500  -29.4  993.7    1.4  172.0   75.0  444.0
2018 147  5 27 0600  -30.9  993.9    3.3  194.0   73.0  444.0
2018 147  5 27 0700  -32.6  994.5    3.4  206.0   72.0  444.0
2018 147  5 27 0800  -34.3  994.9    3.4  205.0   72.0  444.0
2018 147  5 27 0900  -34.4  995.2    3.2  199.0   71.8  444.0
2018 147  5 27 1000  -32.7  995.3    6.2  176.0   73.0  444.0
2018 147  5 27 1100  -33.2  995.5    5.4  174.0   72.0  444.0
2018 147  5 27 1200  -35.4  996.0    3.5  188.0   71.0  444.0
2018 147  5 27 1300  -36.5  996.1    2.9  198.0   70.0  444.0
2018 147  5 27 1400  -34.7  996.0    0.6  185.0   71.3  444.0
2018 147  5 27 1500  -37.8  996.4    3.2  216.0   68.0  444.0
2018 147  5 27 1600  -37.6  996.6    2.7  212.0   70.0  444.0
2018 147  5 27 1700  -38.9  996.2    3.5  227.0   69.0  444.0
2018 147  5 27 1800  -39.2  996.3    3.6  218.0   69.0  444.0
2018 147  5 27 1900  -39.6  996.1    3.7  224.0   68.7  444.0
2018 147  5 27 2000  -39.7  996.2    4.2  215.0   69.0  444.0
2018 147  5 27 2100  -39.5  996.2    4.5  214.0   69.0  444.0
2018 147  5 27 2200  -39.9  996.1    3.7  212.0   69.0  444.0
2018 147  5 27 2300  -39.9  996.2    2.5  174.0   69.0  444.0
2018 148  5 28 0000  -40.2  996.0    2.1  176.0   68.0  444.0
2018 148  5 28 0100  -41.2  995.8    3.0  242.0   68.0  444.0
2018 148  5 28 0200  -41.6  995.7    2.4  229.0   67.0  444.0
2018 148  5 28 0300  -41.1  995.4    3.2  216.0   67.6  444.0
2018 148  5 28 0400  -39.9  995.4    3.4  181.0   68.0  444.0
2018 148  5 28 0500  -41.7  995.3    3.8  222.0   68.0  444.0
2018 148  5 28 0600  -40.3  995.1    4.1  206.0   68.0  444.0
2018 148  5 28 0700  -41.8  994.9    3.4  219.0   67.3  444.0
2018 148  5 28 0800  -42.9  994.9    2.5  214.0   66.6  444.0
2018 148  5 28 0900  -42.7  994.4    4.7  208.0   67.0  444.0
2018 148  5 28 1000  -42.4  993.9    4.1  214.0   67.0  444.0
2018 148  5 28 1100  -42.2  993.7    4.9  221.0   67.0  444.0
2018 148  5 28 1200  -41.3  992.8    4.0  225.0   68.0  444.0
2018 148  5 28 1300  -39.6  992.5    3.5  204.0   68.7  444.0
2018 148  5 28 1400  -35.9  992.0    4.6  192.0   71.0  444.0
2018 148  5 28 1500  -34.5  991.6    3.6  194.0   72.0  444.0
2018 148  5 28 1600  -33.5  990.7    5.9  188.0   72.0  444.0
2018 148  5 28 1700  -34.1  990.1    6.5  191.0   72.0  444.0
2018 148  5 28 1800  -34.0  989.4    7.6  196.0   71.9  444.0
2018 148  5 28 1900  -33.5  989.0    5.8  182.0   72.0  444.0
2018 148  5 28 2000  -35.1  988.2    5.7  199.0   71.0  444.0
2018 148  5 28 2100  -32.5  987.7    8.8  197.0   73.0  444.0
2018 148  5 28 2200  -31.6  987.7    5.8  185.0   73.0  444.0
2018 148  5 28 2300  -31.2  987.1    6.7  194.0   74.0  444.0
2018 149  5 29 0000  -31.5  986.7    4.4  192.0   74.0  444.0
2018 149  5 29 0100  -34.0  986.1    4.0  221.0   71.0  444.0
2018 149  5 29 0200  -37.2  985.2    4.5  212.0   70.0  444.0
2018 149  5 29 0300  -38.8  984.9    2.9  224.0   69.0  444.0
2018 149  5 29 0400  -40.3  984.4    3.2  234.0   68.0  444.0
2018 149  5 29 0500  -40.6  983.8    3.5  230.0   68.0  444.0
2018 149  5 29 0600  -41.2  983.4    3.7  220.0   67.8  444.0
2018 149  5 29 0700  -41.9  983.1    2.5  224.0   67.0  444.0
2018 149  5 29 0800  -42.5  982.4    2.4  246.0   67.0  444.0
2018 149  5 29 0900  -43.6  982.2    2.6  267.0   66.4  444.0
2018 149  5 29 1000  -43.7  982.0    2.8  278.0   66.0  444.0
2018 149  5 29 1100  -44.5  982.0    0.7  298.0   66.0  444.0
2018 149  5 29 1200  -44.7  981.7    2.6  306.0   66.0  444.0
2018 149  5 29 1300  -45.1  981.5    0.4  300.0   66.0  444.0
2018 149  5 29 1400  -44.7  981.5    2.1  308.0   65.2  444.0
2018 149  5 29 1500  -43.4  981.3    2.6  250.0   66.0  444.0
2018 149  5 29 1600  -45.5  981.9  444.0  444.0   65.0  444.0
2018 149  5 29 1700  -44.1  981.9    3.3  280.0   65.0  444.0
2018 149  5 29 1800  -44.4  982.0    3.3  216.0   66.0  444.0
2018 149  5 29 1900  -42.9  982.5    3.8  187.0   67.0  444.0
2018 149  5 29 2000  -41.2  982.6    3.2  193.0   67.0  444.0
2018 149  5 29 2100  -40.1  982.6    4.7  204.0   68.0  444.0
2018 149  5 29 2200  -39.5  982.6    5.9  200.0   69.0  444.0
2018 149  5 29 2300  -39.2  983.0    3.9  190.0   68.0  444.0
2018 150  5 30 0000  -39.0  982.9    4.6  204.0   69.0  444.0
2018 150  5 30 0100  -39.5  982.8    5.4  202.0   68.4  444.0
2018 150  5 30 0200  -38.2  983.0    5.8  191.0   69.1  444.0
2018 150  5 30 0300  -36.4  982.9    5.6  187.0   70.0  444.0
2018 150  5 30 0400  -37.3  983.3    5.8  192.0   69.0  444.0
2018 150  5 30 0500  -37.4  983.4    5.0  192.0   70.0  444.0
2018 150  5 30 0600  -36.7  983.6    6.7  188.0   70.2  444.0
2018 150  5 30 0700  -36.5  983.5    4.0  207.0   69.0  444.0
2018 150  5 30 0800  -35.9  983.6    5.2  190.0   71.0  444.0
2018 150  5 30 0900  -34.8  984.1    4.3  179.0   71.0  444.0
2018 150  5 30 1000  -35.2  984.6    5.2  183.0   71.0  444.0
2018 150  5 30 1100  -32.0  984.7    6.7  172.0   73.0  444.0
2018 150  5 30 1200  -33.3  985.0    3.8  188.0   71.0  444.0
2018 150  5 30 1300  -35.8  984.5    5.5  205.0   71.0  444.0
2018 150  5 30 1400  -30.5  984.7    6.5  184.0   74.0  444.0
2018 150  5 30 1500  -28.4  985.1    6.4  183.0   75.0  444.0
2018 150  5 30 1600  -26.7  985.1    8.2  181.0   77.0  444.0
2018 150  5 30 1700  -27.7  985.2    7.0  188.0   75.8  444.0
2018 150  5 30 1800  -27.8  985.6    7.2  194.0   75.9  444.0
2018 150  5 30 1900  -27.7  986.0    6.9  194.0   76.0  444.0
2018 150  5 30 2000  -26.8  986.4    6.1  198.0   75.0  444.0
2018 150  5 30 2100  -26.9  986.6    7.3  189.0   77.0  444.0
2018 150  5 30 2200  -25.5  986.9    9.1  184.0   77.7  444.0
2018 150  5 30 2300  -25.0  987.2    9.6  175.0   78.5  444.0
2018 151  5 31 0000  -25.0  987.6    9.8  173.0   78.5  444.0
2018 151  5 31 0100  -25.1  987.6    9.5  168.0   78.0  444.0
2018 151  5 31 0200  -26.2  988.1    9.3  167.0   77.0  444.0
2018 151  5 31 0300  -27.3  988.4    9.1  162.0   77.0  444.0
2018 151  5 31 0400  -29.4  989.2    5.9  157.0   75.1  444.0
2018 151  5 31 0500  -32.4  989.9    4.0  138.0   72.8  444.0
2018 151  5 31 0600  -33.7  990.4    3.8  151.0   72.0  444.0
2018 151  5 31 0700  -33.3  990.8    5.3  152.0   73.0  444.0
2018 151  5 31 0800  -34.4  991.1    3.0  184.0   71.0  444.0
2018 151  5 31 0900  -34.5  991.1    4.4  165.0   71.7  444.0
2018 151  5 31 1000  -31.8  991.5    6.5  152.0   73.6  444.0
2018 151  5 31 1100  -32.0  991.5    6.8  140.0   74.0  444.0
2018 151  5 31 1200  -33.5  991.9    5.2  155.0   72.5  444.0
2018 151  5 31 1300  -34.3  992.1    5.9  142.0   72.0  444.0
2018 151  5 31 1400  -36.4  992.8    4.4  146.0   71.0  444.0
2018 151  5 31 1500  -37.7  993.3    3.6  138.0   69.6  444.0
2018 151  5 31 1600  -38.6  993.3    3.2  210.0   69.0  444.0
2018 151  5 31 1700  -38.5  993.2    3.8  183.0   69.4  444.0
2018 151  5 31 1800  -38.1  992.9    4.9  175.0   70.0  444.0
2018 151  5 31 1900  -37.8  993.1    3.9  180.0   69.0  444.0
2018 151  5 31 2000  -37.5  993.4    4.3  161.0   69.7  444.0
2018 151  5 31 2100  -38.4  993.6    3.5  166.0   69.0  444.0
2018 151  5 31 2200  -38.8  993.8    3.8  172.0   68.9  444.0
2018 151  5 31 2300  -39.4  994.0    4.2  170.0   69.0  444.0
