Year: 2020  Month: 11  ID: LET  ARGOS:  8928  Name: Lettau              
Lat: 82.49S  Lon: 174.58W  Elev:   39m
2020 306 11  1 0000  -13.0  958.0    8.3  178.0   74.0  444.0
2020 306 11  1 0100  -14.1  957.9    8.8  169.0   74.0  444.0
2020 306 11  1 0200  -16.2  958.1    8.2  158.0   67.0  444.0
2020 306 11  1 0300  -18.8  958.4    7.3  157.0   69.3  444.0
2020 306 11  1 0400  -20.1  958.8    7.0  150.0   72.0  444.0
2020 306 11  1 0500  -21.5  959.2    7.6  151.0   72.0  444.0
2020 306 11  1 0600  -22.8  959.8    5.6  141.0   73.0  444.0
2020 306 11  1 0700  -24.1  960.1    5.3  149.0   73.0  444.0
2020 306 11  1 0800  -25.3  960.4    5.0  137.0   73.0  444.0
2020 306 11  1 0900  -26.7  960.8    5.5  136.0   72.0  444.0
2020 306 11  1 1000  -27.6  961.3    6.4  135.0   72.0  444.0
2020 306 11  1 1100  -28.3  962.0    5.8  128.0   72.3  444.0
2020 306 11  1 1200  -26.5  962.8    4.3  138.0   79.0  444.0
2020 306 11  1 1300  -23.7  963.4    3.3  132.0   81.0  444.0
2020 306 11  1 1400  -22.8  963.8    4.5  129.0   81.0  444.0
2020 306 11  1 1500  -22.4  964.1    5.1  158.0   80.0  444.0
2020 306 11  1 1600  -22.1  964.9    4.2  140.0   80.0  444.0
2020 306 11  1 1700  -21.8  965.5    5.3  127.0   79.0  444.0
2020 306 11  1 1800  -21.5  966.0    5.5  117.0   79.0  444.0
2020 306 11  1 1900  -21.3  966.8    5.1  109.0   78.0  444.0
2020 306 11  1 2000  -21.0  967.7    4.5  111.0   76.9  444.0
2020 306 11  1 2100  -20.8  967.7    4.0  125.0   76.0  444.0
2020 306 11  1 2200  -20.5  968.2    4.5  139.0   76.0  444.0
2020 306 11  1 2300  -20.3  968.2    4.9  146.0   76.0  444.0
2020 307 11  2 0000  -19.9  968.7    3.8  133.0   76.0  444.0
2020 307 11  2 0100  -19.6  968.8    2.7  127.0   76.7  444.0
2020 307 11  2 0200  -19.1  968.9    1.8   76.0   75.0  444.0
2020 307 11  2 0300  -18.9  968.9    0.8   16.0   75.0  444.0
2020 307 11  2 0400  -18.7  968.8    1.3  338.0   76.0  444.0
2020 307 11  2 0500  -18.9  968.8    1.5  322.0   78.0  444.0
2020 307 11  2 0600  -18.8  969.0    1.2  337.0   78.4  444.0
2020 307 11  2 0700  -18.5  968.9    0.8  323.0   77.0  444.0
2020 307 11  2 0800  -19.0  969.0    2.0  342.0   80.0  444.0
2020 307 11  2 0900  -19.0  968.8    1.3  226.0   79.4  444.0
2020 307 11  2 1000  -19.7  968.3    1.4  334.0   80.0  444.0
2020 307 11  2 1100  -20.9  968.1    1.7  307.0   77.0  444.0
2020 307 11  2 1200  -23.4  967.8    2.1  242.0   77.0  444.0
2020 307 11  2 1300  -24.8  967.6    1.7  227.0   77.3  444.0
2020 307 11  2 1400  -24.9  967.2    2.4  207.0   76.6  444.0
2020 307 11  2 1500  -24.4  966.9    1.4  155.0   77.0  444.0
2020 307 11  2 1600  -26.2  966.5    2.9  163.0   71.0  444.0
2020 307 11  2 1700  -27.4  966.1    2.7  155.0   70.0  444.0
2020 307 11  2 1800  -27.7  965.4    2.7  178.0   69.4  444.0
2020 307 11  2 1900  -27.0  964.8    2.7  166.0   68.9  444.0
2020 307 11  2 2000  -27.0  964.4    3.0  182.0   69.0  444.0
2020 307 11  2 2100  -27.1  963.9    2.9  188.0   69.0  444.0
2020 307 11  2 2200  -26.3  963.2    1.9  204.0   68.0  444.0
2020 307 11  2 2300  -25.8  962.5    2.4  219.0   67.5  444.0
2020 308 11  3 0000  -25.4  961.8    2.3  220.0   67.0  444.0
2020 308 11  3 0100  -24.6  961.0    2.9  178.0   70.0  444.0
2020 308 11  3 0200  -24.6  960.3    2.4  155.0   70.0  444.0
2020 308 11  3 0300  -24.4  959.8    1.9  160.0   70.0  444.0
2020 308 11  3 0400  -24.7  959.4    2.1  183.0   71.4  444.0
2020 308 11  3 0500  -26.1  958.8    2.0  207.0   70.0  444.0
2020 308 11  3 0600  -25.9  958.5    1.9  215.0   68.1  444.0
2020 308 11  3 0700  -27.1  958.2    2.7  200.0   72.0  444.0
2020 308 11  3 0800  -27.7  958.0    2.9  206.0   73.0  444.0
2020 308 11  3 0900  -28.2  957.7    2.5  191.0   73.0  444.0
2020 308 11  3 1000  -28.0  957.5    2.2  184.0   73.0  444.0
2020 308 11  3 1100  -30.4  957.3    2.8  158.0   74.2  444.0
2020 308 11  3 1200  -30.9  957.0    2.7  166.0   75.1  444.0
2020 308 11  3 1300  -29.0  957.0    3.5  174.0   76.0  444.0
2020 308 11  3 1400  -27.9  957.3    2.2  185.0   75.1  444.0
2020 308 11  3 1500  -26.2  957.2    2.4  166.0   76.0  444.0
2020 308 11  3 1600  -25.0  957.1    2.5  177.0   76.0  444.0
2020 308 11  3 1700  -25.9  957.5    2.5  195.0   73.1  444.0
2020 308 11  3 1800  -26.6  957.4    2.6  160.0   73.0  444.0
2020 308 11  3 1900  -26.0  957.7    2.8  180.0   72.0  444.0
2020 308 11  3 2000  -26.2  957.7    2.3  182.0   71.0  444.0
2020 308 11  3 2100  -25.3  957.9    3.8  180.0   71.6  444.0
2020 308 11  3 2200  -25.6  957.9    3.1  204.0   71.9  444.0
2020 308 11  3 2300  -25.6  957.8    3.4  216.0   72.0  444.0
2020 309 11  4 0000  -25.0  958.1    3.4  189.0   72.4  444.0
2020 309 11  4 0100  -24.7  957.9    4.1  213.0   74.0  444.0
2020 309 11  4 0200  -24.7  957.9    3.0  211.0   73.6  444.0
2020 309 11  4 0300  -24.8  957.8    3.3  184.0   74.0  444.0
2020 309 11  4 0400  -25.0  957.9    3.1  162.0   73.7  444.0
2020 309 11  4 0500  -25.8  958.0    2.8  178.0   73.0  444.0
2020 309 11  4 0600  -26.5  958.0    1.9  203.0   72.0  444.0
2020 309 11  4 0700  -27.9  958.3    3.3  138.0   72.8  444.0
2020 309 11  4 0800  -29.4  958.6    2.0  163.0   71.0  444.0
2020 309 11  4 0900  -31.8  958.8    2.5  162.0   69.4  444.0
2020 309 11  4 1000  -32.2  959.0    3.1  144.0   70.0  444.0
2020 309 11  4 1100  -33.3  959.3    3.2  128.0   69.0  444.0
2020 309 11  4 1200  -34.3  959.6    2.3  139.0   69.0  444.0
2020 309 11  4 1300  -34.0  959.7    2.7  146.0   69.0  444.0
2020 309 11  4 1400  -33.9  959.8    3.3  130.0   69.0  444.0
2020 309 11  4 1500  -33.8  959.8    1.1  174.0   67.2  444.0
2020 309 11  4 1600  -33.7  959.9    1.3  155.0   67.0  444.0
2020 309 11  4 1700  -33.2  960.4    2.5  156.0   69.0  444.0
2020 309 11  4 1800  -32.9  960.7    3.1  143.0   68.0  444.0
2020 309 11  4 1900  -31.8  960.9    2.1  106.0   67.0  444.0
2020 309 11  4 2000  -30.0  961.7    2.9  120.0   68.0  444.0
2020 309 11  4 2100  -27.8  962.7    1.6  161.0   69.0  444.0
2020 309 11  4 2200  -26.1  963.4    1.3   97.0   70.0  444.0
2020 309 11  4 2300  -25.3  963.7    1.9  136.0   70.0  444.0
2020 310 11  5 0000  -25.8  964.2    3.6  141.0   70.6  444.0
2020 310 11  5 0100  -25.4  964.1    1.3  107.0   71.0  444.0
2020 310 11  5 0200  -25.3  963.7    1.4  282.0   69.0  444.0
2020 310 11  5 0300  -24.9  963.6    2.5  263.0   71.0  444.0
2020 310 11  5 0400  -24.7  963.1    2.8  280.0   73.0  444.0
2020 310 11  5 0500  -24.6  962.8    3.2  267.0   73.7  444.0
2020 310 11  5 0600  -24.9  963.1    1.5  242.0   68.0  444.0
2020 310 11  5 0700  -26.5  962.9    1.9  288.0   70.0  444.0
2020 310 11  5 0800  -27.3  963.2    1.6  268.0   71.0  444.0
2020 310 11  5 0900  -28.1  964.1    1.5  303.0   72.0  444.0
2020 310 11  5 1000  -28.2  964.5    1.6  270.0   72.0  444.0
2020 310 11  5 1100  -30.5  964.4    2.8  270.0   71.0  444.0
2020 310 11  5 1200  -31.2  965.0    2.3  228.0   69.0  444.0
2020 310 11  5 1300  -32.3  965.6    2.4  224.0   70.0  444.0
2020 310 11  5 1400  -30.2  965.5    4.2  218.0   76.0  444.0
2020 310 11  5 1500  -27.5  965.4    4.9  225.0   75.0  444.0
2020 310 11  5 1600  -25.4  965.5    6.1  220.0   74.0  444.0
2020 310 11  5 1700  -24.7  965.6    5.3  226.0   73.0  444.0
2020 310 11  5 1800  -24.6  965.1    7.9  230.0   72.0  444.0
2020 310 11  5 1900  -25.0  965.8    5.5  220.0   71.0  444.0
2020 310 11  5 2000  -24.8  965.7    4.2  220.0   71.0  444.0
2020 310 11  5 2100  -24.3  966.0    5.0  189.0   70.0  444.0
2020 310 11  5 2200  -24.4  966.3    5.0  189.0   69.0  444.0
2020 310 11  5 2300  -25.2  966.8    5.2  182.0   68.0  444.0
2020 311 11  6 0000  -25.4  967.1    4.0  180.0   66.0  444.0
2020 311 11  6 0100  -25.4  967.3    3.9  190.0   67.0  444.0
2020 311 11  6 0200  -25.5  967.6    4.9  187.0   68.0  444.0
2020 311 11  6 0300  -25.6  968.0    2.8  169.0   70.0  444.0
2020 311 11  6 0400  -26.0  968.5    2.9  163.0   71.0  444.0
2020 311 11  6 0500  -26.5  968.5    2.5  185.0   70.5  444.0
2020 311 11  6 0600  -26.8  968.8    2.6  180.0   70.0  444.0
2020 311 11  6 0700  -27.7  968.9    3.1  166.0   71.0  444.0
2020 311 11  6 0800  -28.6  969.1    2.1  138.0   70.6  444.0
2020 311 11  6 0900  -29.5  969.4    2.2  181.0   70.0  444.0
2020 311 11  6 1000  -30.7  969.8    2.2  178.0   70.0  444.0
2020 311 11  6 1100  -31.7  970.1    2.5  144.0   69.0  444.0
2020 311 11  6 1200  -33.0  970.4    3.5  131.0   70.0  444.0
2020 311 11  6 1300  -33.6  970.9    2.8  145.0   68.0  444.0
2020 311 11  6 1400  -33.7  970.9    4.0  128.0   68.0  444.0
2020 311 11  6 1500  -33.6  971.3    3.0  129.0   66.0  444.0
2020 311 11  6 1600  -32.9  971.4    2.4  129.0   65.0  444.0
2020 311 11  6 1700  -33.2  971.4    2.4  135.0   66.0  444.0
2020 311 11  6 1800  -32.4  971.5    1.9  164.0   65.0  444.0
2020 311 11  6 1900  -31.2  971.5    1.2  197.0   65.0  444.0
2020 311 11  6 2000  -30.6  971.5    1.9  192.0   65.0  444.0
2020 311 11  6 2100  -28.8  971.1    0.7  225.0   61.0  444.0
2020 311 11  6 2200  -27.8  970.9    1.1  300.0   61.0  444.0
2020 311 11  6 2300  -27.5  970.8    2.3  288.0   63.0  444.0
2020 312 11  7 0000  -27.1  970.4    3.2  286.0   64.9  444.0
2020 312 11  7 0100  -26.6  970.2    3.2  280.0   68.0  444.0
2020 312 11  7 0200  -25.8  969.8    3.1  279.0   69.0  444.0
2020 312 11  7 0300  -25.4  969.4    3.4  295.0   69.0  444.0
2020 312 11  7 0400  -24.9  969.1    3.4  290.0   70.0  444.0
2020 312 11  7 0500  -25.0  968.7    3.3  299.0   70.0  444.0
2020 312 11  7 0600  -25.5  968.5    3.2  307.0   70.0  444.0
2020 312 11  7 0700  -27.0  968.2    2.9  323.0   72.0  444.0
2020 312 11  7 0800  -28.8  967.9    2.7  313.0   73.0  444.0
2020 312 11  7 0900  -28.9  967.7    3.0  315.0   73.0  444.0
2020 312 11  7 1000  -29.2  967.1    3.3  313.0   73.0  444.0
2020 312 11  7 1100  -30.0  966.7    3.5  325.0   73.0  444.0
2020 312 11  7 1200  -30.4  966.6    3.1  337.0   72.0  444.0
2020 312 11  7 1300  -31.2  966.4    3.7  336.0   72.5  444.0
2020 312 11  7 1400  -31.6  966.4    3.0  346.0   72.0  444.0
2020 312 11  7 1500  -31.0  966.4    4.2  336.0   72.0  444.0
2020 312 11  7 1600  -30.7  966.6    4.1  327.0   71.0  444.0
2020 312 11  7 1700  -30.0  966.8    2.6  332.0   70.0  444.0
2020 312 11  7 1800  -28.9  966.7    0.9  285.0   65.0  444.0
2020 312 11  7 1900  -29.0  966.6    1.9  350.0   68.0  444.0
2020 312 11  7 2000  -28.4  966.6    2.6  334.0   68.0  444.0
2020 312 11  7 2100  -27.7  966.4    2.5  309.0   67.0  444.0
2020 312 11  7 2200  -27.2  966.2    2.4  271.0   67.0  444.0
2020 312 11  7 2300  -26.9  965.9    3.1  270.0   67.0  444.0
2020 313 11  8 0000  -27.0  965.0    2.1  251.0   66.0  444.0
2020 313 11  8 0100  -26.9  964.4    3.1  266.0   68.0  444.0
2020 313 11  8 0200  -26.7  963.9    3.7  238.0   68.0  444.0
2020 313 11  8 0300  -26.3  962.8    3.3  236.0   67.5  444.0
2020 313 11  8 0400  -25.7  962.0    2.6  215.0   70.0  444.0
2020 313 11  8 0500  -25.8  961.4    2.3  218.0   70.0  444.0
2020 313 11  8 0600  -25.6  960.4    2.4  263.0   72.0  444.0
2020 313 11  8 0700  -25.2  959.7    3.6  252.0   75.0  444.0
2020 313 11  8 0800  -24.3  958.9    3.7  258.0   76.0  444.0
2020 313 11  8 0900  -23.9  957.4    3.3  272.0   76.0  444.0
2020 313 11  8 1000  -23.4  956.4    2.7  260.0   76.0  444.0
2020 313 11  8 1100  -23.7  955.4    2.3  332.0   76.0  444.0
2020 313 11  8 1200  -23.8  954.9    1.8  338.0   76.0  444.0
2020 313 11  8 1300  -23.7  954.9    1.2   94.0   72.0  444.0
2020 313 11  8 1400  -24.2  954.9    2.8  119.0   75.0  444.0
2020 313 11  8 1500  -27.2  954.7    3.0  113.0   75.0  444.0
2020 313 11  8 1600  -26.2  954.7    3.0  116.0   73.0  444.0
2020 313 11  8 1700  -25.6  954.5    2.7  137.0   73.0  444.0
2020 313 11  8 1800  -25.6  953.9    1.8  124.0   73.0  444.0
2020 313 11  8 1900  -25.1  954.0    2.0  140.0   71.0  444.0
2020 313 11  8 2000  -25.0  953.7    2.0   68.0   72.0  444.0
2020 313 11  8 2100  -24.9  953.4    3.3   35.0   70.0  444.0
2020 313 11  8 2200  -24.6  953.6    3.4   23.0   68.0  444.0
2020 313 11  8 2300  -24.9  954.0    3.6   42.0   67.0  444.0
2020 314 11  9 0000  -25.4  954.4    2.9   62.0   67.0  444.0
2020 314 11  9 0100  -25.0  954.7    2.7   48.0   71.5  444.0
2020 314 11  9 0200  -24.6  955.3    3.5   51.0   72.0  444.0
2020 314 11  9 0300  -24.5  955.5    3.4   49.0   72.0  444.0
2020 314 11  9 0400  -24.2  955.9    4.0   45.0   73.0  444.0
2020 314 11  9 0500  -26.2  956.7    2.4   55.0   73.0  444.0
2020 314 11  9 0600  -27.1  957.3    2.3   82.0   70.0  444.0
2020 314 11  9 0700  -28.2  958.0    2.1  101.0   71.0  444.0
2020 314 11  9 0800  -28.8  958.4    1.9   93.0   71.0  444.0
2020 314 11  9 0900  -30.7  958.8    1.8   97.0   70.6  444.0
2020 314 11  9 1000  -30.9  959.2    2.1   74.0   69.0  444.0
2020 314 11  9 1100  -31.8  959.6    1.7   75.0   69.0  444.0
2020 314 11  9 1200  -32.6  960.0    2.2  162.0   67.0  444.0
2020 314 11  9 1300  -32.8  960.2    2.2  136.0   67.0  444.0
2020 314 11  9 1400  -33.1  960.4    1.5  105.0   65.0  444.0
2020 314 11  9 1500  -31.5  960.5    1.3   76.0   67.0  444.0
2020 314 11  9 1600  444.0  960.7    0.8   55.0   72.0  444.0
2020 314 11  9 1700  -29.6  961.1    1.0  161.0   71.0  444.0
2020 314 11  9 1800  -29.2  961.1    1.5  144.0   71.0  444.0
2020 314 11  9 1900  -27.7  961.6    1.4  163.0   73.0  444.0
2020 314 11  9 2000  -27.1  962.0    1.5  161.0   74.0  444.0
2020 314 11  9 2100  -25.9  962.3    1.4  147.0   74.0  444.0
2020 314 11  9 2200  -24.8  962.5    1.2  152.0   75.0  444.0
2020 314 11  9 2300  444.0  962.6    0.7   88.0   74.0  444.0
2020 315 11 10 0000  444.0  963.0    0.3  170.0   72.0  444.0
2020 315 11 10 0100  444.0  963.1    1.2  193.0   77.0  444.0
2020 315 11 10 0200  444.0  963.1    1.0  184.0   77.0  444.0
2020 315 11 10 0300  444.0  963.0    0.5  265.0   74.0  444.0
2020 315 11 10 0400  444.0  963.1    1.6  240.0   74.8  444.0
2020 315 11 10 0500  -24.9  963.3    1.3  161.0   75.0  444.0
2020 315 11 10 0600  -24.2  963.5    1.0  191.0   70.0  444.0
2020 315 11 10 0700  -24.3  963.9    0.6  211.0   67.0  444.0
2020 315 11 10 0800  -26.7  964.0    1.4  216.0   70.0  444.0
2020 315 11 10 0900  -28.6  964.1    5.7  232.0   67.8  444.0
2020 315 11 10 1000  -28.9  964.2    1.4  215.0   67.0  444.0
2020 315 11 10 1100  -29.9  964.3    2.1  204.0   66.0  444.0
2020 315 11 10 1200  -29.9  964.5    2.1  171.0   69.0  444.0
2020 315 11 10 1300  -31.2  964.8    2.2  173.0   70.0  444.0
2020 315 11 10 1400  -31.4  964.9    2.0  156.0   68.0  444.0
2020 315 11 10 1500  -31.5  964.9    2.0  178.0   67.0  444.0
2020 315 11 10 1600  -31.2  965.1    3.3  164.0   69.0  444.0
2020 315 11 10 1700  -31.6  965.1    3.0  167.0   68.0  444.0
2020 315 11 10 1800  -31.2  965.7    4.3  149.0   73.0  444.0
2020 315 11 10 1900  -30.4  966.0    3.8  156.0   70.0  444.0
2020 315 11 10 2000  -29.9  966.0    4.0  166.0   69.0  444.0
2020 315 11 10 2100  -28.9  966.2    3.4  181.0   69.0  444.0
2020 315 11 10 2200  -28.3  966.3    4.1  206.0   69.0  444.0
2020 315 11 10 2300  -27.2  966.1    4.4  206.0   70.0  444.0
2020 316 11 11 0000  -26.0  966.1    3.8  215.0   71.0  444.0
2020 316 11 11 0100  -24.9  965.7    3.5  226.0   72.0  444.0
2020 316 11 11 0200  -24.3  965.4    4.7  227.0   71.3  444.0
2020 316 11 11 0300  -23.6  965.1    4.4  223.0   72.0  444.0
2020 316 11 11 0400  -22.4  965.1    4.3  213.0   74.0  444.0
2020 316 11 11 0500  -21.0  964.9    4.8  200.0   73.0  444.0
2020 316 11 11 0600  -20.6  965.0    5.1  201.0   72.0  444.0
2020 316 11 11 0700  -20.7  964.9    4.7  213.0   73.1  444.0
2020 316 11 11 0800  -18.6  964.6    6.9  207.0   70.0  444.0
2020 316 11 11 0900  -18.3  964.2    8.4  195.0   75.0  444.0
2020 316 11 11 1000  -17.2  964.2    8.2  173.0   79.0  444.0
2020 316 11 11 1100  -16.9  964.5    8.2  170.0   78.0  444.0
2020 316 11 11 1200  -17.6  964.8    7.5  170.0   77.0  444.0
2020 316 11 11 1300  -17.3  964.9    8.0  162.0   78.0  444.0
2020 316 11 11 1400  -17.7  965.4    6.8  167.0   78.0  444.0
2020 316 11 11 1500  -18.9  965.9    5.5  153.0   77.0  444.0
2020 316 11 11 1600  -19.8  966.6    6.6  147.0   75.0  444.0
2020 316 11 11 1700  -21.2  967.4    7.9  139.0   74.0  444.0
2020 316 11 11 1800  -22.3  968.2    6.0  147.0   73.0  444.0
2020 316 11 11 1900  -21.7  968.8    6.2  153.0   71.0  444.0
2020 316 11 11 2000  -20.5  968.7    3.6  164.0   71.0  444.0
2020 316 11 11 2100  -18.5  968.9    4.6  197.0   74.0  444.0
2020 316 11 11 2200  -16.1  969.2    6.0  183.0   73.0  444.0
2020 316 11 11 2300  -15.7  969.3    5.6  188.0   73.0  444.0
2020 317 11 12 0000  -14.3  969.3    8.4  170.0   73.0  444.0
2020 317 11 12 0100  -14.1  969.3    9.1  163.0   75.0  444.0
2020 317 11 12 0200  -13.8  969.4    7.7  177.0   74.4  444.0
2020 317 11 12 0300  -13.2  969.4    9.3  172.0   75.0  444.0
2020 317 11 12 0400  -12.9  969.4    8.8  170.0   76.0  444.0
2020 317 11 12 0500  -12.9  969.4   10.1  168.0   75.0  444.0
2020 317 11 12 0600  -13.1  969.4   10.3  166.0   75.0  444.0
2020 317 11 12 0700  -13.3  969.6   10.6  164.0   76.0  444.0
2020 317 11 12 0800  -13.8  969.8    9.7  163.0   76.0  444.0
2020 317 11 12 0900  -14.1  970.0    9.3  164.0   76.0  444.0
2020 317 11 12 1000  -14.2  970.1    9.8  164.0   76.0  444.0
2020 317 11 12 1100  -14.7  970.2    9.4  162.0   76.0  444.0
2020 317 11 12 1200  -14.9  970.2   10.0  158.0   76.0  444.0
2020 317 11 12 1300  -16.0  970.6    8.6  163.0   77.0  444.0
2020 317 11 12 1400  -16.2  970.9    9.2  154.0   77.0  444.0
2020 317 11 12 1500  -16.6  971.3    8.3  156.0   75.0  444.0
2020 317 11 12 1600  -16.7  971.5    8.7  156.0   75.0  444.0
2020 317 11 12 1700  -16.6  972.0    7.7  153.0   74.0  444.0
2020 317 11 12 1800  -16.7  972.4    7.2  156.0   74.0  444.0
2020 317 11 12 1900  -16.4  972.9    8.0  153.0   74.0  444.0
2020 317 11 12 2000  -15.8  973.3    9.2  147.0   74.0  444.0
2020 317 11 12 2100  -15.3  973.8    7.3  168.0   73.0  444.0
2020 317 11 12 2200  -14.4  973.8   10.1  162.0   74.0  444.0
2020 317 11 12 2300  -13.8  974.0    9.2  162.0   72.0  444.0
2020 318 11 13 0000  -13.3  974.0   10.8  162.0   73.8  444.0
2020 318 11 13 0100  -12.9  974.1    9.2  167.0   74.0  444.0
2020 318 11 13 0200  -12.4  974.0    7.9  168.0   73.0  444.0
2020 318 11 13 0300  -12.0  973.9    9.6  157.0   76.0  444.0
2020 318 11 13 0400  -11.8  974.0    9.2  159.0   76.0  444.0
2020 318 11 13 0500  -12.0  974.2    8.3  171.0   76.0  444.0
2020 318 11 13 0600  -12.0  974.2    9.0  160.0   76.0  444.0
2020 318 11 13 0700  -12.1  974.3    9.6  164.0   78.0  444.0
2020 318 11 13 0800  -12.5  974.1    9.6  160.0   79.0  444.0
2020 318 11 13 0900  -13.1  974.4    7.9  168.0   78.1  444.0
2020 318 11 13 1000  -13.5  974.2    9.2  166.0   78.0  444.0
2020 318 11 13 1100  -13.5  974.7    9.1  157.0   78.0  444.0
2020 318 11 13 1200  -13.9  974.8    9.5  153.0   79.0  444.0
2020 318 11 13 1300  -14.4  975.3    9.2  154.0   78.0  444.0
2020 318 11 13 1400  -14.7  975.9    9.3  154.0   79.0  444.0
2020 318 11 13 1500  -15.3  976.3    9.6  145.0   79.0  444.0
2020 318 11 13 1600  -15.8  976.9    9.8  136.0   78.0  444.0
2020 318 11 13 1700  -16.5  978.0    8.3  126.0   76.0  444.0
2020 318 11 13 1800  -18.0  978.9    6.3  108.0   74.0  444.0
2020 318 11 13 1900  -18.5  979.6    5.2  133.0   73.0  444.0
2020 318 11 13 2000  -17.8  980.3    4.7  161.0   73.0  444.0
2020 318 11 13 2100  -16.6  980.5    4.8  145.0   73.0  444.0
2020 318 11 13 2200  -15.5  980.6    4.1  154.0   73.0  444.0
2020 318 11 13 2300  -14.2  980.8    5.1  150.0   72.0  444.0
2020 319 11 14 0000  -13.8  980.8    4.7  162.0   71.0  444.0
2020 319 11 14 0100  -13.7  980.5    4.3  160.0   72.0  444.0
2020 319 11 14 0200  -13.6  980.1    3.1  177.0   74.0  444.0
2020 319 11 14 0300  -13.7  979.6    5.0  161.0   73.6  444.0
2020 319 11 14 0400  -13.8  979.4    6.1  165.0   75.0  444.0
2020 319 11 14 0500  -14.3  979.2    4.6  182.0   75.0  444.0
2020 319 11 14 0600  -14.1  978.8    5.3  182.0   77.0  444.0
2020 319 11 14 0700  -14.9  978.4    5.0  179.0   78.0  444.0
2020 319 11 14 0800  -15.1  978.4    4.7  167.0   77.0  444.0
2020 319 11 14 0900  -14.6  978.2    4.6  174.0   75.0  444.0
2020 319 11 14 1000  -14.4  978.4    5.9  184.0   75.0  444.0
2020 319 11 14 1100  -15.3  978.1    5.3  189.0   76.0  444.0
2020 319 11 14 1200  -15.4  978.0    5.4  182.0   75.0  444.0
2020 319 11 14 1300  -16.0  978.0    5.4  185.0   73.0  444.0
2020 319 11 14 1400  -15.8  977.9    5.4  175.0   72.0  444.0
2020 319 11 14 1500  -15.8  977.8    5.4  178.0   72.0  444.0
2020 319 11 14 1600  -15.0  977.7    6.9  178.0   72.0  444.0
2020 319 11 14 1700  -14.8  977.7    7.6  170.0   71.0  444.0
2020 319 11 14 1800  -13.9  977.7    9.3  156.0   71.0  444.0
2020 319 11 14 1900  -13.4  978.4    8.6  166.0   73.0  444.0
2020 319 11 14 2000  -12.8  978.8    8.9  164.0   72.0  444.0
2020 319 11 14 2100  -12.4  979.2    9.7  150.0   74.0  444.0
2020 319 11 14 2200  -12.0  979.6   10.9  157.0   76.0  444.0
2020 319 11 14 2300  -11.8  979.8   11.0  153.0   78.0  444.0
2020 320 11 15 0000  -11.8  979.9   11.4  150.0   78.0  444.0
2020 320 11 15 0100  -13.1  980.3   12.5  143.0   77.0  444.0
2020 320 11 15 0200  -14.4  981.1   11.9  133.0   76.0  444.0
2020 320 11 15 0300  -14.4  982.2    9.7  139.0   75.0  444.0
2020 320 11 15 0400  -13.8  982.6    9.0  146.0   77.2  444.0
2020 320 11 15 0500  -12.9  982.9    7.2  156.0   80.0  444.0
2020 320 11 15 0600  -12.1  983.1    7.8  155.0   80.0  444.0
2020 320 11 15 0700  -11.4  983.2   10.3  148.0   81.0  444.0
2020 320 11 15 0800  -11.4  983.4    9.5  156.0   83.0  444.0
2020 320 11 15 0900  -11.3  983.5   10.6  149.0   81.0  444.0
2020 320 11 15 1000  -11.5  983.8   10.2  150.0   79.0  444.0
2020 320 11 15 1100  -13.0  984.1    8.2  158.0   79.0  444.0
2020 320 11 15 1200  -13.2  984.1   10.5  154.0   78.1  444.0
2020 320 11 15 1300  -13.7  984.5    8.0  164.0   77.0  444.0
2020 320 11 15 1400  -13.6  983.9    8.7  160.0   76.0  444.0
2020 320 11 15 1500  -14.3  984.0    5.8  167.0   75.0  444.0
2020 320 11 15 1600  -14.0  983.6    7.3  166.0   73.0  444.0
2020 320 11 15 1700  -13.7  983.5    7.7  170.0   70.0  444.0
2020 320 11 15 1800  -14.3  983.4    7.0  179.0   72.0  444.0
2020 320 11 15 1900  -13.6  983.3    5.4  172.0   70.0  444.0
2020 320 11 15 2000  -13.2  983.2    6.7  175.0   70.0  444.0
2020 320 11 15 2100  -12.5  983.1    5.9  177.0   69.0  444.0
2020 320 11 15 2200  -12.0  983.0    4.8  175.0   68.0  444.0
2020 320 11 15 2300  -11.6  982.9    4.0  182.0   70.0  444.0
2020 321 11 16 0000  -11.3  982.7    5.3  172.0   69.0  444.0
2020 321 11 16 0100  -11.3  982.9    4.5  172.0   72.0  444.0
2020 321 11 16 0200  -11.7  982.6    4.1  193.0   74.0  444.0
2020 321 11 16 0300  -11.8  982.3    4.4  180.0   74.0  444.0
2020 321 11 16 0400  -12.1  982.0    4.7  177.0   73.0  444.0
2020 321 11 16 0500  -12.6  982.0    4.1  190.0   73.0  444.0
2020 321 11 16 0600  -13.1  982.0    4.8  175.0   74.0  444.0
2020 321 11 16 0700  -13.8  982.1    4.2  177.0   73.0  444.0
2020 321 11 16 0800  -15.1  982.2    4.1  196.0   76.0  444.0
2020 321 11 16 0900  -15.9  982.2    3.3  202.0   76.0  444.0
2020 321 11 16 1000  -16.5  982.2    4.0  190.0   76.4  444.0
2020 321 11 16 1100  -17.3  982.5    4.5  177.0   76.0  444.0
2020 321 11 16 1200  -18.5  982.7    3.3  188.0   76.0  444.0
2020 321 11 16 1300  -18.6  982.9    4.2  192.0   76.0  444.0
2020 321 11 16 1400  -19.0  983.3    4.0  190.0   76.0  444.0
2020 321 11 16 1500  -18.8  983.7    4.4  154.0   74.9  444.0
2020 321 11 16 1600  -18.4  984.0    4.7  182.0   74.0  444.0
2020 321 11 16 1700  -18.1  984.3    4.4  193.0   74.0  444.0
2020 321 11 16 1800  -17.3  984.6    6.1  187.0   74.0  444.0
2020 321 11 16 1900  -16.2  985.0    6.3  186.0   73.0  444.0
2020 321 11 16 2000  -15.7  985.4    5.6  191.0   72.7  444.0
2020 321 11 16 2100  -15.0  985.7    5.3  182.0   72.0  444.0
2020 321 11 16 2200  -14.2  986.0    6.1  181.0   71.0  444.0
2020 321 11 16 2300  -13.3  985.9    6.0  178.0   70.0  444.0
2020 322 11 17 0000  -12.8  986.1    6.7  170.0   69.0  444.0
2020 322 11 17 0100  -12.5  986.0    6.2  167.0   70.3  444.0
2020 322 11 17 0200  -12.2  986.2    7.0  165.0   70.0  444.0
2020 322 11 17 0300  -12.4  985.9    6.3  173.0   72.0  444.0
2020 322 11 17 0400  -12.6  985.9    5.7  168.0   75.0  444.0
2020 322 11 17 0500  -12.8  985.9    5.8  172.0   74.0  444.0
2020 322 11 17 0600  -13.0  986.1    5.7  168.0   75.0  444.0
2020 322 11 17 0700  -13.5  986.0    6.0  168.0   76.0  444.0
2020 322 11 17 0800  -13.8  985.9    4.8  172.0   77.4  444.0
2020 322 11 17 0900  -14.7  985.9    3.3  191.0   77.0  444.0
2020 322 11 17 1000  -14.7  985.9    4.6  175.0   75.0  444.0
2020 322 11 17 1100  -15.3  985.8    5.2  181.0   76.0  444.0
2020 322 11 17 1200  -16.3  985.9    4.3  194.0   76.0  444.0
2020 322 11 17 1300  -14.9  985.6    6.1  172.0   74.0  444.0
2020 322 11 17 1400  -14.9  985.6    5.3  184.0   74.0  444.0
2020 322 11 17 1500  -14.5  985.5    5.9  175.0   72.0  444.0
2020 322 11 17 1600  -14.0  985.6    5.3  168.0   70.0  444.0
2020 322 11 17 1700  -13.6  985.7    5.1  166.0   71.0  444.0
2020 322 11 17 1800  -13.2  985.4    6.9  170.0   70.6  444.0
2020 322 11 17 1900  -12.4  985.6    7.6  172.0   72.0  444.0
2020 322 11 17 2000  -11.8  985.8    8.4  166.0   70.0  444.0
2020 322 11 17 2100  -11.3  985.9    8.6  172.0   70.0  444.0
2020 322 11 17 2200  -11.0  986.0    7.6  172.0   70.0  444.0
2020 322 11 17 2300  -11.0  985.8    8.8  168.0   71.0  444.0
2020 323 11 18 0000  -11.3  986.0    8.7  158.0   73.0  444.0
2020 323 11 18 0100  -11.8  985.8    8.5  153.0   75.0  444.0
2020 323 11 18 0200  -12.1  985.9    9.1  100.0   75.0  444.0
2020 323 11 18 0300  -12.2  985.9    7.8  151.0   77.0  444.0
2020 323 11 18 0400  -12.0  986.1    6.6  150.0   77.2  444.0
2020 323 11 18 0500  -12.7  986.0    8.8  148.0   75.0  444.0
2020 323 11 18 0600  -13.7  986.1    8.3  152.0   74.0  444.0
2020 323 11 18 0700  -16.5  986.3    9.7  137.0   77.0  444.0
2020 323 11 18 0800  -17.4  986.7    7.8  144.0   78.6  444.0
2020 323 11 18 0900  -17.9  987.0    7.9  146.0   78.0  444.0
2020 323 11 18 1000  -18.6  987.5    4.2  157.0   78.0  444.0
2020 323 11 18 1100  -18.9  987.7    4.8  166.0   77.0  444.0
2020 323 11 18 1200  -19.3  987.6    4.6  164.0   76.0  444.0
2020 323 11 18 1300  -19.7  987.5    3.6  171.0   75.0  444.0
2020 323 11 18 1400  -20.2  987.3    2.4  189.0   73.6  444.0
2020 323 11 18 1500  -20.1  987.4    2.9  200.0   76.0  444.0
2020 323 11 18 1600  -18.6  987.1    2.8  178.0   76.0  444.0
2020 323 11 18 1700  -18.2  986.9    2.6  173.0   75.0  444.0
2020 323 11 18 1800  -17.9  986.8    2.9  202.0   75.2  444.0
2020 323 11 18 1900  -17.3  986.7    3.2  187.0   75.2  444.0
2020 323 11 18 2000  -16.4  986.8    2.8  182.0   75.0  444.0
2020 323 11 18 2100  -15.5  986.9    3.2  160.0   75.1  444.0
2020 323 11 18 2200  -14.8  986.8    3.6  169.0   75.0  444.0
2020 323 11 18 2300  -14.2  986.9    3.4  162.0   74.0  444.0
2020 324 11 19 0000  -13.8  986.7    3.8  152.0   75.0  444.0
2020 324 11 19 0100  -13.3  986.6    3.5  148.0   75.0  444.0
2020 324 11 19 0200  -13.1  986.7    2.5  151.0   74.9  444.0
2020 324 11 19 0300  -12.9  986.7    2.1  168.0   76.0  444.0
2020 324 11 19 0400  -13.0  986.6    1.5  187.0   77.0  444.0
2020 324 11 19 0500  -12.8  986.6    1.4  176.0   77.0  444.0
2020 324 11 19 0600  -14.5  986.7    1.8  209.0   76.0  444.0
2020 324 11 19 0700  -14.4  986.4    1.9  196.0   77.5  444.0
2020 324 11 19 0800  -16.0  986.2    1.8  222.0   75.0  444.0
2020 324 11 19 0900  -16.9  986.2    1.8  234.0   75.0  444.0
2020 324 11 19 1000  -17.4  986.3    2.0  212.0   73.0  444.0
2020 324 11 19 1100  -18.0  986.3    2.4  213.0   74.5  444.0
2020 324 11 19 1200  -18.2  985.9    2.2  228.0   71.0  444.0
2020 324 11 19 1300  -18.9  985.9    2.3  236.0   72.0  444.0
2020 324 11 19 1400  -18.3  985.6    2.3  260.0   73.5  444.0
2020 324 11 19 1500  -17.1  985.2    2.0  267.0   70.0  444.0
2020 324 11 19 1600  -17.5  984.8    2.0  257.0   68.9  444.0
2020 324 11 19 1700  -15.8  984.8    0.9  288.0   67.0  444.0
2020 324 11 19 1800  -16.1  984.5    2.0  263.0   68.0  444.0
2020 324 11 19 1900  -14.8  984.4    1.3  274.0   64.3  444.0
2020 324 11 19 2000  -15.0  984.4    1.4  304.0   69.0  444.0
2020 324 11 19 2100  -14.4  984.1    2.4  272.0   70.7  444.0
2020 324 11 19 2200  -13.9  983.7    3.3  257.0   72.0  444.0
2020 324 11 19 2300  -13.5  983.3    4.7  254.0   73.0  444.0
2020 325 11 20 0000  -12.8  983.4    3.8  239.0   72.6  444.0
2020 325 11 20 0100  -12.3  983.1    3.7  219.0   76.0  444.0
2020 325 11 20 0200  -11.7  982.9    2.6  213.0   76.0  444.0
2020 325 11 20 0300  -11.7  982.8    2.5  238.0   76.2  444.0
2020 325 11 20 0400  -11.8  982.8    3.8  232.0   77.0  444.0
2020 325 11 20 0500  -11.9  982.9    4.0  209.0   78.0  444.0
2020 325 11 20 0600  -12.2  982.9    2.9  205.0   79.0  444.0
2020 325 11 20 0700  -11.7  983.0    2.6  194.0   82.0  444.0
2020 325 11 20 0800  -12.4  983.1    2.6  191.0   82.0  444.0
2020 325 11 20 0900  -13.4  983.6    2.1  173.0   82.4  444.0
2020 325 11 20 1000  -13.6  984.0    3.3  148.0   82.0  444.0
2020 325 11 20 1100  -15.2  984.5    3.3  152.0   82.0  444.0
2020 325 11 20 1200  -15.6  984.9    2.6  167.0   81.0  444.0
2020 325 11 20 1300  -15.7  985.1    3.1  169.0   81.0  444.0
2020 325 11 20 1400  -14.9  985.3    2.4  178.0   78.7  444.0
2020 325 11 20 1500  -15.1  985.4    2.7  178.0   78.0  444.0
2020 325 11 20 1600  -15.5  985.3    2.0  204.0   77.0  444.0
2020 325 11 20 1700  -15.2  985.3    2.2  223.0   74.0  444.0
2020 325 11 20 1800  -14.3  985.2    3.0  213.0   75.0  444.0
2020 325 11 20 1900  -13.9  985.2    2.4  222.0   72.6  444.0
2020 325 11 20 2000  -13.0  985.4    3.0  170.0   79.0  444.0
2020 325 11 20 2100  -12.3  985.3    3.8  146.0   79.0  444.0
2020 325 11 20 2200  -11.8  985.5    2.6  166.0   78.0  444.0
2020 325 11 20 2300  -11.0  985.7    1.6  157.0   80.0  444.0
2020 326 11 21 0000  -10.1  985.5    5.2  161.0   79.0  444.0
2020 326 11 21 0100  -10.0  985.6    4.3  149.0   78.4  444.0
2020 326 11 21 0200  -10.2  985.9    5.5  142.0   78.0  444.0
2020 326 11 21 0300  -12.0  986.0    9.0  137.0   78.0  444.0
2020 326 11 21 0400  -14.0  986.3    9.8  138.0   80.0  444.0
2020 326 11 21 0500  -15.1  987.2    8.4  110.0   77.0  444.0
2020 326 11 21 0600  -16.7  988.2    7.4  109.0   77.0  444.0
2020 326 11 21 0700  -17.5  989.0    6.8  110.0   77.0  444.0
2020 326 11 21 0800  -18.3  989.6    6.2  107.0   77.0  444.0
2020 326 11 21 0900  -19.1  990.3    5.4  110.0   77.0  444.0
2020 326 11 21 1000  -19.7  990.7    4.6  103.0   76.0  444.0
2020 326 11 21 1100  -20.3  991.4    4.1  121.0   75.0  444.0
2020 326 11 21 1200  -20.7  991.8    3.6  134.0   75.0  444.0
2020 326 11 21 1300  -21.2  992.1    2.7  128.0   74.0  444.0
2020 326 11 21 1400  -21.4  992.2    3.0  130.0   73.0  444.0
2020 326 11 21 1500  -21.3  992.5    2.9  169.0   74.0  444.0
2020 326 11 21 1600  -20.8  992.7    3.4  165.0   74.0  444.0
2020 326 11 21 1700  -20.3  993.0    3.3  170.0   74.0  444.0
2020 326 11 21 1800  -19.9  993.0    4.1  158.0   73.8  444.0
2020 326 11 21 1900  -19.1  993.2    5.0  153.0   73.0  444.0
2020 326 11 21 2000  -18.2  993.1    3.6  132.0   72.0  444.0
2020 326 11 21 2100  -17.4  993.5    3.9  138.0   72.0  444.0
2020 326 11 21 2200  -16.8  993.6    4.2  131.0   72.0  444.0
2020 326 11 21 2300  -16.4  993.8    3.5  118.0   71.0  444.0
2020 327 11 22 0000  -16.1  993.9    3.0  106.0   71.0  444.0
2020 327 11 22 0100  -15.9  994.1    3.0  114.0   73.0  444.0
2020 327 11 22 0200  -15.7  994.2    2.9  116.0   73.0  444.0
2020 327 11 22 0300  -15.5  994.4    3.3  120.0   74.0  444.0
2020 327 11 22 0400  -15.5  994.6    3.1  113.0   76.0  444.0
2020 327 11 22 0500  -15.7  994.8    2.1  117.0   76.0  444.0
2020 327 11 22 0600  -15.7  995.0    1.6  139.0   76.0  444.0
2020 327 11 22 0700  -16.3  995.1    1.6  178.0   77.0  444.0
2020 327 11 22 0800  -16.4  995.1    1.6  174.0   77.0  444.0
2020 327 11 22 0900  -16.9  994.9    1.9  185.0   75.0  444.0
2020 327 11 22 1000  -18.2  994.7    1.5  192.0   75.1  444.0
2020 327 11 22 1100  -19.9  994.5    2.0  230.0   73.0  444.0
2020 327 11 22 1200  -19.8  994.4    1.7  216.0   69.0  444.0
2020 327 11 22 1300  -20.8  994.0    2.2  220.0   73.0  444.0
2020 327 11 22 1400  -21.1  993.6    1.9  216.0   73.0  444.0
2020 327 11 22 1500  -21.1  993.2    2.5  213.0   74.0  444.0
2020 327 11 22 1600  -20.6  993.1    2.0  220.0   71.0  444.0
2020 327 11 22 1700  -19.9  992.4    2.5  226.0   71.0  444.0
2020 327 11 22 1800  -18.9  992.1    2.6  210.0   74.0  444.0
2020 327 11 22 1900  -17.9  991.9    2.1  197.0   74.0  444.0
2020 327 11 22 2000  -16.6  991.5    1.6  197.0   74.0  444.0
2020 327 11 22 2100  -15.7  991.3    2.1  190.0   75.0  444.0
2020 327 11 22 2200  -14.8  991.1    2.2  181.0   75.0  444.0
2020 327 11 22 2300  -13.3  990.9    1.2  177.0   73.0  444.0
2020 328 11 23 0000  -13.1  990.6    0.9  232.0   68.0  444.0
2020 328 11 23 0100  -13.3  990.1    2.3  234.0   72.0  444.0
2020 328 11 23 0200  -12.7  989.7    2.2  213.0   75.0  444.0
2020 328 11 23 0300  -12.3  989.2    2.5  226.0   76.0  444.0
2020 328 11 23 0400  -11.8  988.5    2.0  251.0   79.0  444.0
2020 328 11 23 0500  -11.8  988.6    2.4  224.0   75.2  444.0
2020 328 11 23 0600  -12.1  988.3    2.9  302.0   78.0  444.0
2020 328 11 23 0700  -12.5  988.1    2.7  216.0   82.0  444.0
2020 328 11 23 0800  -12.8  987.8    2.9  225.0   80.0  444.0
2020 328 11 23 0900  -13.7  987.4    2.7  222.0   79.0  444.0
2020 328 11 23 1000  -14.2  987.2    2.8  246.0   77.6  444.0
2020 328 11 23 1100  -14.6  987.1    1.8  240.0   74.0  444.0
2020 328 11 23 1200  -15.1  986.8    2.5  246.0   77.0  444.0
2020 328 11 23 1300  -15.0  986.7    1.5  234.0   73.0  444.0
2020 328 11 23 1400  -15.7  986.4    2.7  228.0   74.0  444.0
2020 328 11 23 1500  -15.6  986.1    2.6  246.0   75.2  444.0
2020 328 11 23 1600  -15.6  985.9    1.5  243.0   73.0  444.0
2020 328 11 23 1700  -15.4  985.9    1.4  238.0   72.0  444.0
2020 328 11 23 1800  -15.1  985.9    2.1  240.0   72.7  444.0
2020 328 11 23 1900  -14.3  985.9    1.7  252.0   75.0  444.0
2020 328 11 23 2000  -13.4  985.6    2.0  233.0   72.0  444.0
2020 328 11 23 2100  -12.5  985.6    1.5  221.0   72.0  444.0
2020 328 11 23 2200  -11.9  985.2    1.4  209.0   74.0  444.0
2020 328 11 23 2300  -11.3  985.2    1.5  199.0   74.0  444.0
2020 329 11 24 0000  444.0  985.0    0.6  161.0   71.8  444.0
2020 329 11 24 0100  -10.2  984.6    0.9  260.0   71.0  444.0
2020 329 11 24 0200  -10.4  984.5    0.9  239.0   71.0  444.0
2020 329 11 24 0300  -10.6  984.4    1.1  148.0   78.2  444.0
2020 329 11 24 0400  -10.5  984.2    0.7  197.0   71.0  444.0
2020 329 11 24 0500  -11.5  984.4    0.1  157.0   77.4  444.0
2020 329 11 24 0600  444.0  984.3    0.1   83.0   68.0  444.0
2020 329 11 24 0700  -12.1  984.2    1.3  164.0   79.0  444.0
2020 329 11 24 0800  -12.5  984.4    1.0  140.0   76.2  444.0
2020 329 11 24 0900  -13.2  984.3    2.0  157.0   81.0  444.0
2020 329 11 24 1000  -13.8  984.1    1.7  195.0   76.0  444.0
2020 329 11 24 1100  -14.6  984.1    2.3  199.0   80.0  444.0
2020 329 11 24 1200  -13.4  984.2    0.1  163.0   74.9  444.0
2020 329 11 24 1300  -14.7  983.9    0.9  264.0   73.7  444.0
2020 329 11 24 1400  -14.8  983.9    1.3  188.0   69.0  444.0
2020 329 11 24 1500  -15.7  983.5    1.6  238.0   71.0  444.0
2020 329 11 24 1600  -14.8  983.7    1.9  193.0   74.0  444.0
2020 329 11 24 1700  -13.5  983.6    1.4  237.0   71.0  444.0
2020 329 11 24 1800  -13.6  983.7    1.8  240.0   71.0  444.0
2020 329 11 24 1900  -12.4  983.5    1.6  246.0   70.0  444.0
2020 329 11 24 2000  -11.8  983.5    2.1  196.0   75.0  444.0
2020 329 11 24 2100  -10.4  983.5    1.0  141.0   71.0  444.0
2020 329 11 24 2200  444.0  983.3    0.1  198.0   57.3  444.0
2020 329 11 24 2300   -9.5  983.2    1.9  278.0   71.0  444.0
2020 330 11 25 0000   -9.6  983.0    2.8  262.0   76.0  444.0
2020 330 11 25 0100   -8.9  983.0    1.9  250.0   76.0  444.0
2020 330 11 25 0200   -8.6  982.4    2.0  272.0   75.0  444.0
2020 330 11 25 0300   -8.7  982.1    2.3  290.0   73.6  444.0
2020 330 11 25 0400   -8.2  981.7    1.2  296.0   75.0  444.0
2020 330 11 25 0500  444.0  981.5    0.2  348.0   69.0  444.0
2020 330 11 25 0600  -10.2  981.4    1.4   37.0   78.2  444.0
2020 330 11 25 0700  -11.3  980.9    2.5    3.0   81.0  444.0
2020 330 11 25 0800  -12.0  980.8    2.0  360.0   82.0  444.0
2020 330 11 25 0900  -13.0  980.5    2.9  354.0   83.0  444.0
2020 330 11 25 1000  -13.8  980.2    3.2  333.0   82.0  444.0
2020 330 11 25 1100  -14.6  980.1    2.4  348.0   80.0  444.0
2020 330 11 25 1200  -15.2  980.1    1.9  359.0   78.0  444.0
2020 330 11 25 1300  -15.9  980.1    1.4  354.0   76.0  444.0
2020 330 11 25 1400  -15.9  979.6    3.4  349.0   77.0  444.0
2020 330 11 25 1500  -15.4  979.7    2.5  336.0   75.0  444.0
2020 330 11 25 1600  -15.2  979.5    3.3  343.0   73.9  444.0
2020 330 11 25 1700  -14.4  979.6    3.6  322.0   74.0  444.0
2020 330 11 25 1800  -13.7  979.4    3.6  329.0   73.0  444.0
2020 330 11 25 1900  -12.5  979.8    1.9  307.0   70.0  444.0
2020 330 11 25 2000  -12.0  979.8    1.9  324.0   71.0  444.0
2020 330 11 25 2100  -12.1  979.6    4.0  355.0   73.0  444.0
2020 330 11 25 2200  -11.8  979.6    5.7    7.0   74.0  444.0
2020 330 11 25 2300  -10.7  980.4    1.5  349.0   71.0  444.0
2020 331 11 26 0000  -11.1  979.8    5.3   23.0   77.0  444.0
2020 331 11 26 0100  -10.6  979.9    4.1  351.0   78.0  444.0
2020 331 11 26 0200  -10.4  979.8    3.1   31.0   79.0  444.0
2020 331 11 26 0300  -10.5  979.5    2.6   45.0   80.0  444.0
2020 331 11 26 0400  -10.6  979.5    3.5   53.0   82.3  444.0
2020 331 11 26 0500  -10.9  979.1    2.7   46.0   81.0  444.0
2020 331 11 26 0600  -11.3  979.0    2.1   84.0   81.0  444.0
2020 331 11 26 0700  -11.7  978.9    1.5   27.0   81.0  444.0
2020 331 11 26 0800  -12.8  978.6    2.6   78.0   83.1  444.0
2020 331 11 26 0900  -13.7  978.3    2.2   83.0   82.4  444.0
2020 331 11 26 1000  -14.3  978.0    2.9   99.0   81.0  444.0
2020 331 11 26 1100  -14.8  977.7    3.3   69.0   81.0  444.0
2020 331 11 26 1200  -15.7  977.4    2.2   57.0   79.0  444.0
2020 331 11 26 1300  -15.3  976.7    0.7   69.0   72.8  444.0
2020 331 11 26 1400  -17.0  976.1    3.0   66.0   78.0  444.0
2020 331 11 26 1500  -15.6  975.6    0.9  104.0   71.0  444.0
2020 331 11 26 1600  -16.8  975.2    2.0  147.0   75.0  444.0
2020 331 11 26 1700  -15.8  974.7    1.3   88.0   73.0  444.0
2020 331 11 26 1800  -15.5  974.4    1.1   98.0   73.0  444.0
2020 331 11 26 1900  -14.2  974.4    1.0   77.0   72.0  444.0
2020 331 11 26 2000  -13.9  974.1    1.1  114.0   74.0  444.0
2020 331 11 26 2100  -13.2  973.8    1.3   98.0   74.0  444.0
2020 331 11 26 2200  -12.2  973.2    1.0   67.0   73.0  444.0
2020 331 11 26 2300  444.0  973.0    0.4  176.0   70.0  444.0
2020 332 11 27 0000  -11.4  972.7    1.2  104.0   75.0  444.0
2020 332 11 27 0100  -11.0  972.4    1.5  151.0   76.6  444.0
2020 332 11 27 0200  -10.3  971.9    0.9  197.0   73.0  444.0
2020 332 11 27 0300  -10.5  971.2    0.8  222.0   72.0  444.0
2020 332 11 27 0400  -10.2  970.9    0.6  236.0   74.0  444.0
2020 332 11 27 0500  -11.4  970.4    2.0  260.0   79.5  444.0
2020 332 11 27 0600  -11.9  970.1    2.3  256.0   79.0  444.0
2020 332 11 27 0700  -12.6  970.0    3.1  242.0   79.0  444.0
2020 332 11 27 0800  -13.4  969.9    2.4  199.0   82.0  444.0
2020 332 11 27 0900  -13.7  969.6    2.3  207.0   81.0  444.0
2020 332 11 27 1000  -14.5  969.4    2.6  231.0   77.0  444.0
2020 332 11 27 1100  -15.7  969.4    2.2  207.0   78.2  444.0
2020 332 11 27 1200  -15.4  969.6    2.3  182.0   78.0  444.0
2020 332 11 27 1300  -16.3  969.4    2.4  152.0   79.0  444.0
2020 332 11 27 1400  -16.5  969.3    1.6  140.0   76.0  444.0
2020 332 11 27 1500  -16.9  969.2    1.4  194.0   74.0  444.0
2020 332 11 27 1600  -16.4  969.4    1.6  160.0   75.9  444.0
2020 332 11 27 1700  -16.2  969.5    1.3  198.0   74.0  444.0
2020 332 11 27 1800  -15.9  969.6    1.7  185.0   76.0  444.0
2020 332 11 27 1900  -15.0  969.7    2.1  188.0   77.0  444.0
2020 332 11 27 2000  -14.3  969.9    1.8  212.0   75.0  444.0
2020 332 11 27 2100  -13.6  969.9    3.1  201.0   75.0  444.0
2020 332 11 27 2200  -12.6  970.1    3.4  189.0   75.0  444.0
2020 332 11 27 2300  -12.2  970.1    4.3  199.0   75.0  444.0
2020 333 11 28 0000  -11.8  970.2    4.7  208.0   75.0  444.0
2020 333 11 28 0100  -11.1  970.2    4.7  186.0   76.0  444.0
2020 333 11 28 0200  -10.7  970.1    4.4  188.0   74.9  444.0
2020 333 11 28 0300  -10.5  970.3    3.2  203.0   77.0  444.0
2020 333 11 28 0400  -10.5  970.2    3.5  200.0   78.5  444.0
2020 333 11 28 0500  -10.8  970.4    5.2  196.0   78.0  444.0
2020 333 11 28 0600  -11.2  970.7    3.9  204.0   79.0  444.0
2020 333 11 28 0700  -11.4  970.9    4.3  190.0   79.0  444.0
2020 333 11 28 0800  -12.0  971.0    2.7  197.0   78.0  444.0
2020 333 11 28 0900  -13.0  971.2    3.8  211.0   78.2  444.0
2020 333 11 28 1000  -13.7  971.5    2.5  211.0   77.0  444.0
2020 333 11 28 1100  -14.8  971.7    3.0  232.0   75.0  444.0
2020 333 11 28 1200  -15.4  971.7    2.4  236.0   75.0  444.0
2020 333 11 28 1300  -15.1  972.0    1.2  310.0   74.0  444.0
2020 333 11 28 1400  -15.6  972.3    3.0  236.0   75.0  444.0
2020 333 11 28 1500  -15.0  972.2    3.3  258.0   78.0  444.0
2020 333 11 28 1600  -14.3  972.3    3.4  261.0   79.0  444.0
2020 333 11 28 1700  -13.8  972.6    3.6  284.0   77.0  444.0
2020 333 11 28 1800  -14.0  972.7    2.9  295.0   74.0  444.0
2020 333 11 28 1900  -14.0  972.8    4.1  307.0   76.9  444.0
2020 333 11 28 2000  -12.8  972.9    4.7  301.0   77.0  444.0
2020 333 11 28 2100  -12.3  973.0    5.0  303.0   78.0  444.0
2020 333 11 28 2200  -11.6  973.0    5.1  307.0   76.0  444.0
2020 333 11 28 2300  -11.2  973.2    5.4  312.0   75.0  444.0
2020 334 11 29 0000  -11.1  973.4    6.8  314.0   74.0  444.0
2020 334 11 29 0100  -10.9  973.7    5.0  319.0   77.0  444.0
2020 334 11 29 0200  -10.5  973.6    5.1  313.0   76.7  444.0
2020 334 11 29 0300  -10.3  973.8    3.9  320.0   78.0  444.0
2020 334 11 29 0400   -9.9  973.9    3.1  318.0   81.0  444.0
2020 334 11 29 0500   -9.9  974.3    2.0  301.0   77.7  444.0
2020 334 11 29 0600  -10.3  974.5    2.6  305.0   80.0  444.0
2020 334 11 29 0700  -10.9  975.0    3.2  315.0   81.8  444.0
2020 334 11 29 0800  -11.3  975.2    3.0  307.0   82.0  444.0
2020 334 11 29 0900  -12.3  975.6    3.4  316.0   82.0  444.0
2020 334 11 29 1000  -13.2  975.8    3.5  324.0   81.0  444.0
2020 334 11 29 1100  -14.4  976.0    3.6  339.0   80.0  444.0
2020 334 11 29 1200  -14.8  976.4    3.2  315.0   79.6  444.0
2020 334 11 29 1300  -15.6  976.7    2.0  323.0   78.0  444.0
2020 334 11 29 1400  -16.0  976.8    2.2  337.0   77.0  444.0
2020 334 11 29 1500  -16.1  976.8    2.5  320.0   77.0  444.0
2020 334 11 29 1600  -15.8  977.1    1.0  342.0   73.0  444.0
2020 334 11 29 1700  -15.6  977.6    1.3  327.0   74.6  444.0
2020 334 11 29 1800  -15.1  978.0    1.0  337.0   64.0  444.0
2020 334 11 29 1900  444.0  978.6    0.5   99.0   67.0  444.0
2020 334 11 29 2000  -13.9  978.9    1.9   84.0   74.0  444.0
2020 334 11 29 2100  -13.4  979.4    2.6   85.0   74.8  444.0
2020 334 11 29 2200  -12.7  979.9    1.7   45.0   73.1  444.0
2020 334 11 29 2300  -12.0  980.5    1.2   96.0   73.0  444.0
2020 335 11 30 0000  -12.5  980.8    4.1  126.0   77.0  444.0
2020 335 11 30 0100  -12.0  981.0    3.7   92.0   78.0  444.0
2020 335 11 30 0200  -11.5  981.1    2.8  105.0   77.9  444.0
2020 335 11 30 0300  -11.0  981.2    2.4   67.0   78.0  444.0
2020 335 11 30 0400  -11.1  981.3    2.0   81.0   79.0  444.0
2020 335 11 30 0500  -10.9  981.5    1.3   88.0   78.1  444.0
2020 335 11 30 0600  -10.9  981.6    0.9   95.0   76.0  444.0
2020 335 11 30 0700  -11.2  981.5    0.8   75.0   75.0  444.0
2020 335 11 30 0800  -12.8  981.5    1.7  122.0   81.0  444.0
2020 335 11 30 0900  -13.2  981.4    1.4   86.0   80.0  444.0
2020 335 11 30 1000  -14.2  981.4    1.2   39.0   77.0  444.0
2020 335 11 30 1100  -14.6  981.4    0.6   44.0   69.0  444.0
2020 335 11 30 1200  -16.2  981.3    1.8   44.0   78.0  444.0
2020 335 11 30 1300  -16.6  981.0    1.5   51.0   75.0  444.0
2020 335 11 30 1400  -17.1  980.7    2.3   17.0   79.0  444.0
2020 335 11 30 1500  -17.2  980.4    2.1  356.0   78.8  444.0
2020 335 11 30 1600  -17.9  980.3    3.3  337.0   81.0  444.0
2020 335 11 30 1700  -18.0  980.0    3.0  345.0   85.0  444.0
2020 335 11 30 1800  -17.6  979.9    3.8  350.0   81.0  444.0
2020 335 11 30 1900  -16.5  979.8    3.7  342.0   85.0  444.0
2020 335 11 30 2000  -13.3  979.5    3.3  357.0   85.0  444.0
2020 335 11 30 2100  -12.3  979.5    3.1  338.0   83.0  444.0
2020 335 11 30 2200  -12.2  979.4    4.0  325.0   82.0  444.0
2020 335 11 30 2300  -12.0  979.2    3.7  322.0   85.0  444.0
