Year: 2017  Month: 10  ID: LET  ARGOS:  8928  Name: Lettau              
Lat: 82.49S  Lon: 174.58W  Elev:   39m
2017 274 10  1 0000  -52.1  964.9    3.9  317.0   58.0  444.0
2017 274 10  1 0100  -51.0  965.5    4.4  319.0   58.0  444.0
2017 274 10  1 0200  -50.9  966.1    4.2  311.0   58.0  444.0
2017 274 10  1 0300  -50.8  966.7    4.3  326.0   59.0  444.0
2017 274 10  1 0400  -51.8  967.9    4.0  343.0   59.0  444.0
2017 274 10  1 0500  -52.3  968.9    3.3  350.0   59.0  444.0
2017 274 10  1 0600  -53.4  969.9    3.0    8.0   59.1  444.0
2017 274 10  1 0700  -54.2  970.8    3.2   13.0   59.0  444.0
2017 274 10  1 0800  -54.9  972.1    2.6   39.0   59.0  444.0
2017 274 10  1 0900  -55.4  973.4    3.3   79.0   59.0  444.0
2017 274 10  1 1000  -55.6  974.8    4.0   87.0   59.0  444.0
2017 274 10  1 1100  -55.4  976.0    3.6   86.0   59.0  444.0
2017 274 10  1 1200  -54.6  977.3    4.7   77.0   60.0  444.0
2017 274 10  1 1300  -54.7  978.6    4.0   93.0   60.0  444.0
2017 274 10  1 1400  -54.9  979.6    3.0  113.0   59.0  444.0
2017 274 10  1 1500  -54.0  980.8    3.4  142.0   60.0  444.0
2017 274 10  1 1600  -53.3  982.1    4.1  141.0   60.0  444.0
2017 274 10  1 1700  -52.7  982.8    3.8  132.0   60.0  444.0
2017 274 10  1 1800  -52.5  983.7    4.0  121.0   60.0  444.0
2017 274 10  1 1900  -53.0  984.5    4.1  125.0   60.0  444.0
2017 274 10  1 2000  -53.1  985.0    4.3  118.0   59.0  444.0
2017 274 10  1 2100  -53.1  986.0    4.5  123.0   58.0  444.0
2017 274 10  1 2200  -52.4  986.9    3.5  111.0   59.0  444.0
2017 274 10  1 2300  -51.2  987.6    2.6  110.0   60.0  444.0
2017 275 10  2 0000  -48.2  988.5    1.7   67.0   61.0  444.0
2017 275 10  2 0100  -46.3  989.0    1.4   66.0   62.0  444.0
2017 275 10  2 0200  -45.6  989.6  444.0  444.0   61.0  444.0
2017 275 10  2 0300  -45.7  990.8  444.0  444.0   60.0  444.0
2017 275 10  2 0400  -47.2  991.6  444.0  444.0   60.0  444.0
2017 275 10  2 0500  -48.3  992.7  444.0  444.0   60.0  444.0
2017 275 10  2 0600  -49.4  993.5  444.0  444.0   61.0  444.0
2017 275 10  2 0700  -49.4  994.8  444.0  444.0   61.0  444.0
2017 275 10  2 0800  -50.3  995.9  444.0  444.0   61.0  444.0
2017 275 10  2 0900  -49.8  997.3  444.0  444.0   61.0  444.0
2017 275 10  2 1000  -50.0  998.7  444.0  444.0   61.0  444.0
2017 275 10  2 1100  -50.7  999.4  444.0  444.0   61.0  444.0
2017 275 10  2 1200  -51.1 1000.1  444.0  444.0   61.0  444.0
2017 275 10  2 1300  -51.3 1001.4  444.0  444.0   60.8  444.0
2017 275 10  2 1400  -51.6 1002.2  444.0  444.0   60.8  444.0
2017 275 10  2 1500  -51.0 1002.5  444.0  444.0   61.0  444.0
2017 275 10  2 1600  -51.6 1002.8  444.0  444.0   61.0  444.0
2017 275 10  2 1700  -50.8 1003.3  444.0  444.0   60.0  444.0
2017 275 10  2 1800  -51.1 1003.8  444.0  444.0   60.0  444.0
2017 275 10  2 1900  -50.9 1004.2  444.0  444.0   60.0  444.0
2017 275 10  2 2000  -50.2 1003.8    3.4  157.0   60.0  444.0
2017 275 10  2 2100  -48.7 1004.1    1.5  145.0   60.0  444.0
2017 275 10  2 2200  -48.4 1004.8    2.2  132.0   60.0  444.0
2017 275 10  2 2300  -47.8 1004.3    4.2  158.0   61.0  444.0
2017 276 10  3 0000  -46.6 1004.6    5.7  160.0   61.0  444.0
2017 276 10  3 0100  -46.8 1004.7    5.8  143.0   61.0  444.0
2017 276 10  3 0200  -46.1 1004.2    7.1  149.0   62.0  444.0
2017 276 10  3 0300  -45.4 1004.3    5.7  146.0   63.0  444.0
2017 276 10  3 0400  -44.1 1003.8    7.3  157.0   64.0  444.0
2017 276 10  3 0500  -42.5 1003.4    6.5  158.0   64.3  444.0
2017 276 10  3 0600  -41.9 1002.9    6.0  153.0   65.0  444.0
2017 276 10  3 0700  -41.3 1003.0    5.7  152.0   66.0  444.0
2017 276 10  3 0800  -41.6 1002.9    4.5  160.0   66.0  444.0
2017 276 10  3 0900  -41.0 1002.8    5.3  162.0   66.0  444.0
2017 276 10  3 1000  -41.1 1002.4    4.7  172.0   66.0  444.0
2017 276 10  3 1100  -42.3 1002.1    4.7  181.0   65.8  444.0
2017 276 10  3 1200  -41.0 1001.8    6.2  179.0   66.0  444.0
2017 276 10  3 1300  -41.6 1001.5    6.4  189.0   66.0  444.0
2017 276 10  3 1400  -40.8 1000.6    5.3  184.0   66.0  444.0
2017 276 10  3 1500  -38.8 1000.0    5.9  174.0   67.0  444.0
2017 276 10  3 1600  -35.8 1000.1    6.3  173.0   69.0  444.0
2017 276 10  3 1700  -34.8  999.6    6.3  167.0   69.0  444.0
2017 276 10  3 1800  -33.7  999.4    7.0  157.0   69.4  444.0
2017 276 10  3 1900  -33.5  999.1    6.2  165.0   69.0  444.0
2017 276 10  3 2000  -31.6  999.3    6.7  158.0   70.0  444.0
2017 276 10  3 2100  -29.9  999.2    7.5  156.0   71.0  444.0
2017 276 10  3 2200  -30.0  999.4    7.3  156.0   70.0  444.0
2017 276 10  3 2300  -29.8  999.7    6.4  153.0   70.0  444.0
2017 277 10  4 0000  -29.1  999.5    6.6  151.0   71.0  444.0
2017 277 10  4 0100  -28.2  999.5    6.8  157.0   71.0  444.0
2017 277 10  4 0200  -29.0  999.7    6.4  158.0   69.0  444.0
2017 277 10  4 0300  -29.6  999.7    6.1  162.0   69.0  444.0
2017 277 10  4 0400  -29.0  999.5    5.5  168.0   69.0  444.0
2017 277 10  4 0500  -30.3  999.6    5.3  158.0   71.0  444.0
2017 277 10  4 0600  -31.0  999.4    4.1  169.0   72.0  444.0
2017 277 10  4 0700  -29.4  999.3    4.3  177.0   73.0  444.0
2017 277 10  4 0800  -29.6  999.3    4.7  175.0   74.0  444.0
2017 277 10  4 0900  -30.9  999.3    5.8  194.0   73.0  444.0
2017 277 10  4 1000  -32.0  999.3    6.3  194.0   72.0  444.0
2017 277 10  4 1100  -31.5  999.0    5.5  194.0   73.0  444.0
2017 277 10  4 1200  -31.9  998.8    5.4  186.0   71.0  444.0
2017 277 10  4 1300  -31.8  998.4    5.6  191.0   72.0  444.0
2017 277 10  4 1400  -31.4  998.0    5.4  200.0   71.0  444.0
2017 277 10  4 1500  -30.6  997.0    5.2  206.0   70.0  444.0
2017 277 10  4 1600  -30.9  996.4    6.0  203.0   69.0  444.0
2017 277 10  4 1700  -31.7  996.1    3.9  206.0   69.0  444.0
2017 277 10  4 1800  -32.0  995.1    3.7  210.0   69.0  444.0
2017 277 10  4 1900  -32.3  993.9    3.6  216.0   69.0  444.0
2017 277 10  4 2000  -30.0  992.9    2.1  222.0   69.0  444.0
2017 277 10  4 2100  -29.0  991.5    2.6  232.0   68.0  444.0
2017 277 10  4 2200  -31.6  990.3    3.3  297.0   68.0  444.0
2017 277 10  4 2300  -30.8  989.2    2.1  303.0   67.9  444.0
2017 278 10  5 0000  -29.2  987.5    5.2  297.0   71.8  444.0
2017 278 10  5 0100  -24.3  986.0    3.4  293.0   72.3  444.0
2017 278 10  5 0200  -27.2  984.8    3.6  342.0   73.0  444.0
2017 278 10  5 0300  -31.2  984.9    3.7   96.0   71.0  444.0
2017 278 10  5 0400  -30.7  985.2    4.8   96.0   71.5  444.0
2017 278 10  5 0500  -28.9  986.1    7.3  114.0   73.0  444.0
2017 278 10  5 0600  -32.0  986.0    6.0  166.0   69.0  444.0
2017 278 10  5 0700  -31.3  985.6    3.1  170.0   70.0  444.0
2017 278 10  5 0800  -33.9  986.0    3.4  211.0   69.0  444.0
2017 278 10  5 0900  -33.7  986.1    5.1  188.0   70.0  444.0
2017 278 10  5 1000  -33.0  985.2    5.0  187.0   72.0  444.0
2017 278 10  5 1100  -33.1  984.6    5.9  196.0   72.8  444.0
2017 278 10  5 1200  -34.7  984.0    3.5  224.0   72.0  444.0
2017 278 10  5 1300  -32.3  983.0    5.3  209.0   73.0  444.0
2017 278 10  5 1400  -27.4  982.1    7.8  212.0   74.0  444.0
2017 278 10  5 1500  -26.3  981.7    8.8  217.0   71.0  444.0
2017 278 10  5 1600  -24.6  980.4   11.4  217.0   73.1  444.0
2017 278 10  5 1700  -18.2  978.7   14.1  205.0   80.0  444.0
2017 278 10  5 1800  -18.1  977.6   13.4  187.0   83.0  444.0
2017 278 10  5 1900  -17.7  976.8   20.3  163.0   83.0  444.0
2017 278 10  5 2000  -21.1  977.0   15.8  150.0   79.0  444.0
2017 278 10  5 2100  -20.6  977.4   15.7  149.0   78.0  444.0
2017 278 10  5 2200  -19.7  977.0   16.9  143.0   78.0  444.0
2017 278 10  5 2300  -18.5  976.8   15.2  149.0   79.0  444.0
2017 279 10  6 0000  -18.0  976.9   13.4  156.0   80.0  444.0
2017 279 10  6 0100  -17.5  977.1   14.9  147.0   82.0  444.0
2017 279 10  6 0200  -17.5  976.7   15.6  145.0   80.5  444.0
2017 279 10  6 0300  -17.9  976.8   15.2  142.0   81.0  444.0
2017 279 10  6 0400  -18.4  977.8   12.8  148.0   80.0  444.0
2017 279 10  6 0500  -19.0  977.9   12.1  148.0   80.8  444.0
2017 279 10  6 0600  -19.8  978.3   12.0  142.0   80.0  444.0
2017 279 10  6 0700  -21.4  979.6   10.2  148.0   79.8  444.0
2017 279 10  6 0800  -22.2  980.2    9.6  157.0   80.0  444.0
2017 279 10  6 0900  -22.4  980.4    9.7  157.0   80.0  444.0
2017 279 10  6 1000  -22.5  980.6    8.9  157.0   80.0  444.0
2017 279 10  6 1100  -21.9  980.3    9.8  157.0   80.0  444.0
2017 279 10  6 1200  -21.6  980.1    9.0  166.0   80.0  444.0
2017 279 10  6 1300  -21.5  980.4   10.1  154.0   80.0  444.0
2017 279 10  6 1400  -23.0  981.3    9.8  154.0   80.0  444.0
2017 279 10  6 1500  -23.6  981.7    8.9  152.0   78.0  444.0
2017 279 10  6 1600  -24.7  982.1    8.1  140.0   77.0  444.0
2017 279 10  6 1700  -25.5  982.1    7.4  156.0   78.0  444.0
2017 279 10  6 1800  -24.5  982.8    8.9  134.0   77.0  444.0
2017 279 10  6 1900  -24.9  983.6    8.6  136.0   77.0  444.0
2017 279 10  6 2000  -25.3  984.2    7.5  138.0   73.0  444.0
2017 279 10  6 2100  -25.8  984.8    7.1  133.0   73.0  444.0
2017 279 10  6 2200  -26.0  985.3    6.4  139.0   72.0  444.0
2017 279 10  6 2300  -26.1  985.8    6.4  144.0   71.0  444.0
2017 280 10  7 0000  -25.0  986.3    7.8  138.0   70.0  444.0
2017 280 10  7 0100  -25.2  986.8    7.1  139.0   70.0  444.0
2017 280 10  7 0200  -25.7  986.7    6.3  141.0   70.0  444.0
2017 280 10  7 0300  -25.1  986.9    4.1  151.0   71.0  444.0
2017 280 10  7 0400  -26.1  987.0    5.4  177.0   73.0  444.0
2017 280 10  7 0500  -28.2  987.5    4.0  185.0   78.0  444.0
2017 280 10  7 0600  -28.8  987.7    4.0  181.0   74.0  444.0
2017 280 10  7 0700  -29.4  987.5    4.6  204.0   75.0  444.0
2017 280 10  7 0800  -30.2  987.7    4.7  184.0   75.0  444.0
2017 280 10  7 0900  -30.7  987.4    4.2  173.0   74.0  444.0
2017 280 10  7 1000  -30.1  987.3    5.0  175.0   74.0  444.0
2017 280 10  7 1100  -30.5  987.4    4.7  180.0   74.0  444.0
2017 280 10  7 1200  -29.5  987.4    5.5  174.0   75.0  444.0
2017 280 10  7 1300  -29.6  987.2    5.8  168.0   73.0  444.0
2017 280 10  7 1400  -30.6  987.1    4.2  182.0   72.9  444.0
2017 280 10  7 1500  -29.1  986.8    4.6  163.0   71.0  444.0
2017 280 10  7 1600  -29.6  986.8    5.5  176.0   70.0  444.0
2017 280 10  7 1700  -27.8  986.5    7.8  166.0   69.0  444.0
2017 280 10  7 1800  -26.9  986.3    8.4  161.0   67.0  444.0
2017 280 10  7 1900  -27.0  986.6    7.5  167.0   65.0  444.0
2017 280 10  7 2000  -26.5  986.2    7.8  166.0   63.9  444.0
2017 280 10  7 2100  -26.6  985.8    5.9  176.0   64.0  444.0
2017 280 10  7 2200  -27.4  985.5    6.6  184.0   65.0  444.0
2017 280 10  7 2300  -25.8  985.0    6.6  173.0   63.0  444.0
2017 281 10  8 0000  -26.4  984.8    8.5  176.0   63.0  444.0
2017 281 10  8 0100  -27.8  984.3    5.8  192.0   61.5  444.0
2017 281 10  8 0200  -27.8  983.4    4.9  197.0   65.0  444.0
2017 281 10  8 0300  -27.1  982.5    5.9  178.0   64.0  444.0
2017 281 10  8 0400  -27.4  982.2    4.7  201.0   64.0  444.0
2017 281 10  8 0500  -29.0  981.7    3.7  218.0   63.0  444.0
2017 281 10  8 0600  -30.5  981.2    2.9  214.0   66.0  444.0
2017 281 10  8 0700  -31.9  980.8    4.4  237.0   66.0  444.0
2017 281 10  8 0800  -33.0  980.2    3.6  229.0   68.0  444.0
2017 281 10  8 0900  -32.8  979.3    1.3  226.0   68.0  444.0
2017 281 10  8 1000  -32.3  978.4    3.8  222.0   69.4  444.0
2017 281 10  8 1100  -32.0  978.0    4.4  190.0   69.0  444.0
2017 281 10  8 1200  -32.5  977.8    3.1  239.0   68.0  444.0
2017 281 10  8 1300  -32.8  977.2    4.2  245.0   69.0  444.0
2017 281 10  8 1400  -33.7  976.6    3.7  241.0   67.0  444.0
2017 281 10  8 1500  -33.0  976.0    4.9  220.0   68.0  444.0
2017 281 10  8 1600  -33.9  975.7    5.6  230.0   66.0  444.0
2017 281 10  8 1700  -32.3  974.7    6.5  214.0   63.9  444.0
2017 281 10  8 1800  -31.5  974.3    7.6  208.0   63.0  444.0
2017 281 10  8 1900  -30.5  973.8    7.3  210.0   63.0  444.0
2017 281 10  8 2000  -26.2  972.7    7.6  206.0   61.0  444.0
2017 281 10  8 2100  -22.5  971.6   10.9  203.0   60.0  444.0
2017 281 10  8 2200  -20.2  971.0   10.3  144.0   58.5  444.0
2017 281 10  8 2300  -18.8  970.5   11.2  189.0   61.0  444.0
2017 282 10  9 0000  -16.3  969.9    9.2  185.0   64.0  444.0
2017 282 10  9 0100  -14.1  968.8   14.5  177.0   69.0  444.0
2017 282 10  9 0200  -14.2  968.9   14.0  168.0   86.0  444.0
2017 282 10  9 0300  -13.6  968.3   10.6  174.0   86.6  444.0
2017 282 10  9 0400  -13.5  967.7    8.5  189.0   88.0  444.0
2017 282 10  9 0500  -13.2  966.9    8.9  181.0   88.0  444.0
2017 282 10  9 0600  -13.0  966.2   12.2  166.0   89.0  444.0
2017 282 10  9 0700  -18.2  966.5   15.9  148.0   83.0  444.0
2017 282 10  9 0800  -23.9  968.0   13.8  141.0   79.0  444.0
2017 282 10  9 0900  -26.7  969.2   11.8  135.0   77.0  444.0
2017 282 10  9 1000  -28.7  970.9    8.1  132.0   75.7  444.0
2017 282 10  9 1100  -30.2  972.0    6.3  145.0   74.0  444.0
2017 282 10  9 1200  -31.3  972.7    6.0  142.0   73.0  444.0
2017 282 10  9 1300  -34.2  973.5    7.4  106.0   72.0  444.0
2017 282 10  9 1400  -35.0  973.6    4.6   88.0   71.0  444.0
2017 282 10  9 1500  -35.4  974.5    4.4  159.0   72.0  444.0
2017 282 10  9 1600  -33.6  975.2    3.2  138.0   72.0  444.0
2017 282 10  9 1700  -32.7  975.2    2.1  173.0   72.0  444.0
2017 282 10  9 1800  -31.4  975.6    2.9  168.0   70.0  444.0
2017 282 10  9 1900  -31.2  976.1    1.8  179.0   67.0  444.0
2017 282 10  9 2000  -31.9  976.4    2.4  215.0   66.1  444.0
2017 282 10  9 2100  -31.3  976.7    2.6  216.0   66.0  444.0
2017 282 10  9 2200  -31.1  976.9    4.4  129.0   69.0  444.0
2017 282 10  9 2300  -31.6  977.4    5.4  130.0   68.0  444.0
2017 283 10 10 0000  -31.8  977.7    4.3  146.0   68.0  444.0
2017 283 10 10 0100  -31.5  977.6    6.0  159.0   68.1  444.0
2017 283 10 10 0200  -30.5  977.0    3.5  156.0   68.0  444.0
2017 283 10 10 0300  -30.9  976.0    3.1  202.0   69.0  444.0
2017 283 10 10 0400  -29.8  975.8    4.8  181.0   71.0  444.0
2017 283 10 10 0500  -30.5  975.3    4.9  197.0   72.0  444.0
2017 283 10 10 0600  -31.0  975.0    3.9  173.0   72.6  444.0
2017 283 10 10 0700  -31.7  974.7    3.5  198.0   73.0  444.0
2017 283 10 10 0800  -30.3  974.2    3.8  170.0   75.0  444.0
2017 283 10 10 0900  -29.7  973.8    3.7  152.0   75.0  444.0
2017 283 10 10 1000  -30.3  974.0    5.2  130.0   75.0  444.0
2017 283 10 10 1100  -30.9  973.9    4.8  139.0   74.0  444.0
2017 283 10 10 1200  -31.2  974.1    3.4  143.0   74.0  444.0
2017 283 10 10 1300  -30.4  973.9    4.3  126.0   74.7  444.0
2017 283 10 10 1400  -30.1  974.1    3.3  124.0   75.0  444.0
2017 283 10 10 1500  -30.0  974.2    4.0  129.0   75.0  444.0
2017 283 10 10 1600  -30.1  974.3    3.5  109.0   72.0  444.0
2017 283 10 10 1700  -30.8  974.3    3.0  135.0   73.0  444.0
2017 283 10 10 1800  -31.6  974.5    1.7  127.0   72.0  444.0
2017 283 10 10 1900  -31.7  974.5    1.7  178.0   70.0  444.0
2017 283 10 10 2000  -30.9  974.7    1.3  127.0   69.0  444.0
2017 283 10 10 2100  -31.1  975.2    1.0  130.0   70.0  444.0
2017 283 10 10 2200  -31.5  975.2    1.9   94.0   70.0  444.0
2017 283 10 10 2300  -31.6  975.5    0.8  104.0   68.4  444.0
2017 284 10 11 0000  -31.6  975.8    0.5  191.0   68.0  444.0
2017 284 10 11 0100  -32.6  976.0    0.4  191.0   69.0  444.0
2017 284 10 11 0200  -32.6  976.7    1.0  191.0   68.0  444.0
2017 284 10 11 0300  -32.8  977.2    1.2  190.0   69.0  444.0
2017 284 10 11 0400  -33.2  977.7    2.9   96.0   71.0  444.0
2017 284 10 11 0500  -33.7  978.0    2.5   99.0   71.0  444.0
2017 284 10 11 0600  -34.3  978.6    3.0  142.0   70.8  444.0
2017 284 10 11 0700  -33.7  979.6    4.0  124.0   71.0  444.0
2017 284 10 11 0800  -32.3  980.2    4.3  133.0   73.0  444.0
2017 284 10 11 0900  -30.9  981.0    3.7  129.0   74.0  444.0
2017 284 10 11 1000  -29.7  981.5    3.8  124.0   75.0  444.0
2017 284 10 11 1100  -28.6  982.3    3.7  132.0   75.5  444.0
2017 284 10 11 1200  -28.4  982.8    3.5  131.0   76.0  444.0
2017 284 10 11 1300  -28.1  983.1    3.5  127.0   76.0  444.0
2017 284 10 11 1400  -27.8  983.6    3.2  126.0   76.0  444.0
2017 284 10 11 1500  -27.5  983.7    2.5  121.0   76.3  444.0
2017 284 10 11 1600  -27.3  983.7    1.8  135.0   76.2  444.0
2017 284 10 11 1700  -27.3  984.1    1.7  177.0   76.0  444.0
2017 284 10 11 1800  -26.9  984.3    1.7  191.0   76.0  444.0
2017 284 10 11 1900  -26.6  984.3    0.9  220.0   76.0  444.0
2017 284 10 11 2000  -26.7  984.4    1.2  238.0   75.0  444.0
2017 284 10 11 2100  -27.4  984.4    2.1  239.0   73.1  444.0
2017 284 10 11 2200  -28.5  984.0    2.2  278.0   72.0  444.0
2017 284 10 11 2300  -29.1  983.6    3.2  288.0   71.0  444.0
2017 285 10 12 0000  -29.1  983.7    2.9  230.0   71.0  444.0
2017 285 10 12 0100  -29.4  982.9    3.0  289.0   71.0  444.0
2017 285 10 12 0200  -29.3  982.4    3.7  274.0   71.0  444.0
2017 285 10 12 0300  -29.3  982.0    3.9  250.0   72.2  444.0
2017 285 10 12 0400  -29.4  981.6    2.5  219.0   71.0  444.0
2017 285 10 12 0500  -29.1  981.3    2.4  225.0   72.0  444.0
2017 285 10 12 0600  -30.6  981.0    3.3  222.0   72.0  444.0
2017 285 10 12 0700  -30.5  980.6    3.2  229.0   72.0  444.0
2017 285 10 12 0800  -31.2  979.9    4.3  189.0   73.0  444.0
2017 285 10 12 0900  -32.6  979.9    4.8  162.0   72.0  444.0
2017 285 10 12 1000  -33.2  979.6    4.2  175.0   72.0  444.0
2017 285 10 12 1100  -34.5  979.4    5.4  157.0   72.0  444.0
2017 285 10 12 1200  -35.3  979.4    4.6  156.0   71.0  444.0
2017 285 10 12 1300  -35.8  979.2    4.4  176.0   71.0  444.0
2017 285 10 12 1400  -35.6  979.1    4.5  143.0   70.0  444.0
2017 285 10 12 1500  -34.8  979.2    4.7  156.0   72.0  444.0
2017 285 10 12 1600  -33.2  979.3    3.5  152.0   72.0  444.0
2017 285 10 12 1700  -31.7  979.2    2.8  172.0   73.0  444.0
2017 285 10 12 1800  -28.9  979.1    2.8  186.0   74.0  444.0
2017 285 10 12 1900  -28.6  979.1    3.6  178.0   74.5  444.0
2017 285 10 12 2000  -28.9  979.3    2.6  185.0   74.0  444.0
2017 285 10 12 2100  -29.6  979.0    1.0  201.0   72.0  444.0
2017 285 10 12 2200  -31.4  979.0    2.7  216.0   70.0  444.0
2017 285 10 12 2300  -31.2  979.1    2.7  208.0   70.0  444.0
2017 286 10 13 0000  -31.0  979.1    2.7  207.0   69.0  444.0
2017 286 10 13 0100  -31.3  979.2    2.7  234.0   69.5  444.0
2017 286 10 13 0200  -30.6  979.2    3.2  215.0   70.0  444.0
2017 286 10 13 0300  -29.5  979.3    3.5  209.0   71.0  444.0
2017 286 10 13 0400  -28.9  979.1    4.0  206.0   71.0  444.0
2017 286 10 13 0500  -28.0  978.8    5.1  192.0   72.8  444.0
2017 286 10 13 0600  -30.4  979.2    2.9  208.0   72.9  444.0
2017 286 10 13 0700  -29.6  979.4    4.3  200.0   74.0  444.0
2017 286 10 13 0800  -29.9  979.7    3.8  201.0   74.0  444.0
2017 286 10 13 0900  -29.9  980.0    4.0  206.0   74.0  444.0
2017 286 10 13 1000  -29.6  980.0    3.3  197.0   74.0  444.0
2017 286 10 13 1100  -27.9  980.0    3.0  187.0   74.8  444.0
2017 286 10 13 1200  -27.1  980.0    4.2  211.0   76.0  444.0
2017 286 10 13 1300  -27.3  980.3    4.9  210.0   77.0  444.0
2017 286 10 13 1400  -26.6  980.3    4.0  212.0   77.0  444.0
2017 286 10 13 1500  -27.6  980.5    4.5  221.0   76.0  444.0
2017 286 10 13 1600  -26.0  980.3    3.8  196.0   75.1  444.0
2017 286 10 13 1700  -27.6  981.0    3.4  229.0   74.0  444.0
2017 286 10 13 1800  -27.2  981.0    2.9  224.0   73.0  444.0
2017 286 10 13 1900  -28.0  981.0    3.9  238.0   74.0  444.0
2017 286 10 13 2000  -29.7  981.4    4.1  234.0   73.0  444.0
2017 286 10 13 2100  -29.8  981.7    3.8  222.0   72.6  444.0
2017 286 10 13 2200  -29.0  982.1    3.3  208.0   71.0  444.0
2017 286 10 13 2300  -28.9  982.3    2.0  205.0   73.0  444.0
2017 287 10 14 0000  -28.1  982.1    1.6  210.0   73.0  444.0
2017 287 10 14 0100  -26.6  982.3    0.8  231.0   74.0  444.0
2017 287 10 14 0200  -25.0  982.3    1.8  162.0   70.5  444.0
2017 287 10 14 0300  -26.6  982.4    2.2  148.0   71.0  444.0
2017 287 10 14 0400  -26.9  982.5    2.6  141.0   70.8  444.0
2017 287 10 14 0500  -29.7  982.6    2.0  114.0   71.0  444.0
2017 287 10 14 0600  -29.6  982.4    2.7  126.0   70.5  444.0
2017 287 10 14 0700  -31.4  982.4    3.7   98.0   71.0  444.0
2017 287 10 14 0800  -34.4  982.1    4.3  138.0   71.0  444.0
2017 287 10 14 0900  -34.8  982.2    4.9  141.0   71.5  444.0
2017 287 10 14 1000  -36.0  982.5    4.8  141.0   71.0  444.0
2017 287 10 14 1100  -36.4  982.4    5.8  132.0   70.0  444.0
2017 287 10 14 1200  -37.9  982.6    4.1  131.0   69.0  444.0
2017 287 10 14 1300  -38.7  982.6    3.9  142.0   69.0  444.0
2017 287 10 14 1400  -38.9  982.0    5.2  150.0   69.0  444.0
2017 287 10 14 1500  -38.7  981.9    5.3  144.0   68.0  444.0
2017 287 10 14 1600  -37.9  981.5    5.5  141.0   69.0  444.0
2017 287 10 14 1700  -36.9  981.2    5.4  138.0   67.0  444.0
2017 287 10 14 1800  -37.0  981.1    4.4  149.0   68.0  444.0
2017 287 10 14 1900  -35.1  980.8    5.5  156.0   68.1  444.0
2017 287 10 14 2000  -35.4  980.8    4.9  155.0   67.0  444.0
2017 287 10 14 2100  -35.4  980.6    5.6  178.0   67.0  444.0
2017 287 10 14 2200  -34.4  980.5    4.8  164.0   67.0  444.0
2017 287 10 14 2300  -34.7  980.5    2.6  149.0   67.0  444.0
2017 288 10 15 0000  -35.5  980.4    3.6  159.0   67.1  444.0
2017 288 10 15 0100  -35.3  980.5    1.2  210.0   66.0  444.0
2017 288 10 15 0200  -35.4  980.5    1.6  191.0   66.1  444.0
2017 288 10 15 0300  -36.6  980.1    3.4  175.0   66.0  444.0
2017 288 10 15 0400  -36.1  980.2    3.1  170.0   67.0  444.0
2017 288 10 15 0500  -35.2  980.1    3.5  170.0   68.9  444.0
2017 288 10 15 0600  -33.8  980.1    3.7  202.0   71.0  444.0
2017 288 10 15 0700  -32.6  979.8    4.9  194.0   71.6  444.0
2017 288 10 15 0800  -32.3  980.0    4.9  196.0   72.0  444.0
2017 288 10 15 0900  -32.1  979.8    6.4  192.0   72.5  444.0
2017 288 10 15 1000  -35.4  980.0    4.4  141.0   71.0  444.0
2017 288 10 15 1100  -36.5  980.3    3.5  151.0   70.0  444.0
2017 288 10 15 1200  -37.5  980.4    3.1  162.0   69.3  444.0
2017 288 10 15 1300  -38.6  980.5    3.5  202.0   69.0  444.0
2017 288 10 15 1400  -37.6  980.3    4.8  202.0   69.0  444.0
2017 288 10 15 1500  -35.7  980.2    5.1  193.0   70.0  444.0
2017 288 10 15 1600  -34.1  980.4    5.6  188.0   70.0  444.0
2017 288 10 15 1700  -36.1  980.3    4.1  183.0   67.6  444.0
2017 288 10 15 1800  -36.2  980.1    4.7  185.0   69.0  444.0
2017 288 10 15 1900  -35.5  980.1    3.8  217.0   68.0  444.0
2017 288 10 15 2000  -34.2  979.6    5.4  215.0   68.0  444.0
2017 288 10 15 2100  -33.3  979.6    4.8  202.0   68.0  444.0
2017 288 10 15 2200  -33.4  979.4    4.3  212.0   68.1  444.0
2017 288 10 15 2300  -31.6  979.3    5.1  208.0   68.0  444.0
2017 289 10 16 0000  -30.4  979.1    5.1  198.0   69.0  444.0
2017 289 10 16 0100  -29.5  978.8    4.6  205.0   71.0  444.0
2017 289 10 16 0200  -29.5  978.7    4.9  206.0   70.0  444.0
2017 289 10 16 0300  -30.0  978.5    5.0  212.0   70.0  444.0
2017 289 10 16 0400  -29.8  978.3    4.8  216.0   71.0  444.0
2017 289 10 16 0500  -30.8  977.7    5.5  222.0   70.8  444.0
2017 289 10 16 0600  -31.9  977.6    4.5  218.0   71.0  444.0
2017 289 10 16 0700  -32.8  977.8    3.8  212.0   70.1  444.0
2017 289 10 16 0800  -33.4  977.5    4.1  233.0   71.0  444.0
2017 289 10 16 0900  -32.2  977.2    3.6  234.0   72.0  444.0
2017 289 10 16 1000  -30.7  976.5    5.1  248.0   73.8  444.0
2017 289 10 16 1100  -28.0  975.8    4.8  211.0   75.0  444.0
2017 289 10 16 1200  -27.4  975.4    6.3  212.0   75.8  444.0
2017 289 10 16 1300  -29.1  975.3    5.1  222.0   75.0  444.0
2017 289 10 16 1400  -27.3  975.2    4.7  211.0   74.0  444.0
2017 289 10 16 1500  -24.8  975.1    6.0  191.0   78.0  444.0
2017 289 10 16 1600  -25.6  975.2    6.5  184.0   77.0  444.0
2017 289 10 16 1700  -26.3  975.2    4.7  193.0   77.0  444.0
2017 289 10 16 1800  -25.0  975.4    5.6  161.0   77.0  444.0
2017 289 10 16 1900  -26.6  975.7    2.7  150.0   72.0  444.0
2017 289 10 16 2000  -27.8  975.6    3.4  129.0   73.5  444.0
2017 289 10 16 2100  -27.3  975.9    2.7  152.0   72.0  444.0
2017 289 10 16 2200  -28.5  976.5    2.2  136.0   70.0  444.0
2017 289 10 16 2300  -29.0  976.8    3.0  180.0   70.0  444.0
2017 290 10 17 0000  -29.3  977.0    1.8  168.0   69.0  444.0
2017 290 10 17 0100  -31.5  977.4    5.4  137.0   68.0  444.0
2017 290 10 17 0200  -35.3  977.5    6.6  152.0   66.6  444.0
2017 290 10 17 0300  -36.4  977.8    5.7  172.0   66.2  444.0
2017 290 10 17 0400  -36.1  977.2    2.1  185.0   68.0  444.0
2017 290 10 17 0500  -34.4  976.8    0.6  232.0   69.0  444.0
2017 290 10 17 0600  -34.2  975.7    2.7  331.0   69.0  444.0
2017 290 10 17 0700  -31.5  974.9    2.0  303.0   73.2  444.0
2017 290 10 17 0800  -38.1  976.4    0.7  104.0   69.0  444.0
2017 290 10 17 0900  -39.1  977.2    5.3  135.0   68.0  444.0
2017 290 10 17 1000  -39.7  977.7    5.2  150.0   68.3  444.0
2017 290 10 17 1100  -39.8  977.5    3.7  144.0   68.0  444.0
2017 290 10 17 1200  -40.5  977.6    4.3  192.0   68.0  444.0
2017 290 10 17 1300  -38.6  977.5    2.8  192.0   69.0  444.0
2017 290 10 17 1400  -38.0  976.5    2.4  109.0   69.0  444.0
2017 290 10 17 1500  -37.3  975.6    0.1   66.0   67.3  444.0
2017 290 10 17 1600  -40.0  975.5    2.9  226.0   66.0  444.0
2017 290 10 17 1700  -39.7  974.4    2.5  234.0   65.0  444.0
2017 290 10 17 1800  -39.7  972.8    3.5  267.0   65.0  444.0
2017 290 10 17 1900  -39.6  971.8    2.2  292.0   63.0  444.0
2017 290 10 17 2000  -39.3  970.9    2.4  285.0   64.0  444.0
2017 290 10 17 2100  -38.0  969.2    3.3  278.0   64.0  444.0
2017 290 10 17 2200  -37.2  968.1    3.1  293.0   65.0  444.0
2017 290 10 17 2300  -36.1  966.4    4.0  274.0   66.1  444.0
2017 291 10 18 0000  -32.9  964.5    4.9  261.0   68.0  444.0
2017 291 10 18 0100  -26.4  962.7    4.8  237.0   74.0  444.0
2017 291 10 18 0200  -21.4  961.3    5.7  200.0   78.0  444.0
2017 291 10 18 0300  -18.6  959.4    5.3  198.0   81.0  444.0
2017 291 10 18 0400  -17.8  958.0    4.4  202.0   83.0  444.0
2017 291 10 18 0500  -16.9  956.5    2.7  218.0   83.0  444.0
2017 291 10 18 0600  -18.9  956.0    2.1  334.0   80.0  444.0
2017 291 10 18 0700  -24.4  956.9    6.3   26.0   78.0  444.0
2017 291 10 18 0800  -28.2  959.1    6.3   42.0   76.0  444.0
2017 291 10 18 0900  -30.5  961.3    7.0   54.0   74.0  444.0
2017 291 10 18 1000  -33.1  963.8    6.7   68.0   73.0  444.0
2017 291 10 18 1100  -33.0  966.9    7.8  104.0   73.0  444.0
2017 291 10 18 1200  -33.9  968.9    5.6  100.0   72.1  444.0
2017 291 10 18 1300  -33.1  970.2    7.1  129.0   73.0  444.0
2017 291 10 18 1400  -31.1  970.4    6.3  148.0   74.0  444.0
2017 291 10 18 1500  -29.2  969.9    7.3  150.0   75.0  444.0
2017 291 10 18 1600  -26.7  968.8    5.6  195.0   77.0  444.0
2017 291 10 18 1700  -25.5  968.0    6.0  195.0   78.0  444.0
2017 291 10 18 1800  -21.1  966.7    6.0  188.0   81.0  444.0
2017 291 10 18 1900  -17.6  965.1    9.2  154.0   83.0  444.0
2017 291 10 18 2000  -15.8  964.0   14.0  138.0   84.2  444.0
2017 291 10 18 2100  -15.4  964.0   15.7  130.0   83.8  444.0
2017 291 10 18 2200  -16.0  964.0   15.5  135.0   84.0  444.0
2017 291 10 18 2300  -14.9  964.2   16.9  129.0   84.0  444.0
2017 292 10 19 0000  -15.1  965.1   14.6  130.0   85.0  444.0
2017 292 10 19 0100  -15.3  966.3   12.6  123.0   83.4  444.0
2017 292 10 19 0200  -15.2  967.0   12.8  126.0   82.0  444.0
2017 292 10 19 0300  -15.0  967.6   13.4  132.0   82.0  444.0
2017 292 10 19 0400  -14.8  968.5   13.8  138.0   82.0  444.0
2017 292 10 19 0500  -15.7  969.9   12.2  132.0   84.0  444.0
2017 292 10 19 0600  -16.7  970.8   10.8  132.0   84.0  444.0
2017 292 10 19 0700  -17.0  972.3    9.8  136.0   82.0  444.0
2017 292 10 19 0800  -17.8  972.8    9.9  138.0   84.0  444.0
2017 292 10 19 0900  -18.0  973.2   10.6  138.0   84.0  444.0
2017 292 10 19 1000  -18.3  974.1   10.1  130.0   84.0  444.0
2017 292 10 19 1100  -19.3  974.8    6.7  128.0   83.0  444.0
2017 292 10 19 1200  -17.9  975.1    7.6  131.0   85.0  444.0
2017 292 10 19 1300  -16.3  975.0    8.1  138.0   86.0  444.0
2017 292 10 19 1400  -14.1  975.3    7.5  132.0   87.6  444.0
2017 292 10 19 1500  -13.7  975.6    7.0  132.0   88.0  444.0
2017 292 10 19 1600  -13.0  975.2    6.6  136.0   88.0  444.0
2017 292 10 19 1700  -13.2  975.1    8.0  126.0   87.0  444.0
2017 292 10 19 1800  -14.3  976.4    7.7  118.0   86.0  444.0
2017 292 10 19 1900  -16.3  978.3    7.9  115.0   82.0  444.0
2017 292 10 19 2000  -16.7  979.6    8.5  119.0   81.0  444.0
2017 292 10 19 2100  -15.9  980.8    9.1  123.0   83.0  444.0
2017 292 10 19 2200  -14.9  981.3    9.6  136.0   79.0  444.0
2017 292 10 19 2300  -15.5  981.5    7.6  141.0   81.5  444.0
2017 293 10 20 0000  -15.6  982.3    5.6  130.0   80.0  444.0
2017 293 10 20 0100  -16.2  982.1    8.2  142.0   80.7  444.0
2017 293 10 20 0200  -17.2  982.5    8.7  145.0   80.0  444.0
2017 293 10 20 0300  -17.8  983.3    7.0  133.0   79.0  444.0
2017 293 10 20 0400  -18.5  983.5    6.2  138.0   78.0  444.0
2017 293 10 20 0500  -18.8  983.7    4.9  140.0   78.0  444.0
2017 293 10 20 0600  -19.7  983.6    4.6  166.0   78.0  444.0
2017 293 10 20 0700  -20.4  983.4    4.5  161.0   79.0  444.0
2017 293 10 20 0800  -20.1  982.8    5.0  153.0   80.0  444.0
2017 293 10 20 0900  -19.4  982.4    6.9  149.0   78.0  444.0
2017 293 10 20 1000  -19.8  982.3    6.5  163.0   78.0  444.0
2017 293 10 20 1100  -20.2  982.2    6.1  163.0   78.0  444.0
2017 293 10 20 1200  -20.2  981.9    6.5  162.0   79.0  444.0
2017 293 10 20 1300  -20.5  981.7    5.8  171.0   79.0  444.0
2017 293 10 20 1400  -19.2  981.3    7.9  166.0   79.0  444.0
2017 293 10 20 1500  -18.8  980.9    8.7  161.0   79.0  444.0
2017 293 10 20 1600  -19.4  980.9    7.3  170.0   79.0  444.0
2017 293 10 20 1700  -18.8  980.6    8.4  160.0   77.0  444.0
2017 293 10 20 1800  -18.8  980.7    9.6  161.0   76.0  444.0
2017 293 10 20 1900  -18.5  980.2   11.5  161.0   77.0  444.0
2017 293 10 20 2000  -18.1  980.4   10.4  163.0   76.0  444.0
2017 293 10 20 2100  -18.0  980.1   10.4  166.0   77.0  444.0
2017 293 10 20 2200  -17.5  980.1    9.8  159.0   78.0  444.0
2017 293 10 20 2300  -16.9  980.1   10.9  156.0   77.0  444.0
2017 294 10 21 0000  -16.8  979.7   11.1  158.0   77.2  444.0
2017 294 10 21 0100  -16.1  979.4   12.0  153.0   78.0  444.0
2017 294 10 21 0200  -16.1  979.4   11.7  155.0   79.0  444.0
2017 294 10 21 0300  -16.0  979.6   10.5  152.0   77.0  444.0
2017 294 10 21 0400  -16.0  979.5   10.2  157.0   77.1  444.0
2017 294 10 21 0500  -15.7  979.6   10.7  153.0   77.0  444.0
2017 294 10 21 0600  -15.8  979.7   10.1  154.0   76.7  444.0
2017 294 10 21 0700  -16.4  979.6    8.6  160.0   77.0  444.0
2017 294 10 21 0800  -16.4  979.6    9.3  158.0   77.0  444.0
2017 294 10 21 0900  -17.3  979.6    9.0  158.0   77.0  444.0
2017 294 10 21 1000  -18.8  979.8    8.1  163.0   76.0  444.0
2017 294 10 21 1100  -20.4  979.8    7.6  165.0   77.0  444.0
2017 294 10 21 1200  -21.0  979.8    8.0  161.0   76.0  444.0
2017 294 10 21 1300  -20.8  980.1    7.5  156.0   75.0  444.0
2017 294 10 21 1400  -21.8  980.3    6.7  155.0   75.0  444.0
2017 294 10 21 1500  -22.9  980.5    6.4  147.0   74.0  444.0
2017 294 10 21 1600  -23.2  980.9    6.5  147.0   72.0  444.0
2017 294 10 21 1700  -23.9  980.9    5.8  154.0   72.0  444.0
2017 294 10 21 1800  -22.8  980.9    6.9  142.0   71.0  444.0
2017 294 10 21 1900  -22.2  981.6    6.5  146.0   70.0  444.0
2017 294 10 21 2000  -22.5  981.9    5.0  167.0   70.0  444.0
2017 294 10 21 2100  -22.2  982.0    3.8  173.0   69.0  444.0
2017 294 10 21 2200  -21.4  982.0    6.1  162.0   68.0  444.0
2017 294 10 21 2300  -20.7  981.8    6.9  167.0   68.0  444.0
2017 295 10 22 0000  -20.0  982.1    6.8  166.0   69.0  444.0
2017 295 10 22 0100  -19.6  982.1    6.7  167.0   69.0  444.0
2017 295 10 22 0200  -18.8  981.7    6.3  166.0   70.6  444.0
2017 295 10 22 0300  -19.3  981.7    6.8  164.0   71.0  444.0
2017 295 10 22 0400  -20.2  981.5    5.7  160.0   71.0  444.0
2017 295 10 22 0500  -20.6  981.5    5.3  164.0   71.0  444.0
2017 295 10 22 0600  -20.8  981.5    6.9  149.0   70.0  444.0
2017 295 10 22 0700  -21.6  982.0    6.0  158.0   72.3  444.0
2017 295 10 22 0800  -22.7  982.4    4.9  172.0   74.6  444.0
2017 295 10 22 0900  -23.4  982.4    5.2  171.0   75.0  444.0
2017 295 10 22 1000  -23.9  982.3    5.0  172.0   75.0  444.0
2017 295 10 22 1100  -23.4  982.4    6.0  173.0   74.0  444.0
2017 295 10 22 1200  -23.5  982.5    6.8  169.0   74.0  444.0
2017 295 10 22 1300  -24.1  982.8    5.7  163.0   73.0  444.0
2017 295 10 22 1400  -23.9  982.7    6.1  159.0   73.0  444.0
2017 295 10 22 1500  -24.3  983.1    5.6  173.0   73.0  444.0
2017 295 10 22 1600  -23.9  982.9    6.4  174.0   73.0  444.0
2017 295 10 22 1700  -23.6  983.3    6.5  165.0   71.0  444.0
2017 295 10 22 1800  -23.6  983.6    5.6  173.0   71.0  444.0
2017 295 10 22 1900  -23.0  983.8    6.0  171.0   71.0  444.0
2017 295 10 22 2000  -22.6  983.9    5.3  177.0   71.0  444.0
2017 295 10 22 2100  -22.5  984.1    5.0  190.0   72.0  444.0
2017 295 10 22 2200  -21.9  984.2    4.1  189.0   72.0  444.0
2017 295 10 22 2300  -20.7  984.0    4.5  182.0   72.3  444.0
2017 296 10 23 0000  -20.1  984.1    4.7  166.0   71.0  444.0
2017 296 10 23 0100  -20.4  984.1    4.5  178.0   73.0  444.0
2017 296 10 23 0200  -20.4  983.8    4.3  183.0   73.0  444.0
2017 296 10 23 0300  -19.9  983.8    4.8  174.0   72.0  444.0
2017 296 10 23 0400  -20.1  983.6    5.1  180.0   72.9  444.0
2017 296 10 23 0500  -20.7  983.5    4.2  170.0   74.0  444.0
2017 296 10 23 0600  -21.2  983.4    4.0  175.0   73.5  444.0
2017 296 10 23 0700  -22.2  983.2    3.9  172.0   75.0  444.0
2017 296 10 23 0800  -22.7  983.2    4.8  160.0   75.0  444.0
2017 296 10 23 0900  -23.9  983.1    4.6  174.0   74.7  444.0
2017 296 10 23 1000  -25.3  983.1    4.9  157.0   75.0  444.0
2017 296 10 23 1100  -26.3  983.1    5.4  153.0   74.3  444.0
2017 296 10 23 1200  -26.8  983.2    6.9  138.0   74.5  444.0
2017 296 10 23 1300  -28.4  983.3    6.2  141.0   73.0  444.0
2017 296 10 23 1400  -29.1  983.5    4.3  144.0   72.0  444.0
2017 296 10 23 1500  -28.9  983.5    3.7  165.0   72.0  444.0
2017 296 10 23 1600  -26.9  983.3    3.9  160.0   73.3  444.0
2017 296 10 23 1700  -25.6  983.1    5.3  178.0   74.0  444.0
2017 296 10 23 1800  -24.5  983.0    5.2  168.0   74.0  444.0
2017 296 10 23 1900  -23.1  982.8    5.7  167.0   74.0  444.0
2017 296 10 23 2000  -21.5  982.6    6.3  150.0   74.0  444.0
2017 296 10 23 2100  -21.2  982.6    6.5  167.0   72.1  444.0
2017 296 10 23 2200  -21.0  982.7    6.2  166.0   72.0  444.0
2017 296 10 23 2300  -20.9  982.3    5.5  185.0   71.7  444.0
2017 297 10 24 0000  -20.2  981.7    5.2  181.0   71.0  444.0
2017 297 10 24 0100  -19.0  981.2    6.1  183.0   72.0  444.0
2017 297 10 24 0200  -17.2  980.0    5.9  183.0   72.1  444.0
2017 297 10 24 0300  -15.4  979.0   11.9  168.0   75.0  444.0
2017 297 10 24 0400  -15.3  978.6   11.5  168.0   74.7  444.0
2017 297 10 24 0500  -16.9  978.0   10.5  190.0   70.0  444.0
2017 297 10 24 0600  -16.4  976.7   12.5  187.0   71.0  444.0
2017 297 10 24 0700  -16.5  975.8   11.9  185.0   75.5  444.0
2017 297 10 24 0800  -15.6  975.0   13.7  183.0   82.0  444.0
2017 297 10 24 0900  -16.1  974.2   13.1  185.0   81.2  444.0
2017 297 10 24 1000  -17.6  973.2    9.7  187.0   81.0  444.0
2017 297 10 24 1100  -18.3  972.1    9.6  170.0   81.0  444.0
2017 297 10 24 1200  -18.6  971.6    9.4  171.0   80.6  444.0
2017 297 10 24 1300  -18.8  970.8    9.1  166.0   81.0  444.0
2017 297 10 24 1400  -19.5  970.4    8.5  166.0   80.0  444.0
2017 297 10 24 1500  -19.9  970.3    7.9  158.0   79.0  444.0
2017 297 10 24 1600  -20.5  969.9    7.3  156.0   77.0  444.0
2017 297 10 24 1700  -20.5  969.5    6.1  172.0   78.0  444.0
2017 297 10 24 1800  -19.4  969.1    6.0  172.0   78.0  444.0
2017 297 10 24 1900  -16.8  968.4    7.1  167.0   79.0  444.0
2017 297 10 24 2000  -15.6  967.6    8.6  160.0   80.0  444.0
2017 297 10 24 2100  -14.5  967.4    9.8  155.0   81.0  444.0
2017 297 10 24 2200  -13.8  966.8    8.5  148.0   83.0  444.0
2017 297 10 24 2300  -12.9  966.5   10.6  153.0   82.0  444.0
2017 298 10 25 0000  -12.6  965.9   10.4  154.0   80.9  444.0
2017 298 10 25 0100  -12.3  965.1   10.1  151.0   80.0  444.0
2017 298 10 25 0200  -12.1  964.2   11.2  152.0   79.4  444.0
2017 298 10 25 0300  -12.5  963.5   10.9  154.0   81.0  444.0
2017 298 10 25 0400  -13.4  962.9   10.1  147.0   79.0  444.0
2017 298 10 25 0500  -15.1  963.3   10.4  138.0   78.1  444.0
2017 298 10 25 0600  -18.0  964.0    5.8  135.0   80.0  444.0
2017 298 10 25 0700  -17.7  964.0    5.0  138.0   82.0  444.0
2017 298 10 25 0800  -16.6  964.3    4.7  126.0   84.0  444.0
2017 298 10 25 0900  -16.2  964.3    5.4  137.0   83.0  444.0
2017 298 10 25 1000  -17.2  964.6    4.9  145.0   84.4  444.0
2017 298 10 25 1100  -18.0  965.0    5.6  135.0   85.0  444.0
2017 298 10 25 1200  -19.9  965.7    4.4  125.0   83.0  444.0
2017 298 10 25 1300  -20.8  966.2    4.5  113.0   81.0  444.0
2017 298 10 25 1400  -21.6  967.4    3.9  114.0   81.0  444.0
2017 298 10 25 1500  -21.8  968.7    5.2  113.0   79.8  444.0
2017 298 10 25 1600  -23.3  970.1    5.6   88.0   79.0  444.0
2017 298 10 25 1700  -23.1  971.1    4.5  104.0   78.0  444.0
2017 298 10 25 1800  -23.0  971.5    4.7  131.0   78.0  444.0
2017 298 10 25 1900  -23.0  972.1    5.9  136.0   78.0  444.0
2017 298 10 25 2000  -22.3  972.9    4.9  109.0   79.0  444.0
2017 298 10 25 2100  -21.7  973.3    5.8  134.0   78.0  444.0
2017 298 10 25 2200  -20.6  972.7    5.0  137.0   74.8  444.0
2017 298 10 25 2300  -19.6  972.8    3.5  139.0   76.0  444.0
2017 299 10 26 0000  -18.7  972.5    2.5  140.0   75.0  444.0
2017 299 10 26 0100  -18.9  972.2    1.3  148.0   75.0  444.0
2017 299 10 26 0200  -18.1  971.7    2.5  173.0   76.0  444.0
2017 299 10 26 0300  -19.0  971.6    2.9  173.0   75.9  444.0
2017 299 10 26 0400  -19.2  971.5    4.2  154.0   78.0  444.0
2017 299 10 26 0500  -20.0  971.7    3.9  152.0   79.0  444.0
2017 299 10 26 0600  -19.6  971.6    4.0  144.0   78.0  444.0
2017 299 10 26 0700  -19.7  971.7    4.6  112.0   78.0  444.0
2017 299 10 26 0800  -20.3  972.0    3.7  109.0   79.3  444.0
2017 299 10 26 0900  -20.8  972.2    3.4  100.0   79.0  444.0
2017 299 10 26 1000  -21.5  973.1    3.7  110.0   79.0  444.0
2017 299 10 26 1100  -22.0  973.6    5.1  115.0   78.0  444.0
2017 299 10 26 1200  -21.3  974.2    4.5  130.0   78.0  444.0
2017 299 10 26 1300  -19.7  974.5    6.0  150.0   78.0  444.0
2017 299 10 26 1400  -19.0  974.3    8.5  146.0   82.0  444.0
2017 299 10 26 1500  -18.1  974.0    7.1  136.0   83.0  444.0
2017 299 10 26 1600  -17.5  974.0    6.0  143.0   82.0  444.0
2017 299 10 26 1700  -17.2  973.9    6.3  128.0   81.0  444.0
2017 299 10 26 1800  -17.5  974.2    6.5  118.0   80.0  444.0
2017 299 10 26 1900  -17.9  974.2    6.6  113.0   74.0  444.0
2017 299 10 26 2000  -18.3  974.7    6.1  101.0   73.0  444.0
2017 299 10 26 2100  -18.9  975.0    6.9   95.0   72.0  444.0
2017 299 10 26 2200  -20.1  975.5    5.7  125.0   73.0  444.0
2017 299 10 26 2300  -21.1  976.4    5.5  116.0   74.0  444.0
2017 300 10 27 0000  -20.8  977.0    6.2  115.0   72.0  444.0
2017 300 10 27 0100  -19.9  977.3    6.5  130.0   75.2  444.0
2017 300 10 27 0200  -19.0  977.6    7.7  127.0   76.0  444.0
2017 300 10 27 0300  -19.0  977.7    7.3  135.0   76.0  444.0
2017 300 10 27 0400  -19.4  977.9    6.9  144.0   76.0  444.0
2017 300 10 27 0500  -20.1  977.9    6.7  140.0   77.0  444.0
2017 300 10 27 0600  -20.7  978.1    7.3  137.0   76.6  444.0
2017 300 10 27 0700  -20.9  977.9    5.5  149.0   77.0  444.0
2017 300 10 27 0800  -21.0  977.7    5.4  163.0   78.0  444.0
2017 300 10 27 0900  -20.6  977.3    4.7  148.0   77.0  444.0
2017 300 10 27 1000  -21.3  976.6    3.7  190.0   78.0  444.0
2017 300 10 27 1100  -21.8  976.1    4.0  170.0   77.0  444.0
2017 300 10 27 1200  -23.3  975.4    4.5  198.0   76.6  444.0
2017 300 10 27 1300  -23.9  974.7    5.9  187.0   77.0  444.0
2017 300 10 27 1400  -24.6  974.1    3.9  199.0   75.0  444.0
2017 300 10 27 1500  -24.9  973.4    4.1  198.0   76.0  444.0
2017 300 10 27 1600  -24.8  972.6    5.1  195.0   76.0  444.0
2017 300 10 27 1700  -24.9  971.5    5.0  201.0   74.1  444.0
2017 300 10 27 1800  -24.4  970.6    5.1  183.0   74.0  444.0
2017 300 10 27 1900  -24.6  970.2    4.8  182.0   76.0  444.0
2017 300 10 27 2000  -23.4  969.3    4.3  184.0   76.0  444.0
2017 300 10 27 2100  -21.0  968.7    4.9  179.0   74.0  444.0
2017 300 10 27 2200  -19.9  967.7    4.7  183.0   75.2  444.0
2017 300 10 27 2300  -19.2  967.3    5.1  171.0   75.0  444.0
2017 301 10 28 0000  -18.5  966.7    4.3  190.0   75.0  444.0
2017 301 10 28 0100  -17.7  965.8    5.3  176.0   77.0  444.0
2017 301 10 28 0200  -17.2  965.8    4.6  169.0   77.0  444.0
2017 301 10 28 0300  -16.9  965.1    7.1  155.0   73.0  444.0
2017 301 10 28 0400  -18.6  965.0    5.4  138.0   74.0  444.0
2017 301 10 28 0500  -19.6  964.8    4.7  143.0   75.0  444.0
2017 301 10 28 0600  -20.7  965.0    4.9  132.0   78.0  444.0
2017 301 10 28 0700  -20.9  964.8    4.9  136.0   79.0  444.0
2017 301 10 28 0800  -23.1  965.5    3.2   91.0   78.0  444.0
2017 301 10 28 0900  -23.7  965.8    5.4  114.0   79.0  444.0
2017 301 10 28 1000  -25.1  965.9    4.1   99.0   77.3  444.0
2017 301 10 28 1100  -27.0  966.3    3.9   78.0   78.0  444.0
2017 301 10 28 1200  -28.7  967.0    3.5  104.0   77.0  444.0
2017 301 10 28 1300  -29.2  967.8    3.1  138.0   76.0  444.0
2017 301 10 28 1400  -29.2  968.8    2.2  134.0   75.0  444.0
2017 301 10 28 1500  -25.0  969.1    3.1  142.0   78.2  444.0
2017 301 10 28 1600  -23.9  969.7    4.4  138.0   79.0  444.0
2017 301 10 28 1700  -22.4  970.3    5.1  127.0   79.0  444.0
2017 301 10 28 1800  -21.9  971.1    5.1  124.0   79.0  444.0
2017 301 10 28 1900  -21.9  972.2    5.9  134.0   78.9  444.0
2017 301 10 28 2000  -20.8  972.9    5.7  118.0   79.0  444.0
2017 301 10 28 2100  -19.3  973.4    4.5  115.0   79.0  444.0
2017 301 10 28 2200  -19.4  974.1    4.1  129.0   78.1  444.0
2017 301 10 28 2300  -18.0  974.7    3.3  101.0   77.0  444.0
2017 302 10 29 0000  -17.2  975.0    1.7   89.0   74.0  444.0
2017 302 10 29 0100  444.0  975.6    0.2   82.0  444.0  444.0
2017 302 10 29 0200  -18.7  976.0    1.4  148.0   74.0  444.0
2017 302 10 29 0300  -19.0  975.9    2.6  349.0   76.0  444.0
2017 302 10 29 0400  -20.1  976.0    2.7  318.0   74.0  444.0
2017 302 10 29 0500  -21.8  976.2    2.4  276.0   76.0  444.0
2017 302 10 29 0600  -22.5  976.7    2.8  250.0   75.0  444.0
2017 302 10 29 0700  -22.8  976.9    1.7  252.0   75.0  444.0
2017 302 10 29 0800  -23.8  977.1    2.5  263.0   80.8  444.0
2017 302 10 29 0900  -23.7  977.4    2.2  263.0   82.0  444.0
2017 302 10 29 1000  -22.5  977.5    2.2  248.0   82.0  444.0
2017 302 10 29 1100  -21.0  977.7    1.6  212.0   82.0  444.0
2017 302 10 29 1200  -20.4  978.1    0.3  319.0   82.0  444.0
2017 302 10 29 1300  -21.6  978.6    1.0    4.0   75.8  444.0
2017 302 10 29 1400  -21.4  978.9    2.4   13.0   77.0  444.0
2017 302 10 29 1500  -21.3  979.1    1.5  356.0   78.0  444.0
2017 302 10 29 1600  -21.2  979.5    1.0  360.0   77.0  444.0
2017 302 10 29 1700  -20.7  980.0    0.5   46.0   75.0  444.0
2017 302 10 29 1800  -20.0  980.4    0.7  116.0   75.1  444.0
2017 302 10 29 1900  -20.0  980.9    1.3  102.0   74.0  444.0
2017 302 10 29 2000  444.0  981.3    1.6   70.0   73.8  444.0
2017 302 10 29 2100  444.0  982.0    0.9  116.0   73.0  444.0
2017 302 10 29 2200  444.0  982.5    1.1  182.0   71.0  444.0
2017 302 10 29 2300  444.0  983.1    1.2  124.0   71.8  444.0
2017 303 10 30 0000  444.0  983.6    1.1  105.0   71.0  444.0
2017 303 10 30 0100  444.0  983.9    0.6  111.0   72.0  444.0
2017 303 10 30 0200  444.0  984.5    1.3  145.0   75.0  444.0
2017 303 10 30 0300  444.0  984.9    1.4  134.0   74.0  444.0
2017 303 10 30 0400  444.0  985.6    0.2  331.0   67.0  444.0
2017 303 10 30 0500  -19.7  986.2    0.4  177.0   72.0  444.0
2017 303 10 30 0600  -20.1  986.5    1.1  134.0   75.2  444.0
2017 303 10 30 0700  -20.1  987.1    0.5  119.0   78.0  444.0
2017 303 10 30 0800  -21.8  987.7    1.5  148.0   80.0  444.0
2017 303 10 30 0900  -21.6  988.1    1.3   60.0   79.0  444.0
2017 303 10 30 1000  -21.4  988.7    0.4  158.0   78.0  444.0
2017 303 10 30 1100  -21.8  989.0    0.8  225.0   79.5  444.0
2017 303 10 30 1200  -23.0  989.5    2.0  215.0   76.0  444.0
2017 303 10 30 1300  -22.5  989.7    1.0  267.0   74.0  444.0
2017 303 10 30 1400  -24.4  990.1    1.5  236.0   76.0  444.0
2017 303 10 30 1500  -20.9  990.1    2.3  256.0   79.0  444.0
2017 303 10 30 1600  -26.1  990.4    2.8  225.0   76.5  444.0
2017 303 10 30 1700  -23.9  990.4    2.6  218.0   78.0  444.0
2017 303 10 30 1800  -23.4  990.8    2.6  212.0   78.0  444.0
2017 303 10 30 1900  -22.5  991.2    3.0  264.0   79.0  444.0
2017 303 10 30 2000  -23.5  991.3    3.4  214.0   77.0  444.0
2017 303 10 30 2100  -22.2  991.5    3.2  204.0   78.1  444.0
2017 303 10 30 2200  -20.9  991.6    3.2  212.0   79.0  444.0
2017 303 10 30 2300  -20.2  991.7    3.4  209.0   79.0  444.0
2017 304 10 31 0000  -19.5  991.7    3.1  218.0   80.0  444.0
2017 304 10 31 0100  -19.3  991.7    2.3  255.0   79.0  444.0
2017 304 10 31 0200  -20.1  991.6    3.2  233.0   78.6  444.0
2017 304 10 31 0300  -20.7  991.6    2.8  257.0   79.0  444.0
2017 304 10 31 0400  -20.2  991.6    2.6  260.0   79.0  444.0
2017 304 10 31 0500  -21.2  991.6    3.1  264.0   78.0  444.0
2017 304 10 31 0600  -22.0  991.7    2.1  272.0   77.0  444.0
2017 304 10 31 0700  -23.9  991.7    2.8  260.0   78.0  444.0
2017 304 10 31 0800  -24.5  991.7    1.8  262.0   78.0  444.0
2017 304 10 31 0900  -23.2  991.7    1.7  230.0   79.5  444.0
2017 304 10 31 1000  -22.2  991.6    2.4  240.0   80.0  444.0
2017 304 10 31 1100  -21.5  991.6    2.2  223.0   81.0  444.0
2017 304 10 31 1200  -21.2  991.7    2.0  227.0   81.2  444.0
2017 304 10 31 1300  -20.9  991.6    2.2  221.0   81.0  444.0
2017 304 10 31 1400  -20.7  991.4    2.7  221.0   81.4  444.0
2017 304 10 31 1500  -20.9  991.4    2.2  232.0   80.0  444.0
2017 304 10 31 1600  -22.7  991.4    2.3  235.0   78.0  444.0
2017 304 10 31 1700  -23.6  991.4    2.8  214.0   76.0  444.0
2017 304 10 31 1800  -23.6  991.4    3.1  221.0   74.0  444.0
2017 304 10 31 1900  -22.2  991.6    3.6  224.0   75.0  444.0
2017 304 10 31 2000  -21.4  991.6    2.8  207.0   75.0  444.0
2017 304 10 31 2100  -21.1  991.6    2.5  222.0   75.0  444.0
2017 304 10 31 2200  -19.9  991.6    2.5  212.0   75.0  444.0
2017 304 10 31 2300  -19.6  991.5    2.4  222.0   75.0  444.0
