Year: 2019  Month: 02  ID: LET  ARGOS:  8928  Name: Lettau              
Lat: 82.49S  Lon: 174.58W  Elev:   39m
2019  32  2  1 0000  -12.0  990.0    4.3   91.0   82.0  444.0
2019  32  2  1 0100  -11.9  990.2    4.1   96.0   83.0  444.0
2019  32  2  1 0200  -12.0  990.2    4.7   85.0   82.2  444.0
2019  32  2  1 0300  -12.0  990.1    4.9   95.0   82.0  444.0
2019  32  2  1 0400  -12.2  990.0    5.1  110.0   82.0  444.0
2019  32  2  1 0500  -12.2  989.7    5.4  114.0   82.0  444.0
2019  32  2  1 0600  -12.2  989.7    5.2  114.0   83.0  444.0
2019  32  2  1 0700  -12.1  989.8    5.3  113.0   83.7  444.0
2019  32  2  1 0800  -12.1  989.8    5.1  110.0   84.0  444.0
2019  32  2  1 0900  -12.2  989.8    5.3  124.0   90.0  444.0
2019  32  2  1 1000  -12.1  989.7    5.2  129.0   92.0  444.0
2019  32  2  1 1100  -12.1  989.9    4.5  131.0   88.5  444.0
2019  32  2  1 1200  -12.2  990.0    4.8  129.0   89.7  444.0
2019  32  2  1 1300  -12.2  990.2    4.3  129.0   89.0  444.0
2019  32  2  1 1400  -12.5  990.1    4.5  130.0   87.0  444.0
2019  32  2  1 1500  -12.5  990.1    4.2  129.0   86.0  444.0
2019  32  2  1 1600  -12.2  990.0    4.7  127.0   85.8  444.0
2019  32  2  1 1700  -13.3  989.7    3.8  132.0   84.8  444.0
2019  32  2  1 1800  -12.2  989.8    4.7  130.0   85.0  444.0
2019  32  2  1 1900  -11.7  989.8    5.4  125.0   88.0  444.0
2019  32  2  1 2000  -11.1  989.6    5.7  130.0   89.0  444.0
2019  32  2  1 2100  -10.6  989.5    4.7  131.0   89.0  444.0
2019  32  2  1 2200   -9.3  989.1    6.3  121.0   88.0  444.0
2019  32  2  1 2300   -8.7  988.9    7.6  114.0   88.0  444.0
2019  33  2  2 0000   -8.1  989.0    7.0  118.0   89.0  444.0
2019  33  2  2 0100   -7.8  988.4    7.9  119.0   90.0  444.0
2019  33  2  2 0200   -7.6  988.2    7.7  122.0   91.0  444.0
2019  33  2  2 0300   -7.3  987.9    8.0  120.0   92.0  444.0
2019  33  2  2 0400   -7.3  987.6    8.3  122.0   93.0  444.0
2019  33  2  2 0500   -7.6  987.3    8.4  124.0   92.3  444.0
2019  33  2  2 0600   -8.4  987.0    9.1  129.0   91.0  444.0
2019  33  2  2 0700   -8.8  987.0    9.2  130.0   92.0  444.0
2019  33  2  2 0800   -9.2  986.9    9.5  136.0   92.0  444.0
2019  33  2  2 0900   -8.9  986.6    9.5  135.0   91.7  444.0
2019  33  2  2 1000   -9.4  986.4    8.7  140.0   92.1  444.0
2019  33  2  2 1100   -9.3  985.9    9.5  135.0   92.0  444.0
2019  33  2  2 1200   -9.1  985.4    9.5  136.0   93.0  444.0
2019  33  2  2 1300   -8.6  985.2    8.9  135.0   94.0  444.0
2019  33  2  2 1400   -8.1  984.8    8.9  135.0   94.7  444.0
2019  33  2  2 1500   -7.3  984.7    7.8  126.0   95.4  444.0
2019  33  2  2 1600   -6.9  984.5    7.1  126.0   95.0  444.0
2019  33  2  2 1700   -6.2  984.5    5.9  126.0   95.0  444.0
2019  33  2  2 1800   -6.5  984.4    6.6  118.0   91.0  444.0
2019  33  2  2 1900   -6.6  984.1    6.9  124.0   89.0  444.0
2019  33  2  2 2000   -6.8  984.2    7.1  129.0   89.7  444.0
2019  33  2  2 2100   -6.6  983.6    8.1  133.0   91.0  444.0
2019  33  2  2 2200   -6.5  982.8    8.7  141.0   92.0  444.0
2019  33  2  2 2300   -6.6  982.5    9.3  139.0   91.0  444.0
2019  34  2  3 0000   -6.7  982.1    9.5  143.0   90.0  444.0
2019  34  2  3 0100   -6.8  981.4   10.1  146.0   90.0  444.0
2019  34  2  3 0200   -6.9  981.1    9.3  141.0   89.0  444.0
2019  34  2  3 0300   -6.7  980.4   11.0  141.0   89.9  444.0
2019  34  2  3 0400   -6.6  979.8   11.6  145.0   91.0  444.0
2019  34  2  3 0500   -6.9  979.4   11.0  140.0   92.0  444.0
2019  34  2  3 0600   -6.9  979.0   10.1  142.0   90.0  444.0
2019  34  2  3 0700   -6.8  978.8    9.7  138.0   91.0  444.0
2019  34  2  3 0800   -7.0  978.5   10.0  138.0   91.4  444.0
2019  34  2  3 0900   -7.3  978.4   10.4  140.0   92.0  444.0
2019  34  2  3 1000   -7.5  977.9    9.7  136.0   92.0  444.0
2019  34  2  3 1100   -7.6  977.6    9.7  134.0   92.0  444.0
2019  34  2  3 1200   -8.1  977.6    9.0  136.0   86.0  444.0
2019  34  2  3 1300   -8.5  977.2    9.0  142.0   86.0  444.0
2019  34  2  3 1400   -9.1  976.9    8.3  146.0   87.0  444.0
2019  34  2  3 1500   -9.5  976.4    8.5  147.0   89.0  444.0
2019  34  2  3 1600   -9.6  976.0    7.9  147.0   88.0  444.0
2019  34  2  3 1700   -9.6  975.3    7.7  145.0   88.0  444.0
2019  34  2  3 1800   -9.3  975.1    6.9  142.0   88.6  444.0
2019  34  2  3 1900   -8.2  974.6    8.3  137.0   84.0  444.0
2019  34  2  3 2000   -9.0  974.6    6.7  146.0   88.0  444.0
2019  34  2  3 2100   -8.8  974.3    7.1  138.0   88.0  444.0
2019  34  2  3 2200   -8.9  974.2    5.9  146.0   88.0  444.0
2019  34  2  3 2300   -8.4  973.9    5.8  140.0   86.0  444.0
2019  35  2  4 0000   -8.3  973.6    5.3  145.0   85.0  444.0
2019  35  2  4 0100   -8.1  973.3    5.5  138.0   82.0  444.0
2019  35  2  4 0200   -8.4  972.8    4.5  126.0   84.0  444.0
2019  35  2  4 0300   -8.2  972.5    3.9  121.0   86.0  444.0
2019  35  2  4 0400   -8.1  972.4    3.9  129.0   88.0  444.0
2019  35  2  4 0500   -8.0  972.3    3.7  127.0   91.0  444.0
2019  35  2  4 0600   -7.5  972.0    5.1  126.0   91.2  444.0
2019  35  2  4 0700   -7.7  971.9    5.2  135.0   92.5  444.0
2019  35  2  4 0800   -7.6  971.7    5.2  145.0   93.0  444.0
2019  35  2  4 0900   -7.9  971.6    4.7  148.0   95.0  444.0
2019  35  2  4 1000   -9.5  971.5    3.6  166.0   93.0  444.0
2019  35  2  4 1100  -10.6  971.4    2.7  164.0   91.4  444.0
2019  35  2  4 1200  -10.9  971.1    2.4  195.0   90.0  444.0
2019  35  2  4 1300  -10.9  970.9    3.3  187.0   90.0  444.0
2019  35  2  4 1400  -10.6  970.6    2.9  182.0   90.0  444.0
2019  35  2  4 1500  -10.6  970.4    1.9  176.0   89.0  444.0
2019  35  2  4 1600  -11.0  970.0    2.1  197.0   88.9  444.0
2019  35  2  4 1700  -10.6  969.9    2.2  181.0   88.0  444.0
2019  35  2  4 1800  -10.8  969.9    1.7  137.0   87.0  444.0
2019  35  2  4 1900  -10.8  970.1    1.3  124.0   85.0  444.0
2019  35  2  4 2000   -9.1  970.2    1.3  132.0   80.0  444.0
2019  35  2  4 2100   -9.5  970.4    1.8  168.0   81.8  444.0
2019  35  2  4 2200   -8.6  970.6    2.0  144.0   82.0  444.0
2019  35  2  4 2300   -9.3  970.8    2.0  150.0   83.0  444.0
2019  36  2  5 0000   -8.6  970.9    2.7  140.0   87.0  444.0
2019  36  2  5 0100   -8.4  970.9    3.5  147.0   87.0  444.0
2019  36  2  5 0200   -8.3  971.1    4.1  147.0   89.0  444.0
2019  36  2  5 0300   -8.0  971.2    4.0  135.0   90.0  444.0
2019  36  2  5 0400   -7.5  971.4    3.9  134.0   90.9  444.0
2019  36  2  5 0500   -7.0  971.6    4.1  120.0   92.5  444.0
2019  36  2  5 0600   -6.6  972.0    4.5  121.0   94.0  444.0
2019  36  2  5 0700   -6.4  972.4    4.2  115.0   94.0  444.0
2019  36  2  5 0800   -6.2  972.8    4.0  110.0   94.6  444.0
2019  36  2  5 0900   -7.0  973.3    4.0  119.0   94.4  444.0
2019  36  2  5 1000   -7.4  973.8    4.1  128.0   94.0  444.0
2019  36  2  5 1100   -8.3  974.0    4.6  132.0   94.0  444.0
2019  36  2  5 1200   -9.6  974.5    4.1  138.0   93.0  444.0
2019  36  2  5 1300  -10.6  974.8    3.8  144.0   92.0  444.0
2019  36  2  5 1400  -11.0  975.1    4.0  152.0   92.0  444.0
2019  36  2  5 1500  -10.9  975.3    3.9  154.0   91.0  444.0
2019  36  2  5 1600  -11.3  975.6    4.4  158.0   87.0  444.0
2019  36  2  5 1700  -11.4  975.9    3.3  160.0   86.0  444.0
2019  36  2  5 1800  -11.9  976.1    2.5  183.0   84.5  444.0
2019  36  2  5 1900  -11.3  976.3    3.4  165.0   85.0  444.0
2019  36  2  5 2000  -10.9  976.6    3.7  163.0   85.0  444.0
2019  36  2  5 2100  -10.7  976.6    3.6  163.0   84.0  444.0
2019  36  2  5 2200  -10.1  976.7    4.4  164.0   84.0  444.0
2019  36  2  5 2300   -9.9  977.0    3.9  165.0   84.2  444.0
2019  37  2  6 0000   -9.8  977.1    3.5  158.0   84.0  444.0
2019  37  2  6 0100  -10.0  977.3    3.5  153.0   84.0  444.0
2019  37  2  6 0200  -10.0  977.3    4.3  144.0   84.0  444.0
2019  37  2  6 0300   -9.6  977.1    5.3  140.0   88.0  444.0
2019  37  2  6 0400   -9.1  977.2    4.4  151.0   93.1  444.0
2019  37  2  6 0500   -9.2  977.5    4.2  140.0   91.0  444.0
2019  37  2  6 0600  -10.6  977.7    3.2  139.0   88.0  444.0
2019  37  2  6 0700  -11.5  977.6    3.3  157.0   86.0  444.0
2019  37  2  6 0800  -11.8  977.5    3.3  165.0   86.0  444.0
2019  37  2  6 0900  -12.6  977.5    3.3  175.0   87.0  444.0
2019  37  2  6 1000  -13.3  977.4    2.3  179.0   85.0  444.0
2019  37  2  6 1100  -12.8  977.3    3.2  184.0   87.0  444.0
2019  37  2  6 1200  -13.0  977.0    3.4  185.0   87.0  444.0
2019  37  2  6 1300  -13.2  977.1    2.3  182.0   88.0  444.0
2019  37  2  6 1400  -13.3  976.9    3.2  191.0   89.0  444.0
2019  37  2  6 1500  -13.8  976.6    3.1  199.0   88.0  444.0
2019  37  2  6 1600  -13.8  976.3    2.5  178.0   83.0  444.0
2019  37  2  6 1700  -13.7  976.1    2.6  179.0   84.0  444.0
2019  37  2  6 1800  -14.2  975.7    2.1  174.0   84.0  444.0
2019  37  2  6 1900  -13.9  975.5    3.1  146.0   84.0  444.0
2019  37  2  6 2000  -13.5  975.3    3.8  141.0   81.0  444.0
2019  37  2  6 2100  -13.5  975.2    3.7  134.0   82.2  444.0
2019  37  2  6 2200  -12.9  975.1    3.7  140.0   81.0  444.0
2019  37  2  6 2300  -12.4  974.8    3.6  138.0   81.0  444.0
2019  38  2  7 0000  -12.1  974.3    3.6  131.0   84.0  444.0
2019  38  2  7 0100  -11.9  974.2    2.4  132.0   82.0  444.0
2019  38  2  7 0200  -12.1  973.5    2.6  140.0   82.6  444.0
2019  38  2  7 0300  -11.4  973.1    1.5  140.0   81.0  444.0
2019  38  2  7 0400  -11.5  972.8    1.8  138.0   83.0  444.0
2019  38  2  7 0500  -11.3  972.4    2.8  131.0   83.0  444.0
2019  38  2  7 0600  -11.4  972.1    1.8  130.0   84.0  444.0
2019  38  2  7 0700  -11.6  971.8    1.9  159.0   84.0  444.0
2019  38  2  7 0800  -12.1  971.4    2.1  170.0   86.0  444.0
2019  38  2  7 0900  -12.0  971.1    1.5  166.0   88.1  444.0
2019  38  2  7 1000  -12.2  970.7    1.2  170.0   89.0  444.0
2019  38  2  7 1100  -12.5  970.6    1.8  193.0   85.0  444.0
2019  38  2  7 1200  -12.8  970.2    1.9  176.0   89.0  444.0
2019  38  2  7 1300  -13.0  969.8    1.9  190.0   88.0  444.0
2019  38  2  7 1400  -13.7  969.5    2.1  178.0   89.0  444.0
2019  38  2  7 1500  -14.2  968.9    1.3  166.0   87.0  444.0
2019  38  2  7 1600  -14.2  968.7    1.6  156.0   84.0  444.0
2019  38  2  7 1700  -14.3  968.3    1.4  160.0   87.0  444.0
2019  38  2  7 1800  -13.5  968.0    1.2  135.0   87.0  444.0
2019  38  2  7 1900  -12.2  967.8    1.3  178.0   86.0  444.0
2019  38  2  7 2000  -11.7  967.7    1.9  169.0   85.0  444.0
2019  38  2  7 2100  -10.9  967.5    2.6  164.0   81.0  444.0
2019  38  2  7 2200  -10.7  967.7    2.5  120.0   85.0  444.0
2019  38  2  7 2300  -10.7  967.7    1.8  123.0   86.0  444.0
2019  39  2  8 0000  -10.2  967.5    2.0  116.0   83.4  444.0
2019  39  2  8 0100  -10.3  967.3    1.5  149.0   80.0  444.0
2019  39  2  8 0200  -11.1  967.3    2.1  161.0   85.0  444.0
2019  39  2  8 0300  -10.9  967.1    2.0  142.0   86.0  444.0
2019  39  2  8 0400  -10.1  967.0    2.4  124.0   87.3  444.0
2019  39  2  8 0500  -10.0  967.0    3.0  128.0   88.9  444.0
2019  39  2  8 0600   -9.9  967.2    2.5  118.0   89.0  444.0
2019  39  2  8 0700   -9.8  967.3    3.3  134.0   90.0  444.0
2019  39  2  8 0800  -10.0  967.5    3.5  133.0   90.4  444.0
2019  39  2  8 0900  -10.5  967.9    3.3  118.0   89.0  444.0
2019  39  2  8 1000  -10.4  968.3    3.3  120.0   90.0  444.0
2019  39  2  8 1100  -11.3  968.7    4.1  124.0   90.0  444.0
2019  39  2  8 1200  -11.9  969.1    4.0  110.0   90.0  444.0
2019  39  2  8 1300  -12.1  969.7    2.9  126.0   90.0  444.0
2019  39  2  8 1400  -12.8  970.1    3.9  143.0   89.0  444.0
2019  39  2  8 1500  -12.9  970.7    4.4  123.0   92.0  444.0
2019  39  2  8 1600  -12.9  971.4    4.1  120.0   89.0  444.0
2019  39  2  8 1700  -12.2  972.1    4.0  121.0   87.0  444.0
2019  39  2  8 1800  -13.2  972.8    3.8  138.0   85.0  444.0
2019  39  2  8 1900  -13.4  973.7    4.3  130.0   84.0  444.0
2019  39  2  8 2000  -13.0  974.5    3.2  144.0   84.0  444.0
2019  39  2  8 2100  -12.8  975.3    2.6  130.0   84.0  444.0
2019  39  2  8 2200  -10.6  976.2    2.7  107.0   80.7  444.0
2019  39  2  8 2300   -9.7  977.0    3.9  110.0   80.0  444.0
2019  40  2  9 0000   -9.8  977.7    5.2  137.0   83.0  444.0
2019  40  2  9 0100  -10.2  978.6    4.8  131.0   83.0  444.0
2019  40  2  9 0200  -10.3  979.5    5.2  132.0   82.4  444.0
2019  40  2  9 0300  -10.4  980.1    5.4  138.0   83.0  444.0
2019  40  2  9 0400  -11.3  980.9    5.5  137.0   84.0  444.0
2019  40  2  9 0500  -11.8  981.7    4.7  129.0   85.0  444.0
2019  40  2  9 0600  -13.1  982.6    3.1  165.0   83.9  444.0
2019  40  2  9 0700  -12.1  983.2    4.0  149.0   91.4  444.0
2019  40  2  9 0800  -11.9  983.9    4.6  143.0   92.0  444.0
2019  40  2  9 0900  -12.1  984.5    4.9  146.0   88.0  444.0
2019  40  2  9 1000  -12.4  985.1    5.7  150.0   87.0  444.0
2019  40  2  9 1100  -13.7  985.7    4.4  149.0   85.7  444.0
2019  40  2  9 1200  -14.4  986.3    3.2  174.0   87.6  444.0
2019  40  2  9 1300  -14.3  986.7    3.2  179.0   85.0  444.0
2019  40  2  9 1400  -15.6  987.0    2.9  176.0   89.0  444.0
2019  40  2  9 1500  -12.8  987.3    2.7  161.0   89.0  444.0
2019  40  2  9 1600  -11.2  987.4    3.7  128.0   89.0  444.0
2019  40  2  9 1700  -10.8  987.6    3.4  148.0   89.1  444.0
2019  40  2  9 1800  -10.4  987.8    3.4  145.0   89.0  444.0
2019  40  2  9 1900  -10.5  988.1    3.2  158.0   88.0  444.0
2019  40  2  9 2000  -10.0  988.2    3.5  165.0   88.0  444.0
2019  40  2  9 2100   -9.6  988.4    3.1  170.0   88.0  444.0
2019  40  2  9 2200   -9.0  988.3    3.2  165.0   88.0  444.0
2019  40  2  9 2300   -8.9  988.3    3.2  176.0   88.0  444.0
2019  41  2 10 0000   -8.5  988.1    2.9  173.0   88.0  444.0
2019  41  2 10 0100   -8.2  988.1    3.0  171.0   88.0  444.0
2019  41  2 10 0200   -8.1  987.8    3.4  166.0   88.0  444.0
2019  41  2 10 0300   -8.0  987.4    4.0  174.0   87.0  444.0
2019  41  2 10 0400   -8.2  987.2    3.6  173.0   88.1  444.0
2019  41  2 10 0500   -8.6  986.9    3.8  181.0   88.0  444.0
2019  41  2 10 0600   -8.7  986.5    4.6  192.0   91.0  444.0
2019  41  2 10 0700   -9.6  986.2    4.6  179.0   90.0  444.0
2019  41  2 10 0800  -11.3  986.0    5.2  172.0   90.0  444.0
2019  41  2 10 0900  -13.7  985.9    3.5  203.0   89.0  444.0
2019  41  2 10 1000  -12.2  985.7    3.8  197.0   89.0  444.0
2019  41  2 10 1100  -12.7  985.4    3.7  206.0   88.0  444.0
2019  41  2 10 1200  -13.5  985.3    3.2  180.0   83.0  444.0
2019  41  2 10 1300  -15.8  985.0    3.1  207.0   83.0  444.0
2019  41  2 10 1400  -16.3  984.8    3.5  205.0   83.0  444.0
2019  41  2 10 1500  -17.2  984.5    3.2  196.0   84.3  444.0
2019  41  2 10 1600  -15.0  984.1    7.7  167.0   86.0  444.0
2019  41  2 10 1700  -16.1  984.0    3.2  183.0   86.0  444.0
2019  41  2 10 1800  -13.5  984.0    3.4  193.0   85.0  444.0
2019  41  2 10 1900  -11.8  983.8    3.7  175.0   85.0  444.0
2019  41  2 10 2000  -11.5  983.8    3.2  175.0   85.1  444.0
2019  41  2 10 2100  -10.7  983.8    3.8  168.0   86.0  444.0
2019  41  2 10 2200  -10.0  983.9    3.5  183.0   85.0  444.0
2019  41  2 10 2300  -10.3  984.0    4.0  177.0   87.0  444.0
2019  42  2 11 0000   -9.6  983.9    3.8  170.0   85.2  444.0
2019  42  2 11 0100   -9.8  983.8    3.8  182.0   86.0  444.0
2019  42  2 11 0200  -10.4  983.6    4.7  203.0   86.0  444.0
2019  42  2 11 0300   -9.9  983.5    4.6  182.0   89.0  444.0
2019  42  2 11 0400   -9.0  983.5    2.6  186.0   94.3  444.0
2019  42  2 11 0500   -9.1  983.7    2.4  161.0   91.0  444.0
2019  42  2 11 0600   -8.7  984.0    2.3  176.0   99.0  444.0
2019  42  2 11 0700   -8.2  984.1    1.3  208.0   99.0  444.0
2019  42  2 11 0800   -7.9  984.3    1.7  167.0   96.0  444.0
2019  42  2 11 0900   -7.5  984.6    1.9  197.0   96.0  444.0
2019  42  2 11 1000   -8.0  984.6    2.9  191.0   97.0  444.0
2019  42  2 11 1100   -8.1  984.8    2.9  212.0   96.0  444.0
2019  42  2 11 1200   -8.6  984.8    3.1  222.0   93.0  444.0
2019  42  2 11 1300  -11.1  985.0    3.5  203.0   89.0  444.0
2019  42  2 11 1400  -11.9  985.4    3.2  169.0   98.0  444.0
2019  42  2 11 1500  -10.2  985.4    2.4  173.0   95.0  444.0
2019  42  2 11 1600  -10.2  985.5    3.8  183.0   95.0  444.0
2019  42  2 11 1700  -11.0  985.6    3.8  182.0   93.0  444.0
2019  42  2 11 1800   -9.9  985.5    3.4  183.0   94.0  444.0
2019  42  2 11 1900  -10.6  985.6    3.9  182.0   92.0  444.0
2019  42  2 11 2000  -10.9  985.7    3.5  154.0   92.0  444.0
2019  42  2 11 2100  -10.6  985.8    3.3  161.0   92.0  444.0
2019  42  2 11 2200  -10.7  986.2    3.4  189.0   91.5  444.0
2019  42  2 11 2300  -10.0  986.2    2.6  187.0   92.0  444.0
2019  43  2 12 0000   -9.1  986.2    3.4  179.0   93.0  444.0
2019  43  2 12 0100   -8.8  986.2    3.8  172.0   93.0  444.0
2019  43  2 12 0200   -8.4  986.1    4.4  173.0   94.0  444.0
2019  43  2 12 0300   -9.0  986.1    5.4  178.0   93.0  444.0
2019  43  2 12 0400   -8.9  986.2    3.0  200.0   93.0  444.0
2019  43  2 12 0500   -9.6  986.2    3.4  214.0   91.1  444.0
2019  43  2 12 0600  -10.9  986.4    3.7  223.0   92.3  444.0
2019  43  2 12 0700  -10.4  986.2    3.4  233.0   93.1  444.0
2019  43  2 12 0800   -9.9  985.9    3.8  232.0   94.0  444.0
2019  43  2 12 0900   -9.4  985.7    4.8  237.0   95.0  444.0
2019  43  2 12 1000   -9.8  985.6    5.1  223.0   94.7  444.0
2019  43  2 12 1100   -9.2  985.4    5.1  233.0   95.4  444.0
2019  43  2 12 1200   -9.2  985.4    5.1  224.0   95.0  444.0
2019  43  2 12 1300   -9.4  985.3    5.4  218.0   95.0  444.0
2019  43  2 12 1400  -10.7  985.4    4.3  207.0   93.0  444.0
2019  43  2 12 1500  -12.1  985.3    3.6  213.0   90.9  444.0
2019  43  2 12 1600  -12.1  984.8    4.5  247.0   86.0  444.0
2019  43  2 12 1700  -12.1  985.0    5.8  218.0   89.0  444.0
2019  43  2 12 1800  -10.4  985.5    6.0  208.0   92.0  444.0
2019  43  2 12 1900   -8.9  985.5    7.2  206.0   90.0  444.0
2019  43  2 12 2000   -8.2  985.6    6.6  207.0   84.3  444.0
2019  43  2 12 2100   -9.2  985.6    6.0  230.0   82.0  444.0
2019  43  2 12 2200   -8.6  985.5    7.1  231.0   84.0  444.0
2019  43  2 12 2300   -8.2  985.6    8.1  236.0   80.0  444.0
2019  44  2 13 0000   -8.8  985.9    7.4  240.0   76.0  444.0
2019  44  2 13 0100  -10.1  986.1    7.6  245.0   75.4  444.0
2019  44  2 13 0200  -10.5  986.5    6.3  257.0   79.0  444.0
2019  44  2 13 0300  -12.7  986.5    5.3  270.0   86.0  444.0
2019  44  2 13 0400  -13.2  986.5    4.9  276.0   83.4  444.0
2019  44  2 13 0500  -13.5  986.7    4.1  289.0   78.0  444.0
2019  44  2 13 0600  -14.0  986.8    5.3  274.0   81.0  444.0
2019  44  2 13 0700  -15.9  987.0    4.4  273.0   79.0  444.0
2019  44  2 13 0800  -16.2  987.1    3.6  282.0   77.0  444.0
2019  44  2 13 0900  -16.6  987.2    5.4  283.0   76.0  444.0
2019  44  2 13 1000  -16.6  987.4    5.8  263.0   78.0  444.0
2019  44  2 13 1100  -16.5  987.6    6.7  268.0   75.0  444.0
2019  44  2 13 1200  -18.9  988.3    3.0  286.0   76.0  444.0
2019  44  2 13 1300  -18.8  988.9    1.7  284.0   75.4  444.0
2019  44  2 13 1400  -19.2  988.9    4.9  284.0   77.0  444.0
2019  44  2 13 1500  -19.5  989.0    5.4  276.0   74.0  444.0
2019  44  2 13 1600  -19.9  989.5    4.4  280.0   74.0  444.0
2019  44  2 13 1700  -19.7  990.0    5.0  269.0   76.0  444.0
2019  44  2 13 1800  -19.9  990.8    3.9  263.0   74.4  444.0
2019  44  2 13 1900  -19.8  991.6    2.7  270.0   74.0  444.0
2019  44  2 13 2000  -19.7  992.0    2.7  289.0   72.0  444.0
2019  44  2 13 2100  -18.9  992.7    4.6  283.0   73.0  444.0
2019  44  2 13 2200  -18.2  993.3    5.1  283.0   74.0  444.0
2019  44  2 13 2300  -16.9  994.1    5.1  272.0   73.2  444.0
2019  45  2 14 0000  -16.6  994.7    3.8  285.0   72.0  444.0
2019  45  2 14 0100  -16.5  995.1    3.0  286.0   72.0  444.0
2019  45  2 14 0200  -16.0  995.5    2.0  293.0   72.0  444.0
2019  45  2 14 0300  -15.8  996.0    2.4  306.0   73.0  444.0
2019  45  2 14 0400  -16.2  996.4    3.2  308.0   73.0  444.0
2019  45  2 14 0500  -16.9  996.9    3.0  331.0   73.0  444.0
2019  45  2 14 0600  -17.6  997.1    3.8  334.0   74.5  444.0
2019  45  2 14 0700  -18.0  997.5    3.5  332.0   74.0  444.0
2019  45  2 14 0800  -19.2  997.8    4.3  331.0   76.0  444.0
2019  45  2 14 0900  -20.2  998.3    2.8  351.0   76.0  444.0
2019  45  2 14 1000  -21.1  998.5    3.6  358.0   77.0  444.0
2019  45  2 14 1100  -22.0  999.0    3.7  356.0   76.8  444.0
2019  45  2 14 1200  -22.6 1000.0    2.3   11.0   76.0  444.0
2019  45  2 14 1300  -23.2 1000.4    1.9   29.0   75.0  444.0
2019  45  2 14 1400  -24.2 1000.6    2.8   18.0   76.0  444.0
2019  45  2 14 1500  -24.3 1000.8    2.1   42.0   73.0  444.0
2019  45  2 14 1600  -24.6 1001.1    2.2   13.0   73.1  444.0
2019  45  2 14 1700  -24.5 1001.4    1.4   48.0   71.0  444.0
2019  45  2 14 1800  -24.3 1001.6    1.8   26.0   72.0  444.0
2019  45  2 14 1900  -23.4 1001.7    1.4   73.0   70.0  444.0
2019  45  2 14 2000  -22.7 1001.9    1.3   37.0   69.0  444.0
2019  45  2 14 2100  -22.6 1002.3    2.1  334.0   70.7  444.0
2019  45  2 14 2200  444.0 1002.5    0.5   22.0   64.9  444.0
2019  45  2 14 2300  444.0 1002.5    0.9  353.0   66.0  444.0
2019  46  2 15 0000  444.0 1002.4    0.7  358.0   65.0  444.0
2019  46  2 15 0100  444.0 1002.1    0.8  308.0   66.0  444.0
2019  46  2 15 0200  444.0 1002.0    1.1  357.0   67.0  444.0
2019  46  2 15 0300  444.0 1001.7    0.7  341.0   66.0  444.0
2019  46  2 15 0400  444.0 1001.3    1.2  302.0   70.0  444.0
2019  46  2 15 0500  444.0 1001.2    1.1  243.0   67.0  444.0
2019  46  2 15 0600  444.0 1000.8    0.5  167.0   68.0  444.0
2019  46  2 15 0700  444.0 1000.6    0.2  223.0   70.0  444.0
2019  46  2 15 0800  444.0 1000.2    1.4  281.0   79.0  444.0
2019  46  2 15 0900  -20.7  999.9    1.3  150.0   86.0  444.0
2019  46  2 15 1000  -19.0  999.7    0.2  102.0   84.8  444.0
2019  46  2 15 1100  -18.5  999.3    0.8  128.0   85.0  444.0
2019  46  2 15 1200  -18.0  999.1    0.9  196.0   85.0  444.0
2019  46  2 15 1300  -17.7  998.4    0.6  154.0   85.0  444.0
2019  46  2 15 1400  -17.7  998.0    1.3  151.0   85.3  444.0
2019  46  2 15 1500  -17.7  997.5    0.5   89.0   85.1  444.0
2019  46  2 15 1600  -17.5  997.2    1.3  130.0   85.0  444.0
2019  46  2 15 1700  -17.0  996.7    0.8  149.0   85.0  444.0
2019  46  2 15 1800  -16.3  996.4    0.0    0.0   85.0  444.0
2019  46  2 15 1900  -16.2  996.3    0.8  176.0   84.7  444.0
2019  46  2 15 2000  -16.1  996.1    2.0  152.0   84.8  444.0
2019  46  2 15 2100  -15.9  995.9    2.4  161.0   85.0  444.0
2019  46  2 15 2200  -15.4  995.8    2.8  152.0   85.0  444.0
2019  46  2 15 2300  -14.7  995.8    3.2  126.0   85.0  444.0
2019  47  2 16 0000  -14.4  995.8    2.8  147.0   85.2  444.0
2019  47  2 16 0100  -16.1  995.8    3.3  143.0   84.0  444.0
2019  47  2 16 0200  -16.6  995.7    3.1  164.0   83.0  444.0
2019  47  2 16 0300  -17.8  995.6    3.1  175.0   79.0  444.0
2019  47  2 16 0400  -18.9  995.5    2.8  162.0   78.9  444.0
2019  47  2 16 0500  -19.8  995.5    2.8  162.0   79.0  444.0
2019  47  2 16 0600  -20.8  995.7    2.4  142.0   78.0  444.0
2019  47  2 16 0700  -21.1  995.6    2.8  142.0   81.0  444.0
2019  47  2 16 0800  -22.0  995.9    2.4  146.0   79.0  444.0
2019  47  2 16 0900  -23.0  995.9    3.5  158.0   77.7  444.0
2019  47  2 16 1000  -23.5  996.1    3.9  144.0   78.0  444.0
2019  47  2 16 1100  -24.4  996.2    3.6  155.0   76.0  444.0
2019  47  2 16 1200  -24.5  996.3    3.3  152.0   80.0  444.0
2019  47  2 16 1300  -23.5  996.3    3.2  172.0   80.6  444.0
2019  47  2 16 1400  -24.6  996.1    2.8  187.0   79.0  444.0
2019  47  2 16 1500  -26.4  996.0    2.4  200.0   77.0  444.0
2019  47  2 16 1600  -27.0  995.8    1.8  199.0   74.0  444.0
2019  47  2 16 1700  -26.4  995.7    3.1  189.0   73.9  444.0
2019  47  2 16 1800  -26.4  995.8    3.6  202.0   73.0  444.0
2019  47  2 16 1900  -25.4  996.1    3.3  199.0   73.2  444.0
2019  47  2 16 2000  -24.4  996.0    3.6  193.0   74.0  444.0
2019  47  2 16 2100  -23.9  995.9    3.9  200.0   74.0  444.0
2019  47  2 16 2200  -22.4  995.6    3.8  199.0   75.0  444.0
2019  47  2 16 2300  -22.0  995.2    4.1  218.0   74.0  444.0
2019  48  2 17 0000  -19.2  994.7    6.4  214.0   74.0  444.0
2019  48  2 17 0100  -16.8  994.5    6.9  178.0   70.0  444.0
2019  48  2 17 0200  -17.2  994.3    6.0  172.0   72.0  444.0
2019  48  2 17 0300  -17.4  993.9    5.9  173.0   72.0  444.0
2019  48  2 17 0400  -17.0  993.6    3.8  186.0   75.0  444.0
2019  48  2 17 0500  -16.9  993.2    4.6  179.0   77.0  444.0
2019  48  2 17 0600  -16.8  992.7    4.9  173.0   77.0  444.0
2019  48  2 17 0700  -17.5  992.7    4.5  187.0   78.2  444.0
2019  48  2 17 0800  -17.9  992.5    5.0  187.0   80.0  444.0
2019  48  2 17 0900  -18.7  992.5    4.0  195.0   79.0  444.0
2019  48  2 17 1000  -18.5  992.6    5.2  231.0   79.0  444.0
2019  48  2 17 1100  -18.9  992.6    5.4  186.0   78.0  444.0
2019  48  2 17 1200  -19.0  992.6    4.7  193.0   76.5  444.0
2019  48  2 17 1300  -20.2  992.4    4.0  181.0   76.0  444.0
2019  48  2 17 1400  -20.0  992.3    4.2  188.0   75.0  444.0
2019  48  2 17 1500  -20.6  992.3    3.4  202.0   74.0  444.0
2019  48  2 17 1600  -21.7  992.3    2.1  181.0   73.0  444.0
2019  48  2 17 1700  -20.3  992.0    4.0  198.0   72.5  444.0
2019  48  2 17 1800  -20.5  992.1    4.7  185.0   73.0  444.0
2019  48  2 17 1900  -21.1  992.4    3.8  192.0   73.0  444.0
2019  48  2 17 2000  -19.2  992.4    4.0  163.0   73.0  444.0
2019  48  2 17 2100  -19.5  992.6    4.1  147.0   74.0  444.0
2019  48  2 17 2200  -19.8  992.7    3.4  159.0   73.0  444.0
2019  48  2 17 2300  -19.8  992.8    4.5  156.0   73.0  444.0
2019  49  2 18 0000  -19.6  992.8    4.6  152.0   73.0  444.0
2019  49  2 18 0100  -19.4  992.9    3.3  149.0   73.0  444.0
2019  49  2 18 0200  -19.6  993.1    3.5  144.0   72.1  444.0
2019  49  2 18 0300  -20.0  993.3    3.4  154.0   73.0  444.0
2019  49  2 18 0400  -20.4  993.3    3.5  138.0   74.0  444.0
2019  49  2 18 0500  -21.1  993.5    2.4  147.0   74.3  444.0
2019  49  2 18 0600  -22.0  993.8    2.6  146.0   74.0  444.0
2019  49  2 18 0700  -22.7  994.0    2.4  187.0   74.0  444.0
2019  49  2 18 0800  -23.8  994.2    2.7  186.0   76.0  444.0
2019  49  2 18 0900  -23.4  994.5    2.7  165.0   76.0  444.0
2019  49  2 18 1000  -25.2  994.7    2.6  178.0   76.4  444.0
2019  49  2 18 1100  -25.7  995.1    2.8  194.0   76.0  444.0
2019  49  2 18 1200  -26.2  995.3    2.8  181.0   76.0  444.0
2019  49  2 18 1300  -25.9  995.7    3.0  168.0   76.0  444.0
2019  49  2 18 1400  -26.4  996.0    2.3  175.0   74.0  444.0
2019  49  2 18 1500  -26.9  996.2    2.9  181.0   74.0  444.0
2019  49  2 18 1600  -26.7  996.5    1.7  143.0   73.0  444.0
2019  49  2 18 1700  -26.9  996.8    3.1  189.0   74.0  444.0
2019  49  2 18 1800  -25.8  997.2    3.0  157.0   73.0  444.0
2019  49  2 18 1900  -25.6  997.7    2.8  169.0   72.0  444.0
2019  49  2 18 2000  -25.0  998.0    2.0  173.0   71.5  444.0
2019  49  2 18 2100  -23.6  998.3    2.6  160.0   72.0  444.0
2019  49  2 18 2200  -22.5  998.5    3.2  167.0   72.0  444.0
2019  49  2 18 2300  -21.8  998.8    2.8  194.0   72.0  444.0
2019  50  2 19 0000  -20.9  998.8    3.3  174.0   72.5  444.0
2019  50  2 19 0100  -20.0  998.9    4.0  165.0   73.0  444.0
2019  50  2 19 0200  -19.9  999.2    4.3  155.0   73.0  444.0
2019  50  2 19 0300  -20.0  999.4    3.2  163.0   73.7  444.0
2019  50  2 19 0400  -20.2  999.5    3.6  186.0   75.6  444.0
2019  50  2 19 0500  -19.9  999.5    2.9  181.0   75.0  444.0
2019  50  2 19 0600  -20.4  999.4    4.4  197.0   76.0  444.0
2019  50  2 19 0700  -19.4  999.3    5.3  196.0   77.0  444.0
2019  50  2 19 0800  -21.0  998.7    4.1  210.0   78.7  444.0
2019  50  2 19 0900  -19.5  998.5    3.1  202.0   77.0  444.0
2019  50  2 19 1000  -20.9  998.0    3.9  194.0   78.0  444.0
2019  50  2 19 1100  -22.0  998.4    3.2  180.0   79.0  444.0
2019  50  2 19 1200  -22.3  998.9    3.4  179.0   78.0  444.0
2019  50  2 19 1300  -22.7  999.5    4.4  151.0   77.9  444.0
2019  50  2 19 1400  -23.6  999.8    4.0  148.0   78.0  444.0
2019  50  2 19 1500  -23.9  999.9    2.7  152.0   76.0  444.0
2019  50  2 19 1600  -24.0  999.4    3.1  189.0   74.0  444.0
2019  50  2 19 1700  -24.7  999.2    3.9  203.0   75.8  444.0
2019  50  2 19 1800  -23.0  998.9    4.7  198.0   74.2  444.0
2019  50  2 19 1900  -22.0  998.5    2.1  208.0   75.0  444.0
2019  50  2 19 2000  -21.2  998.2    3.6  212.0   75.0  444.0
2019  50  2 19 2100  -19.9  998.1    4.3  200.0   74.0  444.0
2019  50  2 19 2200  -19.4  997.7    4.2  202.0   73.7  444.0
2019  50  2 19 2300  -18.7  997.6    3.9  195.0   74.0  444.0
2019  51  2 20 0000  -18.5  997.3    3.8  192.0   74.0  444.0
2019  51  2 20 0100  -18.2  997.1    3.2  182.0   74.0  444.0
2019  51  2 20 0200  -16.9  997.0    3.9  176.0   73.0  444.0
2019  51  2 20 0300  -18.2  996.9    2.5  212.0   73.9  444.0
2019  51  2 20 0400  -18.3  996.6    3.6  204.0   76.0  444.0
2019  51  2 20 0500  -19.0  996.3    3.8  216.0   75.0  444.0
2019  51  2 20 0600  -20.4  996.1    3.1  214.0   74.7  444.0
2019  51  2 20 0700  -20.3  996.0    3.6  207.0   75.0  444.0
2019  51  2 20 0800  -21.1  995.9    3.8  203.0   76.0  444.0
2019  51  2 20 0900  -21.4  995.6    3.5  207.0   76.0  444.0
2019  51  2 20 1000  -21.9  995.5    3.5  200.0   76.0  444.0
2019  51  2 20 1100  -22.1  995.5    4.1  196.0   76.0  444.0
2019  51  2 20 1200  -22.3  995.5    3.8  200.0   76.0  444.0
2019  51  2 20 1300  -23.4  995.3    3.5  199.0   76.0  444.0
2019  51  2 20 1400  -24.3  995.2    3.2  194.0   75.0  444.0
2019  51  2 20 1500  -24.5  994.9    3.0  187.0   75.0  444.0
2019  51  2 20 1600  -24.4  995.0    3.5  195.0   75.0  444.0
2019  51  2 20 1700  -24.2  994.8    2.4  185.0   75.0  444.0
2019  51  2 20 1800  -25.0  994.9    2.5  200.0   74.0  444.0
2019  51  2 20 1900  -24.7  995.2    2.6  194.0   74.0  444.0
2019  51  2 20 2000  -24.3  995.5    2.3  192.0   73.0  444.0
2019  51  2 20 2100  -23.4  995.4    2.3  170.0   73.0  444.0
2019  51  2 20 2200  -22.6  995.4    1.9  163.0   72.0  444.0
2019  51  2 20 2300  -22.2  995.6    1.8  146.0   71.0  444.0
2019  52  2 21 0000  -21.8  995.7    2.2  132.0   71.0  444.0
2019  52  2 21 0100  -21.4  995.5    0.7   96.0   67.0  444.0
2019  52  2 21 0200  444.0  995.3    0.4  107.0   68.0  444.0
2019  52  2 21 0300  444.0  995.2    1.1  125.0   68.0  444.0
2019  52  2 21 0400  444.0  995.2    1.1  198.0   70.0  444.0
2019  52  2 21 0500  -21.7  995.2    1.5  198.0   72.0  444.0
2019  52  2 21 0600  -23.1  995.3    2.2  172.0   74.0  444.0
2019  52  2 21 0700  -22.7  995.2    2.5  153.0   75.0  444.0
2019  52  2 21 0800  -23.7  995.4    2.3  151.0   75.6  444.0
2019  52  2 21 0900  -25.0  995.5    2.0  107.0   76.0  444.0
2019  52  2 21 1000  -25.8  995.6    2.1   98.0   74.0  444.0
2019  52  2 21 1100  -27.1  995.8    2.2  114.0   73.0  444.0
2019  52  2 21 1200  -27.7  996.0    2.4  116.0   74.0  444.0
2019  52  2 21 1300  -27.8  996.0    2.7   95.0   73.4  444.0
2019  52  2 21 1400  444.0  996.3    0.6   77.0   72.0  444.0
2019  52  2 21 1500  -28.1  996.4    1.5  181.0   70.0  444.0
2019  52  2 21 1600  -29.5  996.2    2.7  152.0   71.0  444.0
2019  52  2 21 1700  -28.6  996.3    1.7  128.0   69.0  444.0
2019  52  2 21 1800  -27.9  996.3    2.4  127.0   69.7  444.0
2019  52  2 21 1900  -26.8  996.4    1.8  121.0   71.6  444.0
2019  52  2 21 2000  -26.0  996.7    1.7  162.0   72.0  444.0
2019  52  2 21 2100  -25.2  996.8    1.5  154.0   72.0  444.0
2019  52  2 21 2200  -23.7  996.9    1.0  166.0   70.0  444.0
2019  52  2 21 2300  -23.6  996.9    2.3  172.0   71.7  444.0
2019  53  2 22 0000  -22.8  996.9    1.9  166.0   72.3  444.0
2019  53  2 22 0100  -22.0  996.8    1.7  176.0   73.0  444.0
2019  53  2 22 0200  -21.7  996.5    2.2  173.0   74.0  444.0
2019  53  2 22 0300  -21.9  996.4    2.3  185.0   73.0  444.0
2019  53  2 22 0400  -21.5  996.2    1.9  174.0   72.4  444.0
2019  53  2 22 0500  -23.0  996.1    2.3  174.0   73.0  444.0
2019  53  2 22 0600  -24.2  995.9    2.7  154.0   73.0  444.0
2019  53  2 22 0700  -24.8  995.8    3.0  169.0   74.0  444.0
2019  53  2 22 0800  -25.5  996.0    2.8  162.0   75.0  444.0
2019  53  2 22 0900  -26.3  996.1    2.9  168.0   76.0  444.0
2019  53  2 22 1000  -26.9  996.0    3.2  158.0   77.0  444.0
2019  53  2 22 1100  -27.3  995.7    3.4  149.0   76.7  444.0
2019  53  2 22 1200  -27.6  995.7    3.1  143.0   77.2  444.0
2019  53  2 22 1300  -28.0  995.7    3.5  152.0   77.0  444.0
2019  53  2 22 1400  -28.0  995.5    3.3  147.0   76.0  444.0
2019  53  2 22 1500  -28.7  995.1    3.5  149.0   77.0  444.0
2019  53  2 22 1600  -27.4  994.8    4.0  151.0   77.2  444.0
2019  53  2 22 1700  -26.9  994.8    3.7  146.0   74.3  444.0
2019  53  2 22 1800  -26.4  994.8    3.9  157.0   75.0  444.0
2019  53  2 22 1900  -25.5  994.7    4.7  159.0   76.0  444.0
2019  53  2 22 2000  -23.3  994.6    5.3  155.0   76.0  444.0
2019  53  2 22 2100  -23.2  994.5    4.5  153.0   78.2  444.0
2019  53  2 22 2200  -21.4  994.3    5.3  152.0   78.0  444.0
2019  53  2 22 2300  -19.9  994.1    6.0  159.0   77.0  444.0
2019  54  2 23 0000  -19.7  993.7    5.9  168.0   76.0  444.0
2019  54  2 23 0100  -19.6  993.2    6.6  167.0   77.6  444.0
2019  54  2 23 0200  -19.1  992.4    7.1  167.0   76.7  444.0
2019  54  2 23 0300  -18.6  991.8    7.7  165.0   79.0  444.0
2019  54  2 23 0400  -18.2  991.7    7.1  159.0   79.0  444.0
2019  54  2 23 0500  -17.2  990.9    8.0  163.0   78.0  444.0
2019  54  2 23 0600  -16.5  990.4    8.0  160.0   79.0  444.0
2019  54  2 23 0700  -15.7  989.8    9.6  152.0   81.0  444.0
2019  54  2 23 0800  -15.0  989.4    8.7  152.0   86.0  444.0
2019  54  2 23 0900  -13.9  988.9   10.1  149.0   87.1  444.0
2019  54  2 23 1000  -14.0  988.2    8.9  147.0   88.0  444.0
2019  54  2 23 1100  -13.8  987.9    8.7  146.0   88.0  444.0
2019  54  2 23 1200  -13.5  987.4    8.5  147.0   89.0  444.0
2019  54  2 23 1300  -13.7  986.8    7.9  144.0   89.0  444.0
2019  54  2 23 1400  -12.9  986.3    8.8  140.0   89.8  444.0
2019  54  2 23 1500  -12.4  986.0    8.5  134.0   90.0  444.0
2019  54  2 23 1600  -11.9  985.9    7.5  136.0   91.0  444.0
2019  54  2 23 1700  -11.2  985.6    7.9  128.0   91.0  444.0
2019  54  2 23 1800  -10.8  985.6    7.8  126.0   92.0  444.0
2019  54  2 23 1900  -10.4  985.5    7.3  124.0   91.9  444.0
2019  54  2 23 2000   -9.9  985.6    7.5  113.0   93.0  444.0
2019  54  2 23 2100   -9.1  986.0    6.3  111.0   91.0  444.0
2019  54  2 23 2200   -9.5  986.1    5.3  119.0   91.0  444.0
2019  54  2 23 2300   -9.4  986.2    6.1  128.0   89.6  444.0
2019  55  2 24 0000   -9.2  985.9    5.5  138.0   91.0  444.0
2019  55  2 24 0100   -9.1  985.5    4.5  152.0   91.0  444.0
2019  55  2 24 0200   -8.8  985.0    5.4  147.0   91.0  444.0
2019  55  2 24 0300   -8.3  984.5    6.2  140.0   92.0  444.0
2019  55  2 24 0400   -8.2  984.0    5.5  141.0   93.1  444.0
2019  55  2 24 0500   -9.4  983.9    4.4  135.0   92.0  444.0
2019  55  2 24 0600   -7.6  983.8    5.5  126.0   96.0  444.0
2019  55  2 24 0700   -7.7  984.1    4.7  125.0   96.0  444.0
2019  55  2 24 0800   -7.9  984.0    5.0  116.0   97.0  444.0
2019  55  2 24 0900   -7.0  983.8    4.5  133.0   98.0  444.0
2019  55  2 24 1000   -6.6  983.8    4.7  131.0   98.0  444.0
2019  55  2 24 1100   -7.0  983.9    4.6  108.0   97.7  444.0
2019  55  2 24 1200   -8.0  983.9    4.4  105.0   97.0  444.0
2019  55  2 24 1300   -8.1  984.1    5.0  114.0   96.0  444.0
2019  55  2 24 1400   -7.7  984.2    4.5   97.0   96.0  444.0
2019  55  2 24 1500   -8.0  984.1    4.5  118.0   96.0  444.0
2019  55  2 24 1600   -8.6  984.0    4.8  122.0   94.0  444.0
2019  55  2 24 1700   -9.0  984.2    5.0  118.0   94.0  444.0
2019  55  2 24 1800   -8.3  983.9    5.4  140.0   94.0  444.0
2019  55  2 24 1900   -8.3  983.6    6.8  137.0   93.0  444.0
2019  55  2 24 2000   -8.4  983.3    5.7  135.0   92.0  444.0
2019  55  2 24 2100   -8.5  982.8    5.6  151.0   92.0  444.0
2019  55  2 24 2200   -8.6  982.1    3.8  172.0   92.0  444.0
2019  55  2 24 2300   -7.8  981.1    3.7  188.0   93.0  444.0
2019  56  2 25 0000   -8.9  980.2    3.8  193.0   93.0  444.0
2019  56  2 25 0100   -6.2  978.9    3.5  179.0   91.0  444.0
2019  56  2 25 0200   -6.0  977.6    6.0  176.0   86.9  444.0
2019  56  2 25 0300   -6.5  976.4    6.0  173.0   91.0  444.0
2019  56  2 25 0400   -7.5  975.6    5.6  162.0   92.0  444.0
2019  56  2 25 0500   -8.2  975.0    6.3  152.0   86.0  444.0
2019  56  2 25 0600   -8.3  974.1    4.9  188.0   93.0  444.0
2019  56  2 25 0700   -5.0  972.9    9.9  143.0   92.8  444.0
2019  56  2 25 0800   -4.4  971.4   11.6  143.0   89.0  444.0
2019  56  2 25 0900   -4.7  970.4   10.7  156.0   89.0  444.0
2019  56  2 25 1000   -4.4  969.2   11.2  160.0   91.0  444.0
2019  56  2 25 1100   -4.4  967.6   12.3  166.0   93.0  444.0
2019  56  2 25 1200   -4.2  966.3   13.9  164.0   99.0  444.0
2019  56  2 25 1300   -4.2  964.9   14.8  160.0  100.0  444.0
2019  56  2 25 1400   -4.2  964.0   16.6  157.0  100.0  444.0
2019  56  2 25 1500   -4.3  962.5   16.4  162.0  100.0  444.0
2019  56  2 25 1600   -4.3  961.2   15.4  164.0  100.0  444.0
2019  56  2 25 1700   -4.2  959.8   16.3  160.0  100.0  444.0
2019  56  2 25 1800   -4.2  959.8   14.3  149.0  100.0  444.0
2019  56  2 25 1900   -5.8  960.1   15.5  143.0   98.0  444.0
2019  56  2 25 2000   -7.9  960.2   14.2  134.0   94.0  444.0
2019  56  2 25 2100  -10.0  960.5   14.1  136.0   90.8  444.0
2019  56  2 25 2200   -9.9  961.2   13.9  136.0   90.0  444.0
2019  56  2 25 2300   -9.9  962.1   12.8  132.0   91.0  444.0
2019  57  2 26 0000   -9.9  963.0   11.7  132.0   92.0  444.0
2019  57  2 26 0100  -10.4  963.7   11.8  132.0   91.3  444.0
2019  57  2 26 0200  -10.3  964.6   11.3  128.0   91.0  444.0
2019  57  2 26 0300   -9.9  965.0   11.3  124.0   92.0  444.0
2019  57  2 26 0400  -10.1  966.1   12.2  128.0   92.0  444.0
2019  57  2 26 0500   -9.5  967.0   10.4  120.0   92.0  444.0
2019  57  2 26 0600   -9.4  968.0   11.1  117.0   92.6  444.0
2019  57  2 26 0700   -9.2  969.0   11.0  114.0   94.0  444.0
2019  57  2 26 0800   -8.8  970.4   11.2  113.0   95.0  444.0
2019  57  2 26 0900   -9.2  971.5   11.5  119.0   95.0  444.0
2019  57  2 26 1000   -9.4  972.5    9.1  116.0   95.0  444.0
2019  57  2 26 1100   -9.1  973.6    6.9  119.0   94.0  444.0
2019  57  2 26 1200  -10.4  974.3    9.6  129.0   93.0  444.0
2019  57  2 26 1300  -11.0  975.2    7.8  124.0   91.0  444.0
2019  57  2 26 1400  -11.3  975.6    7.0  116.0   90.9  444.0
2019  57  2 26 1500  -12.1  976.5    5.9  126.0   90.0  444.0
2019  57  2 26 1600  -12.8  977.2    6.1  129.0   88.0  444.0
2019  57  2 26 1700  -12.6  978.1    5.9  120.0   87.0  444.0
2019  57  2 26 1800  -12.4  978.9    5.4  120.0   88.0  444.0
2019  57  2 26 1900  -12.5  979.3    4.8  101.0   85.9  444.0
2019  57  2 26 2000  -12.3  980.1    6.2  138.0   86.0  444.0
2019  57  2 26 2100  -12.7  980.8    4.9  134.0   86.0  444.0
2019  57  2 26 2200  -12.8  981.6    5.6  130.0   86.0  444.0
2019  57  2 26 2300  -12.3  982.5    6.0  146.0   85.0  444.0
2019  58  2 27 0000  -12.5  983.1    7.0  130.0   87.4  444.0
2019  58  2 27 0100  -11.8  983.7    5.2  115.0   89.0  444.0
2019  58  2 27 0200  -11.6  984.3    5.1  122.0   89.0  444.0
2019  58  2 27 0300  -11.2  984.9    4.5  123.0   89.0  444.0
2019  58  2 27 0400  -11.0  985.3    4.1  136.0   89.0  444.0
2019  58  2 27 0500  -11.3  985.8    4.4  134.0   89.0  444.0
2019  58  2 27 0600  -11.2  986.7    2.7  116.0   90.0  444.0
2019  58  2 27 0700  -11.1  987.4    4.0  156.0   90.6  444.0
2019  58  2 27 0800  -11.0  987.8    3.6  133.0   91.0  444.0
2019  58  2 27 0900  -10.8  988.0    3.1  122.0   91.0  444.0
2019  58  2 27 1000  -10.6  988.4    1.7   92.0   90.8  444.0
2019  58  2 27 1100  -10.5  988.9    2.2  167.0   91.0  444.0
2019  58  2 27 1200  -11.1  989.2    2.8  160.0   90.9  444.0
2019  58  2 27 1300  -11.2  989.4    2.7  158.0   91.0  444.0
2019  58  2 27 1400  -11.3  989.4    2.3  154.0   91.0  444.0
2019  58  2 27 1500  -11.6  989.4    2.4  156.0   91.0  444.0
2019  58  2 27 1600  -12.7  989.4    3.3  168.0   89.0  444.0
2019  58  2 27 1700  -13.1  989.5    3.8  144.0   89.0  444.0
2019  58  2 27 1800  -14.6  989.4    3.6  200.0   88.0  444.0
2019  58  2 27 1900  -14.0  989.2    3.1  195.0   88.0  444.0
2019  58  2 27 2000  -13.5  988.9    2.4  182.0   87.0  444.0
2019  58  2 27 2100  -12.3  988.5    3.1  141.0   87.0  444.0
2019  58  2 27 2200  -11.9  988.1    3.2  118.0   87.2  444.0
2019  58  2 27 2300  -11.7  987.8    3.6  158.0   88.0  444.0
2019  59  2 28 0000  -11.5  987.3    5.0  162.0   89.0  444.0
2019  59  2 28 0100  -12.0  986.7    4.7  159.0   91.6  444.0
2019  59  2 28 0200  -11.2  985.9    5.5  159.0   91.0  444.0
2019  59  2 28 0300  -10.7  985.0    4.6  166.0   92.0  444.0
2019  59  2 28 0400  -10.5  984.2    4.5  180.0   93.0  444.0
2019  59  2 28 0500  -10.1  983.1    5.2  195.0   94.0  444.0
2019  59  2 28 0600  -10.8  982.1    5.3  191.0   93.0  444.0
2019  59  2 28 0700  -10.9  980.9    4.4  190.0   93.0  444.0
2019  59  2 28 0800  -10.3  979.7    6.0  190.0   91.0  444.0
2019  59  2 28 0900  -11.2  978.6    5.6  200.0   83.0  444.0
2019  59  2 28 1000  -13.1  977.3    5.5  194.0   82.8  444.0
2019  59  2 28 1100  -14.0  976.3    6.1  198.0   83.0  444.0
2019  59  2 28 1200  -14.6  975.5    6.0  190.0   82.0  444.0
2019  59  2 28 1300  -13.6  974.9    4.7  200.0   81.0  444.0
2019  59  2 28 1400  -11.7  974.3    5.0  203.0   79.0  444.0
2019  59  2 28 1500  -13.3  973.5    4.6  217.0   79.4  444.0
2019  59  2 28 1600  -15.1  973.3    3.9  205.0   80.0  444.0
2019  59  2 28 1700  -16.1  973.0    3.0  230.0   83.0  444.0
2019  59  2 28 1800  -16.5  973.1    2.4  227.0   81.0  444.0
2019  59  2 28 1900  -16.2  973.2    1.6  256.0   79.0  444.0
2019  59  2 28 2000  -14.7  973.1    2.0  268.0   77.7  444.0
2019  59  2 28 2100  -15.5  973.3    3.1  262.0   76.0  444.0
2019  59  2 28 2200  -14.6  973.5    4.3  253.0   77.0  444.0
2019  59  2 28 2300  -10.8  974.0    3.6  262.0   69.0  444.0
