Year: 2021  Month: 06  ID: LET  ARGOS:  8928  Name: Lettau              
Lat: 82.48S  Lon: 174.59W  Elev:   38m
2021 152  6  1 0000  -21.4  979.9    2.8  124.0   82.8  444.0
2021 152  6  1 0100  -21.3  980.5    3.6  127.0   82.8  444.0
2021 152  6  1 0200  -20.7  981.1    4.1  109.0   84.0  444.0
2021 152  6  1 0300  -20.0  981.7    5.1  121.0   84.0  444.0
2021 152  6  1 0400  -19.7  982.4    5.5  116.0   84.0  444.0
2021 152  6  1 0500  -19.9  982.9    5.7  128.0   84.0  444.0
2021 152  6  1 0600  -19.4  983.5    6.6  119.0   85.0  444.0
2021 152  6  1 0700  -19.5  984.2    7.6  107.0   85.0  444.0
2021 152  6  1 0800  -20.0  984.8    7.4  106.0   84.0  444.0
2021 152  6  1 0900  -20.7  985.6    6.7   96.0   83.0  444.0
2021 152  6  1 1000  -21.8  986.5    6.8   96.0   83.0  444.0
2021 152  6  1 1100  -20.3  987.2    6.2   84.0   84.0  444.0
2021 152  6  1 1200  -19.6  987.6    4.4   92.0   84.6  444.0
2021 152  6  1 1300  -19.1  988.0    7.2  119.0   85.0  444.0
2021 152  6  1 1400  -18.6  988.4    6.7   88.0   85.0  444.0
2021 152  6  1 1500  -19.0  989.1    6.7  115.0   85.0  444.0
2021 152  6  1 1600  -20.6  989.0    7.6  130.0   83.0  444.0
2021 152  6  1 1700  -20.7  988.7    7.2  138.0   83.6  444.0
2021 152  6  1 1800  -21.8  988.5    7.5  141.0   82.4  444.0
2021 152  6  1 1900  -22.3  988.4    6.1  145.0   82.0  444.0
2021 152  6  1 2000  -21.6  988.2    6.0  208.0   83.0  444.0
2021 152  6  1 2100  -21.4  987.7    6.3  156.0   83.0  444.0
2021 152  6  1 2200  -22.2  987.7    7.1  144.0   81.8  444.0
2021 152  6  1 2300  -24.1  987.2    6.5  158.0   80.3  444.0
2021 153  6  2 0000  -24.4  986.5    5.5  176.0   80.0  444.0
2021 153  6  2 0100  -23.9  986.6    4.3  191.0   80.0  444.0
2021 153  6  2 0200  -24.0  986.0    4.5  192.0   80.0  444.0
2021 153  6  2 0300  -26.2  985.7    3.5  231.0   78.0  444.0
2021 153  6  2 0400  -27.9  985.3    4.2  234.0   77.0  444.0
2021 153  6  2 0500  -27.6  985.1    3.4  242.0   77.0  444.0
2021 153  6  2 0600  -24.9  985.1    2.4  263.0   79.0  444.0
2021 153  6  2 0700  -26.7  985.5    4.0  264.0   77.0  444.0
2021 153  6  2 0800  -25.0  985.7    3.7  292.0   79.0  444.0
2021 153  6  2 0900  -24.1  986.0    3.6  293.0   80.0  444.0
2021 153  6  2 1000  -22.8  986.2    3.8  315.0   81.0  444.0
2021 153  6  2 1100  -21.5  987.0    4.1  309.0   82.0  444.0
2021 153  6  2 1200  -22.0  987.5    4.4  282.0   82.0  444.0
2021 153  6  2 1300  -21.7  988.3    7.6  304.0   82.0  444.0
2021 153  6  2 1400  -26.3  989.0    6.6  310.0   78.0  444.0
2021 153  6  2 1500  -26.4  990.2    5.7  312.0   78.0  444.0
2021 153  6  2 1600  -27.6  991.2    5.0  299.0   77.0  444.0
2021 153  6  2 1700  -26.9  992.0    5.1  301.0   78.0  444.0
2021 153  6  2 1800  -28.5  993.1    4.3  326.0   77.0  444.0
2021 153  6  2 1900  -30.2  994.3    3.9  328.0   76.0  444.0
2021 153  6  2 2000  -31.7  995.0    3.6  327.0   74.0  444.0
2021 153  6  2 2100  -33.5  996.0    1.7  297.0   73.1  444.0
2021 153  6  2 2200  -35.7  997.3    3.1  340.0   72.0  444.0
2021 153  6  2 2300  -36.8  997.9    1.9  315.0   71.0  444.0
2021 154  6  3 0000  -38.1  999.0    1.6  236.0   70.0  444.0
2021 154  6  3 0100  -38.3  999.8    0.6  317.0   69.0  444.0
2021 154  6  3 0200  -38.0  999.7    0.5  341.0   69.0  444.0
2021 154  6  3 0300  -38.0 1000.3    2.0  345.0   69.0  444.0
2021 154  6  3 0400  -39.5 1000.6    0.6  186.0   69.0  444.0
2021 154  6  3 0500  -39.3 1001.1    1.8   70.0   69.6  444.0
2021 154  6  3 0600  -38.6 1001.4    1.4   98.0   70.0  444.0
2021 154  6  3 0700  -38.1 1001.3    2.0  154.0   70.0  444.0
2021 154  6  3 0800  -37.7 1001.9    2.1  166.0   70.0  444.0
2021 154  6  3 0900  -37.2 1001.5    3.1  160.0   71.0  444.0
2021 154  6  3 1000  -36.1 1001.5    2.8  156.0   71.1  444.0
2021 154  6  3 1100  -35.2 1001.2    4.3  150.0   72.0  444.0
2021 154  6  3 1200  -34.1 1000.7    5.8  148.0   72.0  444.0
2021 154  6  3 1300  -33.3 1000.1    6.2  142.0   73.0  444.0
2021 154  6  3 1400  -32.3  999.2    6.9  140.0   74.0  444.0
2021 154  6  3 1500  -31.0  998.1    7.3  147.0   74.0  444.0
2021 154  6  3 1600  -30.4  997.4    8.2  140.0   74.9  444.0
2021 154  6  3 1700  -29.6  996.3    9.0  136.0   75.0  444.0
2021 154  6  3 1800  -28.4  995.2    8.9  135.0   76.0  444.0
2021 154  6  3 1900  -26.9  994.0    9.1  143.0   77.0  444.0
2021 154  6  3 2000  -25.6  993.0    9.3  144.0   78.0  444.0
2021 154  6  3 2100  -25.0  991.5    9.6  150.0   79.0  444.0
2021 154  6  3 2200  -24.3  989.3   12.0  153.0   80.0  444.0
2021 154  6  3 2300  -24.3  987.3   12.6  156.0   80.0  444.0
2021 155  6  4 0000  -24.0  985.2   12.5  155.0   80.0  444.0
2021 155  6  4 0100  -23.3  983.1   13.3  152.0   80.0  444.0
2021 155  6  4 0200  -23.3  981.5   13.7  154.0   81.0  444.0
2021 155  6  4 0300  -22.6  979.6   14.3  154.0   81.2  444.0
2021 155  6  4 0400  -22.6  977.9   14.2  157.0   81.0  444.0
2021 155  6  4 0500  -22.4  975.6   13.9  160.0   82.0  444.0
2021 155  6  4 0600  -21.1  974.6   14.5  155.0   83.0  444.0
2021 155  6  4 0700  -21.0  973.3   13.7  155.0   83.0  444.0
2021 155  6  4 0800  -20.5  972.5   13.7  153.0   83.0  444.0
2021 155  6  4 0900  -20.1  971.3   12.7  155.0   84.0  444.0
2021 155  6  4 1000  -19.6  970.2   12.3  155.0   84.0  444.0
2021 155  6  4 1100  -19.3  969.6   10.5  158.0   85.0  444.0
2021 155  6  4 1200  -18.8  969.2   10.0  164.0   85.0  444.0
2021 155  6  4 1300  -18.6  969.2    8.5  167.0   85.0  444.0
2021 155  6  4 1400  -19.5  968.8    8.6  176.0   84.0  444.0
2021 155  6  4 1500  -19.6  968.3    8.2  173.0   84.0  444.0
2021 155  6  4 1600  -19.3  968.2    6.9  180.0   85.0  444.0
2021 155  6  4 1700  -19.1  967.8    6.7  181.0   85.0  444.0
2021 155  6  4 1800  -19.1  967.9    5.4  175.0   85.0  444.0
2021 155  6  4 1900  -18.9  968.0    4.9  159.0   85.0  444.0
2021 155  6  4 2000  -18.5  968.0    4.6  151.0   85.0  444.0
2021 155  6  4 2100  -18.8  968.2    5.0  145.0   85.2  444.0
2021 155  6  4 2200  -19.1  968.1    3.5  156.0   85.0  444.0
2021 155  6  4 2300  -19.0  968.1    4.6  152.0   85.0  444.0
2021 156  6  5 0000  -18.7  967.9    3.0  134.0   85.0  444.0
2021 156  6  5 0100  -19.0  968.3    1.5  113.0   85.0  444.0
2021 156  6  5 0200  -19.6  968.5    1.9  113.0   84.6  444.0
2021 156  6  5 0300  -19.6  969.1    2.0  113.0   84.5  444.0
2021 156  6  5 0400  -20.0  969.6    1.2  112.0   84.0  444.0
2021 156  6  5 0500  -19.3  970.3    3.7  112.0   85.0  444.0
2021 156  6  5 0600  -19.5  971.0    5.2   80.0   84.6  444.0
2021 156  6  5 0700  -19.7  972.1    5.1   94.0   84.5  444.0
2021 156  6  5 0800  -19.8  972.8    5.7   93.0   84.0  444.0
2021 156  6  5 0900  -19.9  973.3    5.1   98.0   84.0  444.0
2021 156  6  5 1000  -19.8  973.5    3.9  115.0   84.0  444.0
2021 156  6  5 1100  -19.6  973.6    4.1  118.0   85.0  444.0
2021 156  6  5 1200  -19.9  974.0    3.5  113.0   84.0  444.0
2021 156  6  5 1300  -20.1  974.0    2.0  120.0   84.0  444.0
2021 156  6  5 1400  -20.1  974.1    1.8  136.0   83.2  444.0
2021 156  6  5 1500  -20.4  974.1    0.6  136.0   84.0  444.0
2021 156  6  5 1600  -19.7  973.9    0.9  136.0   84.0  444.0
2021 156  6  5 1700  -21.2  973.8    1.5  188.0   81.3  444.0
2021 156  6  5 1800  -22.1  973.7    3.0  188.0   80.0  444.0
2021 156  6  5 1900  -20.1  973.7    2.2  188.0   83.1  444.0
2021 156  6  5 2000  -18.8  973.7    2.5  188.0   85.0  444.0
2021 156  6  5 2100  -17.7  973.8    2.0  187.0   86.0  444.0
2021 156  6  5 2200  -17.8  973.9    3.6  119.0   86.0  444.0
2021 156  6  5 2300  -17.7  974.0    2.6  137.0   86.0  444.0
2021 157  6  6 0000  -16.9  974.0    2.8  156.0   87.1  444.0
2021 157  6  6 0100  -15.9  973.8    3.9  153.0   88.0  444.0
2021 157  6  6 0200  -14.3  973.6    5.4  126.0   90.0  444.0
2021 157  6  6 0300  -13.7  973.8    6.0  115.0   91.0  444.0
2021 157  6  6 0400  -13.7  974.1    5.9  108.0   91.0  444.0
2021 157  6  6 0500  -14.3  974.4    6.2  109.0   90.3  444.0
2021 157  6  6 0600  -15.1  974.4    6.1  110.0   89.0  444.0
2021 157  6  6 0700  -16.9  974.9    7.1  124.0   87.0  444.0
2021 157  6  6 0800  -16.8  975.4    6.4  125.0   87.0  444.0
2021 157  6  6 0900  -16.7  975.8    5.7  123.0   87.0  444.0
2021 157  6  6 1000  -17.4  976.1    6.5  134.0   86.7  444.0
2021 157  6  6 1100  -17.1  976.6    6.9  125.0   87.0  444.0
2021 157  6  6 1200  -17.9  976.7    5.0  162.0   86.3  444.0
2021 157  6  6 1300  -19.2  977.0    3.3  135.0   85.0  444.0
2021 157  6  6 1400  -22.3  976.9    2.2  115.0   82.0  444.0
2021 157  6  6 1500  -21.1  977.1    2.2  129.0   83.0  444.0
2021 157  6  6 1600  -21.5  977.6    4.1   48.0   83.0  444.0
2021 157  6  6 1700  -22.2  977.9    4.7   42.0   82.3  444.0
2021 157  6  6 1800  -22.9  978.5    3.7   38.0   82.0  444.0
2021 157  6  6 1900  -23.2  979.9    2.6   68.0   81.0  444.0
2021 157  6  6 2000  -24.4  980.4    3.5  118.0   80.0  444.0
2021 157  6  6 2100  -29.8  982.1    6.6   98.0   76.0  444.0
2021 157  6  6 2200  -30.3  982.7    5.2  148.0   75.5  444.0
2021 157  6  6 2300  -27.8  983.3    5.2  125.0   77.0  444.0
2021 158  6  7 0000  -27.0  984.4    4.8  120.0   78.0  444.0
2021 158  6  7 0100  -25.0  985.0    5.5   81.0   80.0  444.0
2021 158  6  7 0200  -25.1  986.3    7.5   78.0   79.0  444.0
2021 158  6  7 0300  -26.8  987.0    7.0  106.0   78.2  444.0
2021 158  6  7 0400  -26.6  987.3    8.0  127.0   78.0  444.0
2021 158  6  7 0500  -25.9  987.5    9.0  137.0   79.0  444.0
2021 158  6  7 0600  -25.5  987.2    9.1  144.0   79.0  444.0
2021 158  6  7 0700  -24.4  986.8    8.6  151.0   80.0  444.0
2021 158  6  7 0800  -22.9  986.5   10.0  148.0   81.0  444.0
2021 158  6  7 0900  -23.3  985.9   10.3  142.0   81.0  444.0
2021 158  6  7 1000  -23.2  985.3   11.4  148.0   81.0  444.0
2021 158  6  7 1100  -22.8  984.5   10.6  142.0   81.0  444.0
2021 158  6  7 1200  -23.0  984.3   10.0  131.0   81.0  444.0
2021 158  6  7 1300  -23.2  984.3    8.2  127.0   81.0  444.0
2021 158  6  7 1400  -23.7  984.2    8.2  121.0   81.0  444.0
2021 158  6  7 1500  -24.2  983.9    8.1  126.0   80.1  444.0
2021 158  6  7 1600  -24.6  983.7    7.3  124.0   80.0  444.0
2021 158  6  7 1700  -24.7  983.7    6.7  118.0   80.0  444.0
2021 158  6  7 1800  -25.2  983.4    4.7  116.0   79.0  444.0
2021 158  6  7 1900  -25.2  983.4    4.3  118.0   79.0  444.0
2021 158  6  7 2000  -26.4  983.3    3.6  142.0   77.8  444.0
2021 158  6  7 2100  -26.3  983.0    4.1  130.0   78.0  444.0
2021 158  6  7 2200  -25.1  982.7    4.5  136.0   79.0  444.0
2021 158  6  7 2300  -26.1  982.6    3.1  125.0   78.0  444.0
2021 159  6  8 0000  -28.2  982.4    2.8  140.0   76.0  444.0
2021 159  6  8 0100  -27.9  981.9    3.0  141.0   77.0  444.0
2021 159  6  8 0200  -28.0  981.6    4.1  155.0   77.0  444.0
2021 159  6  8 0300  -29.7  981.3    2.1  144.0   76.0  444.0
2021 159  6  8 0400  -29.8  981.2    2.0  177.0   75.0  444.0
2021 159  6  8 0500  -30.2  980.7    1.9  181.0   75.0  444.0
2021 159  6  8 0600  -30.8  980.2    2.2  185.0   75.0  444.0
2021 159  6  8 0700  -31.1  980.1    1.8  186.0   74.0  444.0
2021 159  6  8 0800  -30.7  980.0  444.0  444.0   73.0  444.0
2021 159  6  8 0900  -32.1  980.0  444.0  444.0   74.0  444.0
2021 159  6  8 1000  -32.0  979.5  444.0  444.0   73.6  444.0
2021 159  6  8 1100  -31.4  979.2  444.0  444.0   74.0  444.0
2021 159  6  8 1200  -31.6  978.7  444.0  444.0   74.0  444.0
2021 159  6  8 1300  -31.9  978.4  444.0  444.0   74.0  444.0
2021 159  6  8 1400  -32.2  978.4  444.0  444.0   73.0  444.0
2021 159  6  8 1500  -32.5  977.9  444.0  444.0   73.0  444.0
2021 159  6  8 1600  -34.9  977.5  444.0  444.0   72.0  444.0
2021 159  6  8 1700  -34.3  977.1  444.0  444.0   72.0  444.0
2021 159  6  8 1800  -36.4  977.0    2.6  194.0   70.2  444.0
2021 159  6  8 1900  -37.9  976.8    1.8  197.0   70.0  444.0
2021 159  6  8 2000  -37.3  976.7    2.5  197.0   70.0  444.0
2021 159  6  8 2100  -36.0  976.8    2.3  157.0   71.1  444.0
2021 159  6  8 2200  -36.8  976.3    2.7  142.0   70.0  444.0
2021 159  6  8 2300  -37.7  976.7    2.8  159.0   70.0  444.0
2021 160  6  9 0000  -40.3  977.1    3.3  129.0   68.0  444.0
2021 160  6  9 0100  -35.8  977.1    3.6  126.0   71.0  444.0
2021 160  6  9 0200  -33.5  977.7    3.6  147.0   72.0  444.0
2021 160  6  9 0300  -35.5  978.2    4.0  115.0   71.0  444.0
2021 160  6  9 0400  -37.5  978.4    3.6  125.0   70.0  444.0
2021 160  6  9 0500  -38.4  978.9    4.4  139.0   70.0  444.0
2021 160  6  9 0600  -39.1  979.2    2.9  164.0   69.0  444.0
2021 160  6  9 0700  -39.9  979.2    2.0  133.0   68.0  444.0
2021 160  6  9 0800  -37.6  979.0    1.9  152.0   69.0  444.0
2021 160  6  9 0900  -38.9  978.8    2.1  184.0   69.0  444.0
2021 160  6  9 1000  -40.5  978.9    1.8  198.0   68.0  444.0
2021 160  6  9 1100  -39.1  978.6    2.5  208.0   69.0  444.0
2021 160  6  9 1200  -40.3  978.4    2.3  215.0   68.0  444.0
2021 160  6  9 1300  -40.4  977.8    3.3  210.0   68.0  444.0
2021 160  6  9 1400  -40.0  977.1    2.9  207.0   68.4  444.0
2021 160  6  9 1500  -41.7  976.7    2.4  219.0   68.0  444.0
2021 160  6  9 1600  -41.4  976.4    2.9  204.0   68.0  444.0
2021 160  6  9 1700  -41.2  976.3    2.9  195.0   68.0  444.0
2021 160  6  9 1800  -41.5  976.2    2.8  214.0   67.0  444.0
2021 160  6  9 1900  -42.3  975.7    2.8  208.0   67.0  444.0
2021 160  6  9 2000  -42.7  976.1    2.2  185.0   67.0  444.0
2021 160  6  9 2100  -42.2  975.7    2.5  175.0   66.0  444.0
2021 160  6  9 2200  -42.6  975.5    2.8  182.0   67.0  444.0
2021 160  6  9 2300  -43.4  975.6    2.8  193.0   66.0  444.0
2021 161  6 10 0000  -43.0  975.2    2.3  195.0   66.4  444.0
2021 161  6 10 0100  -43.5  974.8    2.5  198.0   66.0  444.0
2021 161  6 10 0200  -43.9  974.7    0.3  161.0   66.0  444.0
2021 161  6 10 0300  -43.5  974.4    1.2  194.0   66.0  444.0
2021 161  6 10 0400  -43.3  974.4    0.1  217.0   66.0  444.0
2021 161  6 10 0500  -42.7  974.1  444.0  444.0   67.0  444.0
2021 161  6 10 0600  -41.8  974.1  444.0  444.0   67.0  444.0
2021 161  6 10 0700  -42.7  974.1  444.0  444.0   66.5  444.0
2021 161  6 10 0800  -42.1  974.1  444.0  444.0   67.0  444.0
2021 161  6 10 0900  -42.0  974.2  444.0  444.0   67.0  444.0
2021 161  6 10 1000  -44.0  974.8  444.0  444.0   66.0  444.0
2021 161  6 10 1100  -46.9  975.3  444.0  444.0   64.6  444.0
2021 161  6 10 1200  -46.4  975.6  444.0  444.0   64.5  444.0
2021 161  6 10 1300  -48.4  975.9  444.0  444.0   64.0  444.0
2021 161  6 10 1400  -48.8  976.3  444.0  444.0   64.0  444.0
2021 161  6 10 1500  -49.1  977.2    1.7  160.0   63.0  444.0
2021 161  6 10 1600  -48.9  977.3    1.7   87.0   64.0  444.0
2021 161  6 10 1700  -47.7  978.1    1.6   74.0   64.3  444.0
2021 161  6 10 1800  -48.9  978.9    1.5   63.0   64.0  444.0
2021 161  6 10 1900  -48.5  979.7    1.1   62.0   64.0  444.0
2021 161  6 10 2000  -48.8  980.4    2.0   59.0   64.0  444.0
2021 161  6 10 2100  -48.3  981.0    1.6   78.0   64.0  444.0
2021 161  6 10 2200  -47.9  981.8    1.8   83.0   64.0  444.0
2021 161  6 10 2300  -47.4  982.9    2.1  108.0   64.0  444.0
2021 162  6 11 0000  -46.7  983.9    1.3   63.0   64.8  444.0
2021 162  6 11 0100  -47.7  984.1    1.4  138.0   64.0  444.0
2021 162  6 11 0200  -48.9  984.6    1.6  143.0   64.0  444.0
2021 162  6 11 0300  -49.0  985.2    2.6  135.0   64.0  444.0
2021 162  6 11 0400  -48.5  985.9    1.7  132.0   64.0  444.0
2021 162  6 11 0500  -48.7  986.4    1.2  127.0   63.7  444.0
2021 162  6 11 0600  -49.5  987.1    1.8  164.0   63.4  444.0
2021 162  6 11 0700  -49.8  987.3    0.1  162.0   63.0  444.0
2021 162  6 11 0800  -50.3  987.7    1.1  176.0   63.0  444.0
2021 162  6 11 0900  -49.8  987.8    0.3  165.0   63.0  444.0
2021 162  6 11 1000  -47.9  988.2    0.6  216.0   62.8  444.0
2021 162  6 11 1100  -49.8  988.9    0.5  148.0   63.0  444.0
2021 162  6 11 1200  -49.6  989.0    1.7  222.0   63.0  444.0
2021 162  6 11 1300  -48.4  988.7    2.0  222.0   63.0  444.0
2021 162  6 11 1400  -46.5  988.8    2.3  215.0   64.0  444.0
2021 162  6 11 1500  -45.9  988.8    2.2  210.0   64.8  444.0
2021 162  6 11 1600  -44.9  989.1    2.2  221.0   65.0  444.0
2021 162  6 11 1700  -44.2  988.9    2.3  212.0   66.0  444.0
2021 162  6 11 1800  -43.4  988.7    2.2  213.0   66.0  444.0
2021 162  6 11 1900  -44.1  988.8    2.1  222.0   66.0  444.0
2021 162  6 11 2000  -43.8  988.1    3.2  230.0   66.0  444.0
2021 162  6 11 2100  -43.5  988.1    2.3  231.0   66.0  444.0
2021 162  6 11 2200  -41.8  988.0    2.8  225.0   67.0  444.0
2021 162  6 11 2300  -39.8  987.5    3.0  231.0   68.0  444.0
2021 163  6 12 0000  -36.8  986.9    3.1  219.0   70.0  444.0
2021 163  6 12 0100  -34.0  986.6    2.7  210.0   71.0  444.0
2021 163  6 12 0200  -31.8  986.2    2.3  203.0   73.0  444.0
2021 163  6 12 0300  -29.2  985.9    3.6  191.0   74.0  444.0
2021 163  6 12 0400  -28.5  986.0    2.9  195.0   75.0  444.0
2021 163  6 12 0500  -29.4  986.1    2.1  196.0   74.0  444.0
2021 163  6 12 0600  -30.6  986.1    2.3  190.0   73.0  444.0
2021 163  6 12 0700  -32.7  985.9    3.5  180.0   73.0  444.0
2021 163  6 12 0800  -34.4  985.6    2.9  190.0   71.0  444.0
2021 163  6 12 0900  -35.5  985.6    2.8  199.0   70.8  444.0
2021 163  6 12 1000  -35.7  985.4    2.7  190.0   71.0  444.0
2021 163  6 12 1100  -36.3  985.1    2.9  192.0   70.0  444.0
2021 163  6 12 1200  -36.4  984.9    2.9  183.0   70.0  444.0
2021 163  6 12 1300  -36.0  984.9    3.3  191.0   70.0  444.0
2021 163  6 12 1400  -36.1  984.9    3.2  195.0   70.0  444.0
2021 163  6 12 1500  -35.8  984.4    3.4  193.0   71.0  444.0
2021 163  6 12 1600  -36.7  984.1    2.8  199.0   70.0  444.0
2021 163  6 12 1700  -37.1  984.0    2.9  205.0   70.0  444.0
2021 163  6 12 1800  -36.5  983.6    2.8  206.0   70.0  444.0
2021 163  6 12 1900  -36.3  983.3    2.9  199.0   70.0  444.0
2021 163  6 12 2000  -36.3  982.8    3.3  195.0   70.0  444.0
2021 163  6 12 2100  -37.0  982.3    3.3  195.0   70.0  444.0
2021 163  6 12 2200  -37.0  982.4    3.2  198.0   70.0  444.0
2021 163  6 12 2300  -37.4  982.2    3.4  197.0   70.0  444.0
2021 164  6 13 0000  -37.1  982.1    3.3  198.0   70.0  444.0
2021 164  6 13 0100  -37.4  981.4    2.7  207.0   69.0  444.0
2021 164  6 13 0200  -37.8  981.0    2.9  208.0   69.0  444.0
2021 164  6 13 0300  -38.3  980.7    2.8  213.0   69.0  444.0
2021 164  6 13 0400  -36.5  980.5    3.0  186.0   70.0  444.0
2021 164  6 13 0500  -36.3  980.7    3.0  199.0   70.0  444.0
2021 164  6 13 0600  -35.0  980.4    2.6  202.0   70.5  444.0
2021 164  6 13 0700  -36.2  980.7    2.9  225.0   70.0  444.0
2021 164  6 13 0800  -35.0  980.6    2.6  200.0   71.0  444.0
2021 164  6 13 0900  -34.9  980.8    2.7  203.0   71.0  444.0
2021 164  6 13 1000  -35.1  980.2    0.2  191.0   71.0  444.0
2021 164  6 13 1100  -29.8  980.6    3.8  185.0   74.0  444.0
2021 164  6 13 1200  -31.1  980.4    3.0  204.0   72.0  444.0
2021 164  6 13 1300  -30.0  980.3    3.1  205.0   74.0  444.0
2021 164  6 13 1400  -30.0  980.0    2.9  206.0   74.0  444.0
2021 164  6 13 1500  -32.8  979.9    2.2  213.0   72.0  444.0
2021 164  6 13 1600  -34.5  980.2    2.2  201.0   71.0  444.0
2021 164  6 13 1700  -35.6  980.5    1.3  186.0   70.0  444.0
2021 164  6 13 1800  -35.8  980.5    2.0  194.0   69.0  444.0
2021 164  6 13 1900  -37.1  980.3    1.7  209.0   69.0  444.0
2021 164  6 13 2000  -36.6  980.4    2.4  226.0   70.0  444.0
2021 164  6 13 2100  -36.3  980.3    1.9  212.0   70.0  444.0
2021 164  6 13 2200  -37.6  980.2    1.6  220.0   68.0  444.0
2021 164  6 13 2300  -37.1  980.0    1.7  210.0   68.5  444.0
2021 165  6 14 0000  -38.8  979.9    1.0  211.0   68.0  444.0
2021 165  6 14 0100  -40.2  979.8    1.4  189.0   68.0  444.0
2021 165  6 14 0200  -40.5  979.4    1.3  209.0   67.0  444.0
2021 165  6 14 0300  -38.7  979.5    1.7  206.0   69.0  444.0
2021 165  6 14 0400  -38.0  979.6    1.1  185.0   69.0  444.0
2021 165  6 14 0500  -41.9  980.1    1.0  134.0   67.0  444.0
2021 165  6 14 0600  -43.4  979.9    1.2  142.0   67.0  444.0
2021 165  6 14 0700  -44.5  980.1    1.6  166.0   66.0  444.0
2021 165  6 14 0800  -44.3  979.8    0.7  161.0   66.0  444.0
2021 165  6 14 0900  -44.7  979.6    1.3  160.0   66.0  444.0
2021 165  6 14 1000  -45.3  979.0    1.4  155.0   66.0  444.0
2021 165  6 14 1100  -45.8  979.4    1.3  164.0   65.3  444.0
2021 165  6 14 1200  -46.7  978.9    1.0  197.0   65.0  444.0
2021 165  6 14 1300  -46.4  978.4    1.4  175.0   65.0  444.0
2021 165  6 14 1400  -46.9  978.2    0.9  203.0   65.0  444.0
2021 165  6 14 1500  -46.9  977.7    1.0  205.0   64.0  444.0
2021 165  6 14 1600  -46.2  977.6    0.9  226.0   64.0  444.0
2021 165  6 14 1700  -47.5  977.4    1.0  227.0   64.0  444.0
2021 165  6 14 1800  -47.1  977.2    0.9  186.0   64.0  444.0
2021 165  6 14 1900  -47.3  976.7    0.2  187.0   63.8  444.0
2021 165  6 14 2000  -47.3  976.4    0.6  232.0   64.0  444.0
2021 165  6 14 2100  -47.5  975.8    0.2  232.0   64.0  444.0
2021 165  6 14 2200  -48.4  975.9    0.5  232.0   63.0  444.0
2021 165  6 14 2300  -48.2  976.1    0.2  259.0   63.0  444.0
2021 166  6 15 0000  -48.0  976.5    0.4  259.0   64.0  444.0
2021 166  6 15 0100  -48.3  976.0    0.1  259.0   64.0  444.0
2021 166  6 15 0200  -48.9  976.3    0.5  259.0   64.0  444.0
2021 166  6 15 0300  -48.9  977.1    0.6   59.0   63.0  444.0
2021 166  6 15 0400  -49.4  977.3    1.0   84.0   63.0  444.0
2021 166  6 15 0500  -49.5  977.9    1.2  117.0   63.0  444.0
2021 166  6 15 0600  -49.6  978.6    1.5  133.0   63.0  444.0
2021 166  6 15 0700  -48.8  978.9    1.5  135.0   63.5  444.0
2021 166  6 15 0800  -48.2  979.3    1.4  149.0   64.0  444.0
2021 166  6 15 0900  -47.9  979.0    1.7  150.0   64.0  444.0
2021 166  6 15 1000  -47.4  979.0    1.4  143.0   64.0  444.0
2021 166  6 15 1100  -47.5  978.9    1.1  157.0   64.0  444.0
2021 166  6 15 1200  -47.3  978.9    1.3  176.0   64.2  444.0
2021 166  6 15 1300  -47.0  978.5    1.1  166.0   64.0  444.0
2021 166  6 15 1400  -47.2  977.7    0.9  196.0   64.0  444.0
2021 166  6 15 1500  -47.2  976.8    1.3  206.0   64.0  444.0
2021 166  6 15 1600  -46.1  976.1    1.6  206.0   64.0  444.0
2021 166  6 15 1700  -45.0  974.8    1.3  214.0   64.9  444.0
2021 166  6 15 1800  -44.3  973.2    1.5  225.0   65.0  444.0
2021 166  6 15 1900  -43.1  972.2    1.4  218.0   66.0  444.0
2021 166  6 15 2000  -41.1  971.1    2.0  218.0   67.0  444.0
2021 166  6 15 2100  -40.0  970.2    1.8  214.0   67.0  444.0
2021 166  6 15 2200  -38.1  969.0    1.8  215.0   68.3  444.0
2021 166  6 15 2300  -37.1  967.9    1.6  211.0   68.0  444.0
2021 167  6 16 0000  -32.9  967.4    2.0  213.0   71.0  444.0
2021 167  6 16 0100  -32.6  966.5    2.4  203.0   72.0  444.0
2021 167  6 16 0200  -31.1  965.4    2.6  214.0   73.0  444.0
2021 167  6 16 0300  -29.7  964.7    2.5  209.0   73.0  444.0
2021 167  6 16 0400  -24.9  964.1    5.2  202.0   77.0  444.0
2021 167  6 16 0500  -21.9  963.3    6.9  205.0   79.9  444.0
2021 167  6 16 0600  -21.0  962.8    7.3  192.0   81.0  444.0
2021 167  6 16 0700  -21.1  962.3    7.5  185.0   81.0  444.0
2021 167  6 16 0800  -21.4  961.7    6.9  184.0   81.0  444.0
2021 167  6 16 0900  -19.4  961.2    8.7  186.0   83.0  444.0
2021 167  6 16 1000  -22.5  960.7    7.7  199.0   80.6  444.0
2021 167  6 16 1100  -21.9  960.1    8.2  199.0   81.0  444.0
2021 167  6 16 1200  -15.6  959.7   11.9  180.0   88.0  444.0
2021 167  6 16 1300  -14.0  959.2   12.1  179.0   90.0  444.0
2021 167  6 16 1400  -13.3  958.3   14.2  173.0   91.0  444.0
2021 167  6 16 1500  -12.7  957.9   15.8  174.0   92.0  444.0
2021 167  6 16 1600  -12.5  957.5   14.2  178.0   92.0  444.0
2021 167  6 16 1700  -12.8  956.7   16.0  179.0   92.0  444.0
2021 167  6 16 1800  -13.0  955.9   15.5  175.0   92.0  444.0
2021 167  6 16 1900  -13.4  955.3   14.7  177.0   91.5  444.0
2021 167  6 16 2000  -13.6  954.5   13.0  184.0   91.3  444.0
2021 167  6 16 2100  -13.8  953.4   11.7  179.0   91.0  444.0
2021 167  6 16 2200  -15.9  953.0   10.0  167.0   88.0  444.0
2021 167  6 16 2300  -21.5  953.0    9.4  152.0   82.0  444.0
2021 168  6 17 0000  -28.1  953.5    9.0  126.0   77.0  444.0
2021 168  6 17 0100  -30.4  954.3    7.3  120.0   76.0  444.0
2021 168  6 17 0200  -30.1  954.9    5.5  127.0   76.0  444.0
2021 168  6 17 0300  -29.6  955.5    4.8  130.0   76.2  444.0
2021 168  6 17 0400  -27.7  956.3    3.9  124.0   77.5  444.0
2021 168  6 17 0500  -27.0  956.7    4.0  168.0   78.0  444.0
2021 168  6 17 0600  -26.3  957.1    4.3  177.0   79.0  444.0
2021 168  6 17 0700  -24.4  957.4    3.3  172.0   80.0  444.0
2021 168  6 17 0800  -23.9  958.4    4.7  121.0   79.9  444.0
2021 168  6 17 0900  -21.9  959.4   11.3  116.0   82.0  444.0
2021 168  6 17 1000  -24.4  960.6    8.6  112.0   80.0  444.0
2021 168  6 17 1100  -23.2  961.8    9.8  126.0   81.0  444.0
2021 168  6 17 1200  -22.3  962.9   11.1  126.0   82.0  444.0
2021 168  6 17 1300  -21.9  964.4   11.2  125.0   82.2  444.0
2021 168  6 17 1400  -21.9  965.1   12.1  127.0   82.0  444.0
2021 168  6 17 1500  -22.4  966.1   11.1  126.0   82.0  444.0
2021 168  6 17 1600  -23.0  966.9   10.1  132.0   81.0  444.0
2021 168  6 17 1700  -23.6  967.0    7.7  131.0   81.0  444.0
2021 168  6 17 1800  -27.4  968.8   12.4  113.0   77.0  444.0
2021 168  6 17 1900  -30.3  971.6   10.9  118.0   76.0  444.0
2021 168  6 17 2000  -26.5  972.7   10.5  108.0   78.0  444.0
2021 168  6 17 2100  -25.7  974.0    8.7  112.0   79.0  444.0
2021 168  6 17 2200  -25.6  975.3    8.6  111.0   79.0  444.0
2021 168  6 17 2300  -25.5  976.7    8.3  113.0   79.0  444.0
2021 169  6 18 0000  -25.7  978.4    8.9  107.0   79.0  444.0
2021 169  6 18 0100  -25.4  980.0    7.5  122.0   79.0  444.0
2021 169  6 18 0200  -24.1  981.2    7.8  115.0   80.0  444.0
2021 169  6 18 0300  -23.3  981.7    6.9  132.0   81.0  444.0
2021 169  6 18 0400  -24.7  981.8    9.2  130.0   80.0  444.0
2021 169  6 18 0500  -25.3  982.2    8.4  134.0   79.0  444.0
2021 169  6 18 0600  -25.6  982.8    9.0  130.0   79.0  444.0
2021 169  6 18 0700  -27.3  983.1    7.6  131.0   77.4  444.0
2021 169  6 18 0800  -26.3  983.3    9.4  133.0   78.0  444.0
2021 169  6 18 0900  -28.0  983.8    9.6  134.0   77.0  444.0
2021 169  6 18 1000  -27.8  983.9    8.7  144.0   77.0  444.0
2021 169  6 18 1100  -28.4  984.0    8.4  143.0   76.4  444.0
2021 169  6 18 1200  -28.7  983.8    7.5  142.0   76.0  444.0
2021 169  6 18 1300  -29.1  983.5    7.7  146.0   76.0  444.0
2021 169  6 18 1400  -29.3  983.1    6.8  138.0   76.0  444.0
2021 169  6 18 1500  -29.9  982.8    4.8  145.0   75.0  444.0
2021 169  6 18 1600  -30.2  982.1    4.0  159.0   75.0  444.0
2021 169  6 18 1700  -31.2  981.7    4.2  171.0   73.9  444.0
2021 169  6 18 1800  -33.2  981.0    3.0  203.0   73.0  444.0
2021 169  6 18 1900  -33.2  980.4    4.6  198.0   73.0  444.0
2021 169  6 18 2000  -32.9  979.9    5.1  200.0   73.0  444.0
2021 169  6 18 2100  -34.1  979.2    3.4  197.0   72.0  444.0
2021 169  6 18 2200  -33.5  978.1    3.5  209.0   72.0  444.0
2021 169  6 18 2300  -33.3  977.6    3.1  216.0   73.0  444.0
2021 170  6 19 0000  -35.1  976.8    2.8  219.0   71.0  444.0
2021 170  6 19 0100  -33.8  975.6    2.7  224.0   72.0  444.0
2021 170  6 19 0200  -29.7  974.7    5.4  216.0   75.0  444.0
2021 170  6 19 0300  -29.0  973.7    5.1  230.0   75.0  444.0
2021 170  6 19 0400  -26.5  972.7    6.5  229.0   78.0  444.0
2021 170  6 19 0500  -24.1  971.6    8.9  238.0   79.0  444.0
2021 170  6 19 0600  -24.1  970.9    9.0  238.0   79.0  444.0
2021 170  6 19 0700  -24.5  970.4    6.6  217.0   79.0  444.0
2021 170  6 19 0800  -24.1  969.1    7.0  239.0   80.0  444.0
2021 170  6 19 0900  -23.4  968.8    6.8  234.0   80.0  444.0
2021 170  6 19 1000  -21.1  968.1    8.6  226.0   83.0  444.0
2021 170  6 19 1100  -21.3  967.6    8.3  231.0   82.0  444.0
2021 170  6 19 1200  -20.0  967.2    6.1  190.0   83.0  444.0
2021 170  6 19 1300  -25.8  967.0    1.5  161.0   78.0  444.0
2021 170  6 19 1400  -30.1  966.8    4.7  172.0   75.0  444.0
2021 170  6 19 1500  -33.1  967.0    3.9  173.0   73.0  444.0
2021 170  6 19 1600  -34.0  966.6    5.2  148.0   73.0  444.0
2021 170  6 19 1700  -35.3  966.1    4.3  156.0   72.0  444.0
2021 170  6 19 1800  -35.7  966.0    3.8  157.0   72.0  444.0
2021 170  6 19 1900  -35.8  966.0    4.1  159.0   71.0  444.0
2021 170  6 19 2000  -35.3  965.5    5.0  159.0   72.0  444.0
2021 170  6 19 2100  -35.9  965.4    4.3  156.0   72.0  444.0
2021 170  6 19 2200  -36.4  965.3    4.5  162.0   71.0  444.0
2021 170  6 19 2300  -36.2  964.9    5.1  160.0   71.0  444.0
2021 171  6 20 0000  -35.7  964.9    5.2  144.0   71.5  444.0
2021 171  6 20 0100  -36.2  964.5    3.8  157.0   71.0  444.0
2021 171  6 20 0200  -36.5  964.3    4.4  161.0   71.0  444.0
2021 171  6 20 0300  -37.8  963.3    3.6  156.0   70.0  444.0
2021 171  6 20 0400  -38.9  963.2    4.0  174.0   70.0  444.0
2021 171  6 20 0500  -40.1  963.0    3.7  179.0   69.0  444.0
2021 171  6 20 0600  -40.0  962.3    2.8  186.0   69.0  444.0
2021 171  6 20 0700  -39.5  961.6    3.8  215.0   69.0  444.0
2021 171  6 20 0800  -38.2  960.6    4.1  209.0   70.0  444.0
2021 171  6 20 0900  -35.4  959.8    4.7  207.0   71.0  444.0
2021 171  6 20 1000  -33.0  959.1    4.4  205.0   72.0  444.0
2021 171  6 20 1100  -30.4  958.3    4.8  195.0   74.0  444.0
2021 171  6 20 1200  -22.5  957.9    5.8  163.0   80.0  444.0
2021 171  6 20 1300  -20.1  957.6    9.6  138.0   83.0  444.0
2021 171  6 20 1400  -21.7  958.0    5.8  146.0   81.0  444.0
2021 171  6 20 1500  -19.4  957.7    7.2  143.0   84.0  444.0
2021 171  6 20 1600  -17.4  957.0   14.8  136.0   86.0  444.0
2021 171  6 20 1700  -17.1  957.2   14.3  137.0   87.0  444.0
2021 171  6 20 1800  -16.7  957.3   15.4  140.0   87.0  444.0
2021 171  6 20 1900  -17.2  957.5   15.8  136.0   86.0  444.0
2021 171  6 20 2000  -17.5  958.2   15.2  137.0   86.0  444.0
2021 171  6 20 2100  -17.8  958.7   15.0  135.0   86.0  444.0
2021 171  6 20 2200  -18.2  959.3   12.7  127.0   86.0  444.0
2021 171  6 20 2300  -18.8  959.7   12.0  125.0   85.0  444.0
2021 172  6 21 0000  -19.6  960.4    8.2  137.0   84.0  444.0
2021 172  6 21 0100  -20.1  960.6    6.8  122.0   84.0  444.0
2021 172  6 21 0200  -19.3  960.9    5.7  139.0   84.0  444.0
2021 172  6 21 0300  -19.2  960.7    6.6  147.0   84.5  444.0
2021 172  6 21 0400  -20.0  960.4    5.2  164.0   84.0  444.0
2021 172  6 21 0500  -20.4  960.3    7.2  154.0   83.0  444.0
2021 172  6 21 0600  -23.1  961.0    6.6  138.0   81.0  444.0
2021 172  6 21 0700  -24.7  961.5    9.1  134.0   79.0  444.0
2021 172  6 21 0800  -28.4  962.7    8.9  131.0   76.0  444.0
2021 172  6 21 0900  -31.9  963.6   10.1  128.0   74.0  444.0
2021 172  6 21 1000  -35.7  965.3    9.1  115.0   72.0  444.0
2021 172  6 21 1100  -36.8  966.4    5.1  111.0   71.0  444.0
2021 172  6 21 1200  -37.0  966.6    3.5  120.0   71.0  444.0
2021 172  6 21 1300  -36.5  967.0    3.5  136.0   71.0  444.0
2021 172  6 21 1400  -37.5  967.4    3.2  139.0   71.0  444.0
2021 172  6 21 1500  -37.0  967.5    0.3  149.0   70.0  444.0
2021 172  6 21 1600  -37.0  967.6    0.3  176.0   71.0  444.0
2021 172  6 21 1700  -35.7  967.2    0.3  194.0   71.0  444.0
2021 172  6 21 1800  -37.0  967.5    1.4  194.0   70.0  444.0
2021 172  6 21 1900  -36.6  967.5    1.3  194.0   71.0  444.0
2021 172  6 21 2000  -35.9  967.3    3.4  224.0   71.0  444.0
2021 172  6 21 2100  -36.2  967.3  444.0  444.0   70.9  444.0
2021 172  6 21 2200  -36.5  967.0  444.0  444.0   71.0  444.0
2021 172  6 21 2300  -36.8  967.1  444.0  444.0   71.0  444.0
2021 173  6 22 0000  -37.2  967.0  444.0  444.0   70.0  444.0
2021 173  6 22 0100  -38.0  967.4  444.0  444.0   69.0  444.0
2021 173  6 22 0200  -38.4  967.0  444.0  444.0   69.0  444.0
2021 173  6 22 0300  -39.4  967.4  444.0  444.0   69.0  444.0
2021 173  6 22 0400  -38.0  967.4  444.0  444.0   69.0  444.0
2021 173  6 22 0500  -35.9  967.6  444.0  444.0   69.0  444.0
2021 173  6 22 0600  -37.9  967.7  444.0  444.0   69.0  444.0
2021 173  6 22 0700  -39.4  968.6  444.0  444.0   68.0  444.0
2021 173  6 22 0800  -39.3  968.9  444.0  444.0   68.0  444.0
2021 173  6 22 0900  -40.1  969.5  444.0  444.0   68.0  444.0
2021 173  6 22 1000  -37.7  970.4  444.0  444.0   68.0  444.0
2021 173  6 22 1100  -41.4  970.7  444.0  444.0   68.0  444.0
2021 173  6 22 1200  -42.0  971.1  444.0  444.0   68.0  444.0
2021 173  6 22 1300  -40.2  971.1    1.9  190.0   68.0  444.0
2021 173  6 22 1400  -38.8  972.1    2.6  175.0   69.3  444.0
2021 173  6 22 1500  -39.2  971.8    1.9  218.0   69.0  444.0
2021 173  6 22 1600  -39.2  971.6    2.2  216.0   69.0  444.0
2021 173  6 22 1700  -38.7  971.4    2.2  217.0   69.0  444.0
2021 173  6 22 1800  -37.2  971.4    3.1  207.0   70.0  444.0
2021 173  6 22 1900  -35.3  971.2    2.4  211.0   71.0  444.0
2021 173  6 22 2000  -32.9  970.9    3.4  174.0   72.0  444.0
2021 173  6 22 2100  -32.3  971.1    4.0  172.0   73.0  444.0
2021 173  6 22 2200  -32.0  971.3    3.3  168.0   72.0  444.0
2021 173  6 22 2300  -32.9  971.7    2.7  161.0   72.0  444.0
2021 174  6 23 0000  -32.4  971.7    2.7  146.0   72.0  444.0
2021 174  6 23 0100  -33.0  971.7    2.6  133.0   72.0  444.0
2021 174  6 23 0200  -33.7  972.3    3.7  123.0   72.0  444.0
2021 174  6 23 0300  -35.2  972.8    2.8  154.0   71.0  444.0
2021 174  6 23 0400  -36.0  973.0    2.3  178.0   71.0  444.0
2021 174  6 23 0500  -33.7  972.8    3.1  155.0   72.0  444.0
2021 174  6 23 0600  -34.5  973.3    1.9   95.0   70.0  444.0
2021 174  6 23 0700  -35.2  973.5    2.5  146.0   70.0  444.0
2021 174  6 23 0800  -37.2  974.3    2.8  131.0   70.0  444.0
2021 174  6 23 0900  -35.6  975.2    3.6  113.0   71.0  444.0
2021 174  6 23 1000  -36.2  975.9    3.2  112.0   71.0  444.0
2021 174  6 23 1100  -35.0  976.0    3.1  146.0   71.2  444.0
2021 174  6 23 1200  -34.3  976.5    1.4  129.0   71.4  444.0
2021 174  6 23 1300  -34.6  976.6    2.2  189.0   71.0  444.0
2021 174  6 23 1400  -33.3  976.5    2.3  179.0   72.0  444.0
2021 174  6 23 1500  -30.3  976.5    3.8  148.0   74.0  444.0
2021 174  6 23 1600  -29.4  976.8    3.9  155.0   74.7  444.0
2021 174  6 23 1700  -28.6  976.7    4.0  152.0   75.0  444.0
2021 174  6 23 1800  -28.4  976.3    3.9  141.0   75.0  444.0
2021 174  6 23 1900  -28.2  976.4    4.0  143.0   76.0  444.0
2021 174  6 23 2000  -27.7  976.6    4.6  136.0   76.0  444.0
2021 174  6 23 2100  -28.3  976.8    3.4  156.0   75.6  444.0
2021 174  6 23 2200  -28.5  977.1    3.4  164.0   75.4  444.0
2021 174  6 23 2300  -29.1  977.1    4.1  152.0   75.0  444.0
2021 175  6 24 0000  -28.2  976.6    5.0  151.0   76.0  444.0
2021 175  6 24 0100  -28.0  976.0    5.9  153.0   76.0  444.0
2021 175  6 24 0200  -28.4  975.8    4.7  156.0   76.0  444.0
2021 175  6 24 0300  -29.4  975.8    4.0  140.0   75.0  444.0
2021 175  6 24 0400  -29.5  976.2    3.3  144.0   75.0  444.0
2021 175  6 24 0500  -28.8  976.0    5.0  155.0   76.0  444.0
2021 175  6 24 0600  -28.7  976.1    5.2  150.0   76.0  444.0
2021 175  6 24 0700  -28.7  976.6    5.4  140.0   76.0  444.0
2021 175  6 24 0800  -29.6  976.9    5.6  132.0   75.0  444.0
2021 175  6 24 0900  -32.1  977.5    4.9  121.0   74.0  444.0
2021 175  6 24 1000  -34.7  978.3    4.3  116.0   72.0  444.0
2021 175  6 24 1100  -36.1  979.0    4.2  104.0   71.0  444.0
2021 175  6 24 1200  -36.9  979.7    2.8  138.0   71.0  444.0
2021 175  6 24 1300  -37.5  980.0    2.5  144.0   70.0  444.0
2021 175  6 24 1400  -38.1  980.0    2.3  122.0   70.0  444.0
2021 175  6 24 1500  -38.4  980.3    2.0  157.0   69.3  444.0
2021 175  6 24 1600  -39.5  980.4    1.7  143.0   69.0  444.0
2021 175  6 24 1700  -40.6  980.4    1.5  146.0   68.0  444.0
2021 175  6 24 1800  -41.4  980.7    2.0  156.0   68.0  444.0
2021 175  6 24 1900  -41.6  980.8    2.1  147.0   68.0  444.0
2021 175  6 24 2000  -41.6  980.7    1.6  116.0   68.0  444.0
2021 175  6 24 2100  -42.2  980.9    1.4  124.0   67.0  444.0
2021 175  6 24 2200  -42.6  981.0    0.8  101.0   67.0  444.0
2021 175  6 24 2300  -43.1  980.9    1.5  181.0   67.0  444.0
2021 176  6 25 0000  -43.0  980.9    1.5  178.0   67.0  444.0
2021 176  6 25 0100  -42.6  980.8    1.2  158.0   67.0  444.0
2021 176  6 25 0200  -42.3  980.7    1.1  162.0   66.8  444.0
2021 176  6 25 0300  -42.5  980.5    0.0    0.0   67.0  444.0
2021 176  6 25 0400  -42.5  980.3    0.0    0.0   66.0  444.0
2021 176  6 25 0500  -43.6  980.0    1.7  203.0   66.0  444.0
2021 176  6 25 0600  -43.6  980.0    0.0    0.0   66.0  444.0
2021 176  6 25 0700  -43.8  979.7    1.2  203.0   66.0  444.0
2021 176  6 25 0800  -43.9  979.4    0.7  203.0   66.0  444.0
2021 176  6 25 0900  -43.7  979.6    1.7  203.0   66.0  444.0
2021 176  6 25 1000  -42.8  979.1    1.8  202.0   67.0  444.0
2021 176  6 25 1100  -42.2  978.7    2.0  194.0   67.0  444.0
2021 176  6 25 1200  -41.5  978.6    2.0  195.0   67.0  444.0
2021 176  6 25 1300  -40.7  978.5    2.3  189.0   68.0  444.0
2021 176  6 25 1400  -40.5  978.5    2.1  191.0   68.0  444.0
2021 176  6 25 1500  -40.5  978.7    2.0  199.0   68.0  444.0
2021 176  6 25 1600  -40.4  978.5    2.1  188.0   68.0  444.0
2021 176  6 25 1700  -39.4  978.3    2.7  184.0   68.0  444.0
2021 176  6 25 1800  -38.2  978.0    3.3  182.0   69.0  444.0
2021 176  6 25 1900  -37.4  977.9    3.4  181.0   70.0  444.0
2021 176  6 25 2000  -38.1  978.2    2.7  180.0   69.0  444.0
2021 176  6 25 2100  -36.3  978.4    3.3  172.0   70.0  444.0
2021 176  6 25 2200  -36.2  978.3    2.8  171.0   70.0  444.0
2021 176  6 25 2300  -34.1  978.3    3.7  169.0   71.0  444.0
2021 177  6 26 0000  -34.6  978.4    2.2  168.0   71.0  444.0
2021 177  6 26 0100  -32.2  978.7    4.0  160.0   73.0  444.0
2021 177  6 26 0200  -31.6  979.1    4.4  149.0   73.0  444.0
2021 177  6 26 0300  -33.0  979.2    4.2  157.0   72.3  444.0
2021 177  6 26 0400  -32.7  979.3    4.5  158.0   73.0  444.0
2021 177  6 26 0500  -32.6  979.8    4.8  145.0   73.0  444.0
2021 177  6 26 0600  -33.2  980.0    5.2  147.0   72.0  444.0
2021 177  6 26 0700  -33.9  980.4    4.6  150.0   72.0  444.0
2021 177  6 26 0800  -34.0  980.7    4.8  151.0   71.7  444.0
2021 177  6 26 0900  -35.0  981.1    4.0  152.0   71.0  444.0
2021 177  6 26 1000  -34.7  981.5    5.1  144.0   71.0  444.0
2021 177  6 26 1100  -35.4  982.1    5.6  146.0   71.0  444.0
2021 177  6 26 1200  -36.1  982.8    4.2  151.0   71.0  444.0
2021 177  6 26 1300  -36.5  983.5    5.0  143.0   70.3  444.0
2021 177  6 26 1400  -37.2  984.0    4.7  141.0   70.0  444.0
2021 177  6 26 1500  -38.0  984.2    4.5  142.0   69.0  444.0
2021 177  6 26 1600  -38.7  985.0    4.3  148.0   69.0  444.0
2021 177  6 26 1700  -39.6  985.9    3.8  131.0   69.0  444.0
2021 177  6 26 1800  -40.8  986.4    3.3  144.0   68.0  444.0
2021 177  6 26 1900  -40.4  986.9    3.6  144.0   68.0  444.0
2021 177  6 26 2000  -39.8  987.5    3.7  141.0   68.3  444.0
2021 177  6 26 2100  -39.7  987.8    4.2  142.0   68.0  444.0
2021 177  6 26 2200  -39.6  988.6    4.7  135.0   69.0  444.0
2021 177  6 26 2300  -40.3  989.3    4.8  132.0   68.0  444.0
2021 178  6 27 0000  -41.8  990.1    3.6  125.0   67.6  444.0
2021 178  6 27 0100  -42.4  990.6    2.4  157.0   67.2  444.0
2021 178  6 27 0200  -41.7  990.8    3.5  164.0   67.0  444.0
2021 178  6 27 0300  -41.3  991.3    3.1  171.0   68.0  444.0
2021 178  6 27 0400  -41.4  991.6    2.7  156.0   67.0  444.0
2021 178  6 27 0500  -41.5  992.2    2.6  149.0   67.0  444.0
2021 178  6 27 0600  -42.8  992.2    2.4  181.0   66.6  444.0
2021 178  6 27 0700  -41.7  992.3    2.9  172.0   67.0  444.0
2021 178  6 27 0800  -40.6  992.2    2.7  172.0   68.0  444.0
2021 178  6 27 0900  -41.0  992.8    2.4  164.0   67.0  444.0
2021 178  6 27 1000  -40.6  993.0    2.7  157.0   68.0  444.0
2021 178  6 27 1100  -40.9  993.2    2.8  163.0   67.0  444.0
2021 178  6 27 1200  -40.2  993.5    3.2  157.0   68.0  444.0
2021 178  6 27 1300  -39.8  993.5    3.1  158.0   68.0  444.0
2021 178  6 27 1400  -40.7  993.7    2.1  182.0   68.0  444.0
2021 178  6 27 1500  -40.3  993.7    2.9  149.0   68.0  444.0
2021 178  6 27 1600  -40.1  993.9    3.0  137.0   68.0  444.0
2021 178  6 27 1700  -41.4  994.2    3.1  157.0   67.0  444.0
2021 178  6 27 1800  -42.1  994.2    2.1  144.0   67.1  444.0
2021 178  6 27 1900  -43.4  994.2    1.6  160.0   66.0  444.0
2021 178  6 27 2000  -43.1  993.9    0.4  185.0   66.0  444.0
2021 178  6 27 2100  -43.4  993.9    1.9  195.0   66.0  444.0
2021 178  6 27 2200  -41.4  993.4    3.5  175.0   67.0  444.0
2021 178  6 27 2300  -42.0  993.7    2.1  193.0   67.1  444.0
2021 179  6 28 0000  -42.6  993.3    2.6  172.0   66.0  444.0
2021 179  6 28 0100  -41.3  993.6    2.3  177.0   67.0  444.0
2021 179  6 28 0200  -41.1  992.9    3.1  174.0   67.0  444.0
2021 179  6 28 0300  -41.0  992.6    2.4  170.0   67.0  444.0
2021 179  6 28 0400  -41.6  992.5    3.0  173.0   67.2  444.0
2021 179  6 28 0500  -42.5  992.3    3.2  175.0   67.0  444.0
2021 179  6 28 0600  -42.3  992.4    2.6  171.0   66.7  444.0
2021 179  6 28 0700  -42.3  992.1    2.6  170.0   67.0  444.0
2021 179  6 28 0800  -42.8  992.0    2.3  165.0   66.0  444.0
2021 179  6 28 0900  -42.6  991.8    2.5  171.0   66.5  444.0
2021 179  6 28 1000  -42.6  991.3    2.5  165.0   66.0  444.0
2021 179  6 28 1100  -43.4  991.3    2.6  176.0   66.0  444.0
2021 179  6 28 1200  -44.3  991.3    2.3  178.0   66.0  444.0
2021 179  6 28 1300  -44.2  991.0    2.1  176.0   66.0  444.0
2021 179  6 28 1400  -45.5  990.5    2.3  195.0   65.0  444.0
2021 179  6 28 1500  -45.3  990.3    1.9  193.0   65.0  444.0
2021 179  6 28 1600  -44.9  989.8    2.0  182.0   65.1  444.0
2021 179  6 28 1700  -44.3  989.4    2.4  174.0   65.0  444.0
2021 179  6 28 1800  -45.3  989.4    2.2  205.0   65.0  444.0
2021 179  6 28 1900  -45.5  988.8    2.0  213.0   64.0  444.0
2021 179  6 28 2000  -44.9  988.7    2.0  200.0   65.0  444.0
2021 179  6 28 2100  -44.8  988.4    2.3  214.0   64.9  444.0
2021 179  6 28 2200  -44.7  987.9    2.5  205.0   65.0  444.0
2021 179  6 28 2300  -45.1  987.4    2.5  216.0   65.0  444.0
2021 180  6 29 0000  -45.2  986.9    2.6  214.0   65.0  444.0
2021 180  6 29 0100  -44.2  986.4    2.7  209.0   65.0  444.0
2021 180  6 29 0200  -43.4  985.7    1.8  198.0   65.1  444.0
2021 180  6 29 0300  -41.9  985.0    2.1  206.0   66.0  444.0
2021 180  6 29 0400  -42.0  984.5    2.7  220.0   66.0  444.0
2021 180  6 29 0500  -39.0  984.0    3.1  230.0   68.0  444.0
2021 180  6 29 0600  -36.6  983.2    3.9  230.0   69.0  444.0
2021 180  6 29 0700  -36.8  982.7    3.5  225.0   69.0  444.0
2021 180  6 29 0800  -38.0  982.2    3.4  210.0   69.0  444.0
2021 180  6 29 0900  -38.8  981.4    3.8  213.0   68.5  444.0
2021 180  6 29 1000  -39.5  981.0    3.4  222.0   68.0  444.0
2021 180  6 29 1100  -39.1  980.2    3.7  212.0   68.0  444.0
2021 180  6 29 1200  -38.8  979.4    4.1  220.0   69.0  444.0
2021 180  6 29 1300  -37.3  978.9    3.3  215.0   69.0  444.0
2021 180  6 29 1400  -35.0  978.4    4.3  196.0   71.0  444.0
2021 180  6 29 1500  -33.8  976.7    5.5  208.0   71.0  444.0
2021 180  6 29 1600  -31.2  975.9    5.7  201.0   73.0  444.0
2021 180  6 29 1700  -27.6  975.6    7.8  191.0   76.0  444.0
2021 180  6 29 1800  -24.7  975.3    7.0  177.0   78.0  444.0
2021 180  6 29 1900  -24.4  975.6    6.7  180.0   78.4  444.0
2021 180  6 29 2000  -23.5  975.5    6.6  180.0   79.0  444.0
2021 180  6 29 2100  -23.4  975.8    5.8  183.0   80.0  444.0
2021 180  6 29 2200  -26.0  975.8    7.0  146.0   78.0  444.0
2021 180  6 29 2300  -28.3  976.3    7.8  143.0   76.0  444.0
2021 181  6 30 0000  -30.0  977.0    7.9  136.0   75.0  444.0
2021 181  6 30 0100  -32.1  977.4    7.5  137.0   73.0  444.0
2021 181  6 30 0200  -32.6  977.5    8.0  146.0   73.0  444.0
2021 181  6 30 0300  -33.0  978.1    7.3  144.0   73.0  444.0
2021 181  6 30 0400  -32.9  977.9    6.9  152.0   72.9  444.0
2021 181  6 30 0500  -33.3  978.1    5.0  150.0   73.0  444.0
2021 181  6 30 0600  -34.6  977.9    2.5  187.0   72.0  444.0
2021 181  6 30 0700  -34.7  977.9    4.5  169.0   72.0  444.0
2021 181  6 30 0800  -35.5  978.0    4.5  166.0   71.0  444.0
2021 181  6 30 0900  -36.5  977.9    4.9  188.0   70.0  444.0
2021 181  6 30 1000  -36.9  977.9    4.7  185.0   70.0  444.0
2021 181  6 30 1100  -38.5  977.9    4.9  188.0   69.0  444.0
2021 181  6 30 1200  -37.4  977.2    6.1  175.0   70.0  444.0
2021 181  6 30 1300  -38.1  977.4    5.3  169.0   70.0  444.0
2021 181  6 30 1400  -39.3  977.3    4.1  182.0   69.0  444.0
2021 181  6 30 1500  -39.3  976.8    4.8  174.0   69.0  444.0
2021 181  6 30 1600  -39.7  976.8    5.7  182.0   69.0  444.0
2021 181  6 30 1700  -39.9  976.3    4.7  179.0   68.0  444.0
2021 181  6 30 1800  -38.7  976.3    5.4  153.0   69.0  444.0
2021 181  6 30 1900  -41.4  975.8    2.2  149.0   68.0  444.0
2021 181  6 30 2000  -42.5  975.3    1.6  167.0   67.0  444.0
2021 181  6 30 2100  -40.8  975.0    1.4  109.0   66.0  444.0
2021 181  6 30 2200  -42.3  974.1    1.6  181.0   66.0  444.0
2021 181  6 30 2300  -44.3  973.4    3.0  224.0   66.0  444.0
