Year: 2017  Month: 11  ID: LET  ARGOS:  8928  Name: Lettau              
Lat: 82.49S  Lon: 174.58W  Elev:   39m
2017 305 11  1 0000  -19.9  991.3    2.5  236.0   76.8  444.0
2017 305 11  1 0100  -19.0  991.1    2.9  223.0   75.0  444.0
2017 305 11  1 0200  -19.2  990.9    3.2  226.0   75.9  444.0
2017 305 11  1 0300  -18.6  990.7    3.6  247.0   78.0  444.0
2017 305 11  1 0400  -18.7  990.5    3.7  233.0   79.0  444.0
2017 305 11  1 0500  -19.3  990.3    4.0  229.0   80.0  444.0
2017 305 11  1 0600  -19.1  990.1    3.2  219.0   80.0  444.0
2017 305 11  1 0700  -19.3  990.0    2.5  224.0   80.1  444.0
2017 305 11  1 0800  -19.6  989.5    1.0  196.0   80.0  444.0
2017 305 11  1 0900  -20.6  989.2    3.0  247.0   80.0  444.0
2017 305 11  1 1000  -20.9  988.9    3.1  259.0   76.0  444.0
2017 305 11  1 1100  -23.2  988.4    3.4  272.0   84.0  444.0
2017 305 11  1 1200  -22.6  988.2    1.5  281.0   82.1  444.0
2017 305 11  1 1300  -23.5  988.0    2.5  294.0   79.0  444.0
2017 305 11  1 1400  -24.6  987.6    2.2  329.0   79.0  444.0
2017 305 11  1 1500  -23.3  986.9    2.7  330.0   80.0  444.0
2017 305 11  1 1600  -22.4  986.7    5.0  308.0   80.0  444.0
2017 305 11  1 1700  -22.9  986.5    4.1  323.0   77.5  444.0
2017 305 11  1 1800  -22.9  986.2    6.2  329.0   78.0  444.0
2017 305 11  1 1900  -23.2  985.8    6.8  330.0   76.0  444.0
2017 305 11  1 2000  -22.9  985.9    7.5  316.0   76.0  444.0
2017 305 11  1 2100  -23.5  986.2    4.7  326.0   75.0  444.0
2017 305 11  1 2200  -24.4  986.6    3.9  352.0   74.4  444.0
2017 305 11  1 2300  -23.5  986.7    4.1  335.0   75.0  444.0
2017 306 11  2 0000  -23.2  986.8    3.2  341.0   75.0  444.0
2017 306 11  2 0100  -23.0  986.7    2.5  348.0   75.0  444.0
2017 306 11  2 0200  -23.6  987.1    2.5    3.0   76.0  444.0
2017 306 11  2 0300  -23.0  986.7    2.3  355.0   76.0  444.0
2017 306 11  2 0400  -23.5  986.7    2.2  350.0   76.4  444.0
2017 306 11  2 0500  -23.9  986.9    2.8    8.0   77.7  444.0
2017 306 11  2 0600  -23.6  987.0    3.0  357.0   78.0  444.0
2017 306 11  2 0700  -24.0  987.2    2.9  356.0   78.0  444.0
2017 306 11  2 0800  -24.1  987.5    1.4   14.0   79.0  444.0
2017 306 11  2 0900  -23.8  987.7    0.9   27.0   79.0  444.0
2017 306 11  2 1000  -23.9  987.8    1.7   29.0   79.0  444.0
2017 306 11  2 1100  -24.0  988.1    0.7   32.0   79.0  444.0
2017 306 11  2 1200  -24.5  988.4    1.3   83.0   79.0  444.0
2017 306 11  2 1300  -24.9  988.6    1.4   51.0   78.0  444.0
2017 306 11  2 1400  -25.3  988.8    1.7   87.0   78.0  444.0
2017 306 11  2 1500  -26.0  988.9    1.4   58.0   77.2  444.0
2017 306 11  2 1600  -26.6  989.1    1.1   37.0   77.0  444.0
2017 306 11  2 1700  -26.5  989.3    1.2   58.0   77.0  444.0
2017 306 11  2 1800  -26.6  989.7    1.5   80.0   76.0  444.0
2017 306 11  2 1900  -27.5  990.1    1.9  104.0   75.0  444.0
2017 306 11  2 2000  -26.6  990.5    1.4   82.0   75.0  444.0
2017 306 11  2 2100  444.0  990.7    1.5   85.0   74.3  444.0
2017 306 11  2 2200  444.0  991.1    0.7   64.0   78.0  444.0
2017 306 11  2 2300  444.0  991.3    0.1   87.0   80.0  444.0
2017 307 11  3 0000  -27.4  991.6    1.4  135.0   74.0  444.0
2017 307 11  3 0100  -27.6  991.7    1.5  110.0   74.0  444.0
2017 307 11  3 0200  -27.1  991.9    1.4  120.0   73.9  444.0
2017 307 11  3 0300  -27.5  992.0    1.7  126.0   74.0  444.0
2017 307 11  3 0400  444.0  992.3    0.7   96.0   76.0  444.0
2017 307 11  3 0500  444.0  992.6    0.1  136.0   74.0  444.0
2017 307 11  3 0600  444.0  993.0    0.4  295.0   76.0  444.0
2017 307 11  3 0700  444.0  993.2    1.1  234.0   72.7  444.0
2017 307 11  3 0800  444.0  993.3    0.8  237.0   74.0  444.0
2017 307 11  3 0900  -27.9  993.4    1.6  212.0   73.0  444.0
2017 307 11  3 1000  -28.2  993.4    1.6  221.0   73.0  444.0
2017 307 11  3 1100  -29.1  993.5    1.0  242.0   71.0  444.0
2017 307 11  3 1200  -29.7  993.4    1.5  247.0   70.0  444.0
2017 307 11  3 1300  -32.4  993.5    1.8  214.0   69.0  444.0
2017 307 11  3 1400  444.0  993.4    1.5  227.0   68.6  444.0
2017 307 11  3 1500  -32.3  993.3    1.2  235.0   68.0  444.0
2017 307 11  3 1600  -32.2  993.4    1.5  275.0   69.0  444.0
2017 307 11  3 1700  -32.3  993.2    0.8  218.0   68.0  444.0
2017 307 11  3 1800  -33.0  993.0    1.6  254.0   68.0  444.0
2017 307 11  3 1900  444.0  993.2    0.5  157.0   66.6  444.0
2017 307 11  3 2000  444.0  993.1    0.6  191.0   66.0  444.0
2017 307 11  3 2100  444.0  993.0    2.0  270.0   69.0  444.0
2017 307 11  3 2200  444.0  992.8    0.6  278.0   72.0  444.0
2017 307 11  3 2300  444.0  992.7    0.1  356.0   74.0  444.0
2017 308 11  4 0000  -28.6  992.3    1.6  297.0   71.1  444.0
2017 308 11  4 0100  -27.7  992.0    1.2  271.0   71.4  444.0
2017 308 11  4 0200  -27.7  991.5    1.8  272.0   71.0  444.0
2017 308 11  4 0300  -26.8  991.2    1.1  253.0   72.0  444.0
2017 308 11  4 0400  -27.7  990.9    2.0  243.0   72.0  444.0
2017 308 11  4 0500  -28.2  990.3    2.3  242.0   71.5  444.0
2017 308 11  4 0600  -28.9  989.6    2.9  242.0   71.0  444.0
2017 308 11  4 0700  -29.5  989.1    2.9  231.0   71.3  444.0
2017 308 11  4 0800  -30.4  988.9    2.9  227.0   71.0  444.0
2017 308 11  4 0900  -31.0  988.4    2.5  221.0   71.0  444.0
2017 308 11  4 1000  -31.5  987.7    3.4  223.0   70.6  444.0
2017 308 11  4 1100  -32.0  987.3    3.7  231.0   70.0  444.0
2017 308 11  4 1200  -32.3  986.5    3.8  227.0   69.8  444.0
2017 308 11  4 1300  -32.9  986.1    3.3  227.0   69.0  444.0
2017 308 11  4 1400  -33.1  985.7    3.1  209.0   69.0  444.0
2017 308 11  4 1500  -33.4  985.0    2.9  228.0   68.0  444.0
2017 308 11  4 1600  -33.2  984.3    3.9  235.0   68.0  444.0
2017 308 11  4 1700  -32.2  983.6    4.2  225.0   68.5  444.0
2017 308 11  4 1800  -32.0  983.2    4.4  223.0   69.0  444.0
2017 308 11  4 1900  -31.6  982.9    4.3  223.0   68.0  444.0
2017 308 11  4 2000  -31.3  982.4    5.0  226.0   68.9  444.0
2017 308 11  4 2100  -30.5  981.8    4.7  219.0   69.0  444.0
2017 308 11  4 2200  -29.9  981.0    4.8  236.0   68.7  444.0
2017 308 11  4 2300  -29.0  980.4    4.7  239.0   69.0  444.0
2017 309 11  5 0000  -27.9  979.6    3.6  239.0   70.0  444.0
2017 309 11  5 0100  -27.4  979.0    5.4  237.0   70.6  444.0
2017 309 11  5 0200  -27.0  978.2    5.8  235.0   71.0  444.0
2017 309 11  5 0300  -26.7  977.6    5.4  233.0   71.0  444.0
2017 309 11  5 0400  -26.4  977.0    4.8  244.0   71.0  444.0
2017 309 11  5 0500  -26.7  976.4    6.0  250.0   72.2  444.0
2017 309 11  5 0600  -27.2  976.4    4.7  245.0   72.0  444.0
2017 309 11  5 0700  -27.6  976.0    4.7  253.0   72.0  444.0
2017 309 11  5 0800  -28.3  975.7    5.0  234.0   72.0  444.0
2017 309 11  5 0900  -29.1  975.5    6.0  243.0   72.0  444.0
2017 309 11  5 1000  -29.5  975.0    6.9  247.0   71.4  444.0
2017 309 11  5 1100  -29.8  974.8    6.8  253.0   71.0  444.0
2017 309 11  5 1200  -30.2  974.7    5.3  258.0   71.0  444.0
2017 309 11  5 1300  -29.6  975.5    2.9  223.0   71.0  444.0
2017 309 11  5 1400  -29.9  975.0    3.3  268.0   73.0  444.0
2017 309 11  5 1500  -28.4  975.0    4.6  286.0   70.7  444.0
2017 309 11  5 1600  -27.4  975.0    3.2  238.0   70.0  444.0
2017 309 11  5 1700  -27.1  975.1    4.2  234.0   73.0  444.0
2017 309 11  5 1800  -25.6  975.3    4.0  198.0   74.8  444.0
2017 309 11  5 1900  -25.9  975.4    4.2   98.0   72.0  444.0
2017 309 11  5 2000  -26.0  975.8    4.3   90.0   70.7  444.0
2017 309 11  5 2100  -27.0  976.6    4.0   91.0   68.0  444.0
2017 309 11  5 2200  -27.8  976.9    4.9   91.0   68.0  444.0
2017 309 11  5 2300  -28.0  977.4    3.6   81.0   69.0  444.0
2017 310 11  6 0000  -27.6  978.3    4.9   76.0   68.0  444.0
2017 310 11  6 0100  -27.3  978.9    4.5   72.0   68.9  444.0
2017 310 11  6 0200  -27.0  979.3    4.2   81.0   69.0  444.0
2017 310 11  6 0300  -26.9  979.7    3.7   74.0   68.0  444.0
2017 310 11  6 0400  -27.2  980.3    2.9  105.0   68.0  444.0
2017 310 11  6 0500  -28.1  980.6    2.4   99.0   70.5  444.0
2017 310 11  6 0600  -29.9  981.3    2.1  135.0   71.0  444.0
2017 310 11  6 0700  -30.5  981.3    3.5  109.0   70.0  444.0
2017 310 11  6 0800  -30.5  982.1    2.1  159.0   70.0  444.0
2017 310 11  6 0900  -31.7  982.7    2.7  160.0   70.0  444.0
2017 310 11  6 1000  -32.1  983.1    3.5  179.0   69.8  444.0
2017 310 11  6 1100  -33.0  983.2    3.1  170.0   69.2  444.0
2017 310 11  6 1200  -32.5  983.4    2.8  187.0   69.0  444.0
2017 310 11  6 1300  -33.1  983.7    3.1  178.0   69.3  444.0
2017 310 11  6 1400  -35.2  983.8    3.0  219.0   70.0  444.0
2017 310 11  6 1500  -34.2  983.8    2.8  220.0   70.0  444.0
2017 310 11  6 1600  -32.5  983.9    3.3  204.0   71.0  444.0
2017 310 11  6 1700  -30.6  984.2    3.2  210.0   71.0  444.0
2017 310 11  6 1800  -29.0  984.2    3.8  217.0   71.1  444.0
2017 310 11  6 1900  -28.2  984.1    4.5  215.0   71.0  444.0
2017 310 11  6 2000  -29.2  984.2    4.8  209.0   71.0  444.0
2017 310 11  6 2100  -29.3  984.5    4.4  205.0   70.0  444.0
2017 310 11  6 2200  -29.4  984.8    3.0  203.0   69.0  444.0
2017 310 11  6 2300  -29.6  985.0    4.6  145.0   66.8  444.0
2017 311 11  7 0000  -29.5  985.0    3.5  129.0   67.0  444.0
2017 311 11  7 0100  -28.9  985.2    3.0  127.0   68.0  444.0
2017 311 11  7 0200  -28.5  985.4    3.3  128.0   68.0  444.0
2017 311 11  7 0300  -28.6  985.4    3.0  147.0   68.5  444.0
2017 311 11  7 0400  -29.1  985.3    3.2  134.0   68.6  444.0
2017 311 11  7 0500  -29.9  985.2    2.6  152.0   69.0  444.0
2017 311 11  7 0600  -30.4  985.0    2.7  159.0   68.0  444.0
2017 311 11  7 0700  -30.4  984.7    3.5  162.0   69.0  444.0
2017 311 11  7 0800  -30.3  984.3    3.1  170.0   70.4  444.0
2017 311 11  7 0900  -30.9  984.1    2.7  188.0   71.1  444.0
2017 311 11  7 1000  -29.4  983.7    2.5  168.0   73.0  444.0
2017 311 11  7 1100  -28.6  983.1    2.9  161.0   72.0  444.0
2017 311 11  7 1200  -28.1  982.9    3.4  184.0   72.0  444.0
2017 311 11  7 1300  -28.1  982.2    3.9  185.0   72.0  444.0
2017 311 11  7 1400  -28.0  981.8    3.6  205.0   71.8  444.0
2017 311 11  7 1500  -30.0  981.4    5.0  213.0   71.0  444.0
2017 311 11  7 1600  -30.5  980.9    5.5  183.0   71.0  444.0
2017 311 11  7 1700  -30.9  980.6    5.8  191.0   71.0  444.0
2017 311 11  7 1800  -29.9  980.3    4.5  182.0   71.0  444.0
2017 311 11  7 1900  -30.5  979.9    3.9  184.0   71.0  444.0
2017 311 11  7 2000  -29.9  979.4    4.3  197.0   71.0  444.0
2017 311 11  7 2100  -29.3  979.0    4.3  190.0   70.0  444.0
2017 311 11  7 2200  -28.2  978.7    2.7  184.0   69.0  444.0
2017 311 11  7 2300  -27.8  978.3    2.3  142.0   68.0  444.0
2017 312 11  8 0000  -26.7  977.9    3.3  176.0   68.0  444.0
2017 312 11  8 0100  -26.2  977.3    3.0  191.0   68.1  444.0
2017 312 11  8 0200  -24.9  976.6    3.0  193.0   67.0  444.0
2017 312 11  8 0300  -24.6  975.9    2.7  202.0   68.0  444.0
2017 312 11  8 0400  -25.1  974.9    1.9  213.0   69.0  444.0
2017 312 11  8 0500  -24.3  974.1    2.7  218.0   71.0  444.0
2017 312 11  8 0600  -25.2  973.2    2.7  218.0   71.3  444.0
2017 312 11  8 0700  -25.3  972.2    1.1  268.0   71.0  444.0
2017 312 11  8 0800  -25.4  971.4    2.6  329.0   71.0  444.0
2017 312 11  8 0900  -25.6  970.4    4.3  332.0   72.7  444.0
2017 312 11  8 1000  -25.6  969.7    4.7  340.0   72.0  444.0
2017 312 11  8 1100  -25.4  969.0    5.1  323.0   72.0  444.0
2017 312 11  8 1200  -25.6  968.3    5.2  333.0   74.0  444.0
2017 312 11  8 1300  -25.8  967.2    5.6  339.0   74.0  444.0
2017 312 11  8 1400  -25.4  966.9    6.2  351.0   74.5  444.0
2017 312 11  8 1500  -24.9  966.7    6.2  353.0   76.0  444.0
2017 312 11  8 1600  -24.3  966.7    5.7  358.0   75.0  444.0
2017 312 11  8 1700  -24.8  966.5    6.5    4.0   74.0  444.0
2017 312 11  8 1800  -24.4  967.0    6.7   11.0   75.0  444.0
2017 312 11  8 1900  -24.4  967.6    7.4   18.0   73.0  444.0
2017 312 11  8 2000  -25.0  968.3    7.0   30.0   72.0  444.0
2017 312 11  8 2100  -25.1  969.0    7.5   44.0   70.0  444.0
2017 312 11  8 2200  -25.8  970.0    8.7   46.0   70.1  444.0
2017 312 11  8 2300  -25.1  971.1    7.9   63.0   69.0  444.0
2017 313 11  9 0000  -25.4  972.3    7.3   70.0   69.0  444.0
2017 313 11  9 0100  -25.1  973.4    6.3   86.0   69.0  444.0
2017 313 11  9 0200  -25.8  973.7    6.3   82.0   69.0  444.0
2017 313 11  9 0300  -26.0  974.1    5.0   90.0   71.0  444.0
2017 313 11  9 0400  -25.9  974.4    4.1  102.0   71.1  444.0
2017 313 11  9 0500  -25.9  974.2    3.4  111.0   72.0  444.0
2017 313 11  9 0600  -25.7  974.5    1.9  135.0   72.0  444.0
2017 313 11  9 0700  -25.5  974.3    2.0  144.0   73.0  444.0
2017 313 11  9 0800  -25.5  974.1    2.7  155.0   73.0  444.0
2017 313 11  9 0900  -26.2  973.9    2.2  155.0   74.0  444.0
2017 313 11  9 1000  -26.7  973.2    2.2  210.0   73.0  444.0
2017 313 11  9 1100  -28.1  972.7    3.3  223.0   75.0  444.0
2017 313 11  9 1200  -27.5  972.2    2.4  221.0   74.0  444.0
2017 313 11  9 1300  -27.0  971.8    2.6  218.0   75.0  444.0
2017 313 11  9 1400  -27.4  971.4    2.0  225.0   73.0  444.0
2017 313 11  9 1500  -26.9  970.6    3.0  226.0   75.0  444.0
2017 313 11  9 1600  -26.8  970.3    2.8  206.0   72.0  444.0
2017 313 11  9 1700  -27.0  969.8    2.6  185.0   74.5  444.0
2017 313 11  9 1800  -25.8  969.4    4.1  197.0   74.0  444.0
2017 313 11  9 1900  -25.0  968.9    3.7  205.0   70.0  444.0
2017 313 11  9 2000  -25.3  968.0    3.5  214.0   69.0  444.0
2017 313 11  9 2100  -24.5  967.4    4.8  178.0   69.0  444.0
2017 313 11  9 2200  -23.8  967.0    4.7  168.0   68.0  444.0
2017 313 11  9 2300  -24.2  967.0    6.1  130.0   68.0  444.0
2017 314 11 10 0000  -24.8  967.0    6.1  132.0   68.0  444.0
2017 314 11 10 0100  -25.0  967.0    5.2  146.0   69.0  444.0
2017 314 11 10 0200  -24.5  966.7    4.4  144.0   68.0  444.0
2017 314 11 10 0300  -23.4  966.1    2.9  147.0   71.0  444.0
2017 314 11 10 0400  444.0  965.8    1.1  161.0   69.0  444.0
2017 314 11 10 0500  444.0  965.2    0.8  299.0   70.0  444.0
2017 314 11 10 0600  -22.8  964.9    2.4  295.0   70.0  444.0
2017 314 11 10 0700  -23.9  964.5    3.1  329.0   72.0  444.0
2017 314 11 10 0800  -25.3  964.3    3.3  337.0   73.0  444.0
2017 314 11 10 0900  -26.5  964.1    3.5  334.0   72.0  444.0
2017 314 11 10 1000  -27.4  964.0    4.8    1.0   72.0  444.0
2017 314 11 10 1100  -27.8  964.2    3.7    9.0   71.0  444.0
2017 314 11 10 1200  -29.1  965.1    4.6   15.0   73.0  444.0
2017 314 11 10 1300  -30.1  966.0    3.2   30.0   72.0  444.0
2017 314 11 10 1400  -30.9  966.6    3.2   61.0   71.0  444.0
2017 314 11 10 1500  -30.6  967.4    3.6   41.0   71.0  444.0
2017 314 11 10 1600  -30.9  968.1    2.5   75.0   68.0  444.0
2017 314 11 10 1700  -30.5  968.7    2.0   81.0   67.0  444.0
2017 314 11 10 1800  -30.2  968.7    1.7   86.0   66.0  444.0
2017 314 11 10 1900  -29.4  969.0    1.6  148.0   66.0  444.0
2017 314 11 10 2000  444.0  968.9    0.7   57.0   65.0  444.0
2017 314 11 10 2100  -27.4  969.0    0.8  241.0   63.0  444.0
2017 314 11 10 2200  -26.6  968.8    2.2  231.0   68.0  444.0
2017 314 11 10 2300  -24.0  968.5    2.3  272.0   68.0  444.0
2017 315 11 11 0000  -22.7  968.0    3.1  292.0   69.0  444.0
2017 315 11 11 0100  -22.5  967.8    3.3  291.0   70.2  444.0
2017 315 11 11 0200  -21.9  967.4    3.6  288.0   68.0  444.0
2017 315 11 11 0300  -23.4  967.3    3.6  336.0   70.0  444.0
2017 315 11 11 0400  -23.6  967.5    3.3  340.0   74.0  444.0
2017 315 11 11 0500  -23.7  967.8    3.8    3.0   74.0  444.0
2017 315 11 11 0600  -23.6  968.2    2.7   17.0   74.0  444.0
2017 315 11 11 0700  -23.4  968.4    1.8   45.0   74.2  444.0
2017 315 11 11 0800  -23.3  969.3    2.4  111.0   74.0  444.0
2017 315 11 11 0900  -23.2  969.5    4.5  136.0   74.0  444.0
2017 315 11 11 1000  -23.2  969.5    6.1  135.0   75.0  444.0
2017 315 11 11 1100  -23.1  969.2    7.2  143.0   74.0  444.0
2017 315 11 11 1200  -23.0  969.5    8.6  129.0   74.7  444.0
2017 315 11 11 1300  -23.1  969.0    8.6  128.0   76.0  444.0
2017 315 11 11 1400  -23.0  968.7    8.9  129.0   77.0  444.0
2017 315 11 11 1500  -22.9  968.4    9.6  133.0   77.0  444.0
2017 315 11 11 1600  -22.5  968.2    9.2  118.0   78.0  444.0
2017 315 11 11 1700  -22.2  968.1    8.6  117.0   75.1  444.0
2017 315 11 11 1800  -22.4  968.2    9.2  108.0   77.0  444.0
2017 315 11 11 1900  -21.7  968.5    8.5   99.0   77.0  444.0
2017 315 11 11 2000  -21.3  968.6    8.1  100.0   78.0  444.0
2017 315 11 11 2100  -20.5  968.7    7.7   83.0   75.0  444.0
2017 315 11 11 2200  -20.8  969.1    6.6   76.0   73.0  444.0
2017 315 11 11 2300  -21.8  969.3    6.9   79.0   71.0  444.0
2017 316 11 12 0000  -22.4  969.5    7.4   70.0   71.0  444.0
2017 316 11 12 0100  -22.9  969.6    6.7   67.0   72.0  444.0
2017 316 11 12 0200  -23.2  969.9    5.8   66.0   71.5  444.0
2017 316 11 12 0300  -23.4  970.3    5.1   64.0   71.0  444.0
2017 316 11 12 0400  -23.8  970.4    5.1   54.0   71.0  444.0
2017 316 11 12 0500  -24.1  970.8    4.9   50.0   72.0  444.0
2017 316 11 12 0600  -24.5  971.3    4.3   61.0   72.0  444.0
2017 316 11 12 0700  -25.1  971.9    4.1   57.0   72.0  444.0
2017 316 11 12 0800  -25.7  972.5    3.6   67.0   74.0  444.0
2017 316 11 12 0900  -26.6  973.0    3.3   61.0   72.0  444.0
2017 316 11 12 1000  -27.5  973.4    2.8   63.0   72.0  444.0
2017 316 11 12 1100  -28.4  973.7    3.0   47.0   70.9  444.0
2017 316 11 12 1200  -28.6  973.8    1.9   46.0   70.0  444.0
2017 316 11 12 1300  -29.2  973.8    1.6  337.0   70.0  444.0
2017 316 11 12 1400  444.0  974.1    0.8  239.0   67.0  444.0
2017 316 11 12 1500  -30.2  973.9    1.9  158.0   70.0  444.0
2017 316 11 12 1600  444.0  973.9    1.0  107.0   64.2  444.0
2017 316 11 12 1700  -29.1  973.8    1.0   15.0   66.0  444.0
2017 316 11 12 1800  -28.9  973.6    1.3  304.0   67.0  444.0
2017 316 11 12 1900  -27.9  973.5    1.9  291.0   68.1  444.0
2017 316 11 12 2000  -26.5  973.4    1.8  287.0   68.0  444.0
2017 316 11 12 2100  -25.8  973.2    2.2  272.0   70.0  444.0
2017 316 11 12 2200  -24.6  972.8    3.0  278.0   70.0  444.0
2017 316 11 12 2300  -23.3  972.2    3.5  281.0   72.0  444.0
2017 317 11 13 0000  -22.9  971.8    4.1  272.0   72.3  444.0
2017 317 11 13 0100  -22.5  971.1    5.4  290.0   73.0  444.0
2017 317 11 13 0200  -22.1  970.4    5.6  281.0   71.0  444.0
2017 317 11 13 0300  -21.8  969.8    5.5  273.0   71.0  444.0
2017 317 11 13 0400  -21.5  969.3    5.4  271.0   70.0  444.0
2017 317 11 13 0500  -21.6  968.9    5.6  270.0   70.9  444.0
2017 317 11 13 0600  -21.8  968.2    7.3  267.0   71.0  444.0
2017 317 11 13 0700  -21.9  967.9    7.1  261.0   72.5  444.0
2017 317 11 13 0800  -22.3  967.8    7.7  256.0   73.5  444.0
2017 317 11 13 0900  -22.4  967.1    8.6  255.0   74.0  444.0
2017 317 11 13 1000  -22.5  966.1    9.3  252.0   75.0  444.0
2017 317 11 13 1100  -22.4  965.5    9.7  246.0   75.0  444.0
2017 317 11 13 1200  -22.3  965.0    9.9  239.0   76.1  444.0
2017 317 11 13 1300  -21.7  964.7   10.8  230.0   77.0  444.0
2017 317 11 13 1400  -21.2  964.1   10.9  227.0   76.0  444.0
2017 317 11 13 1500  -20.8  963.6    9.7  216.0   76.0  444.0
2017 317 11 13 1600  -21.1  962.9    9.8  214.0   76.0  444.0
2017 317 11 13 1700  -19.1  962.4    8.8  205.0   75.3  444.0
2017 317 11 13 1800  -16.6  962.0    7.1  184.0   77.0  444.0
2017 317 11 13 1900  -14.5  961.8    8.7  166.0   78.0  444.0
2017 317 11 13 2000  -14.7  962.0    8.7  161.0   77.0  444.0
2017 317 11 13 2100  -14.7  962.1    7.8  159.0   77.0  444.0
2017 317 11 13 2200  -14.5  962.0    7.1  155.0   76.8  444.0
2017 317 11 13 2300  -14.0  962.0    6.4  158.0   77.0  444.0
2017 318 11 14 0000  -13.3  962.1    7.4  152.0   78.0  444.0
2017 318 11 14 0100  -13.1  962.4    6.7  154.0   78.0  444.0
2017 318 11 14 0200  -12.8  962.1    5.8  169.0   79.0  444.0
2017 318 11 14 0300  -12.3  962.0    7.1  157.0   79.8  444.0
2017 318 11 14 0400  -12.2  962.0    7.2  162.0   80.0  444.0
2017 318 11 14 0500  -12.4  962.2    8.2  154.0   81.8  444.0
2017 318 11 14 0600  -16.0  962.8    8.6  131.0   76.0  444.0
2017 318 11 14 0700  -19.4  964.1    8.4  132.0   75.0  444.0
2017 318 11 14 0800  -19.5  964.6    7.8  139.0   76.0  444.0
2017 318 11 14 0900  -19.1  964.9    7.0  141.0   77.0  444.0
2017 318 11 14 1000  -18.9  965.0    8.1  148.0   77.2  444.0
2017 318 11 14 1100  -19.6  965.6    5.8  152.0   74.9  444.0
2017 318 11 14 1200  -20.8  965.5    5.5  138.0   76.0  444.0
2017 318 11 14 1300  -21.7  966.1    6.6  134.0   73.0  444.0
2017 318 11 14 1400  -22.8  967.0    7.5  121.0   74.0  444.0
2017 318 11 14 1500  -23.5  967.8    7.3  131.0   74.5  444.0
2017 318 11 14 1600  -22.7  968.1    5.8  141.0   76.0  444.0
2017 318 11 14 1700  -21.5  967.8    5.5  166.0   75.0  444.0
2017 318 11 14 1800  -19.6  967.2    4.4  187.0   72.0  444.0
2017 318 11 14 1900  -19.3  966.6    3.9  225.0   70.0  444.0
2017 318 11 14 2000  -18.3  965.9    5.0  225.0   73.9  444.0
2017 318 11 14 2100  -14.5  965.4    6.0  152.0   77.0  444.0
2017 318 11 14 2200  -14.7  965.8    7.6  133.0   75.2  444.0
2017 318 11 14 2300  -16.0  966.0    8.8  120.0   75.0  444.0
2017 319 11 15 0000  -18.1  966.8    8.6  115.0   75.0  444.0
2017 319 11 15 0100  -18.2  967.6    7.4  111.0   74.1  444.0
2017 319 11 15 0200  -18.1  968.3    5.9  123.0   73.0  444.0
2017 319 11 15 0300  -18.0  968.5    2.9  111.0   73.2  444.0
2017 319 11 15 0400  -17.4  968.3    1.6  168.0   73.0  444.0
2017 319 11 15 0500  -17.1  968.1    2.5  225.0   76.0  444.0
2017 319 11 15 0600  -15.6  967.4    3.4  244.0   77.3  444.0
2017 319 11 15 0700  -14.4  966.8    4.7  197.0   84.4  444.0
2017 319 11 15 0800  -14.2  966.7    5.3  162.0   86.0  444.0
2017 319 11 15 0900  -13.1  966.8    6.1  143.0   86.0  444.0
2017 319 11 15 1000  -13.3  966.5    6.4  144.0   86.0  444.0
2017 319 11 15 1100  -13.3  966.4    7.0  151.0   86.0  444.0
2017 319 11 15 1200  -13.4  966.6    6.3  143.0   84.0  444.0
2017 319 11 15 1300  -14.3  966.7    5.0  147.0   83.6  444.0
2017 319 11 15 1400  -14.4  966.8    6.1  146.0   85.0  444.0
2017 319 11 15 1500  -13.0  966.7    7.6  141.0   82.0  444.0
2017 319 11 15 1600  -13.7  967.0    6.5  154.0   81.0  444.0
2017 319 11 15 1700  -13.4  967.1    6.4  144.0   80.0  444.0
2017 319 11 15 1800  -13.6  967.2    6.0  134.0   80.1  444.0
2017 319 11 15 1900  -13.6  967.7    5.2  136.0   79.0  444.0
2017 319 11 15 2000  -12.5  967.8    6.5  147.0   79.0  444.0
2017 319 11 15 2100  -12.1  968.0    6.0  156.0   80.0  444.0
2017 319 11 15 2200  -10.6  968.0    6.2  158.0   82.0  444.0
2017 319 11 15 2300  -10.7  967.9    6.0  162.0   80.8  444.0
2017 320 11 16 0000   -9.7  967.5    6.0  164.0   78.0  444.0
2017 320 11 16 0100   -9.8  966.9    5.4  173.0   78.8  444.0
2017 320 11 16 0200   -9.1  966.5    7.0  158.0   78.0  444.0
2017 320 11 16 0300  -10.6  966.3    7.4  151.0   71.0  444.0
2017 320 11 16 0400  -12.4  966.6    7.1  138.0   73.7  444.0
2017 320 11 16 0500  -14.5  966.6    7.8  125.0   78.0  444.0
2017 320 11 16 0600  -15.8  967.3    7.7  131.0   81.0  444.0
2017 320 11 16 0700  -18.1  967.9    8.4  131.0   80.0  444.0
2017 320 11 16 0800  -19.0  968.7    7.3  129.0   80.0  444.0
2017 320 11 16 0900  -19.6  969.4    5.9  134.0   80.0  444.0
2017 320 11 16 1000  -19.3  970.3    5.0  109.0   81.0  444.0
2017 320 11 16 1100  -18.5  970.7    4.8  101.0   80.8  444.0
2017 320 11 16 1200  -18.3  971.4    4.2  110.0   82.0  444.0
2017 320 11 16 1300  -19.4  971.8    4.3  113.0   79.0  444.0
2017 320 11 16 1400  -20.0  972.1    2.5  143.0   79.0  444.0
2017 320 11 16 1500  -20.1  972.0    2.4  160.0   77.0  444.0
2017 320 11 16 1600  -20.6  972.1    2.8  167.0   75.7  444.0
2017 320 11 16 1700  -20.3  972.4    3.0  160.0   74.0  444.0
2017 320 11 16 1800  -20.3  972.5    2.4  161.0   74.0  444.0
2017 320 11 16 1900  -19.8  972.6    2.3  170.0   75.0  444.0
2017 320 11 16 2000  -19.7  972.5    2.2  164.0   76.0  444.0
2017 320 11 16 2100  -18.9  972.5    1.9  192.0   75.0  444.0
2017 320 11 16 2200  -18.0  972.3    2.4  199.0   74.0  444.0
2017 320 11 16 2300  -16.8  972.2    2.1  180.0   73.0  444.0
2017 321 11 17 0000  -16.2  972.1    1.2  211.0   71.0  444.0
2017 321 11 17 0100  444.0  971.8    0.4  245.0   67.6  444.0
2017 321 11 17 0200  -15.7  971.8    1.8  218.0   72.9  444.0
2017 321 11 17 0300  -15.4  971.5    1.7  225.0   70.0  444.0
2017 321 11 17 0400  -15.4  971.4    1.6  221.0   70.0  444.0
2017 321 11 17 0500  -15.7  971.2    2.2  204.0   77.0  444.0
2017 321 11 17 0600  -16.2  970.8    2.4  170.0   78.0  444.0
2017 321 11 17 0700  -17.0  970.7    2.7  188.0   80.0  444.0
2017 321 11 17 0800  -17.6  970.8    2.3  182.0   79.0  444.0
2017 321 11 17 0900  -17.6  970.6    3.3  182.0   80.0  444.0
2017 321 11 17 1000  -18.4  970.5    2.7  183.0   77.0  444.0
2017 321 11 17 1100  -19.6  970.5    2.8  192.0   77.0  444.0
2017 321 11 17 1200  -19.7  970.5    3.4  188.0   78.0  444.0
2017 321 11 17 1300  -19.5  969.8    3.6  182.0   79.0  444.0
2017 321 11 17 1400  -19.9  969.6    3.9  202.0   76.0  444.0
2017 321 11 17 1500  -19.1  969.3    4.9  196.0   77.0  444.0
2017 321 11 17 1600  -18.7  968.8    4.7  197.0   79.0  444.0
2017 321 11 17 1700  -17.1  968.5    4.3  199.0   78.0  444.0
2017 321 11 17 1800  -16.4  968.0    4.2  196.0   78.3  444.0
2017 321 11 17 1900  -15.0  967.5    5.0  194.0   78.5  444.0
2017 321 11 17 2000  -12.3  967.2    5.9  174.0   79.0  444.0
2017 321 11 17 2100  -11.0  966.7    5.1  181.0   80.0  444.0
2017 321 11 17 2200   -9.4  966.0    6.4  163.0   82.0  444.0
2017 321 11 17 2300   -8.6  965.5    8.0  159.0   79.6  444.0
2017 322 11 18 0000   -8.7  965.3    6.9  161.0   78.9  444.0
2017 322 11 18 0100   -8.8  964.9    7.2  160.0   79.0  444.0
2017 322 11 18 0200   -8.7  964.5    7.7  150.0   78.0  444.0
2017 322 11 18 0300   -8.9  964.1    8.6  147.0   78.0  444.0
2017 322 11 18 0400   -8.6  963.7    7.8  155.0   79.0  444.0
2017 322 11 18 0500   -9.8  963.4    8.4  154.0   82.0  444.0
2017 322 11 18 0600   -9.5  963.3    8.9  145.0   79.3  444.0
2017 322 11 18 0700   -9.8  963.6    7.8  153.0   81.0  444.0
2017 322 11 18 0800   -9.4  963.4   10.2  140.0   84.0  444.0
2017 322 11 18 0900  -10.4  963.6    9.4  144.0   80.0  444.0
2017 322 11 18 1000  -10.6  963.8    9.4  141.0   79.0  444.0
2017 322 11 18 1100  -10.9  964.0    8.7  141.0   78.5  444.0
2017 322 11 18 1200  -11.7  963.8    9.4  143.0   80.0  444.0
2017 322 11 18 1300  -12.5  963.9    8.9  137.0   80.0  444.0
2017 322 11 18 1400  -13.1  964.1    8.9  134.0   80.0  444.0
2017 322 11 18 1500  -13.7  964.6    7.8  134.0   80.0  444.0
2017 322 11 18 1600  -13.8  964.9    7.7  134.0   79.8  444.0
2017 322 11 18 1700  -13.8  964.8    9.0  137.0   79.0  444.0
2017 322 11 18 1800  -14.0  965.3    8.5  123.0   78.0  444.0
2017 322 11 18 1900  -15.0  966.2    8.9  117.0   77.0  444.0
2017 322 11 18 2000  -15.3  966.9    9.1  121.0   78.0  444.0
2017 322 11 18 2100  -13.5  967.3   10.3  133.0   83.6  444.0
2017 322 11 18 2200  -11.5  967.8   11.2  129.0   84.0  444.0
2017 322 11 18 2300  -10.2  968.4   11.5  131.0   80.0  444.0
2017 323 11 19 0000   -9.8  968.8   11.1  135.0   79.0  444.0
2017 323 11 19 0100  -10.3  969.2   11.8  134.0   80.0  444.0
2017 323 11 19 0200   -9.8  969.5   11.3  103.0   81.0  444.0
2017 323 11 19 0300   -9.4  969.6   11.0  128.0   82.0  444.0
2017 323 11 19 0400   -9.2  969.9    9.9  123.0   82.0  444.0
2017 323 11 19 0500   -9.4  970.7    8.6  119.0   85.0  444.0
2017 323 11 19 0600  -10.2  971.3    6.6  125.0   83.0  444.0
2017 323 11 19 0700  -11.3  971.8    6.6  126.0   83.0  444.0
2017 323 11 19 0800  -11.7  972.2    6.0  129.0   84.0  444.0
2017 323 11 19 0900  -11.3  972.7    5.3  136.0   83.1  444.0
2017 323 11 19 1000  -12.1  973.2    4.9  141.0   87.0  444.0
2017 323 11 19 1100  -12.8  973.5    4.5  127.0   87.0  444.0
2017 323 11 19 1200  -12.0  973.9    4.2  150.0   83.0  444.0
2017 323 11 19 1300  -14.0  974.2    5.1  138.0   81.0  444.0
2017 323 11 19 1400  -14.1  974.6    4.4  133.0   79.3  444.0
2017 323 11 19 1500  -14.2  974.8    4.2  125.0   80.0  444.0
2017 323 11 19 1600  -14.5  975.2    4.4  151.0   84.0  444.0
2017 323 11 19 1700  -13.2  975.6    3.3  128.0   82.0  444.0
2017 323 11 19 1800  -12.9  975.8    4.1  148.0   79.0  444.0
2017 323 11 19 1900  -13.3  976.2    4.7  141.0   77.5  444.0
2017 323 11 19 2000  -14.2  976.5    5.2  155.0   80.0  444.0
2017 323 11 19 2100  -14.0  976.7    4.9  151.0   77.1  444.0
2017 323 11 19 2200  -13.2  976.8    5.2  132.0   78.0  444.0
2017 323 11 19 2300  -12.8  977.3    5.6  118.0   78.0  444.0
2017 324 11 20 0000  -12.8  977.5    4.3  120.0   78.0  444.0
2017 324 11 20 0100  -12.7  977.5    4.5  140.0   79.0  444.0
2017 324 11 20 0200  -12.2  977.4    4.1  139.0   79.4  444.0
2017 324 11 20 0300  -11.8  977.3    3.8  143.0   84.0  444.0
2017 324 11 20 0400  -11.7  977.2    4.4  122.0   87.0  444.0
2017 324 11 20 0500  -11.5  977.2    3.2  128.0   86.0  444.0
2017 324 11 20 0600  -11.6  977.3    3.6  112.0   86.0  444.0
2017 324 11 20 0700  -11.5  977.3    2.6  133.0   85.5  444.0
2017 324 11 20 0800  -11.4  977.3    4.1  140.0   88.0  444.0
2017 324 11 20 0900  -11.1  977.3    3.4  133.0   88.8  444.0
2017 324 11 20 1000  -10.9  977.1    4.1  134.0   89.0  444.0
2017 324 11 20 1100  -11.2  977.0    4.9  140.0   89.0  444.0
2017 324 11 20 1200  -11.2  976.9    4.1  132.0   89.0  444.0
2017 324 11 20 1300  -11.1  976.7    3.4  135.0   89.0  444.0
2017 324 11 20 1400  -10.9  976.4    3.4  166.0   89.0  444.0
2017 324 11 20 1500  -10.4  975.9    3.0  169.0   89.0  444.0
2017 324 11 20 1600  -10.2  975.5    5.3  165.0   89.0  444.0
2017 324 11 20 1700  -10.4  975.2    5.3  153.0   87.7  444.0
2017 324 11 20 1800  -10.6  974.9    5.1  152.0   87.0  444.0
2017 324 11 20 1900  -11.8  974.6    5.3  189.0   89.1  444.0
2017 324 11 20 2000  -13.4  974.1    4.2  199.0   79.0  444.0
2017 324 11 20 2100  -13.3  973.5    3.8  192.0   76.0  444.0
2017 324 11 20 2200  -13.1  972.8    3.5  189.0   75.1  444.0
2017 324 11 20 2300  -12.7  972.4    4.2  183.0   75.0  444.0
2017 325 11 21 0000  -12.1  971.8    5.0  174.0   73.7  444.0
2017 325 11 21 0100  -11.8  971.2    5.9  165.0   73.0  444.0
2017 325 11 21 0200  -11.2  970.7    4.7  164.0   74.0  444.0
2017 325 11 21 0300  -10.7  970.0    6.2  166.0   73.1  444.0
2017 325 11 21 0400  -10.6  969.5    4.7  182.0   74.0  444.0
2017 325 11 21 0500  -10.7  969.3    4.8  180.0   74.5  444.0
2017 325 11 21 0600  -10.9  969.1    5.3  182.0   74.0  444.0
2017 325 11 21 0700  -11.3  968.7    4.6  188.0   74.0  444.0
2017 325 11 21 0800  -11.7  968.2    5.8  191.0   75.0  444.0
2017 325 11 21 0900  -12.0  967.8    6.9  192.0   74.0  444.0
2017 325 11 21 1000  -12.1  967.1    7.8  192.0   73.3  444.0
2017 325 11 21 1100  -12.2  966.8    7.6  192.0   72.0  444.0
2017 325 11 21 1200  -12.4  966.7    8.1  192.0   71.0  444.0
2017 325 11 21 1300  -12.7  966.3    7.9  196.0   73.0  444.0
2017 325 11 21 1400  -12.3  965.9    7.4  197.0   70.0  444.0
2017 325 11 21 1500  -11.2  965.6    8.7  190.0   71.1  444.0
2017 325 11 21 1600   -9.7  965.2    8.1  201.0   68.0  444.0
2017 325 11 21 1700   -8.8  965.0    7.9  202.0   68.0  444.0
2017 325 11 21 1800   -9.3  965.0    6.9  187.0   67.0  444.0
2017 325 11 21 1900   -8.7  964.2    9.6  202.0   68.0  444.0
2017 325 11 21 2000   -7.6  963.1   10.7  200.0   79.3  444.0
2017 325 11 21 2100   -8.3  962.5   10.9  168.0   82.0  444.0
2017 325 11 21 2200   -8.9  962.1    9.8  167.0   82.0  444.0
2017 325 11 21 2300  -10.2  961.9   10.3  168.0   80.0  444.0
2017 326 11 22 0000  -10.7  961.9    9.3  162.0   79.0  444.0
2017 326 11 22 0100  -11.6  961.9    9.1  158.0   80.0  444.0
2017 326 11 22 0200  -11.3  961.7    7.4  157.0   77.0  444.0
2017 326 11 22 0300  -10.9  961.6    6.3  159.0   79.0  444.0
2017 326 11 22 0400  -10.5  961.2    5.2  166.0   78.5  444.0
2017 326 11 22 0500  -10.1  960.9    4.4  174.0   82.0  444.0
2017 326 11 22 0600  -10.3  960.6    4.2  173.0   82.0  444.0
2017 326 11 22 0700  -10.4  960.3    4.2  183.0   85.0  444.0
2017 326 11 22 0800   -9.4  959.8    6.6  158.0   86.0  444.0
2017 326 11 22 0900   -8.8  959.5    8.4  145.0   85.0  444.0
2017 326 11 22 1000   -9.2  958.9    9.0  150.0   86.0  444.0
2017 326 11 22 1100   -9.5  958.5   10.3  153.0   85.0  444.0
2017 326 11 22 1200   -9.5  958.0   10.8  158.0   85.7  444.0
2017 326 11 22 1300   -9.6  957.2   12.1  155.0   87.1  444.0
2017 326 11 22 1400   -9.7  956.6   12.2  153.0   87.0  444.0
2017 326 11 22 1500   -9.7  956.5   12.9  148.0   87.0  444.0
2017 326 11 22 1600   -9.7  956.6   12.8  148.0   85.0  444.0
2017 326 11 22 1700  -10.0  956.7   11.3  149.0   83.9  444.0
2017 326 11 22 1800  -10.0  956.7   11.8  149.0   82.9  444.0
2017 326 11 22 1900   -9.4  956.5   13.8  153.0   83.0  444.0
2017 326 11 22 2000   -9.2  955.9   13.4  159.0   83.0  444.0
2017 326 11 22 2100   -8.9  955.8   12.1  155.0   83.0  444.0
2017 326 11 22 2200   -8.3  955.4   11.2  152.0   83.0  444.0
2017 326 11 22 2300   -7.9  955.2    8.6  152.0   84.0  444.0
2017 327 11 23 0000   -7.5  955.1    7.8  150.0   83.0  444.0
2017 327 11 23 0100   -8.1  955.3   11.5  141.0   82.0  444.0
2017 327 11 23 0200  -10.8  956.5    9.8  136.0   80.2  444.0
2017 327 11 23 0300  -10.3  956.7    7.3  139.0   81.0  444.0
2017 327 11 23 0400  -10.3  956.7    9.8  135.0   80.0  444.0
2017 327 11 23 0500  -10.5  957.2    8.5  141.0   82.0  444.0
2017 327 11 23 0600  -10.9  957.3   10.5  139.0   81.0  444.0
2017 327 11 23 0700  -13.3  958.0   11.2  121.0   81.0  444.0
2017 327 11 23 0800  -13.7  958.9   10.9  114.0   80.0  444.0
2017 327 11 23 0900  -13.0  959.8    8.8  118.0   80.0  444.0
2017 327 11 23 1000  -14.4  960.5    5.7  134.0   82.0  444.0
2017 327 11 23 1100  -13.8  961.2    6.0  125.0   82.0  444.0
2017 327 11 23 1200  -15.8  962.1    4.7  126.0   84.0  444.0
2017 327 11 23 1300  -15.6  962.6    6.3  139.0   80.0  444.0
2017 327 11 23 1400  -15.4  963.1    7.7  136.0   81.0  444.0
2017 327 11 23 1500  -14.7  963.6    9.0  125.0   84.0  444.0
2017 327 11 23 1600  -15.1  964.4    8.5  120.0   81.0  444.0
2017 327 11 23 1700  -15.0  965.4    8.8  115.0   81.0  444.0
2017 327 11 23 1800  -14.4  966.8    6.6   91.0   81.0  444.0
2017 327 11 23 1900  -13.8  967.7    5.5   94.0   80.0  444.0
2017 327 11 23 2000  -13.2  968.5    7.3  102.0   86.0  444.0
2017 327 11 23 2100  -12.7  969.1    6.6  109.0   80.0  444.0
2017 327 11 23 2200  -12.6  969.8    5.5   99.0   80.0  444.0
2017 327 11 23 2300  -12.8  970.2    5.3  102.0   80.4  444.0
2017 328 11 24 0000  -12.9  970.9    3.8   99.0   82.0  444.0
2017 328 11 24 0100  -12.6  971.4    2.7  129.0   83.0  444.0
2017 328 11 24 0200  -12.1  971.9    3.1  139.0   82.0  444.0
2017 328 11 24 0300  -11.3  972.0    3.1  105.0   80.0  444.0
2017 328 11 24 0400  -11.3  972.3    3.5  113.0   81.9  444.0
2017 328 11 24 0500  -11.2  972.9    3.0  126.0   81.0  444.0
2017 328 11 24 0600  -11.2  973.1    2.8   96.0   81.0  444.0
2017 328 11 24 0700  -11.2  973.6    2.3  103.0   81.0  444.0
2017 328 11 24 0800  -11.3  973.8    1.5  141.0   82.0  444.0
2017 328 11 24 0900  -11.5  974.1    1.3  143.0   82.0  444.0
2017 328 11 24 1000  -11.8  974.4    2.2  136.0   84.0  444.0
2017 328 11 24 1100  -12.1  974.8    0.9  155.0   85.0  444.0
2017 328 11 24 1200  -12.5  974.9    1.4  118.0   87.0  444.0
2017 328 11 24 1300  -12.5  975.0    1.3  183.0   88.0  444.0
2017 328 11 24 1400  -12.7  975.1    1.4  190.0   87.0  444.0
2017 328 11 24 1500  -12.9  975.1    1.2  206.0   87.0  444.0
2017 328 11 24 1600  -13.1  975.3    0.9  214.0   86.0  444.0
2017 328 11 24 1700  -13.5  975.3    0.3  303.0   83.0  444.0
2017 328 11 24 1800  -13.6  975.6    0.9  244.0   85.0  444.0
2017 328 11 24 1900  -13.2  975.6    0.8  236.0   87.0  444.0
2017 328 11 24 2000  -12.3  975.4    1.6  233.0   86.7  444.0
2017 328 11 24 2100  -11.9  975.2    1.7  247.0   85.0  444.0
2017 328 11 24 2200  -11.3  975.2    1.4  264.0   84.0  444.0
2017 328 11 24 2300  -11.5  975.2    2.4  289.0   84.0  444.0
2017 329 11 25 0000  -11.1  975.1    1.9  299.0   85.0  444.0
2017 329 11 25 0100  -10.7  974.9    2.8  309.0   83.3  444.0
2017 329 11 25 0200  -10.6  974.7    3.1  299.0   85.0  444.0
2017 329 11 25 0300  -10.8  974.5    3.9  314.0   86.0  444.0
2017 329 11 25 0400  -10.8  974.4    3.2  322.0   86.0  444.0
2017 329 11 25 0500  -10.4  974.4    1.7  342.0   86.0  444.0
2017 329 11 25 0600  -10.4  974.5    2.3  303.0   87.0  444.0
2017 329 11 25 0700  -10.4  974.6    1.2    7.0   87.0  444.0
2017 329 11 25 0800  444.0  974.6    0.8   10.0   85.7  444.0
2017 329 11 25 0900  -11.3  974.6    1.3  140.0   87.0  444.0
2017 329 11 25 1000  -11.8  974.6    2.9   93.0   88.0  444.0
2017 329 11 25 1100  -11.7  974.8    2.6   97.0   88.0  444.0
2017 329 11 25 1200  -11.9  974.8    2.3  106.0   90.0  444.0
2017 329 11 25 1300  -11.5  974.8    0.7  115.0   90.1  444.0
2017 329 11 25 1400  -11.7  974.8    0.6   72.0   90.0  444.0
2017 329 11 25 1500  -11.7  974.8    0.4  111.0   87.0  444.0
2017 329 11 25 1600  -12.2  974.7    0.7  322.0   89.0  444.0
2017 329 11 25 1700  -12.3  974.8    0.9  162.0   87.0  444.0
2017 329 11 25 1800  -12.3  974.8    0.8  223.0   82.1  444.0
2017 329 11 25 1900  -12.5  974.7    0.4  249.0   81.0  444.0
2017 329 11 25 2000  -12.3  974.7    1.0  219.0   82.0  444.0
2017 329 11 25 2100  -12.2  974.6    1.3  215.0   80.0  444.0
2017 329 11 25 2200  -12.3  974.5    1.3  218.0   80.0  444.0
2017 329 11 25 2300  -11.8  974.3    1.2  199.0   79.6  444.0
2017 330 11 26 0000  -12.3  974.3    1.1  239.0   77.0  444.0
2017 330 11 26 0100  -12.6  973.9    0.5  214.0   77.0  444.0
2017 330 11 26 0200  -12.4  973.7    1.7  290.0   80.0  444.0
2017 330 11 26 0300  -12.3  973.3    1.2  311.0   80.0  444.0
2017 330 11 26 0400  -13.1  973.0    2.0  281.0   83.7  444.0
2017 330 11 26 0500  -13.3  972.8    2.5  277.0   84.0  444.0
2017 330 11 26 0600  -13.8  972.5    2.4  268.0   86.0  444.0
2017 330 11 26 0700  -13.9  972.4    1.3  272.0   86.0  444.0
2017 330 11 26 0800  -14.3  972.1    0.9  237.0   87.0  444.0
2017 330 11 26 0900  -14.0  971.9    1.2  275.0   86.0  444.0
2017 330 11 26 1000  -14.6  971.7    0.7  137.0   88.0  444.0
2017 330 11 26 1100  -14.3  971.5    0.3   94.0   87.0  444.0
2017 330 11 26 1200  -15.0  971.2    1.2   49.0   86.0  444.0
2017 330 11 26 1300  -15.6  970.9    1.1   27.0   85.0  444.0
2017 330 11 26 1400  -15.4  970.7    0.8   50.0   85.0  444.0
2017 330 11 26 1500  -15.8  970.6    1.4   51.0   84.0  444.0
2017 330 11 26 1600  -16.1  970.8    1.5  107.0   84.4  444.0
2017 330 11 26 1700  -16.3  970.5    1.4  114.0   84.0  444.0
2017 330 11 26 1800  -16.5  970.7    3.2  121.0   83.0  444.0
2017 330 11 26 1900  -15.5  970.7    3.8  126.0   84.0  444.0
2017 330 11 26 2000  -15.4  970.8    3.5  110.0   83.0  444.0
2017 330 11 26 2100  -16.1  971.1    5.2  132.0   81.6  444.0
2017 330 11 26 2200  -14.7  971.1    5.1  138.0   83.0  444.0
2017 330 11 26 2300  -13.8  971.0    4.3  124.0   81.0  444.0
2017 331 11 27 0000  -13.6  971.0    5.7  148.0   83.0  444.0
2017 331 11 27 0100  -14.3  970.9    5.9  144.0   81.0  444.0
2017 331 11 27 0200  -14.7  970.7    5.9  158.0   81.0  444.0
2017 331 11 27 0300  -14.8  970.7    5.7  138.0   81.4  444.0
2017 331 11 27 0400  -14.7  970.7    5.7  144.0   81.0  444.0
2017 331 11 27 0500  -14.7  970.8    7.1  118.0   80.0  444.0
2017 331 11 27 0600  -14.5  971.2    6.2  113.0   81.0  444.0
2017 331 11 27 0700  -14.1  971.4    5.7  137.0   80.2  444.0
2017 331 11 27 0800  -16.2  971.6    4.1  163.0   79.0  444.0
2017 331 11 27 0900  -17.1  971.5    4.1  173.0   78.5  444.0
2017 331 11 27 1000  -17.5  971.6    4.4  180.0   77.0  444.0
2017 331 11 27 1100  -17.9  971.6    4.5  174.0   77.0  444.0
2017 331 11 27 1200  -17.8  971.8    4.0  175.0   76.5  444.0
2017 331 11 27 1300  -17.6  971.8    3.6  164.0   76.0  444.0
2017 331 11 27 1400  -17.6  972.0    4.1  174.0   76.0  444.0
2017 331 11 27 1500  -17.0  971.8    4.2  180.0   75.0  444.0
2017 331 11 27 1600  -16.9  971.8    3.6  172.0   75.0  444.0
2017 331 11 27 1700  -16.7  972.0    2.4  151.0   73.7  444.0
2017 331 11 27 1800  -16.8  972.1    2.3  171.0   75.0  444.0
2017 331 11 27 1900  -15.1  972.5    4.8  123.0   75.0  444.0
2017 331 11 27 2000  -15.5  972.9    4.2  127.0   75.0  444.0
2017 331 11 27 2100  -15.4  973.2    3.5  131.0   75.0  444.0
2017 331 11 27 2200  -15.0  973.5    2.9  128.0   75.0  444.0
2017 331 11 27 2300  -14.7  973.8    2.8  133.0   75.0  444.0
2017 332 11 28 0000  -13.8  973.8    2.0  169.0   75.0  444.0
2017 332 11 28 0100  444.0  973.9    1.0  193.0   74.1  444.0
2017 332 11 28 0200  -13.6  973.5    2.1  234.0   72.0  444.0
2017 332 11 28 0300  -13.4  973.5    3.0  216.0   77.0  444.0
2017 332 11 28 0400  -13.3  973.0    3.1  224.0   76.0  444.0
2017 332 11 28 0500  -13.0  972.7    3.5  205.0   79.0  444.0
2017 332 11 28 0600  -13.1  972.6    3.2  215.0   78.0  444.0
2017 332 11 28 0700  -13.1  972.2    3.7  204.0   79.6  444.0
2017 332 11 28 0800  -13.2  972.0    3.9  191.0   80.0  444.0
2017 332 11 28 0900  -13.4  971.9    3.9  185.0   79.0  444.0
2017 332 11 28 1000  -13.3  972.1    4.1  172.0   80.0  444.0
2017 332 11 28 1100  -15.4  972.2    3.5  176.0   80.0  444.0
2017 332 11 28 1200  -15.3  972.3    4.0  160.0   79.8  444.0
2017 332 11 28 1300  -16.9  972.3    2.9  186.0   78.0  444.0
2017 332 11 28 1400  -15.9  972.3    2.8  183.0   77.0  444.0
2017 332 11 28 1500  -16.1  972.2    3.1  188.0   77.0  444.0
2017 332 11 28 1600  -16.3  972.1    2.6  200.0   77.0  444.0
2017 332 11 28 1700  -15.4  972.1    3.6  188.0   77.4  444.0
2017 332 11 28 1800  -14.7  972.1    3.6  190.0   78.0  444.0
2017 332 11 28 1900  -13.8  972.1    3.0  182.0   77.0  444.0
2017 332 11 28 2000  -13.2  972.1    2.6  192.0   77.0  444.0
2017 332 11 28 2100  -12.5  972.0    3.6  181.0   77.2  444.0
2017 332 11 28 2200  -11.6  972.1    3.4  178.0   76.9  444.0
2017 332 11 28 2300  -10.9  972.1    3.8  185.0   77.0  444.0
2017 333 11 29 0000  -10.5  972.0    4.1  190.0   78.0  444.0
2017 333 11 29 0100   -9.9  972.0    4.4  172.0   79.0  444.0
2017 333 11 29 0200   -9.5  972.0    3.9  168.0   78.2  444.0
2017 333 11 29 0300   -9.3  972.0    4.3  173.0   78.3  444.0
2017 333 11 29 0400   -9.4  972.0    4.8  170.0   78.0  444.0
2017 333 11 29 0500   -9.5  972.2    4.2  166.0   77.3  444.0
2017 333 11 29 0600   -9.9  972.3    3.7  171.0   79.0  444.0
2017 333 11 29 0700  -10.7  972.6    3.6  187.0   78.8  444.0
2017 333 11 29 0800  -11.8  972.7    3.7  192.0   81.0  444.0
2017 333 11 29 0900  -12.5  972.9    3.6  195.0   81.0  444.0
2017 333 11 29 1000  -11.2  972.9    4.8  162.0   79.5  444.0
2017 333 11 29 1100  -11.9  973.2    3.9  175.0   79.0  444.0
2017 333 11 29 1200  -12.9  973.4    4.2  161.0   80.0  444.0
2017 333 11 29 1300  -14.0  973.7    3.4  174.0   80.0  444.0
2017 333 11 29 1400  -13.8  973.9    3.9  174.0   79.2  444.0
2017 333 11 29 1500  -13.9  974.2    3.7  178.0   78.6  444.0
2017 333 11 29 1600  -13.8  974.4    4.2  174.0   79.0  444.0
2017 333 11 29 1700  -13.8  974.7    3.8  171.0   78.0  444.0
2017 333 11 29 1800  -13.4  975.0    4.9  165.0   78.0  444.0
2017 333 11 29 1900  -12.9  975.6    4.3  165.0   76.9  444.0
2017 333 11 29 2000  -12.1  975.9    4.7  167.0   76.1  444.0
2017 333 11 29 2100  -11.1  976.3    5.3  172.0   75.0  444.0
2017 333 11 29 2200  -10.5  976.4    5.9  172.0   75.0  444.0
2017 333 11 29 2300   -9.8  976.7    6.0  170.0   75.0  444.0
2017 334 11 30 0000   -9.3  977.0    6.8  150.0   74.5  444.0
2017 334 11 30 0100   -9.5  977.3    6.7  152.0   76.0  444.0
2017 334 11 30 0200   -9.4  977.7    6.1  157.0   76.0  444.0
2017 334 11 30 0300   -9.2  978.3    5.5  153.0   77.5  444.0
2017 334 11 30 0400   -9.0  978.4    4.6  155.0   78.0  444.0
2017 334 11 30 0500   -9.2  978.6    4.0  168.0   80.0  444.0
2017 334 11 30 0600   -9.4  979.0    4.0  172.0   80.0  444.0
2017 334 11 30 0700  -10.1  979.3    3.6  174.0   82.0  444.0
2017 334 11 30 0800  -10.4  979.6    3.9  177.0   81.5  444.0
2017 334 11 30 0900  -10.9  979.5    4.0  176.0   82.0  444.0
2017 334 11 30 1000  -12.3  979.7    2.9  177.0   81.0  444.0
2017 334 11 30 1100  -13.0  979.9    3.0  205.0   80.0  444.0
2017 334 11 30 1200  -13.1  980.3    3.6  207.0   79.0  444.0
2017 334 11 30 1300  -13.8  980.2    3.9  200.0   80.8  444.0
2017 334 11 30 1400  -13.2  980.4    4.1  193.0   80.0  444.0
2017 334 11 30 1500  -12.8  980.4    4.1  192.0   79.0  444.0
2017 334 11 30 1600  -12.0  980.3    4.0  185.0   78.0  444.0
2017 334 11 30 1700  -12.1  980.2    3.5  192.0   77.8  444.0
2017 334 11 30 1800  -11.0  980.1    3.8  201.0   77.3  444.0
2017 334 11 30 1900   -9.6  980.1    3.9  182.0   77.0  444.0
2017 334 11 30 2000   -8.2  979.9    4.9  188.0   77.0  444.0
2017 334 11 30 2100   -7.0  979.4    7.8  173.0   75.8  444.0
2017 334 11 30 2200   -7.1  979.3    9.1  168.0   80.3  444.0
2017 334 11 30 2300   -6.9  978.8    9.0  171.0   80.0  444.0
