Year: 2022  Month: 10  ID: LET  ARGOS:  8928  Name: Lettau              
Lat: 82.48S  Lon: 174.59W  Elev:   38m
2022 274 10  1 0000  -24.3  964.4   10.1  147.0   78.0  444.0
2022 274 10  1 0100  -23.7  964.0   11.3  144.0   79.1  444.0
2022 274 10  1 0200  -23.0  963.6   12.2  149.0   80.0  444.0
2022 274 10  1 0300  -22.6  963.5   10.1  156.0   80.0  444.0
2022 274 10  1 0400  -23.1  963.3    9.4  147.0   80.0  444.0
2022 274 10  1 0500  -22.5  962.2    9.8  161.0   80.0  444.0
2022 274 10  1 0600  -22.4  961.6   10.0  158.0   80.9  444.0
2022 274 10  1 0700  -22.0  960.6   12.8  164.0   82.0  444.0
2022 274 10  1 0800  -22.0  959.6   13.6  160.0   82.0  444.0
2022 274 10  1 0900  -21.7  959.0   15.5  158.0   82.3  444.0
2022 274 10  1 1000  -22.4  958.6   16.1  151.0   82.0  444.0
2022 274 10  1 1100  -24.0  958.7   15.8  143.0   80.0  444.0
2022 274 10  1 1200  -25.4  959.6   14.2  139.0   79.0  444.0
2022 274 10  1 1300  -30.6  960.9   10.1  122.0   74.0  444.0
2022 274 10  1 1400  -32.6  961.7   10.2  120.0   73.5  444.0
2022 274 10  1 1500  -34.0  962.4    7.5  120.0   72.0  444.0
2022 274 10  1 1600  -35.5  962.8    3.9  147.0   71.0  444.0
2022 274 10  1 1700  -31.3  962.6    5.1  175.0   75.0  444.0
2022 274 10  1 1800  -23.9  962.1    9.0  152.0   79.0  444.0
2022 274 10  1 1900  -23.5  962.0    7.9  152.0   81.8  444.0
2022 274 10  1 2000  -22.4  962.0    8.1  146.0   77.0  444.0
2022 274 10  1 2100  -23.4  962.0    7.8  155.0   76.0  444.0
2022 274 10  1 2200  -23.3  962.0    9.8  156.0   76.0  444.0
2022 274 10  1 2300  -23.3  961.7    6.8  168.0   76.0  444.0
2022 275 10  2 0000  -23.0  961.4    6.9  154.0   76.0  444.0
2022 275 10  2 0100  -27.0  961.6    9.4  150.0   73.0  444.0
2022 275 10  2 0200  -31.0  962.4    9.6  130.0   72.0  444.0
2022 275 10  2 0300  -33.6  963.4   10.6  120.0   71.0  444.0
2022 275 10  2 0400  -35.0  965.3   10.3  117.0   70.7  444.0
2022 275 10  2 0500  -36.0  966.8    9.3  116.0   70.0  444.0
2022 275 10  2 0600  -37.3  968.3    9.1  118.0   70.0  444.0
2022 275 10  2 0700  -38.4  969.7    7.7  107.0   69.3  444.0
2022 275 10  2 0800  -38.8  971.2    5.7  124.0   69.0  444.0
2022 275 10  2 0900  -38.6  971.7    5.0  122.0   69.0  444.0
2022 275 10  2 1000  -39.5  971.9    3.4  170.0   69.0  444.0
2022 275 10  2 1100  -39.0  972.2    3.0  181.0   69.0  444.0
2022 275 10  2 1200  -37.7  972.0    4.1  206.0   70.0  444.0
2022 275 10  2 1300  -35.1  971.8    4.7  188.0   71.0  444.0
2022 275 10  2 1400  -30.1  972.2    6.7  168.0   74.0  444.0
2022 275 10  2 1500  -27.6  972.0    8.8  157.0   76.0  444.0
2022 275 10  2 1600  -27.1  972.2    8.1  146.0   77.0  444.0
2022 275 10  2 1700  -25.9  972.3    9.6  142.0   77.0  444.0
2022 275 10  2 1800  -25.3  972.3   10.4  142.0   77.0  444.0
2022 275 10  2 1900  -24.6  972.7   11.0  141.0   77.0  444.0
2022 275 10  2 2000  -24.2  973.0   11.2  146.0   76.0  444.0
2022 275 10  2 2100  -23.8  973.3   12.4  143.0   76.0  444.0
2022 275 10  2 2200  -23.4  973.8   12.4  142.0   76.0  444.0
2022 275 10  2 2300  -23.2  973.9   12.4  141.0   75.4  444.0
2022 276 10  3 0000  -22.5  974.5   12.7  144.0   75.0  444.0
2022 276 10  3 0100  -21.8  975.1   13.8  144.0   68.0  444.0
2022 276 10  3 0200  -21.7  975.0   14.5  141.0   68.3  444.0
2022 276 10  3 0300  -21.8  975.6   13.2  148.0   69.0  444.0
2022 276 10  3 0400  -22.0  975.8   11.4  154.0   69.2  444.0
2022 276 10  3 0500  -21.6  976.2   12.5  146.0   69.0  444.0
2022 276 10  3 0600  -22.0  976.5   13.8  147.0   70.0  444.0
2022 276 10  3 0700  -22.2  977.1   14.1  143.0   71.0  444.0
2022 276 10  3 0800  -22.8  977.6   13.3  146.0   71.0  444.0
2022 276 10  3 0900  -22.8  977.7   14.5  139.0   71.0  444.0
2022 276 10  3 1000  -23.3  978.4   13.1  145.0   71.0  444.0
2022 276 10  3 1100  -24.1  979.2   12.7  142.0   70.0  444.0
2022 276 10  3 1200  -24.3  979.5   13.2  141.0   70.0  444.0
2022 276 10  3 1300  -25.4  979.8   10.5  148.0   71.0  444.0
2022 276 10  3 1400  -25.8  980.5   10.6  148.0   72.0  444.0
2022 276 10  3 1500  -26.7  980.9    8.8  158.0   71.0  444.0
2022 276 10  3 1600  -26.9  981.2   10.2  144.0   73.0  444.0
2022 276 10  3 1700  -28.1  982.0    8.3  136.0   71.0  444.0
2022 276 10  3 1800  -28.0  982.9    8.2  152.0   71.0  444.0
2022 276 10  3 1900  -29.0  983.1    6.5  164.0   70.0  444.0
2022 276 10  3 2000  -29.0  983.4    6.8  156.0   69.0  444.0
2022 276 10  3 2100  -28.6  983.7    6.3  159.0   70.0  444.0
2022 276 10  3 2200  -28.6  984.4    6.3  137.0   69.0  444.0
2022 276 10  3 2300  -28.6  984.5    6.2  138.0   68.0  444.0
2022 277 10  4 0000  -28.5  984.6    4.7  150.0   67.0  444.0
2022 277 10  4 0100  -28.0  984.5    6.7  160.0   67.0  444.0
2022 277 10  4 0200  -28.4  984.2    5.4  164.0   67.0  444.0
2022 277 10  4 0300  -28.3  983.8    6.3  156.0   67.0  444.0
2022 277 10  4 0400  -29.2  983.7    5.3  173.0   68.0  444.0
2022 277 10  4 0500  -29.1  983.3    6.6  176.0   70.0  444.0
2022 277 10  4 0600  -29.8  983.2    6.0  182.0   69.0  444.0
2022 277 10  4 0700  -30.1  982.9    6.9  190.0   70.0  444.0
2022 277 10  4 0800  -30.2  982.3    5.4  198.0   71.0  444.0
2022 277 10  4 0900  -29.0  981.4    8.1  181.0   71.0  444.0
2022 277 10  4 1000  -27.5  980.8    9.0  178.0   71.0  444.0
2022 277 10  4 1100  -28.0  980.2    7.2  192.0   69.0  444.0
2022 277 10  4 1200  -27.8  979.3    7.5  136.0   68.0  444.0
2022 277 10  4 1300  -29.1  978.7    7.0  192.0   68.0  444.0
2022 277 10  4 1400  -30.0  977.9    5.0  200.0   68.0  444.0
2022 277 10  4 1500  -30.9  977.1    5.1  201.0   67.0  444.0
2022 277 10  4 1600  -31.6  976.6    5.6  214.0   66.0  444.0
2022 277 10  4 1700  -32.2  975.6    3.8  211.0   65.0  444.0
2022 277 10  4 1800  -32.2  974.6    3.7  243.0   63.0  444.0
2022 277 10  4 1900  -32.3  973.6    3.2  285.0   62.0  444.0
2022 277 10  4 2000  -32.6  972.4    3.0  302.0   63.0  444.0
2022 277 10  4 2100  -31.5  971.5    3.3  322.0   63.0  444.0
2022 277 10  4 2200  -29.8  970.6    2.9  317.0   64.0  444.0
2022 277 10  4 2300  -29.9  970.3    4.1  318.0   64.0  444.0
2022 278 10  5 0000  -30.1  970.0    3.4  326.0   63.3  444.0
2022 278 10  5 0100  -32.0  969.7    2.4  339.0   63.0  444.0
2022 278 10  5 0200  -32.4  969.7    0.6  344.0   63.0  444.0
2022 278 10  5 0300  -34.1  969.9    1.2  346.0   64.0  444.0
2022 278 10  5 0400  -36.1  970.3    1.5  102.0   66.0  444.0
2022 278 10  5 0500  -36.0  970.5    0.0    0.0   65.8  444.0
2022 278 10  5 0600  -37.6  971.0    0.0    0.0   67.0  444.0
2022 278 10  5 0700  -38.3  971.7    2.0   94.0   67.0  444.0
2022 278 10  5 0800  -38.9  972.4    1.1  155.0   67.0  444.0
2022 278 10  5 0900  -39.2  972.5    2.3  152.0   67.8  444.0
2022 278 10  5 1000  444.0  973.1    1.7  187.0   68.0  444.0
2022 278 10  5 1100  -36.5  973.6    1.8  152.0   68.0  444.0
2022 278 10  5 1200  -37.0  973.8    2.6  135.0   68.0  444.0
2022 278 10  5 1300  -37.7  973.6    2.8  182.0   68.0  444.0
2022 278 10  5 1400  -38.9  973.5    3.3  201.0   68.0  444.0
2022 278 10  5 1500  -40.2  973.7    3.1  220.0   67.0  444.0
2022 278 10  5 1600  -38.5  973.8    4.2  215.0   67.0  444.0
2022 278 10  5 1700  -38.5  973.7    2.7  186.0   66.0  444.0
2022 278 10  5 1800  -39.2  973.8    4.2  223.0   66.0  444.0
2022 278 10  5 1900  -37.2  973.5    4.4  214.0   66.2  444.0
2022 278 10  5 2000  -33.5  973.4    3.2  205.0   68.0  444.0
2022 278 10  5 2100  -31.6  973.3    3.0  209.0   68.0  444.0
2022 278 10  5 2200  -29.7  973.1    2.2  224.0   72.0  444.0
2022 278 10  5 2300  -26.7  972.2    5.1  220.0   73.0  444.0
2022 279 10  6 0000  -28.3  972.0    3.7  212.0   65.0  444.0
2022 279 10  6 0100  -27.5  971.6    5.8  161.0   65.0  444.0
2022 279 10  6 0200  -32.4  971.7    4.2  126.0   64.0  444.0
2022 279 10  6 0300  -33.9  971.5    3.0  135.0   64.7  444.0
2022 279 10  6 0400  -34.5  971.6    2.4  159.0   66.6  444.0
2022 279 10  6 0500  -35.4  971.2    2.7  160.0   68.0  444.0
2022 279 10  6 0600  -34.5  971.0    3.0  156.0   68.0  444.0
2022 279 10  6 0700  -36.4  971.0    2.3  183.0   67.9  444.0
2022 279 10  6 0800  -37.8  970.5    1.5  191.0   67.8  444.0
2022 279 10  6 0900  -38.4  970.0    2.2  204.0   68.0  444.0
2022 279 10  6 1000  -39.5  969.6    2.0  186.0   68.0  444.0
2022 279 10  6 1100  -38.3  969.2    1.4  220.0   69.0  444.0
2022 279 10  6 1200  -38.3  968.7    2.6  227.0   68.0  444.0
2022 279 10  6 1300  -38.2  968.0    2.7  225.0   68.7  444.0
2022 279 10  6 1400  -38.9  967.4    2.7  217.0   68.0  444.0
2022 279 10  6 1500  -37.8  966.7    3.6  205.0   69.0  444.0
2022 279 10  6 1600  -35.0  966.0    5.6  184.0   69.0  444.0
2022 279 10  6 1700  -34.0  966.0    4.6  184.0   68.0  444.0
2022 279 10  6 1800  -32.4  965.4    5.6  178.0   68.9  444.0
2022 279 10  6 1900  -32.9  964.8    5.0  195.0   68.7  444.0
2022 279 10  6 2000  -30.3  964.3    4.6  189.0   70.0  444.0
2022 279 10  6 2100  -25.4  964.0    8.0  147.0   74.0  444.0
2022 279 10  6 2200  -23.5  963.2    8.7  148.0   75.8  444.0
2022 279 10  6 2300  -22.1  962.9    8.3  157.0   76.0  444.0
2022 280 10  7 0000  -20.7  962.6   10.5  142.0   77.0  444.0
2022 280 10  7 0100  -20.1  962.3   10.9  144.0   81.3  444.0
2022 280 10  7 0200  -18.2  962.0   13.3  143.0   80.0  444.0
2022 280 10  7 0300  -16.9  961.6   13.9  146.0   84.0  444.0
2022 280 10  7 0400  -16.8  961.4   14.6  142.0   84.0  444.0
2022 280 10  7 0500  -16.2  960.6   16.6  141.0   86.4  444.0
2022 280 10  7 0600  -16.0  961.2   17.7  141.0   73.3  444.0
2022 280 10  7 0700  -15.4  961.7   18.4  134.0   72.0  444.0
2022 280 10  7 0800  -15.9  962.4   17.8  130.0   72.0  444.0
2022 280 10  7 0900  -24.5  964.3    9.5   88.0   75.0  444.0
2022 280 10  7 1000  -26.9  965.2    7.2  111.0   70.9  444.0
2022 280 10  7 1100  -28.3  966.7    4.1  137.0   71.0  444.0
2022 280 10  7 1200  -29.9  967.5    3.3  121.0   70.1  444.0
2022 280 10  7 1300  -31.1  968.0    2.2  134.0   71.0  444.0
2022 280 10  7 1400  -30.6  968.5    3.0  172.0   71.0  444.0
2022 280 10  7 1500  -26.0  968.8    5.5  133.0   78.0  444.0
2022 280 10  7 1600  -25.1  969.7    4.9  154.0   79.0  444.0
2022 280 10  7 1700  -25.4  969.9    5.8  154.0   77.7  444.0
2022 280 10  7 1800  -24.6  970.1    5.9  146.0   77.0  444.0
2022 280 10  7 1900  -23.9  970.5    4.5  144.0   76.0  444.0
2022 280 10  7 2000  -24.4  970.9    5.9  166.0   75.3  444.0
2022 280 10  7 2100  -23.4  970.9    6.3  163.0   76.0  444.0
2022 280 10  7 2200  -23.2  971.3    5.5  181.0   75.4  444.0
2022 280 10  7 2300  -21.6  971.2    4.4  190.0   72.0  444.0
2022 281 10  8 0000  -23.1  970.8    3.6  204.0   74.0  444.0
2022 281 10  8 0100  -22.8  970.3    4.4  181.0   73.0  444.0
2022 281 10  8 0200  -22.2  969.9    5.4  184.0   73.0  444.0
2022 281 10  8 0300  -23.0  969.3    4.8  181.0   74.7  444.0
2022 281 10  8 0400  -22.5  969.2    5.4  176.0   76.0  444.0
2022 281 10  8 0500  -23.8  968.9    5.2  180.0   75.0  444.0
2022 281 10  8 0600  -23.2  968.6    6.0  179.0   76.0  444.0
2022 281 10  8 0700  -24.4  968.1    5.8  181.0   78.0  444.0
2022 281 10  8 0800  -25.2  967.3    5.9  179.0   77.2  444.0
2022 281 10  8 0900  -24.6  966.9    6.0  180.0   76.0  444.0
2022 281 10  8 1000  -27.6  966.9    3.6  201.0   77.0  444.0
2022 281 10  8 1100  -28.5  966.5    4.7  193.0   77.0  444.0
2022 281 10  8 1200  -27.9  966.2    5.1  180.0   76.0  444.0
2022 281 10  8 1300  -28.5  965.9    4.9  172.0   75.5  444.0
2022 281 10  8 1400  -28.8  965.8    5.5  165.0   76.0  444.0
2022 281 10  8 1500  -28.7  965.8    5.8  153.0   75.0  444.0
2022 281 10  8 1600  -30.5  966.2    4.3  142.0   73.0  444.0
2022 281 10  8 1700  -31.1  966.3    4.4  135.0   72.0  444.0
2022 281 10  8 1800  -32.0  966.8    4.8  148.0   70.0  444.0
2022 281 10  8 1900  -33.2  967.0    3.2  159.0   69.0  444.0
2022 281 10  8 2000  -33.9  967.2    3.9  129.0   68.0  444.0
2022 281 10  8 2100  -34.0  967.4    3.4  128.0   68.0  444.0
2022 281 10  8 2200  -33.8  967.5    2.8  131.0   68.0  444.0
2022 281 10  8 2300  -33.7  967.5    2.5  127.0   68.0  444.0
2022 282 10  9 0000  -32.9  967.4    1.2  148.0   67.5  444.0
2022 282 10  9 0100  -32.8  967.5    1.4  158.0   68.0  444.0
2022 282 10  9 0200  -33.1  967.3    1.6  282.0   67.0  444.0
2022 282 10  9 0300  -33.8  967.4    1.8  272.0   67.0  444.0
2022 282 10  9 0400  -34.3  967.2    2.1  282.0   68.0  444.0
2022 282 10  9 0500  -35.1  967.1    2.5  295.0   68.0  444.0
2022 282 10  9 0600  -36.2  967.1    2.6  306.0   68.0  444.0
2022 282 10  9 0700  -36.4  966.8    3.0  278.0   68.0  444.0
2022 282 10  9 0800  -36.3  966.4    2.4  244.0   69.0  444.0
2022 282 10  9 0900  -36.2  966.7    2.4  252.0   70.0  444.0
2022 282 10  9 1000  -36.4  966.6    1.8  280.0   69.0  444.0
2022 282 10  9 1100  -38.1  966.9    1.9  274.0   69.0  444.0
2022 282 10  9 1200  -36.8  966.9    1.6  250.0   69.0  444.0
2022 282 10  9 1300  -38.4  967.2    0.8  253.0   68.0  444.0
2022 282 10  9 1400  -38.3  967.1    1.3  315.0   67.0  444.0
2022 282 10  9 1500  -39.7  966.9    1.7  281.0   66.0  444.0
2022 282 10  9 1600  -39.0  966.8    1.6  265.0   66.0  444.0
2022 282 10  9 1700  -39.2  966.8    0.9  305.0   65.0  444.0
2022 282 10  9 1800  -38.3  966.8    1.0  341.0   64.0  444.0
2022 282 10  9 1900  -38.7  967.0    2.5  282.0   65.0  444.0
2022 282 10  9 2000  -37.4  967.0    2.0  205.0   65.0  444.0
2022 282 10  9 2100  -35.9  967.3    2.8  174.0   64.7  444.0
2022 282 10  9 2200  -34.7  967.4    0.9  209.0   65.0  444.0
2022 282 10  9 2300  -34.2  967.6    1.8  177.0   66.0  444.0
2022 283 10 10 0000  -33.9  967.8    2.0  154.0   66.0  444.0
2022 283 10 10 0100  -34.0  967.9    2.1  180.0   66.0  444.0
2022 283 10 10 0200  -34.1  968.1    2.6  181.0   66.1  444.0
2022 283 10 10 0300  -34.2  968.0    2.7  162.0   66.0  444.0
2022 283 10 10 0400  -33.6  967.8    2.9  176.0   67.0  444.0
2022 283 10 10 0500  -34.6  967.9    3.4  194.0   67.0  444.0
2022 283 10 10 0600  -34.6  967.8    4.6  191.0   67.0  444.0
2022 283 10 10 0700  -34.9  967.7    4.3  185.0   67.0  444.0
2022 283 10 10 0800  -36.1  967.8    3.8  178.0   68.4  444.0
2022 283 10 10 0900  -37.5  968.1    3.2  155.0   68.0  444.0
2022 283 10 10 1000  -37.6  968.1    3.0  164.0   69.0  444.0
2022 283 10 10 1100  -39.6  967.6    3.2  188.0   68.0  444.0
2022 283 10 10 1200  -38.8  967.5    3.7  175.0   69.0  444.0
2022 283 10 10 1300  -38.8  967.5    4.2  189.0   69.0  444.0
2022 283 10 10 1400  -38.4  967.5    3.7  178.0   68.0  444.0
2022 283 10 10 1500  -38.8  967.4    4.1  179.0   67.0  444.0
2022 283 10 10 1600  -37.3  967.3    5.8  175.0   67.0  444.0
2022 283 10 10 1700  -37.3  967.1    5.7  168.0   67.0  444.0
2022 283 10 10 1800  -37.3  967.1    5.1  165.0   66.0  444.0
2022 283 10 10 1900  -37.1  967.3    4.4  175.0   66.0  444.0
2022 283 10 10 2000  -37.0  967.1    4.4  172.0   65.0  444.0
2022 283 10 10 2100  -36.5  967.2    5.2  168.0   65.0  444.0
2022 283 10 10 2200  -36.2  967.1    5.2  166.0   65.0  444.0
2022 283 10 10 2300  -35.6  967.3    5.4  168.0   65.0  444.0
2022 284 10 11 0000  -35.3  967.1    4.3  177.0   65.0  444.0
2022 284 10 11 0100  -34.4  966.4    5.1  170.0   65.0  444.0
2022 284 10 11 0200  -34.0  966.1    5.3  174.0   65.0  444.0
2022 284 10 11 0300  -33.8  966.0    5.3  154.0   65.0  444.0
2022 284 10 11 0400  -34.4  965.7    4.3  169.0   67.0  444.0
2022 284 10 11 0500  -34.9  965.3    3.8  180.0   67.0  444.0
2022 284 10 11 0600  -35.1  965.3    4.1  175.0   67.0  444.0
2022 284 10 11 0700  -35.7  965.0    4.4  191.0   68.2  444.0
2022 284 10 11 0800  -35.4  964.9    4.5  178.0   69.0  444.0
2022 284 10 11 0900  -34.5  964.7    4.9  168.0   71.0  444.0
2022 284 10 11 1000  -33.4  964.3    4.0  159.0   70.0  444.0
2022 284 10 11 1100  -32.4  964.0    6.1  173.0   72.0  444.0
2022 284 10 11 1200  -30.2  964.0    7.4  160.0   73.4  444.0
2022 284 10 11 1300  -30.4  964.1    8.9  150.0   73.0  444.0
2022 284 10 11 1400  -30.1  964.6    7.6  157.0   73.0  444.0
2022 284 10 11 1500  -28.3  964.7    8.5  155.0   73.0  444.0
2022 284 10 11 1600  -27.6  964.4    8.9  167.0   73.0  444.0
2022 284 10 11 1700  -26.5  964.8   12.9  156.0   75.0  444.0
2022 284 10 11 1800  -27.1  964.6   13.5  149.0   74.0  444.0
2022 284 10 11 1900  -26.4  964.5   12.1  161.0   72.0  444.0
2022 284 10 11 2000  -25.2  964.1   12.8  161.0   72.0  444.0
2022 284 10 11 2100  -24.5  963.6   12.8  157.0   72.0  444.0
2022 284 10 11 2200  -23.6  963.1   15.6  152.0   73.0  444.0
2022 284 10 11 2300  -23.1  963.0   16.3  147.0   73.1  444.0
2022 285 10 12 0000  -22.6  962.6   15.4  150.0   72.0  444.0
2022 285 10 12 0100  -21.7  963.0   16.0  156.0   63.0  444.0
2022 285 10 12 0200  -21.4  963.0   15.0  163.0   64.0  444.0
2022 285 10 12 0300  -21.0  963.0   13.8  172.0   64.0  444.0
2022 285 10 12 0400  -20.6  962.3   13.6  174.0   64.0  444.0
2022 285 10 12 0500  -19.9  961.9   13.1  181.0   65.0  444.0
2022 285 10 12 0600  -18.6  960.9   18.0  176.0   68.0  444.0
2022 285 10 12 0700  -18.8  960.2   19.5  173.0   72.5  444.0
2022 285 10 12 0800  -20.5  959.8   17.0  166.0   80.0  444.0
2022 285 10 12 0900  -21.2  959.7   16.0  156.0   81.3  444.0
2022 285 10 12 1000  -22.1  960.3   13.9  150.0   81.0  444.0
2022 285 10 12 1100  -22.8  960.6   11.3  150.0   80.7  444.0
2022 285 10 12 1200  -22.7  960.7   12.1  148.0   81.0  444.0
2022 285 10 12 1300  -22.0  960.9   13.2  149.0   82.0  444.0
2022 285 10 12 1400  -22.0  961.0   14.0  147.0   81.0  444.0
2022 285 10 12 1500  -20.8  961.0   16.0  147.0   82.0  444.0
2022 285 10 12 1600  -20.2  961.2   17.0  142.0   74.1  444.0
2022 285 10 12 1700  -19.8  961.4   17.9  138.0   72.9  444.0
2022 285 10 12 1800  -20.0  961.5   17.9  139.0   72.0  444.0
2022 285 10 12 1900  -20.2  961.6   15.9  140.0   71.0  444.0
2022 285 10 12 2000  -20.5  961.9   17.5  134.0   69.0  444.0
2022 285 10 12 2100  -20.4  961.8   16.7  131.0   66.0  444.0
2022 285 10 12 2200  -21.2  961.9   14.2  146.0   68.0  444.0
2022 285 10 12 2300  -20.9  962.3   16.5  141.0   66.0  444.0
2022 286 10 13 0000  -20.6  962.4   15.7  143.0   66.0  444.0
2022 286 10 13 0100  -20.7  962.4   13.2  141.0   65.0  444.0
2022 286 10 13 0200  -21.6  961.9   12.1  150.0   65.5  444.0
2022 286 10 13 0300  -20.7  961.6   11.6  148.0   63.0  444.0
2022 286 10 13 0400  -20.3  961.4   12.6  142.0   64.0  444.0
2022 286 10 13 0500  -20.8  960.9    9.9  150.0   65.0  444.0
2022 286 10 13 0600  -20.7  960.7   10.5  154.0   66.0  444.0
2022 286 10 13 0700  -19.9  960.0   12.6  147.0   65.0  444.0
2022 286 10 13 0800  -20.3  959.9   11.0  161.0   67.0  444.0
2022 286 10 13 0900  -21.6  959.8   10.4  160.0   68.0  444.0
2022 286 10 13 1000  -22.7  959.7    8.8  169.0   69.0  444.0
2022 286 10 13 1100  -23.1  959.7    8.7  170.0   68.0  444.0
2022 286 10 13 1200  -23.0  959.7    8.9  168.0   66.0  444.0
2022 286 10 13 1300  -22.9  959.6   10.2  168.0   65.0  444.0
2022 286 10 13 1400  -24.4  959.7    8.6  175.0   66.0  444.0
2022 286 10 13 1500  -23.3  959.3    9.4  165.0   63.0  444.0
2022 286 10 13 1600  -23.8  959.3    8.5  169.0   63.0  444.0
2022 286 10 13 1700  -23.8  958.8    9.6  174.0   63.0  444.0
2022 286 10 13 1800  -23.5  959.0   10.3  163.0   62.0  444.0
2022 286 10 13 1900  -23.8  959.4    7.5  170.0   62.0  444.0
2022 286 10 13 2000  -23.3  959.2    9.2  166.0   62.0  444.0
2022 286 10 13 2100  -22.9  959.4    8.8  163.0   62.0  444.0
2022 286 10 13 2200  -22.8  959.8    9.5  176.0   63.0  444.0
2022 286 10 13 2300  -22.5  959.8    9.6  168.0   63.0  444.0
2022 287 10 14 0000  -22.3  960.2    9.3  163.0   63.0  444.0
2022 287 10 14 0100  -22.0  960.6    9.8  171.0   64.0  444.0
2022 287 10 14 0200  -21.9  960.9    9.8  172.0   65.0  444.0
2022 287 10 14 0300  -21.5  961.0    9.9  161.0   64.6  444.0
2022 287 10 14 0400  -21.2  961.9    9.4  174.0   66.0  444.0
2022 287 10 14 0500  -21.5  961.9    9.1  174.0   66.0  444.0
2022 287 10 14 0600  -21.2  962.0    9.0  170.0   66.0  444.0
2022 287 10 14 0700  -20.7  962.3   10.6  171.0   66.0  444.0
2022 287 10 14 0800  -20.3  962.5   11.6  168.0   66.0  444.0
2022 287 10 14 0900  -20.0  963.0   12.9  171.0   65.0  444.0
2022 287 10 14 1000  -20.8  963.3   10.9  175.0   66.3  444.0
2022 287 10 14 1100  -20.8  963.5   11.4  174.0   68.0  444.0
2022 287 10 14 1200  -20.8  963.3   13.4  162.0   72.0  444.0
2022 287 10 14 1300  -20.7  964.1   13.3  164.0   78.0  444.0
2022 287 10 14 1400  -20.9  964.5   14.0  164.0   77.0  444.0
2022 287 10 14 1500  -21.2  964.9   12.4  163.0   74.0  444.0
2022 287 10 14 1600  -20.9  965.1   14.2  155.0   77.0  444.0
2022 287 10 14 1700  -21.3  965.8   13.7  157.0   77.0  444.0
2022 287 10 14 1800  -21.5  966.4   14.0  153.0   77.0  444.0
2022 287 10 14 1900  -21.2  967.2   13.1  150.0   74.0  444.0
2022 287 10 14 2000  -20.7  968.1   11.4  154.0   73.0  444.0
2022 287 10 14 2100  -20.4  968.7   12.6  149.0   73.0  444.0
2022 287 10 14 2200  -20.3  969.7   11.1  157.0   71.0  444.0
2022 287 10 14 2300  -20.0  970.3   10.7  151.0   68.0  444.0
2022 288 10 15 0000  -19.7  970.9   11.9  147.0   67.0  444.0
2022 288 10 15 0100  -19.8  971.6   11.5  146.0   68.0  444.0
2022 288 10 15 0200  -19.8  972.3   11.5  146.0   71.0  444.0
2022 288 10 15 0300  -19.9  973.0   11.3  141.0   71.0  444.0
2022 288 10 15 0400  -20.5  973.8    9.0  151.0   71.0  444.0
2022 288 10 15 0500  -20.2  974.6    8.2  156.0   70.2  444.0
2022 288 10 15 0600  -19.9  975.3    9.2  160.0   71.0  444.0
2022 288 10 15 0700  -20.6  975.9    9.5  160.0   71.0  444.0
2022 288 10 15 0800  -21.4  976.2    9.4  152.0   71.0  444.0
2022 288 10 15 0900  -21.8  977.1    8.9  161.0   70.0  444.0
2022 288 10 15 1000  -22.1  977.6    9.1  158.0   69.9  444.0
2022 288 10 15 1100  -22.5  978.2    9.1  163.0   70.0  444.0
2022 288 10 15 1200  -23.8  978.8    7.0  174.0   70.0  444.0
2022 288 10 15 1300  -23.6  979.2    8.3  170.0   68.0  444.0
2022 288 10 15 1400  -24.1  979.8    7.1  173.0   67.0  444.0
2022 288 10 15 1500  -24.6  979.9    7.6  174.0   66.2  444.0
2022 288 10 15 1600  -24.3  980.6    9.5  178.0   64.0  444.0
2022 288 10 15 1700  -24.8  980.9    8.3  173.0   64.0  444.0
2022 288 10 15 1800  -25.2  981.0    7.6  172.0   65.0  444.0
2022 288 10 15 1900  -24.5  981.4    6.4  164.0   63.0  444.0
2022 288 10 15 2000  -24.8  981.8    5.4  179.0   64.0  444.0
2022 288 10 15 2100  -24.0  982.0    4.9  171.0   64.0  444.0
2022 288 10 15 2200  -24.0  982.1    4.4  168.0   65.0  444.0
2022 288 10 15 2300  -22.8  982.0    4.6  178.0   63.0  444.0
2022 289 10 16 0000  -23.7  981.8    4.3  195.0   66.0  444.0
2022 289 10 16 0100  -23.3  981.6    4.2  191.0   66.2  444.0
2022 289 10 16 0200  -21.5  981.3    4.2  196.0   62.3  444.0
2022 289 10 16 0300  -21.4  980.9    5.8  193.0   62.0  444.0
2022 289 10 16 0400  -22.1  980.9    5.6  208.0   65.0  444.0
2022 289 10 16 0500  -23.0  980.9    4.3  221.0   63.0  444.0
2022 289 10 16 0600  -24.5  980.9    3.7  217.0   65.0  444.0
2022 289 10 16 0700  -25.4  980.8    3.2  219.0   65.0  444.0
2022 289 10 16 0800  -25.9  980.6    2.8  196.0   66.9  444.0
2022 289 10 16 0900  -27.6  980.2    2.7  222.0   67.0  444.0
2022 289 10 16 1000  -27.1  979.7    3.0  212.0   65.0  444.0
2022 289 10 16 1100  -27.8  979.0    2.5  221.0   66.0  444.0
2022 289 10 16 1200  -30.4  978.7    1.3  256.0   67.0  444.0
2022 289 10 16 1300  -30.8  977.9    2.9  258.0   68.1  444.0
2022 289 10 16 1400  -30.7  977.5    4.4  248.0   68.0  444.0
2022 289 10 16 1500  -30.9  976.9    3.2  234.0   67.0  444.0
2022 289 10 16 1600  -29.9  976.8    4.0  228.0   67.0  444.0
2022 289 10 16 1700  -30.6  976.3    3.3  226.0   65.0  444.0
2022 289 10 16 1800  -29.5  975.6    3.2  220.0   64.8  444.0
2022 289 10 16 1900  -29.0  975.0    3.1  211.0   65.0  444.0
2022 289 10 16 2000  -29.2  974.7    2.6  205.0   65.0  444.0
2022 289 10 16 2100  -28.0  974.1    2.9  188.0   65.0  444.0
2022 289 10 16 2200  -27.3  973.4    2.3  182.0   64.0  444.0
2022 289 10 16 2300  -27.3  972.7    2.2  217.0   63.9  444.0
2022 290 10 17 0000  -26.3  972.0    2.6  193.0   64.0  444.0
2022 290 10 17 0100  -26.3  971.4    2.1  196.0   64.0  444.0
2022 290 10 17 0200  -26.6  970.8    1.9  244.0   63.0  444.0
2022 290 10 17 0300  -27.2  970.3    1.8  254.0   63.0  444.0
2022 290 10 17 0400  -28.4  969.5    1.8  278.0   64.9  444.0
2022 290 10 17 0500  -28.3  968.7    1.8  279.0   65.0  444.0
2022 290 10 17 0600  -29.8  967.8    3.0  285.0   64.6  444.0
2022 290 10 17 0700  -30.8  967.5    1.8  290.0   67.0  444.0
2022 290 10 17 0800  -30.6  966.8    2.7  332.0   70.0  444.0
2022 290 10 17 0900  -33.0  966.3    3.2  320.0   70.0  444.0
2022 290 10 17 1000  -34.0  966.1    2.7  334.0   70.0  444.0
2022 290 10 17 1100  -36.5  965.9    2.6  332.0   69.0  444.0
2022 290 10 17 1200  -36.7  965.5    2.4  337.0   68.0  444.0
2022 290 10 17 1300  -34.9  965.1    3.1  313.0   67.0  444.0
2022 290 10 17 1400  -37.7  964.8    2.3   30.0   67.0  444.0
2022 290 10 17 1500  -37.4  965.0    2.1  328.0   66.1  444.0
2022 290 10 17 1600  -37.4  964.9    1.3   33.0   64.4  444.0
2022 290 10 17 1700  -38.5  965.0    2.1   92.0   64.0  444.0
2022 290 10 17 1800  -37.0  964.9    3.1   25.0   67.0  444.0
2022 290 10 17 1900  -36.6  966.0    3.6  144.0   65.0  444.0
2022 290 10 17 2000  -34.2  965.9    2.2  130.0   66.0  444.0
2022 290 10 17 2100  -34.0  966.0    2.5  118.0   65.2  444.0
2022 290 10 17 2200  -32.2  966.2    0.4  190.0   63.0  444.0
2022 290 10 17 2300  -33.0  966.5    1.7  167.0   64.0  444.0
2022 291 10 18 0000  -31.7  967.1    2.3  149.0   66.0  444.0
2022 291 10 18 0100  -31.3  967.0    2.1  200.0   65.4  444.0
2022 291 10 18 0200  -31.0  967.0    2.6  193.0   66.2  444.0
2022 291 10 18 0300  -30.3  967.4    3.0  188.0   65.0  444.0
2022 291 10 18 0400  -31.0  967.4    3.2  190.0   66.0  444.0
2022 291 10 18 0500  -31.0  967.8    2.9  167.0   66.0  444.0
2022 291 10 18 0600  -32.7  968.0    3.1  144.0   66.0  444.0
2022 291 10 18 0700  -32.6  968.0    4.6  153.0   63.0  444.0
2022 291 10 18 0800  -34.0  968.3    2.5  166.0   65.0  444.0
2022 291 10 18 0900  -35.1  968.4    4.7  159.0   65.3  444.0
2022 291 10 18 1000  -36.5  968.3    2.7  170.0   65.0  444.0
2022 291 10 18 1100  -37.3  968.3    3.8  187.0   66.0  444.0
2022 291 10 18 1200  -38.5  968.5    3.1  205.0   66.0  444.0
2022 291 10 18 1300  -39.6  968.2    2.9  206.0   67.0  444.0
2022 291 10 18 1400  -41.0  968.1    2.3  228.0   66.8  444.0
2022 291 10 18 1500  -40.5  967.6    2.4  223.0   67.0  444.0
2022 291 10 18 1600  -39.0  967.2    2.8  235.0   68.0  444.0
2022 291 10 18 1700  -36.4  966.6    3.2  232.0   67.0  444.0
2022 291 10 18 1800  -34.1  966.1    4.4  243.0   66.2  444.0
2022 291 10 18 1900  -32.3  965.5    4.8  216.0   66.9  444.0
2022 291 10 18 2000  -30.6  965.1    5.1  207.0   66.0  444.0
2022 291 10 18 2100  -28.2  964.5    7.1  199.0   67.0  444.0
2022 291 10 18 2200  -25.6  964.8    7.3  185.0   69.0  444.0
2022 291 10 18 2300  -25.0  964.7    7.3  188.0   68.0  444.0
2022 292 10 19 0000  -24.7  964.6    6.6  176.0   68.0  444.0
2022 292 10 19 0100  -23.7  964.7    4.7  160.0   66.0  444.0
2022 292 10 19 0200  -23.6  964.4    6.2  177.0   67.0  444.0
2022 292 10 19 0300  -23.6  964.5    5.7  181.0   68.0  444.0
2022 292 10 19 0400  -24.0  964.5    5.7  181.0   70.4  444.0
2022 292 10 19 0500  -23.7  964.8    4.2  170.0   70.0  444.0
2022 292 10 19 0600  -26.4  965.2    2.7  157.0   72.2  444.0
2022 292 10 19 0700  -27.1  965.5    2.6  138.0   73.0  444.0
2022 292 10 19 0800  -28.2  965.6    2.4  150.0   71.0  444.0
2022 292 10 19 0900  -28.5  966.2    2.8  195.0   73.0  444.0
2022 292 10 19 1000  -29.8  966.3    3.6  207.0   73.0  444.0
2022 292 10 19 1100  -31.2  966.6    3.5  207.0   73.0  444.0
2022 292 10 19 1200  -31.0  966.9    4.6  178.0   73.0  444.0
2022 292 10 19 1300  -30.3  967.4    4.2  173.0   73.0  444.0
2022 292 10 19 1400  -30.6  967.8    3.0  165.0   72.0  444.0
2022 292 10 19 1500  -31.5  968.2    3.0  198.0   71.0  444.0
2022 292 10 19 1600  -32.3  969.0    3.2  153.0   71.0  444.0
2022 292 10 19 1700  -30.4  970.1    4.6  150.0   72.0  444.0
2022 292 10 19 1800  -30.6  970.8    4.3  142.0   71.0  444.0
2022 292 10 19 1900  -29.9  971.5    6.0  138.0   71.0  444.0
2022 292 10 19 2000  -32.0  972.7    6.5  121.0   69.0  444.0
2022 292 10 19 2100  -33.9  974.1    4.7  116.0   67.0  444.0
2022 292 10 19 2200  -33.8  975.2    4.6  121.0   67.0  444.0
2022 292 10 19 2300  -34.0  976.0    4.8  128.0   66.0  444.0
2022 293 10 20 0000  -34.2  976.9    5.0  125.0   65.0  444.0
2022 293 10 20 0100  -34.4  978.0    4.9  119.0   64.0  444.0
2022 293 10 20 0200  -35.0  978.4    4.7  140.0   64.0  444.0
2022 293 10 20 0300  -35.5  979.3    4.8  112.0   64.0  444.0
2022 293 10 20 0400  -35.3  979.7    4.4  105.0   64.5  444.0
2022 293 10 20 0500  -35.4  980.8    3.1  107.0   64.0  444.0
2022 293 10 20 0600  -35.6  981.3    2.1  121.0   64.0  444.0
2022 293 10 20 0700  -36.3  982.2    2.0  157.0   65.0  444.0
2022 293 10 20 0800  -36.8  982.7    2.4  126.0   65.0  444.0
2022 293 10 20 0900  -37.0  983.4    2.2  112.0   64.6  444.0
2022 293 10 20 1000  -38.1  984.1    1.7  197.0   64.0  444.0
2022 293 10 20 1100  -37.5  984.8    2.3  168.0   64.0  444.0
2022 293 10 20 1200  -38.7  985.7    1.8  215.0   64.0  444.0
2022 293 10 20 1300  -36.8  986.0    1.1  108.0   63.0  444.0
2022 293 10 20 1400  444.0  986.5    0.2  140.0   60.7  444.0
2022 293 10 20 1500  -38.7  987.0    0.8    9.0   61.0  444.0
2022 293 10 20 1600  -39.4  987.4    2.4   12.0   62.0  444.0
2022 293 10 20 1700  -38.8  988.1    2.0  298.0   61.0  444.0
2022 293 10 20 1800  -38.9  988.7    2.6  312.0   62.0  444.0
2022 293 10 20 1900  -38.0  989.1    2.3  300.0   61.0  444.0
2022 293 10 20 2000  -37.2  989.6    2.1  326.0   61.0  444.0
2022 293 10 20 2100  -36.5  990.2    2.4  329.0   61.0  444.0
2022 293 10 20 2200  -35.4  991.2    2.8  328.0   66.0  444.0
2022 293 10 20 2300  -34.4  991.7    3.3  315.0   67.0  444.0
2022 294 10 21 0000  -33.6  992.1    4.7  306.0   67.0  444.0
2022 294 10 21 0100  -33.0  992.3    3.9  310.0   67.1  444.0
2022 294 10 21 0200  -33.0  992.9    4.4  303.0   67.3  444.0
2022 294 10 21 0300  -32.8  993.0    3.9  297.0   68.0  444.0
2022 294 10 21 0400  -32.8  993.5    3.5  300.0   69.0  444.0
2022 294 10 21 0500  -33.0  993.8    3.2  299.0   68.6  444.0
2022 294 10 21 0600  -33.6  994.4    2.4  299.0   68.0  444.0
2022 294 10 21 0700  -34.5  994.7    2.6  309.0   67.7  444.0
2022 294 10 21 0800  -35.7  995.1    2.4  326.0   68.0  444.0
2022 294 10 21 0900  -36.4  995.5    3.0  318.0   68.0  444.0
2022 294 10 21 1000  -37.3  995.9    3.4  323.0   67.0  444.0
2022 294 10 21 1100  -37.7  996.3    3.1  320.0   67.0  444.0
2022 294 10 21 1200  -38.7  996.4    2.7  329.0   66.3  444.0
2022 294 10 21 1300  -39.0  996.6    2.5  332.0   66.0  444.0
2022 294 10 21 1400  -39.1  996.7    3.3  330.0   66.0  444.0
2022 294 10 21 1500  -38.8  996.8    3.7  329.0   66.0  444.0
2022 294 10 21 1600  -38.2  997.1    3.9  328.0   65.0  444.0
2022 294 10 21 1700  -37.8  997.0    4.3  320.0   64.6  444.0
2022 294 10 21 1800  -37.3  997.0    4.2  315.0   64.0  444.0
2022 294 10 21 1900  -36.7  997.1    4.1  313.0   64.0  444.0
2022 294 10 21 2000  -35.8  997.3    4.2  314.0   64.0  444.0
2022 294 10 21 2100  -34.8  997.6    4.0  323.0   63.3  444.0
2022 294 10 21 2200  -33.7  997.7    3.6  324.0   63.1  444.0
2022 294 10 21 2300  -32.9  997.9    3.4  316.0   64.0  444.0
2022 295 10 22 0000  -32.4  998.0    3.1  321.0   64.5  444.0
2022 295 10 22 0100  -32.5  997.8    4.2  325.0   65.0  444.0
2022 295 10 22 0200  -32.0  997.5    3.5  337.0   66.0  444.0
2022 295 10 22 0300  -32.2  997.3    2.6    7.0   68.0  444.0
2022 295 10 22 0400  -31.9  997.1    4.4  348.0   69.0  444.0
2022 295 10 22 0500  -32.0  996.9    3.1  348.0   68.2  444.0
2022 295 10 22 0600  -33.0  997.1    1.5  324.0   69.0  444.0
2022 295 10 22 0700  -33.0  996.8    1.5   33.0   68.0  444.0
2022 295 10 22 0800  -33.6  996.9    1.5   21.0   70.0  444.0
2022 295 10 22 0900  -31.2  996.5    2.2  356.0   72.0  444.0
2022 295 10 22 1000  -30.6  996.4    2.5  354.0   72.7  444.0
2022 295 10 22 1100  -30.1  996.3    2.9  348.0   74.0  444.0
2022 295 10 22 1200  -30.3  996.0    2.9  358.0   72.0  444.0
2022 295 10 22 1300  -31.1  995.6    2.9   13.0   70.0  444.0
2022 295 10 22 1400  -31.6  995.3    3.0   10.0   69.0  444.0
2022 295 10 22 1500  -31.3  994.9    2.2   19.0   69.6  444.0
2022 295 10 22 1600  -30.9  994.6    1.8   21.0   70.0  444.0
2022 295 10 22 1700  -31.0  994.2    2.5   16.0   70.0  444.0
2022 295 10 22 1800  -30.3  993.8    1.0   46.0   65.0  444.0
2022 295 10 22 1900  -30.2  993.4    0.9   68.0   66.9  444.0
2022 295 10 22 2000  -30.9  993.0    1.4  106.0   69.3  444.0
2022 295 10 22 2100  -29.3  992.6    2.3   89.0   70.0  444.0
2022 295 10 22 2200  -28.8  992.2    3.0  111.0   69.0  444.0
2022 295 10 22 2300  -28.0  991.7    3.9  122.0   69.0  444.0
2022 296 10 23 0000  -27.9  991.1    4.6  109.0   70.9  444.0
2022 296 10 23 0100  -28.4  990.4    4.7   95.0   71.0  444.0
2022 296 10 23 0200  -28.1  990.3    4.2  103.0   71.0  444.0
2022 296 10 23 0300  -28.0  989.9    4.6   98.0   70.4  444.0
2022 296 10 23 0400  -27.7  989.4    4.9  101.0   70.0  444.0
2022 296 10 23 0500  -27.9  989.2    4.2  107.0   70.0  444.0
2022 296 10 23 0600  -28.7  988.9    3.3  130.0   70.0  444.0
2022 296 10 23 0700  -28.9  988.7    4.4  142.0   71.0  444.0
2022 296 10 23 0800  -27.9  988.6    5.7  131.0   73.4  444.0
2022 296 10 23 0900  -27.4  988.3    6.4  134.0   73.0  444.0
2022 296 10 23 1000  -28.4  988.3    7.5  143.0   74.0  444.0
2022 296 10 23 1100  -29.6  988.3    6.9  147.0   74.0  444.0
2022 296 10 23 1200  -29.8  988.3    6.5  144.0   74.0  444.0
2022 296 10 23 1300  -30.0  988.1    6.5  144.0   73.6  444.0
2022 296 10 23 1400  -29.6  988.0    6.2  147.0   74.0  444.0
2022 296 10 23 1500  -29.7  988.0    6.6  146.0   74.0  444.0
2022 296 10 23 1600  -29.1  987.8    7.1  145.0   74.0  444.0
2022 296 10 23 1700  -28.4  987.8    6.6  140.0   74.0  444.0
2022 296 10 23 1800  -28.6  988.1    7.0  143.0   73.1  444.0
2022 296 10 23 1900  -28.1  988.5    6.1  150.0   73.0  444.0
2022 296 10 23 2000  -27.8  988.6    6.6  154.0   72.0  444.0
2022 296 10 23 2100  -27.2  988.7    6.1  156.0   72.0  444.0
2022 296 10 23 2200  -27.0  988.9    5.7  165.0   71.9  444.0
2022 296 10 23 2300  -27.1  989.0    5.9  159.0   72.0  444.0
2022 297 10 24 0000  -27.0  989.1    5.7  164.0   72.0  444.0
2022 297 10 24 0100  -26.7  989.3    5.5  168.0   71.7  444.0
2022 297 10 24 0200  -26.4  989.5    5.7  170.0   72.0  444.0
2022 297 10 24 0300  -26.4  989.5    5.9  168.0   73.1  444.0
2022 297 10 24 0400  -26.2  989.6    6.1  168.0   73.0  444.0
2022 297 10 24 0500  -26.2  989.7    5.6  168.0   73.0  444.0
2022 297 10 24 0600  -26.0  989.6    6.6  167.0   73.3  444.0
2022 297 10 24 0700  -26.0  989.8    6.4  173.0   73.0  444.0
2022 297 10 24 0800  -26.2  990.1    5.7  169.0   73.0  444.0
2022 297 10 24 0900  -26.3  990.3    5.9  170.0   71.0  444.0
2022 297 10 24 1000  -29.4  990.4    4.3  193.0   70.0  444.0
2022 297 10 24 1100  -30.5  990.4    3.5  191.0   69.0  444.0
2022 297 10 24 1200  -31.3  990.4    4.7  194.0   69.0  444.0
2022 297 10 24 1300  -31.6  990.5    4.0  192.0   68.0  444.0
2022 297 10 24 1400  -32.1  990.3    3.9  196.0   67.0  444.0
2022 297 10 24 1500  -32.1  990.4    3.7  201.0   68.0  444.0
2022 297 10 24 1600  -31.5  990.5    4.3  194.0   68.0  444.0
2022 297 10 24 1700  -31.1  990.5    3.6  195.0   67.2  444.0
2022 297 10 24 1800  -30.1  990.8    4.3  195.0   67.0  444.0
2022 297 10 24 1900  -29.3  990.8    4.2  196.0   67.0  444.0
2022 297 10 24 2000  -28.5  990.9    4.6  185.0   67.0  444.0
2022 297 10 24 2100  -27.9  991.1    4.7  186.0   67.0  444.0
2022 297 10 24 2200  -27.3  991.3    4.8  186.0   67.3  444.0
2022 297 10 24 2300  -26.5  991.4    5.1  181.0   67.0  444.0
2022 298 10 25 0000  -25.6  991.8    5.1  177.0   68.0  444.0
2022 298 10 25 0100  -25.2  992.1    6.0  170.0   69.0  444.0
2022 298 10 25 0200  -25.1  992.5    4.3  184.0   70.0  444.0
2022 298 10 25 0300  -25.1  992.3    5.9  182.0   70.0  444.0
2022 298 10 25 0400  -25.0  992.6    5.6  175.0   71.1  444.0
2022 298 10 25 0500  -25.5  992.7    4.5  180.0   71.0  444.0
2022 298 10 25 0600  -26.2  993.0    4.1  188.0   71.0  444.0
2022 298 10 25 0700  -27.2  993.1    3.2  189.0   71.0  444.0
2022 298 10 25 0800  -27.9  993.2    3.9  196.0   72.0  444.0
2022 298 10 25 0900  -28.7  993.4    3.3  194.0   71.0  444.0
2022 298 10 25 1000  -29.3  993.2    2.7  222.0   68.0  444.0
2022 298 10 25 1100  -30.6  993.2    3.1  241.0   68.0  444.0
2022 298 10 25 1200  -31.3  993.1    2.6  224.0   65.0  444.0
2022 298 10 25 1300  -31.5  993.0    2.6  245.0   66.0  444.0
2022 298 10 25 1400  -31.9  992.7    1.1  232.0   64.0  444.0
2022 298 10 25 1500  -32.1  992.5    2.9  220.0   64.5  444.0
2022 298 10 25 1600  -31.6  992.2    4.1  239.0   64.0  444.0
2022 298 10 25 1700  -31.4  991.8    3.1  229.0   63.0  444.0
2022 298 10 25 1800  -30.0  991.7    3.2  228.0   61.0  444.0
2022 298 10 25 1900  -28.9  991.7    4.1  212.0   62.0  444.0
2022 298 10 25 2000  -27.4  992.1    4.6  176.0   63.5  444.0
2022 298 10 25 2100  -25.7  992.8    4.5  178.0   68.0  444.0
2022 298 10 25 2200  -25.6  993.0    4.4  190.0   68.0  444.0
2022 298 10 25 2300  -24.7  993.2    4.7  201.0   69.0  444.0
2022 299 10 26 0000  -23.3  993.3    5.5  199.0   68.9  444.0
2022 299 10 26 0100  -22.1  993.3    3.8  206.0   69.0  444.0
2022 299 10 26 0200  -19.1  993.3    7.5  170.0   73.0  444.0
2022 299 10 26 0300  -19.8  993.7    7.3  162.0   75.0  444.0
2022 299 10 26 0400  -20.4  993.9    8.4  162.0   76.0  444.0
2022 299 10 26 0500  -22.1  994.2    8.9  154.0   75.0  444.0
2022 299 10 26 0600  -23.7  994.8    7.3  153.0   72.0  444.0
2022 299 10 26 0700  -24.4  995.2    5.5  164.0   73.0  444.0
2022 299 10 26 0800  -25.2  995.6    3.7  177.0   75.0  444.0
2022 299 10 26 0900  -26.1  995.8    4.3  179.0   75.0  444.0
2022 299 10 26 1000  -26.6  996.1    4.2  188.0   74.0  444.0
2022 299 10 26 1100  -27.2  996.2    5.0  184.0   74.0  444.0
2022 299 10 26 1200  -27.8  996.3    4.7  184.0   74.0  444.0
2022 299 10 26 1300  -27.8  996.3    4.6  184.0   73.0  444.0
2022 299 10 26 1400  -28.5  996.3    4.1  193.0   72.0  444.0
2022 299 10 26 1500  -28.1  996.2    3.9  185.0   72.0  444.0
2022 299 10 26 1600  -27.6  995.8    4.7  193.0   72.0  444.0
2022 299 10 26 1700  -27.1  995.7    5.0  194.0   72.0  444.0
2022 299 10 26 1800  -26.5  995.7    3.8  194.0   71.5  444.0
2022 299 10 26 1900  -25.7  995.6    4.7  195.0   72.0  444.0
2022 299 10 26 2000  -23.6  995.5    4.8  165.0   73.0  444.0
2022 299 10 26 2100  -22.6  995.4    5.4  170.0   73.0  444.0
2022 299 10 26 2200  -22.2  995.3    4.7  185.0   72.0  444.0
2022 299 10 26 2300  -20.2  995.0    6.9  159.0   71.9  444.0
2022 300 10 27 0000  -19.3  994.9    6.4  157.0   72.0  444.0
2022 300 10 27 0100  -18.7  994.7    7.6  170.0   72.0  444.0
2022 300 10 27 0200  -19.0  994.4    5.4  181.0   72.0  444.0
2022 300 10 27 0300  -18.5  994.2    5.1  174.0   73.0  444.0
2022 300 10 27 0400  -19.2  994.0    5.2  161.0   74.2  444.0
2022 300 10 27 0500  -20.1  993.7    4.1  168.0   74.0  444.0
2022 300 10 27 0600  -20.3  993.6    5.6  167.0   74.0  444.0
2022 300 10 27 0700  -21.3  993.3    5.3  167.0   75.0  444.0
2022 300 10 27 0800  -22.6  993.1    4.0  175.0   75.0  444.0
2022 300 10 27 0900  -23.8  993.2    5.5  177.0   76.7  444.0
2022 300 10 27 1000  -25.0  993.2    4.3  207.0   74.0  444.0
2022 300 10 27 1100  -25.4  992.9    4.1  192.0   74.0  444.0
2022 300 10 27 1200  -25.5  992.4    3.9  196.0   75.0  444.0
2022 300 10 27 1300  -25.9  992.1    4.4  183.0   75.0  444.0
2022 300 10 27 1400  -25.7  991.7    4.4  183.0   73.2  444.0
2022 300 10 27 1500  -25.9  991.5    3.7  179.0   72.0  444.0
2022 300 10 27 1600  -24.2  991.7    4.1  170.0   70.8  444.0
2022 300 10 27 1700  -23.7  991.5    4.6  174.0   70.0  444.0
2022 300 10 27 1800  -25.1  991.5    3.9  192.0   71.0  444.0
2022 300 10 27 1900  -23.7  991.5    4.8  176.0   70.0  444.0
2022 300 10 27 2000  -23.1  991.7    5.4  168.0   69.0  444.0
2022 300 10 27 2100  -22.5  991.6    6.6  157.0   69.9  444.0
2022 300 10 27 2200  -21.6  991.6    5.8  172.0   69.0  444.0
2022 300 10 27 2300  -21.6  991.7    5.6  169.0   70.0  444.0
2022 301 10 28 0000  -21.4  991.6    5.4  175.0   70.0  444.0
2022 301 10 28 0100  -21.5  991.2    5.9  157.0   71.0  444.0
2022 301 10 28 0200  -21.2  991.0    4.6  170.0   70.4  444.0
2022 301 10 28 0300  -21.5  991.0    5.7  156.0   71.0  444.0
2022 301 10 28 0400  -22.0  990.8    4.3  166.0   72.0  444.0
2022 301 10 28 0500  -22.0  990.7    5.5  167.0   71.0  444.0
2022 301 10 28 0600  -23.2  990.3    3.6  177.0   70.0  444.0
2022 301 10 28 0700  -24.2  990.0    2.7  185.0   72.5  444.0
2022 301 10 28 0800  -25.6  989.7    3.2  208.0   74.0  444.0
2022 301 10 28 0900  -26.8  989.5    2.9  215.0   73.0  444.0
2022 301 10 28 1000  -24.9  989.1    3.5  228.0   78.0  444.0
2022 301 10 28 1100  -23.8  988.8    3.6  213.0   78.0  444.0
2022 301 10 28 1200  -22.3  988.1    3.4  217.0   78.5  444.0
2022 301 10 28 1300  -19.9  987.3    4.1  204.0   78.0  444.0
2022 301 10 28 1400  -20.2  986.4    2.9  240.0   77.0  444.0
2022 301 10 28 1500  -18.5  985.8    4.8  198.0   74.0  444.0
2022 301 10 28 1600  -18.2  985.3    4.9  176.0   76.0  444.0
2022 301 10 28 1700  -18.4  985.0    5.8  158.0   79.0  444.0
2022 301 10 28 1800  -19.0  984.9    6.2  160.0   78.0  444.0
2022 301 10 28 1900  -19.4  984.7    5.4  171.0   75.1  444.0
2022 301 10 28 2000  -19.7  984.3    7.6  155.0   74.0  444.0
2022 301 10 28 2100  -19.4  984.3    6.8  147.0   72.0  444.0
2022 301 10 28 2200  -19.5  983.9    7.6  140.0   75.0  444.0
2022 301 10 28 2300  -19.6  984.1    8.2  142.0   76.0  444.0
2022 302 10 29 0000  -20.1  983.9    8.2  142.0   75.1  444.0
2022 302 10 29 0100  -20.0  984.1    7.7  139.0   74.0  444.0
2022 302 10 29 0200  -20.1  984.0    7.4  130.0   72.0  444.0
2022 302 10 29 0300  -20.2  983.8    5.4  141.0   74.0  444.0
2022 302 10 29 0400  -20.4  983.5    5.3  144.0   75.0  444.0
2022 302 10 29 0500  -20.6  983.4    5.0  154.0   74.5  444.0
2022 302 10 29 0600  -20.9  983.3    4.6  144.0   74.0  444.0
2022 302 10 29 0700  -22.3  983.4    4.8  133.0   75.0  444.0
2022 302 10 29 0800  -23.6  983.6    4.4  139.0   75.0  444.0
2022 302 10 29 0900  -24.1  983.4    5.2  148.0   75.0  444.0
2022 302 10 29 1000  -25.9  983.4    3.9  155.0   74.0  444.0
2022 302 10 29 1100  -25.7  983.4    4.7  130.0   74.0  444.0
2022 302 10 29 1200  -27.2  983.7    3.8  152.0   73.0  444.0
2022 302 10 29 1300  -28.2  983.6    3.8  127.0   72.0  444.0
2022 302 10 29 1400  -29.3  983.2    3.3  154.0   71.0  444.0
2022 302 10 29 1500  -28.7  982.9    1.4  132.0   67.0  444.0
2022 302 10 29 1600  -28.5  982.8    1.6  192.0   66.0  444.0
2022 302 10 29 1700  -27.9  983.5    0.9  156.0   62.1  444.0
2022 302 10 29 1800  -28.9  984.3    3.4  159.0   68.0  444.0
2022 302 10 29 1900  -28.1  984.9    5.5  136.0   69.0  444.0
2022 302 10 29 2000  -27.4  985.6    4.7  128.0   69.0  444.0
2022 302 10 29 2100  -26.3  985.9    6.8  135.0   68.9  444.0
2022 302 10 29 2200  -25.8  985.8    3.6  139.0   68.6  444.0
2022 302 10 29 2300  -24.3  985.7    4.8  160.0   69.0  444.0
2022 303 10 30 0000  -22.6  985.4    5.6  150.0   70.0  444.0
2022 303 10 30 0100  -21.5  985.4    6.8  153.0   70.0  444.0
2022 303 10 30 0200  -20.3  985.2    7.0  151.0   70.4  444.0
2022 303 10 30 0300  -20.2  984.7    6.2  166.0   71.2  444.0
2022 303 10 30 0400  -19.6  984.1    8.0  172.0   72.0  444.0
2022 303 10 30 0500  -19.3  983.8    9.3  160.0   74.0  444.0
2022 303 10 30 0600  -19.6  983.1    8.2  170.0   72.9  444.0
2022 303 10 30 0700  -19.6  983.0   10.0  148.0   73.0  444.0
2022 303 10 30 0800  -20.5  983.2    9.2  134.0   77.0  444.0
2022 303 10 30 0900  -22.2  983.9    7.4  132.0   75.0  444.0
2022 303 10 30 1000  -23.9  984.6    7.7  130.0   75.0  444.0
2022 303 10 30 1100  -26.3  985.3    5.2  117.0   73.0  444.0
2022 303 10 30 1200  -28.0  985.4    3.2  140.0   72.0  444.0
2022 303 10 30 1300  -28.1  985.4    3.0  142.0   71.0  444.0
2022 303 10 30 1400  -28.0  985.2    2.7  151.0   71.0  444.0
2022 303 10 30 1500  -28.7  984.7    3.1  201.0   71.0  444.0
2022 303 10 30 1600  -27.8  984.1    3.7  199.0   71.0  444.0
2022 303 10 30 1700  -27.0  983.8    3.2  178.0   70.0  444.0
2022 303 10 30 1800  -25.9  983.4    3.4  165.0   70.0  444.0
2022 303 10 30 1900  -26.1  982.8    3.8  204.0   69.1  444.0
2022 303 10 30 2000  -24.6  982.3    4.7  204.0   69.1  444.0
2022 303 10 30 2100  -23.9  982.2    4.3  203.0   69.0  444.0
2022 303 10 30 2200  -23.2  981.6    4.3  188.0   69.0  444.0
2022 303 10 30 2300  -22.6  981.2    5.2  199.0   69.0  444.0
2022 304 10 31 0000  -21.9  980.6    5.5  196.0   69.3  444.0
2022 304 10 31 0100  -21.4  980.1    5.2  192.0   69.0  444.0
2022 304 10 31 0200  -20.9  979.5    5.8  200.0   68.0  444.0
2022 304 10 31 0300  -21.0  979.0    3.7  188.0   69.0  444.0
2022 304 10 31 0400  -21.3  978.5    4.4  197.0   70.8  444.0
2022 304 10 31 0500  -21.2  978.1    4.6  190.0   68.0  444.0
2022 304 10 31 0600  -21.9  977.6    4.3  201.0   68.0  444.0
2022 304 10 31 0700  -23.1  977.3    4.5  215.0   70.0  444.0
2022 304 10 31 0800  -21.6  976.5    5.0  196.0   67.0  444.0
2022 304 10 31 0900  -22.7  975.8    6.0  202.0   69.0  444.0
2022 304 10 31 1000  -23.5  975.5    5.6  218.0   68.0  444.0
2022 304 10 31 1100  -23.7  974.9    5.8  214.0   67.0  444.0
2022 304 10 31 1200  -22.8  974.7    6.9  205.0   65.0  444.0
2022 304 10 31 1300  -22.4  974.1    6.7  207.0   65.0  444.0
2022 304 10 31 1400  -24.0  973.6    5.9  208.0   67.0  444.0
2022 304 10 31 1500  -23.0  973.3    6.5  207.0   65.0  444.0
2022 304 10 31 1600  -23.3  972.6    5.9  199.0   67.0  444.0
2022 304 10 31 1700  -23.8  972.3    5.5  198.0   65.0  444.0
2022 304 10 31 1800  -23.4  972.1    4.8  195.0   66.0  444.0
2022 304 10 31 1900  -22.7  971.9    4.9  198.0   65.0  444.0
2022 304 10 31 2000  -22.1  971.7    4.0  206.0   66.0  444.0
2022 304 10 31 2100  -20.9  971.5    4.7  195.0   65.0  444.0
2022 304 10 31 2200  -19.7  971.4    4.8  197.0   65.0  444.0
2022 304 10 31 2300  -18.9  971.1    5.2  196.0   65.0  444.0
