Year: 2020  Month: 02  ID: LR2  ARGOS: 21360  Name: Laurie II         
Lat: 77.50S  Lon: 170.79E  Elev:   34m                                
2020  32  2  1 0000  -10.6  993.2    8.8  444.0   79.5  444.0
2020  32  2  1 0100  -10.4  992.8    8.8  444.0   79.1  444.0
2020  32  2  1 0200  -10.2  992.7    8.8  444.0   77.3  444.0
2020  32  2  1 0300  -10.4  992.6   11.1  444.0   79.1  444.0
2020  32  2  1 0400  -10.0  992.2    8.0  444.0   80.4  444.0
2020  32  2  1 0500   -9.8  992.0    9.6  444.0   83.0  444.0
2020  32  2  1 0600  -10.0  991.8   11.7  444.0   83.5  444.0
2020  32  2  1 0700  -10.2  991.8   11.5  444.0   89.6  444.0
2020  32  2  1 0800  -10.4  991.8    9.2  444.0   92.3  444.0
2020  32  2  1 0900  -10.0  991.5   11.5  444.0   93.6  444.0
2020  32  2  1 1000  -10.8  991.4    9.6  444.0   96.7  444.0
2020  32  2  1 1100  -11.5  991.3   11.1  444.0   97.6  444.0
2020  32  2  1 1200  -11.8  991.3   11.7  444.0   98.4  444.0
2020  32  2  1 1300  -11.9  990.9   11.5  444.0   98.0  444.0
2020  32  2  1 1400  -12.4  991.0   11.5  444.0   95.4  444.0
2020  32  2  1 1500  -12.0  991.1   13.5  444.0   94.0  444.0
2020  32  2  1 1600  -12.4  990.9   11.5  444.0   93.2  444.0
2020  32  2  1 1700  -11.8  991.1   12.9  444.0   89.6  444.0
2020  32  2  1 1800  -10.9  991.2   10.7  444.0   82.6  444.0
2020  32  2  1 1900  -10.8  991.1   11.9  444.0   83.0  444.0
2020  32  2  1 2000  -11.1  990.9   12.1  444.0   84.4  444.0
2020  32  2  1 2100  -10.4  990.8   12.1  444.0   83.9  444.0
2020  32  2  1 2200  -10.0  990.7    9.9  444.0   81.7  444.0
2020  32  2  1 2300   -9.4  990.6   10.5  444.0   77.8  444.0
2020  33  2  2 0000   -9.4  990.1   10.5  444.0   75.6  444.0
2020  33  2  2 0100   -9.0  989.8   11.7  444.0   78.2  444.0
2020  33  2  2 0200   -9.4  989.4   12.3  444.0   80.4  444.0
2020  33  2  2 0300   -8.8  988.4   12.5  444.0   76.0  444.0
2020  33  2  2 0400   -8.5  988.6   14.6  444.0   75.1  444.0
2020  33  2  2 0500   -9.4  988.3   13.3  444.0   83.9  444.0
2020  33  2  2 0600   -9.4  988.2   11.3  444.0   87.4  444.0
2020  33  2  2 0700   -9.1  988.0    9.0  444.0   87.4  444.0
2020  33  2  2 0800   -9.5  987.7   12.3  444.0   91.8  444.0
2020  33  2  2 0900   -9.6  987.8   12.5  444.0   91.8  444.0
2020  33  2  2 1000   -9.6  987.9    9.9  444.0   91.8  444.0
2020  33  2  2 1100  -10.0  987.8   10.9  444.0   94.9  444.0
2020  33  2  2 1200  -10.1  987.9   11.5  444.0   97.1  444.0
2020  33  2  2 1300  -10.1  987.7   11.1  444.0   96.7  444.0
2020  33  2  2 1400  -10.6  987.6   12.9  444.0   94.0  444.0
2020  33  2  2 1500  -11.8  987.8   10.7  444.0   93.6  444.0
2020  33  2  2 1600  -11.9  987.7    8.8  444.0   93.2  444.0
2020  33  2  2 1700  -11.8  987.7    9.6  444.0   91.4  444.0
2020  33  2  2 1800  -11.9  987.7    8.0  444.0   88.8  444.0
2020  33  2  2 1900  -11.4  987.8    9.2  444.0   83.5  444.0
2020  33  2  2 2000  -10.6  987.9   10.1  444.0   77.8  444.0
2020  33  2  2 2100  -10.2  988.0    9.0  444.0   73.8  444.0
2020  33  2  2 2200   -9.5  987.8    8.0  444.0   71.6  444.0
2020  33  2  2 2300   -9.8  988.0    6.4  444.0   68.1  444.0
2020  34  2  3 0000  -10.0  987.8    8.4  444.0   65.4  444.0
2020  34  2  3 0100   -9.4  987.4    6.2  444.0   64.1  444.0
2020  34  2  3 0200   -8.2  987.3    7.0  444.0   62.4  444.0
2020  34  2  3 0300   -8.5  987.2    6.0  444.0   60.6  444.0
2020  34  2  3 0400   -8.2  987.0    5.5  444.0   59.3  444.0
2020  34  2  3 0500   -7.6  986.8    3.5  444.0   55.3  444.0
2020  34  2  3 0600  -10.0  986.6    4.1  444.0   69.0  444.0
2020  34  2  3 0700  -10.0  986.3    3.7  444.0   65.0  444.0
2020  34  2  3 0800  -10.6  986.0    3.1  444.0   69.8  444.0
2020  34  2  3 0900  -12.9  985.8    3.5  444.0   83.0  444.0
2020  34  2  3 1000  -12.8  985.5    4.1  444.0   82.6  444.0
2020  34  2  3 1100  -12.4  985.3    4.9  444.0   77.3  444.0
2020  34  2  3 1200  -12.9  985.1    4.1  444.0   83.5  444.0
2020  34  2  3 1300  -12.5  984.9    5.5  444.0   75.6  444.0
2020  34  2  3 1400  -13.5  984.9    5.5  444.0   79.1  444.0
2020  34  2  3 1500  -16.5  984.6    5.5  444.0   85.2  444.0
2020  34  2  3 1600  -16.0  984.5    5.8  444.0   78.6  444.0
2020  34  2  3 1700  -13.9  984.4    3.1  444.0   68.5  444.0
2020  34  2  3 1800  -14.5  984.1    3.7  444.0   72.0  444.0
2020  34  2  3 1900  -14.0  983.8    3.7  444.0   66.8  444.0
2020  34  2  3 2000  -12.5  983.6    3.5  444.0   55.3  444.0
2020  34  2  3 2100  -11.1  983.4    4.1  444.0   50.5  444.0
2020  34  2  3 2200  -10.9  983.3    4.5  444.0   51.4  444.0
2020  34  2  3 2300  -10.4  983.1    3.3  444.0   49.2  444.0
2020  35  2  4 0000  -10.2  982.8    2.7  444.0   46.1  444.0
2020  35  2  4 0100   -8.9  982.6    3.3  444.0   43.4  444.0
2020  35  2  4 0200   -6.6  982.2    2.3  444.0   41.2  444.0
2020  35  2  4 0300   -5.5  982.0    1.9  444.0   40.8  444.0
2020  35  2  4 0400   -5.9  981.9    2.1  444.0   43.0  444.0
2020  35  2  4 0500   -6.0  981.6    1.9  444.0   50.0  444.0
2020  35  2  4 0600   -7.0  981.5    2.3  444.0   56.2  444.0
2020  35  2  4 0700   -8.2  981.3    1.9  444.0   60.2  444.0
2020  35  2  4 0800   -9.4  981.2    2.7  444.0   62.4  444.0
2020  35  2  4 0900  -10.2  981.1    2.3  444.0   69.8  444.0
2020  35  2  4 1000  -12.4  981.0    2.9  444.0   78.6  444.0
2020  35  2  4 1100  -13.0  981.2    2.7  444.0   86.6  444.0
2020  35  2  4 1200  -13.2  981.0    3.3  444.0   81.7  444.0
2020  35  2  4 1300  -13.6  981.0    3.7  444.0   81.3  444.0
2020  35  2  4 1400  -13.6  980.8    3.5  444.0   73.8  444.0
2020  35  2  4 1500  -12.4  980.4    4.1  444.0   68.5  444.0
2020  35  2  4 1600  -10.4  980.9    1.6  444.0   57.5  444.0
2020  35  2  4 1700  444.0  980.8    0.2  444.0   43.9  444.0
2020  35  2  4 1800   -9.0  980.9    1.8  444.0   42.1  444.0
2020  35  2  4 1900   -7.9  981.2    1.9  444.0   50.0  444.0
2020  35  2  4 2000   -8.4  981.4    1.9  444.0   39.0  444.0
2020  35  2  4 2100   -7.9  981.3    1.8  444.0   32.0  444.0
2020  35  2  4 2200  444.0  981.7    1.4  444.0   18.4  444.0
2020  35  2  4 2300   -7.2  981.8    2.7  444.0   47.8  444.0
2020  36  2  5 0000   -6.9  981.8    1.9  444.0   49.2  444.0
2020  36  2  5 0100   -5.0  981.7    2.7  444.0   50.5  444.0
2020  36  2  5 0200   -4.4  981.5    3.7  444.0   46.5  444.0
2020  36  2  5 0300   -5.2  981.3    3.1  444.0   50.0  444.0
2020  36  2  5 0400   -5.4  981.2    2.1  444.0   49.6  444.0
2020  36  2  5 0500   -6.5  981.0    2.9  444.0   54.4  444.0
2020  36  2  5 0600   -6.5  981.1    2.3  444.0   48.7  444.0
2020  36  2  5 0700   -5.6  981.0    1.2  444.0   42.6  444.0
2020  36  2  5 0800   -7.8  980.8    1.4  444.0   60.6  444.0
2020  36  2  5 0900   -8.8  980.6    2.5  444.0   63.2  444.0
2020  36  2  5 1000   -6.9  980.3    1.8  444.0   69.0  444.0
2020  36  2  5 1100   -7.1  979.9    2.7  444.0   83.9  444.0
2020  36  2  5 1200   -9.2  979.7    1.6  444.0   94.0  444.0
2020  36  2  5 1300  -15.0  979.5    2.7  444.0   83.0  444.0
2020  36  2  5 1400   -8.0  979.4    1.6  444.0   97.1  444.0
2020  36  2  5 1500  -10.6  979.3    2.3  444.0   97.1  444.0
2020  36  2  5 1600  -12.0  979.1    3.3  444.0   67.6  444.0
2020  36  2  5 1700   -8.5  979.2    3.1  444.0   52.7  444.0
2020  36  2  5 1800   -9.8  979.0    2.3  444.0   49.6  444.0
2020  36  2  5 1900  -10.8  978.9    3.1  444.0   43.4  444.0
2020  36  2  5 2000   -8.9  978.5    1.8  444.0   39.0  444.0
2020  36  2  5 2100   -7.6  978.5    2.1  444.0   41.7  444.0
2020  36  2  5 2200   -4.8  978.4    2.5  444.0   43.0  444.0
2020  36  2  5 2300   -3.6  978.3    1.6  444.0   37.3  444.0
2020  37  2  6 0000   -4.8  978.1    2.1  444.0   55.8  444.0
2020  37  2  6 0100   -2.9  977.6    2.7  444.0   59.3  444.0
2020  37  2  6 0200   -0.6  977.3    2.3  444.0   67.2  444.0
2020  37  2  6 0300  444.0  977.1    0.4  444.0   59.3  444.0
2020  37  2  6 0400  444.0  976.8    1.2  444.0   56.6  444.0
2020  37  2  6 0500   -2.1  976.5    2.1  444.0   74.2  444.0
2020  37  2  6 0600   -1.8  976.4    1.2  444.0   60.6  444.0
2020  37  2  6 0700   -1.6  976.2    1.6  444.0   57.5  444.0
2020  37  2  6 0800   -3.2  976.1    1.8  444.0   68.5  444.0
2020  37  2  6 0900  444.0  976.0    1.4  444.0   61.9  444.0
2020  37  2  6 1000   -5.6  975.7    1.9  444.0   80.4  444.0
2020  37  2  6 1100   -9.4  975.7    1.9  444.0   97.1  444.0
2020  37  2  6 1200  -11.1  975.6    2.7  444.0  444.0  444.0
2020  37  2  6 1300  -12.4  975.7    2.3  444.0  444.0  444.0
2020  37  2  6 1400  -13.2  975.7    2.1  444.0  444.0  444.0
2020  37  2  6 1500  -12.4  975.8    0.8  444.0  444.0  444.0
2020  37  2  6 1600  444.0  975.8    0.6  444.0  444.0  444.0
2020  37  2  6 1700   -9.4  976.2    2.5  444.0  444.0  444.0
2020  37  2  6 1800   -8.0  976.2    1.6  444.0   89.2  444.0
2020  37  2  6 1900   -7.4  976.4    2.9  444.0   82.6  444.0
2020  37  2  6 2000   -7.2  976.4    2.7  444.0   67.2  444.0
2020  37  2  6 2100   -4.1  976.5    1.4  444.0   75.1  444.0
2020  37  2  6 2200   -3.5  976.5    3.5  444.0   74.7  444.0
2020  37  2  6 2300   -3.4  976.6    1.8  444.0   44.3  444.0
2020  38  2  7 0000   -2.6  976.9    3.7  444.0   57.1  444.0
2020  38  2  7 0100   -1.4  976.4    5.3  444.0   73.4  444.0
2020  38  2  7 0200   -0.9  976.4    4.3  444.0   74.2  444.0
2020  38  2  7 0300   -0.8  976.1    4.3  444.0   73.8  444.0
2020  38  2  7 0400   -0.9  975.8    5.1  444.0   74.2  444.0
2020  38  2  7 0500   -0.9  975.7    4.7  444.0   78.6  444.0
2020  38  2  7 0600   -1.4  975.9    6.8  444.0   79.5  444.0
2020  38  2  7 0700   -1.9  976.0    8.0  444.0   80.0  444.0
2020  38  2  7 0800   -2.4  976.3    6.8  444.0   74.7  444.0
2020  38  2  7 0900   -4.9  977.0    4.1  444.0   74.7  444.0
2020  38  2  7 1000   -6.0  977.4    3.3  444.0   73.4  444.0
2020  38  2  7 1100   -7.4  977.5    3.1  444.0   86.1  444.0
2020  38  2  7 1200   -6.6  977.3    4.1  444.0   83.5  444.0
2020  38  2  7 1300   -7.8  977.5    4.1  444.0   98.0  444.0
2020  38  2  7 1400   -7.2  977.4    4.1  444.0   91.0  444.0
2020  38  2  7 1500   -5.5  977.6    3.9  444.0   87.0  444.0
2020  38  2  7 1600   -4.8  977.4    4.7  444.0   87.9  444.0
2020  38  2  7 1700   -4.4  977.9    3.3  444.0   83.9  444.0
2020  38  2  7 1800   -4.1  978.3    4.3  444.0   89.2  444.0
2020  38  2  7 1900   -2.2  978.3    9.2  444.0   94.5  444.0
2020  38  2  7 2000   -2.9  978.7    8.6  444.0   87.9  444.0
2020  38  2  7 2100   -4.8  979.5    9.6  444.0   84.4  444.0
2020  38  2  7 2200   -5.0  979.8    9.4  444.0   80.8  444.0
2020  38  2  7 2300   -6.0  980.6   12.3  444.0   76.0  444.0
2020  39  2  8 0000   -9.1  981.0   12.9  444.0   80.8  444.0
2020  39  2  8 0100   -8.9  981.8    8.8  444.0   81.3  444.0
2020  39  2  8 0200   -7.8  982.3    7.2  444.0   80.8  444.0
2020  39  2  8 0300   -9.5  982.2   12.7  444.0   85.7  444.0
2020  39  2  8 0400   -8.9  982.3   14.2  444.0   89.2  444.0
2020  39  2  8 0500   -9.5  982.3   12.5  444.0   93.6  444.0
2020  39  2  8 0600   -9.0  982.0   14.2  444.0   95.8  444.0
2020  39  2  8 0700   -7.9  981.8   15.4  444.0   99.3  444.0
2020  39  2  8 0800   -7.2  981.9   13.8  444.0  444.0  444.0
2020  39  2  8 0900   -7.2  981.9   14.2  444.0  444.0  444.0
2020  39  2  8 1000   -8.0  982.7   10.7  444.0  444.0  444.0
2020  39  2  8 1100   -7.0  982.3   15.0  444.0  444.0  444.0
2020  39  2  8 1200   -6.5  982.2   16.4  444.0  444.0  444.0
2020  39  2  8 1300   -5.9  982.4   12.7  444.0  444.0  444.0
2020  39  2  8 1400   -5.6  982.1   13.5  444.0  444.0  444.0
2020  39  2  8 1500   -5.0  981.9   11.3  444.0  444.0  444.0
2020  39  2  8 1600   -4.8  981.2   11.1  444.0  444.0  444.0
2020  39  2  8 1700   -4.4  981.1   11.9  444.0  444.0  444.0
2020  39  2  8 1800   -4.6  980.9    9.6  444.0   99.8  444.0
2020  39  2  8 1900   -3.4  980.2   10.9  444.0   98.0  444.0
2020  39  2  8 2000   -4.4  979.8    8.6  444.0   89.2  444.0
2020  39  2  8 2100   -4.2  979.2    7.8  444.0   84.8  444.0
2020  39  2  8 2200   -4.2  978.7    8.4  444.0   78.6  444.0
2020  39  2  8 2300   -4.8  978.5    7.6  444.0   77.8  444.0
2020  40  2  9 0000   -3.6  977.9    6.4  444.0   65.4  444.0
2020  40  2  9 0100   -2.9  977.0    4.5  444.0   63.7  444.0
2020  40  2  9 0200   -2.2  976.6    4.1  444.0   69.0  444.0
2020  40  2  9 0300    0.0  976.4    4.1  444.0   74.7  444.0
2020  40  2  9 0400   -0.1  976.1    3.1  444.0   59.7  444.0
2020  40  2  9 0500   -0.1  975.7    2.3  444.0   55.3  444.0
2020  40  2  9 0600   -3.0  975.0    2.7  444.0   65.0  444.0
2020  40  2  9 0700   -3.6  974.6    3.5  444.0   74.7  444.0
2020  40  2  9 0800   -4.9  974.3    3.1  444.0   80.0  444.0
2020  40  2  9 0900   -5.6  974.2    3.5  444.0   87.0  444.0
2020  40  2  9 1000   -7.6  974.1    4.5  444.0   91.4  444.0
2020  40  2  9 1100  -11.8  974.0    1.9  444.0   93.2  444.0
2020  40  2  9 1200  -12.8  974.0    3.1  444.0   98.9  444.0
2020  40  2  9 1300  -11.9  973.9    3.5  444.0   91.8  444.0
2020  40  2  9 1400  -10.4  974.1    3.9  444.0   92.3  444.0
2020  40  2  9 1500   -9.5  974.3    3.7  444.0   91.0  444.0
2020  40  2  9 1600  -10.0  974.5    2.3  444.0   90.5  444.0
2020  40  2  9 1700   -7.8  974.6    2.9  444.0   84.8  444.0
2020  40  2  9 1800   -8.1  975.1    3.1  444.0   82.2  444.0
2020  40  2  9 1900   -7.6  975.7    3.3  444.0   80.8  444.0
2020  40  2  9 2000   -6.5  976.0    3.9  444.0   78.2  444.0
2020  40  2  9 2100   -5.8  976.3    2.7  444.0   73.8  444.0
2020  40  2  9 2200   -5.8  976.5    2.3  444.0   71.6  444.0
2020  40  2  9 2300   -5.0  976.6    2.3  444.0   67.6  444.0
2020  41  2 10 0000   -4.8  976.9    2.7  444.0   65.9  444.0
2020  41  2 10 0100   -2.4  977.2    1.0  444.0   51.8  444.0
2020  41  2 10 0200   -3.1  977.3    1.9  444.0   50.0  444.0
2020  41  2 10 0300   -4.6  977.7    5.1  444.0   64.6  444.0
2020  41  2 10 0400   -4.2  977.9    6.4  444.0   66.3  444.0
2020  41  2 10 0500   -4.1  978.3    6.2  444.0   70.3  444.0
2020  41  2 10 0600   -3.5  978.8    6.0  444.0   76.0  444.0
2020  41  2 10 0700   -3.6  979.2    6.6  444.0   82.2  444.0
2020  41  2 10 0800   -3.6  979.4    5.5  444.0   81.3  444.0
2020  41  2 10 0900   -3.6  979.6    5.3  444.0   84.8  444.0
2020  41  2 10 1000   -4.6  980.1    3.7  444.0   94.0  444.0
2020  41  2 10 1100   -5.0  980.3    3.3  444.0   96.7  444.0
2020  41  2 10 1200   -5.0  980.7    2.7  444.0   93.2  444.0
2020  41  2 10 1300   -4.2  980.6    3.1  444.0   83.0  444.0
2020  41  2 10 1400   -4.9  980.5    2.5  444.0   83.0  444.0
2020  41  2 10 1500   -5.2  980.5    2.1  444.0   87.4  444.0
2020  41  2 10 1600   -3.9  980.5    2.9  444.0   94.0  444.0
2020  41  2 10 1700   -3.4  981.0    3.3  444.0   81.7  444.0
2020  41  2 10 1800   -3.6  981.0    3.7  444.0   84.4  444.0
2020  41  2 10 1900   -3.2  980.9    3.9  444.0   86.1  444.0
2020  41  2 10 2000   -2.9  980.9    8.0  444.0   94.9  444.0
2020  41  2 10 2100   -2.4  981.0    5.5  444.0   92.7  444.0
2020  41  2 10 2200   -0.5  980.8    3.1  444.0   75.6  444.0
2020  41  2 10 2300   -1.2  980.7    5.3  444.0   82.2  444.0
2020  42  2 11 0000   -1.2  980.5    7.2  444.0   84.8  444.0
2020  42  2 11 0100   -5.5  980.9   12.1  444.0   98.0  444.0
2020  42  2 11 0200   -5.9  981.2    8.4  444.0   94.0  444.0
2020  42  2 11 0300   -5.6  980.4    8.4  444.0   95.4  444.0
2020  42  2 11 0400   -4.2  980.4   14.4  444.0  444.0  444.0
2020  42  2 11 0500   -5.5  980.8    9.4  444.0   93.6  444.0
2020  42  2 11 0600   -5.2  980.9    9.0  444.0   95.8  444.0
2020  42  2 11 0700   -5.0  981.0   10.7  444.0   97.6  444.0
2020  42  2 11 0800   -5.8  981.4    8.8  444.0  444.0  444.0
2020  42  2 11 0900   -6.4  981.4    8.6  444.0  444.0  444.0
2020  42  2 11 1000   -5.5  980.8   15.0  444.0  444.0  444.0
2020  42  2 11 1100   -5.6  980.9   12.7  444.0  444.0  444.0
2020  42  2 11 1200   -5.4  981.2   12.5  444.0  444.0  444.0
2020  42  2 11 1300   -5.0  981.0   13.6  444.0  444.0  444.0
2020  42  2 11 1400   -5.2  980.5   13.8  444.0  444.0  444.0
2020  42  2 11 1500   -6.5  981.0   12.7  444.0  444.0  444.0
2020  42  2 11 1600   -6.5  981.4   10.7  444.0  444.0  444.0
2020  42  2 11 1700   -5.0  980.8   14.8  444.0  444.0  444.0
2020  42  2 11 1800   -4.9  980.6   16.2  444.0  444.0  444.0
2020  42  2 11 1900   -5.2  980.8   14.6  444.0  444.0  444.0
2020  42  2 11 2000   -5.2  981.5   13.1  444.0  444.0  444.0
2020  42  2 11 2100   -5.2  981.6   13.1  444.0   98.9  444.0
2020  42  2 11 2200   -5.2  982.2   10.3  444.0   95.8  444.0
2020  42  2 11 2300   -5.0  982.2   12.9  444.0   92.7  444.0
2020  43  2 12 0000   -4.8  982.1   11.9  444.0   91.0  444.0
2020  43  2 12 0100   -5.0  982.2   15.0  444.0   96.7  444.0
2020  43  2 12 0200   -4.8  982.4   12.9  444.0   94.9  444.0
2020  43  2 12 0300   -5.2  982.3   13.1  444.0   98.4  444.0
2020  43  2 12 0400   -5.6  982.5   10.3  444.0   99.8  444.0
2020  43  2 12 0500   -5.8  982.5   10.9  444.0   97.6  444.0
2020  43  2 12 0600   -6.4  982.6   10.1  444.0   98.9  444.0
2020  43  2 12 0700   -7.0  982.7    8.8  444.0   99.8  444.0
2020  43  2 12 0800   -7.6  982.7    9.6  444.0   96.7  444.0
2020  43  2 12 0900   -7.9  982.7    8.6  444.0   95.8  444.0
2020  43  2 12 1000   -8.0  982.6    8.2  444.0   97.6  444.0
2020  43  2 12 1100   -8.4  982.5    7.4  444.0   98.4  444.0
2020  43  2 12 1200   -9.1  982.4    8.6  444.0  444.0  444.0
2020  43  2 12 1300   -9.1  982.3    7.0  444.0  444.0  444.0
2020  43  2 12 1400   -9.0  982.2    5.7  444.0   98.0  444.0
2020  43  2 12 1500   -8.4  982.1    8.4  444.0   97.1  444.0
2020  43  2 12 1600   -7.9  982.3    7.2  444.0   95.8  444.0
2020  43  2 12 1700   -7.2  982.3    7.4  444.0   95.4  444.0
2020  43  2 12 1800   -7.1  982.3    7.2  444.0   95.8  444.0
2020  43  2 12 1900   -7.2  982.4    7.2  444.0   89.2  444.0
2020  43  2 12 2000   -7.4  982.4    8.6  444.0   88.3  444.0
2020  43  2 12 2100   -7.4  982.2    7.4  444.0   87.9  444.0
2020  43  2 12 2200   -7.0  982.5    5.7  444.0   82.2  444.0
2020  43  2 12 2300   -6.6  982.6    5.8  444.0   75.6  444.0
2020  44  2 13 0000   -7.0  982.5    5.7  444.0   72.5  444.0
2020  44  2 13 0100   -7.1  982.3    5.7  444.0   67.2  444.0
2020  44  2 13 0200   -6.8  982.2    4.7  444.0   64.1  444.0
2020  44  2 13 0300   -6.6  982.1    3.9  444.0   63.2  444.0
2020  44  2 13 0400   -6.9  982.1    2.7  444.0   64.1  444.0
2020  44  2 13 0500   -7.6  982.0    3.9  444.0   70.7  444.0
2020  44  2 13 0600   -7.9  982.0    4.5  444.0   73.4  444.0
2020  44  2 13 0700   -7.1  982.0    4.3  444.0   70.7  444.0
2020  44  2 13 0800   -8.9  981.9    3.3  444.0   77.8  444.0
2020  44  2 13 0900  -10.6  981.8    2.5  444.0  444.0  444.0
2020  44  2 13 1000  -11.1  981.7    2.9  444.0  444.0  444.0
2020  44  2 13 1100  -12.0  981.9    1.9  444.0  444.0  444.0
2020  44  2 13 1200  -12.8  981.9    0.8  444.0  444.0  444.0
2020  44  2 13 1300  -11.8  981.8    1.2  444.0  444.0  444.0
2020  44  2 13 1400  -10.8  981.9    1.2  444.0  444.0  444.0
2020  44  2 13 1500  -10.9  981.8    0.8  444.0  444.0  444.0
2020  44  2 13 1600  -11.1  981.4    1.4  444.0  444.0  444.0
2020  44  2 13 1700  -10.8  981.3    1.4  444.0  444.0  444.0
2020  44  2 13 1800  -10.2  981.5    1.8  444.0  444.0  444.0
2020  44  2 13 1900   -9.5  981.4    1.6  444.0  444.0  444.0
2020  44  2 13 2000   -7.9  981.3    1.8  444.0   97.6  444.0
2020  44  2 13 2100   -5.8  981.1    1.6  444.0   92.7  444.0
2020  44  2 13 2200   -4.8  980.9    2.7  444.0   95.4  444.0
2020  44  2 13 2300   -4.1  980.8    2.7  444.0   95.8  444.0
2020  45  2 14 0000   -3.2  980.8    2.1  444.0   91.8  444.0
2020  45  2 14 0100   -3.1  980.7    1.9  444.0   91.4  444.0
2020  45  2 14 0200   -2.9  980.5    1.6  444.0   79.1  444.0
2020  45  2 14 0300   -3.2  980.5    1.9  444.0   83.0  444.0
2020  45  2 14 0400   -3.2  980.4    1.9  444.0   94.0  444.0
2020  45  2 14 0500   -1.4  980.2    0.0  444.0   74.7  444.0
2020  45  2 14 0600   -2.2  980.0    6.2  444.0   98.0  444.0
2020  45  2 14 0700   -2.9  980.0    5.1  444.0  444.0  444.0
2020  45  2 14 0800   -3.2  980.1    5.3  444.0  444.0  444.0
2020  45  2 14 0900   -3.4  980.1    7.0  444.0  444.0  444.0
2020  45  2 14 1000   -3.5  980.4    3.5  444.0  444.0  444.0
2020  45  2 14 1100   -3.8  980.7    3.5  444.0  444.0  444.0
2020  45  2 14 1200   -3.1  980.6    6.2  444.0  444.0  444.0
2020  45  2 14 1300   -3.2  980.9    5.3  444.0  444.0  444.0
2020  45  2 14 1400   -3.1  981.2    4.7  444.0  444.0  444.0
2020  45  2 14 1500   -9.6  981.6    6.0  444.0  444.0  444.0
2020  45  2 14 1600  -10.1  981.8    5.1  444.0   99.8  444.0
2020  45  2 14 1700  -10.2  982.2    5.3  444.0   98.0  444.0
2020  45  2 14 1800  -10.1  982.7    5.8  444.0   97.6  444.0
2020  45  2 14 1900  -10.2  983.3    7.6  444.0   95.8  444.0
2020  45  2 14 2000  -10.6  983.4    8.8  444.0   91.8  444.0
2020  45  2 14 2100  -10.4  983.9    9.0  444.0   90.1  444.0
2020  45  2 14 2200  -10.4  984.6   10.7  444.0   88.3  444.0
2020  45  2 14 2300  -10.4  985.2    9.0  444.0   89.6  444.0
2020  46  2 15 0000  -10.0  985.5    8.8  444.0   88.3  444.0
2020  46  2 15 0100   -9.0  985.9    8.4  444.0   85.7  444.0
2020  46  2 15 0200  -10.0  986.2    9.2  444.0   87.0  444.0
2020  46  2 15 0300  -10.2  986.5    9.6  444.0   87.9  444.0
2020  46  2 15 0400  -10.0  986.7    9.8  444.0   82.6  444.0
2020  46  2 15 0500  -10.1  987.0    8.6  444.0   87.0  444.0
2020  46  2 15 0600  -10.6  987.4    9.8  444.0   94.0  444.0
2020  46  2 15 0700  -10.8  987.7   10.9  444.0   92.7  444.0
2020  46  2 15 0800  -10.9  988.0   10.3  444.0   92.7  444.0
2020  46  2 15 0900  -11.2  988.7    8.2  444.0   97.6  444.0
2020  46  2 15 1000  -11.8  988.8    9.6  444.0   98.4  444.0
2020  46  2 15 1100  -11.9  989.3    8.6  444.0   98.9  444.0
2020  46  2 15 1200  -12.1  989.6   10.5  444.0   98.9  444.0
2020  46  2 15 1300  -12.1  989.8    9.4  444.0   99.3  444.0
2020  46  2 15 1400  -12.4  989.9    9.6  444.0   98.9  444.0
2020  46  2 15 1500  -12.4  990.0    8.8  444.0   98.0  444.0
2020  46  2 15 1600  -11.9  990.5    9.8  444.0   97.1  444.0
2020  46  2 15 1700  -12.5  990.6    9.9  444.0   95.4  444.0
2020  46  2 15 1800  -12.9  990.8    9.4  444.0   94.0  444.0
2020  46  2 15 1900  -12.8  991.3   10.3  444.0   91.8  444.0
2020  46  2 15 2000  -12.4  991.6   11.5  444.0   89.6  444.0
2020  46  2 15 2100  -12.1  991.5    8.6  444.0   87.0  444.0
2020  46  2 15 2200  -12.0  992.0    9.9  444.0   84.8  444.0
2020  46  2 15 2300  -11.9  992.1    8.6  444.0   83.0  444.0
2020  47  2 16 0000  -11.4  992.3    8.6  444.0   79.5  444.0
2020  47  2 16 0100  -11.1  992.1   10.1  444.0   75.6  444.0
2020  47  2 16 0200  -11.2  992.2    7.8  444.0   77.8  444.0
2020  47  2 16 0300  -10.8  991.9   10.3  444.0   76.0  444.0
2020  47  2 16 0400  -10.9  992.0    9.0  444.0   76.9  444.0
2020  47  2 16 0500  -10.6  991.9    9.0  444.0   72.5  444.0
2020  47  2 16 0600  -12.1  991.7    7.4  444.0   78.2  444.0
2020  47  2 16 0700  -13.4  991.6    6.8  444.0   84.4  444.0
2020  47  2 16 0800  -14.9  991.5    6.4  444.0   90.1  444.0
2020  47  2 16 0900  -14.9  991.4    5.7  444.0   90.1  444.0
2020  47  2 16 1000  -15.6  991.3    5.3  444.0   98.0  444.0
2020  47  2 16 1100  -13.9  991.2    5.5  444.0   96.2  444.0
2020  47  2 16 1200  -13.9  991.1    4.9  444.0   96.2  444.0
2020  47  2 16 1300  -13.2  990.7    5.1  444.0   98.0  444.0
2020  47  2 16 1400  -13.1  990.5    3.9  444.0   98.0  444.0
2020  47  2 16 1500  -13.1  990.3    4.1  444.0   98.0  444.0
2020  47  2 16 1600  -13.5  990.1    3.1  444.0   94.5  444.0
2020  47  2 16 1700  -13.6  990.2    3.1  444.0   92.3  444.0
2020  47  2 16 1800  -12.8  990.2    3.1  444.0   91.0  444.0
2020  47  2 16 1900  -12.1  990.1    4.9  444.0   90.1  444.0
2020  47  2 16 2000  -12.4  990.1    4.5  444.0   87.0  444.0
2020  47  2 16 2100  -11.4  990.0    4.5  444.0   86.1  444.0
2020  47  2 16 2200  -10.4  990.0    5.1  444.0   83.0  444.0
2020  47  2 16 2300  -10.8  989.9    6.6  444.0   83.9  444.0
2020  48  2 17 0000  -12.0  990.0    7.4  444.0   80.4  444.0
2020  48  2 17 0100  -12.5  990.0    7.6  444.0   77.8  444.0
2020  48  2 17 0200  -12.5  989.6    8.2  444.0   79.5  444.0
2020  48  2 17 0300  -12.6  989.7    8.0  444.0   83.9  444.0
2020  48  2 17 0400  -12.8  989.5    8.6  444.0   82.6  444.0
2020  48  2 17 0500  -13.5  989.4   10.1  444.0   80.4  444.0
2020  48  2 17 0600  -13.8  989.4    8.6  444.0   80.4  444.0
2020  48  2 17 0700  -13.6  989.2    8.6  444.0   80.4  444.0
2020  48  2 17 0800  -13.9  989.1    7.4  444.0   83.9  444.0
2020  48  2 17 0900  -14.0  989.1    6.2  444.0   85.7  444.0
2020  48  2 17 1000  -14.5  988.7    9.2  444.0   90.1  444.0
2020  48  2 17 1100  -14.8  988.5    8.4  444.0   91.0  444.0
2020  48  2 17 1200  -15.0  988.6    8.6  444.0   89.2  444.0
2020  48  2 17 1300  -15.1  988.5    7.2  444.0   88.3  444.0
2020  48  2 17 1400  -15.1  988.4    7.0  444.0   84.4  444.0
2020  48  2 17 1500  -15.4  988.6    6.8  444.0   84.8  444.0
2020  48  2 17 1600  -15.1  988.7    6.6  444.0   82.2  444.0
2020  48  2 17 1700  -15.0  988.5    6.2  444.0   79.5  444.0
2020  48  2 17 1800  -15.4  988.6    7.2  444.0   73.8  444.0
2020  48  2 17 1900  -16.0  988.6    6.6  444.0   73.8  444.0
2020  48  2 17 2000  -18.2  988.7    6.4  444.0   72.0  444.0
2020  48  2 17 2100  -15.9  988.8    5.7  444.0   52.2  444.0
2020  48  2 17 2200  -14.8  988.8    5.7  444.0   46.5  444.0
2020  48  2 17 2300  -14.4  988.9    3.7  444.0   45.2  444.0
2020  49  2 18 0000  -15.1  988.9    3.9  444.0   49.6  444.0
2020  49  2 18 0100  -14.9  988.5    3.9  444.0   50.9  444.0
2020  49  2 18 0200  -13.5  988.5    5.3  444.0   43.9  444.0
2020  49  2 18 0300  -14.5  988.6    3.3  444.0   47.0  444.0
2020  49  2 18 0400  -13.1  988.6    3.7  444.0   40.8  444.0
2020  49  2 18 0500  -13.5  988.5    5.7  444.0   42.6  444.0
2020  49  2 18 0600  -14.9  988.4    5.8  444.0   48.3  444.0
2020  49  2 18 0700  -15.4  988.4    4.7  444.0   52.2  444.0
2020  49  2 18 0800  -16.8  988.3    4.9  444.0   55.3  444.0
2020  49  2 18 0900  -18.0  988.4    2.7  444.0   58.0  444.0
2020  49  2 18 1000  -18.0  988.2    5.1  444.0   81.7  444.0
2020  49  2 18 1100  -17.6  988.1    4.7  444.0   75.1  444.0
2020  49  2 18 1200  -17.1  988.1    5.3  444.0   77.3  444.0
2020  49  2 18 1300  -17.4  988.3    5.3  444.0   61.0  444.0
2020  49  2 18 1400  -18.6  988.2    4.1  444.0   76.0  444.0
2020  49  2 18 1500  -18.5  988.1    4.9  444.0   75.1  444.0
2020  49  2 18 1600  -17.5  988.3    5.5  444.0   73.8  444.0
2020  49  2 18 1700  -18.5  988.5    4.3  444.0   76.0  444.0
2020  49  2 18 1800  -19.5  988.5    4.3  444.0   76.4  444.0
2020  49  2 18 1900  -19.6  988.7    4.9  444.0   77.3  444.0
2020  49  2 18 2000  -21.5  988.8    4.7  444.0   71.2  444.0
2020  49  2 18 2100  -19.1  988.9    5.1  444.0   62.4  444.0
2020  49  2 18 2200  -18.4  989.2    4.7  444.0   56.2  444.0
2020  49  2 18 2300  -18.1  989.0    4.7  444.0   59.7  444.0
2020  50  2 19 0000  -17.9  988.8    5.3  444.0   68.5  444.0
2020  50  2 19 0100  -16.8  988.6    6.4  444.0   66.3  444.0
2020  50  2 19 0200  -15.1  988.2    7.2  444.0   61.9  444.0
2020  50  2 19 0300  -14.2  988.0    5.7  444.0   53.6  444.0
2020  50  2 19 0400  -16.2  987.8    5.5  444.0   57.1  444.0
2020  50  2 19 0500  -15.5  987.7    6.4  444.0   52.7  444.0
2020  50  2 19 0600  -17.2  987.4    3.3  444.0   54.9  444.0
2020  50  2 19 0700  -17.5  987.2    3.7  444.0   53.1  444.0
2020  50  2 19 0800  -18.2  987.2    0.0  444.0   54.0  444.0
2020  50  2 19 0900  -19.8  986.8    5.8  444.0   70.3  444.0
2020  50  2 19 1000  -19.9  986.4    6.6  444.0   92.7  444.0
2020  50  2 19 1100  -15.2  986.4    7.4  444.0   88.3  444.0
2020  50  2 19 1200  -14.1  986.0    8.8  444.0   95.8  444.0
2020  50  2 19 1300  -13.6  985.5   11.5  444.0   98.4  444.0
2020  50  2 19 1400  -13.8  985.9   10.7  444.0   97.1  444.0
2020  50  2 19 1500  -14.0  985.7    9.6  444.0   96.2  444.0
2020  50  2 19 1600  -15.1  986.0    9.6  444.0   92.7  444.0
2020  50  2 19 1700  -16.1  986.3    8.2  444.0   87.4  444.0
2020  50  2 19 1800  -15.1  986.1   12.3  444.0   91.4  444.0
2020  50  2 19 1900  -15.1  986.4    9.6  444.0   91.4  444.0
2020  50  2 19 2000  -14.9  986.4   11.5  444.0   88.3  444.0
2020  50  2 19 2100  -14.1  986.7    8.0  444.0   79.5  444.0
2020  50  2 19 2200  -14.1  986.5    7.2  444.0   77.3  444.0
2020  50  2 19 2300  -13.6  986.3    8.4  444.0   76.9  444.0
2020  51  2 20 0000  -12.4  985.8    7.6  444.0   72.0  444.0
2020  51  2 20 0100  -10.9  985.3    8.8  444.0   69.4  444.0
2020  51  2 20 0200  -10.2  984.9   12.3  444.0   60.6  444.0
2020  51  2 20 0300  -10.0  984.6    7.6  444.0   65.9  444.0
2020  51  2 20 0400  -10.0  984.1   10.1  444.0   65.0  444.0
2020  51  2 20 0500  -10.0  983.5   10.1  444.0   72.9  444.0
2020  51  2 20 0600  -10.0  983.0   10.3  444.0   77.3  444.0
2020  51  2 20 0700  -10.4  982.2    8.2  444.0   79.1  444.0
2020  51  2 20 0800  -10.4  981.7    9.2  444.0   80.0  444.0
2020  51  2 20 0900   -9.5  981.0    9.9  444.0   75.6  444.0
2020  51  2 20 1000   -9.4  980.6    8.0  444.0   69.8  444.0
2020  51  2 20 1100   -9.1  980.2   12.9  444.0   80.8  444.0
2020  51  2 20 1200   -9.2  979.8   11.7  444.0   98.9  444.0
2020  51  2 20 1300   -8.9  978.8    9.9  444.0   86.6  444.0
2020  51  2 20 1400   -7.8  978.8    9.8  444.0   83.9  444.0
2020  51  2 20 1500   -8.4  978.6   12.3  444.0   97.1  444.0
2020  51  2 20 1600   -8.5  978.1    9.9  444.0  444.0  444.0
2020  51  2 20 1700   -8.2  977.8   11.1  444.0   99.3  444.0
2020  51  2 20 1800   -7.6  977.2   10.3  444.0   98.0  444.0
2020  51  2 20 1900   -6.8  976.6   10.9  444.0   95.4  444.0
2020  51  2 20 2000   -6.5  976.3    9.2  444.0   95.8  444.0
2020  51  2 20 2100   -5.8  976.2    7.8  444.0   91.8  444.0
2020  51  2 20 2200   -5.0  976.2    5.1  444.0   85.2  444.0
2020  51  2 20 2300   -4.4  975.7   10.9  444.0   88.8  444.0
2020  52  2 21 0000   -4.4  975.1    8.4  444.0   94.5  444.0
2020  52  2 21 0100   -4.1  974.6   12.1  444.0   94.5  444.0
2020  52  2 21 0200   -5.8  974.2   10.7  444.0   84.4  444.0
2020  52  2 21 0300   -7.1  973.8   10.1  444.0   93.6  444.0
2020  52  2 21 0400   -6.9  973.6    9.2  444.0   91.8  444.0
2020  52  2 21 0500   -7.8  973.4   10.9  444.0   92.7  444.0
2020  52  2 21 0600   -7.8  973.5    9.4  444.0   87.9  444.0
2020  52  2 21 0700   -7.6  972.9    7.0  444.0   92.3  444.0
2020  52  2 21 0800   -5.5  972.1   10.9  444.0   99.8  444.0
2020  52  2 21 0900   -5.5  972.0   10.1  444.0   99.3  444.0
2020  52  2 21 1000   -5.4  971.6    9.9  444.0   98.4  444.0
2020  52  2 21 1100   -5.8  971.7    9.8  444.0   99.8  444.0
2020  52  2 21 1200   -5.8  972.2    9.0  444.0  444.0  444.0
2020  52  2 21 1300   -5.6  972.0    5.7  444.0  444.0  444.0
2020  52  2 21 1400   -7.0  971.8    5.7  444.0   86.1  444.0
2020  52  2 21 1500   -7.9  971.7    5.7  444.0   84.4  444.0
2020  52  2 21 1600   -8.5  971.2    4.3  444.0   89.6  444.0
2020  52  2 21 1700   -9.0  971.3    6.6  444.0   90.5  444.0
2020  52  2 21 1800   -8.8  971.1    3.7  444.0   86.6  444.0
2020  52  2 21 1900   -8.1  970.7    1.9  444.0   87.4  444.0
2020  52  2 21 2000   -7.6  970.2    3.5  444.0   79.1  444.0
2020  52  2 21 2100   -6.6  970.1    1.2  444.0   74.2  444.0
2020  52  2 21 2200   -6.2  969.8    3.9  444.0   72.0  444.0
2020  52  2 21 2300   -4.8  969.8    2.1  444.0   64.6  444.0
2020  53  2 22 0000   -4.9  969.6    2.5  444.0   69.4  444.0
2020  53  2 22 0100   -4.5  969.5    2.7  444.0   76.4  444.0
2020  53  2 22 0200   -4.2  969.4    4.1  444.0   79.5  444.0
2020  53  2 22 0300   -3.1  969.2    3.1  444.0   72.0  444.0
2020  53  2 22 0400   -3.4  969.2    3.5  444.0   79.5  444.0
2020  53  2 22 0500   -4.9  969.1    4.5  444.0   86.6  444.0
2020  53  2 22 0600   -5.9  969.4    1.6  444.0   90.5  444.0
2020  53  2 22 0700   -5.4  969.1    0.0  444.0   91.0  444.0
2020  53  2 22 0800   -5.4  969.2    2.3  444.0   90.5  444.0
2020  53  2 22 0900   -5.8  969.2    4.5  444.0   96.7  444.0
2020  53  2 22 1000   -7.4  969.4    4.5  444.0  444.0  444.0
2020  53  2 22 1100   -8.2  969.9    3.7  444.0  444.0  444.0
2020  53  2 22 1200   -8.5  970.1    2.1  444.0  444.0  444.0
2020  53  2 22 1300   -8.2  970.0    1.0  444.0  444.0  444.0
2020  53  2 22 1400   -8.4  969.9    1.0  444.0  444.0  444.0
2020  53  2 22 1500   -8.5  969.9    1.8  444.0  444.0  444.0
2020  53  2 22 1600   -8.0  969.8    2.7  444.0  444.0  444.0
2020  53  2 22 1700   -7.9  969.9    2.3  444.0  444.0  444.0
2020  53  2 22 1800   -6.4  970.1    0.4  444.0   98.9  444.0
2020  53  2 22 1900   -5.0  970.2    1.4  444.0   91.4  444.0
2020  53  2 22 2000   -4.4  970.3    2.1  444.0  444.0  444.0
2020  53  2 22 2100   -4.2  970.4    2.5  444.0   82.6  444.0
2020  53  2 22 2200   -1.8  970.8    2.5  444.0   70.7  444.0
2020  53  2 22 2300   -0.2  971.1    1.8  444.0   66.3  444.0
2020  54  2 23 0000   -2.4  971.4    2.3  444.0   71.6  444.0
2020  54  2 23 0100   -2.1  971.3    2.1  444.0   65.4  444.0
2020  54  2 23 0200   -2.0  971.5    1.6  444.0   61.5  444.0
2020  54  2 23 0300   -1.8  971.8    1.6  444.0   58.0  444.0
2020  54  2 23 0400   -2.4  971.8    1.6  444.0   72.5  444.0
2020  54  2 23 0500   -3.2  971.5    2.7  444.0   79.1  444.0
2020  54  2 23 0600   -4.4  971.9    5.7  444.0   86.1  444.0
2020  54  2 23 0700   -6.0  972.2    9.6  444.0   99.8  444.0
2020  54  2 23 0800   -7.2  972.9    6.6  444.0  444.0  444.0
2020  54  2 23 0900   -7.2  973.3    4.9  444.0  444.0  444.0
2020  54  2 23 1000   -7.6  973.3    1.9  444.0  444.0  444.0
2020  54  2 23 1100   -7.1  973.7    2.7  444.0  444.0  444.0
2020  54  2 23 1200   -8.2  974.3    8.6  444.0   99.8  444.0
2020  54  2 23 1300  -10.6  974.8    9.8  444.0   97.6  444.0
2020  54  2 23 1400  -11.0  975.1    5.7  444.0   99.8  444.0
2020  54  2 23 1500  -10.6  975.3    7.6  444.0   96.7  444.0
2020  54  2 23 1600  -12.5  975.5    9.0  444.0   96.2  444.0
2020  54  2 23 1700  -12.8  975.9    4.7  444.0   96.2  444.0
2020  54  2 23 1800  -12.4  976.1    3.1  444.0   92.3  444.0
2020  54  2 23 1900  -11.9  976.6    2.1  444.0   87.0  444.0
2020  54  2 23 2000  -11.5  977.2    2.1  444.0   81.7  444.0
2020  54  2 23 2100  -13.2  977.8    6.6  444.0   86.1  444.0
2020  54  2 23 2200  -12.6  977.9    4.1  444.0   78.2  444.0
2020  54  2 23 2300  -11.4  977.6    1.4  444.0   67.2  444.0
2020  55  2 24 0000   -8.2  977.7    0.2  444.0   56.2  444.0
2020  55  2 24 0100   -9.5  977.9    2.7  444.0   81.7  444.0
2020  55  2 24 0200   -8.9  977.8    2.3  444.0   84.4  444.0
2020  55  2 24 0300   -6.6  977.8   10.1  444.0   98.0  444.0
2020  55  2 24 0400   -6.1  977.9    3.9  444.0   92.3  444.0
2020  55  2 24 0500   -8.9  978.2    4.3  444.0   88.3  444.0
2020  55  2 24 0600  -10.8  979.0    2.5  444.0   87.4  444.0
2020  55  2 24 0700  -12.4  979.3    4.9  444.0   88.3  444.0
2020  55  2 24 0800  -12.9  979.2    6.4  444.0   91.0  444.0
2020  55  2 24 0900  -13.6  979.4    6.4  444.0   92.7  444.0
2020  55  2 24 1000  -13.8  979.2    4.1  444.0   93.6  444.0
2020  55  2 24 1100  -13.2  979.5    1.8  444.0   92.7  444.0
2020  55  2 24 1200  -12.8  979.4    2.9  444.0   93.6  444.0
2020  55  2 24 1300  -12.0  979.4    2.7  444.0   94.0  444.0
2020  55  2 24 1400  -10.9  979.3    3.5  444.0   98.9  444.0
2020  55  2 24 1500  -10.0  979.2    3.9  444.0  444.0  444.0
2020  55  2 24 1600  -10.0  979.3    3.7  444.0  444.0  444.0
2020  55  2 24 1700  -10.0  979.6    1.9  444.0   99.8  444.0
2020  55  2 24 1800  -10.0  979.7    3.3  444.0   95.4  444.0
2020  55  2 24 1900   -9.8  979.8    4.5  444.0   94.5  444.0
2020  55  2 24 2000   -9.1  979.8    3.9  444.0   87.4  444.0
2020  55  2 24 2100   -9.2  979.7    5.3  444.0   85.7  444.0
2020  55  2 24 2200   -8.5  979.9    4.1  444.0   83.5  444.0
2020  55  2 24 2300   -7.1  980.0    2.3  444.0   68.1  444.0
2020  56  2 25 0000   -7.8  979.9    1.9  444.0   60.6  444.0
2020  56  2 25 0100   -7.4  979.8    2.5  444.0   69.0  444.0
2020  56  2 25 0200   -7.2  979.6    3.3  444.0   72.0  444.0
2020  56  2 25 0300   -7.0  979.5    1.9  444.0   74.2  444.0
2020  56  2 25 0400   -7.8  979.6    1.9  444.0   77.8  444.0
2020  56  2 25 0500  444.0  979.5    0.6  444.0  444.0  444.0
2020  56  2 25 0600   -8.4  979.6    1.4  444.0   89.6  444.0
2020  56  2 25 0700   -9.4  979.3    2.1  444.0   94.0  444.0
2020  56  2 25 0800   -9.4  979.3    2.3  444.0   94.5  444.0
2020  56  2 25 0900   -9.6  979.5    2.5  444.0   98.0  444.0
2020  56  2 25 1000  -10.0  979.6    2.3  444.0  444.0  444.0
2020  56  2 25 1100  -10.6  979.7    2.9  444.0  444.0  444.0
2020  56  2 25 1200  -11.8  979.9    3.5  444.0  444.0  444.0
2020  56  2 25 1300  -11.8  980.0    4.3  444.0  444.0  444.0
2020  56  2 25 1400  -11.8  980.1    5.1  444.0  444.0  444.0
2020  56  2 25 1500  -10.9  980.3    5.3  444.0  444.0  444.0
2020  56  2 25 1600  -11.2  980.5    4.7  444.0  444.0  444.0
2020  56  2 25 1700  -10.8  980.7    5.7  444.0   98.4  444.0
2020  56  2 25 1800  -10.9  981.1    5.8  444.0   94.9  444.0
2020  56  2 25 1900  -10.5  981.7    5.5  444.0   91.0  444.0
2020  56  2 25 2000   -9.8  981.9    5.8  444.0   87.4  444.0
2020  56  2 25 2100  -10.0  982.3    6.2  444.0   86.6  444.0
2020  56  2 25 2200   -9.5  982.8    6.0  444.0   85.7  444.0
2020  56  2 25 2300  -10.0  983.5    6.0  444.0   77.8  444.0
2020  57  2 26 0000  -10.1  984.2    5.5  444.0   78.6  444.0
2020  57  2 26 0100  -10.6  984.7    6.0  444.0   82.2  444.0
2020  57  2 26 0200  -10.8  985.0    8.0  444.0   84.8  444.0
2020  57  2 26 0300  -11.2  985.3    8.4  444.0   83.9  444.0
2020  57  2 26 0400  -12.0  985.6    7.6  444.0  444.0  444.0
2020  57  2 26 0500  -12.6  986.2    6.0  444.0   88.3  444.0
2020  57  2 26 0600  -12.5  986.6    7.4  444.0   90.5  444.0
2020  57  2 26 0700  -13.0  987.0    6.0  444.0   90.1  444.0
2020  57  2 26 0800  -13.5  987.4    7.2  444.0   91.4  444.0
2020  57  2 26 0900  -13.9  987.6    8.4  444.0   93.6  444.0
2020  57  2 26 1000  -14.4  987.9    6.8  444.0   92.3  444.0
2020  57  2 26 1100  -15.4  988.2    7.6  444.0   91.8  444.0
2020  57  2 26 1200  -15.4  988.2    7.4  444.0   91.8  444.0
2020  57  2 26 1300  -15.6  988.3    8.8  444.0   93.2  444.0
2020  57  2 26 1400  -16.4  988.7    6.2  444.0   93.6  444.0
2020  57  2 26 1500  -17.4  988.6    6.8  444.0   92.7  444.0
2020  57  2 26 1600  -17.8  988.8    6.6  444.0   91.8  444.0
2020  57  2 26 1700  -17.8  989.3    5.8  444.0   87.9  444.0
2020  57  2 26 1800  -17.5  989.8    6.4  444.0   87.4  444.0
2020  57  2 26 1900  -17.2  990.3    7.8  444.0   87.0  444.0
2020  57  2 26 2000  -17.6  990.6    6.6  444.0   85.7  444.0
2020  57  2 26 2100  -17.9  990.9    7.4  444.0   77.8  444.0
2020  57  2 26 2200  -17.5  991.2    6.2  444.0   72.5  444.0
2020  57  2 26 2300  -17.5  991.6    7.4  444.0   69.4  444.0
2020  58  2 27 0000  -17.1  992.0    6.0  444.0   67.2  444.0
2020  58  2 27 0100  -17.1  992.2    5.7  444.0   67.6  444.0
2020  58  2 27 0200  -16.8  992.3    6.0  444.0   67.2  444.0
2020  58  2 27 0300  -16.5  992.6    5.3  444.0   70.3  444.0
2020  58  2 27 0400  -15.1  992.9    4.1  444.0   63.2  444.0
2020  58  2 27 0500  -16.0  992.9    3.5  444.0   62.8  444.0
2020  58  2 27 0600  -18.4  993.3    3.3  444.0   73.8  444.0
2020  58  2 27 0700  -18.4  993.4    4.1  444.0   80.4  444.0
2020  58  2 27 0800  -17.5  993.5    1.9  444.0   80.4  444.0
2020  58  2 27 0900  -16.8  993.5    1.4  444.0   79.1  444.0
2020  58  2 27 1000  -16.5  993.2    4.5  444.0   84.4  444.0
2020  58  2 27 1100  -16.0  992.9    3.3  444.0   87.9  444.0
2020  58  2 27 1200  -15.6  993.2    0.8  444.0   89.2  444.0
2020  58  2 27 1300  -15.5  993.0    0.0  444.0   88.8  444.0
2020  58  2 27 1400  -15.5  992.6    1.2  444.0   89.2  444.0
2020  58  2 27 1500  -15.5  992.0    2.1  444.0   89.6  444.0
2020  58  2 27 1600  -14.9  991.6    4.5  444.0   87.9  444.0
2020  58  2 27 1700  -14.8  991.4    4.9  444.0   88.3  444.0
2020  58  2 27 1800  -15.4  990.4    8.4  444.0   93.2  444.0
2020  58  2 27 1900  -15.1  989.9    8.0  444.0   93.6  444.0
2020  58  2 27 2000  -14.9  989.5    8.4  444.0   94.9  444.0
2020  58  2 27 2100  -15.0  989.0    8.0  444.0   92.7  444.0
2020  58  2 27 2200  -14.2  988.7    7.6  444.0   93.2  444.0
2020  58  2 27 2300  -13.1  988.4    7.6  444.0   94.0  444.0
2020  59  2 28 0000  -10.4  987.7    6.6  444.0   99.3  444.0
2020  59  2 28 0100  -11.4  987.8    5.3  444.0   91.4  444.0
2020  59  2 28 0200  -13.9  987.7    6.4  444.0   88.8  444.0
2020  59  2 28 0300  -14.1  987.3    6.6  444.0   86.1  444.0
2020  59  2 28 0400  -14.9  986.8    8.8  444.0   89.6  444.0
2020  59  2 28 0500  -14.9  986.7    8.2  444.0   90.1  444.0
2020  59  2 28 0600  -15.1  986.7    6.6  444.0   91.8  444.0
2020  59  2 28 0700  -15.5  986.6    7.8  444.0   93.2  444.0
2020  59  2 28 0800  -15.4  986.5    8.0  444.0   95.4  444.0
2020  59  2 28 0900  -15.9  986.3    9.4  444.0   95.8  444.0
2020  59  2 28 1000  -16.5  986.4   11.1  444.0   96.2  444.0
2020  59  2 28 1100  -16.6  986.2   10.9  444.0   95.8  444.0
2020  59  2 28 1200  -16.9  986.2   11.7  444.0   95.8  444.0
2020  59  2 28 1300  -16.9  986.2   11.9  444.0   96.2  444.0
2020  59  2 28 1400  -17.1  986.2   11.3  444.0   95.8  444.0
2020  59  2 28 1500  -17.2  986.2   11.1  444.0   95.8  444.0
2020  59  2 28 1600  -17.4  986.4    9.8  444.0   94.9  444.0
2020  59  2 28 1700  -17.5  986.3   10.5  444.0   94.5  444.0
2020  59  2 28 1800  -17.2  986.7   10.3  444.0   94.0  444.0
2020  59  2 28 1900  -17.5  986.8   11.5  444.0   92.3  444.0
2020  59  2 28 2000  -17.8  987.1   10.7  444.0   90.1  444.0
2020  59  2 28 2100  -17.9  987.2   11.1  444.0   86.6  444.0
2020  59  2 28 2200  -17.8  987.4   10.1  444.0   83.5  444.0
2020  59  2 28 2300  -17.4  987.5   10.3  444.0   79.1  444.0
2020  60  2 29 0000  -17.2  987.7    9.9  444.0   76.4  444.0
2020  60  2 29 0100  -17.4  987.6    7.8  444.0   75.1  444.0
2020  60  2 29 0200  -17.4  987.3    9.8  444.0   76.4  444.0
2020  60  2 29 0300  -17.4  986.6   10.7  444.0   76.0  444.0
2020  60  2 29 0400  -17.5  986.3   11.5  444.0   81.3  444.0
2020  60  2 29 0500  -17.6  986.3   11.5  444.0   84.8  444.0
2020  60  2 29 0600  -18.0  985.5   12.7  444.0   90.1  444.0
2020  60  2 29 0700  -18.4  985.2   14.0  444.0   88.8  444.0
2020  60  2 29 0800  -18.6  984.9   12.7  444.0   90.5  444.0
2020  60  2 29 0900  -18.9  984.6   14.4  444.0   92.7  444.0
2020  60  2 29 1000  -18.9  984.2   12.1  444.0   93.2  444.0
2020  60  2 29 1100  -19.0  983.8   13.6  444.0   93.6  444.0
2020  60  2 29 1200  -19.1  983.6   11.3  444.0   91.8  444.0
2020  60  2 29 1300  -19.6  983.1   11.5  444.0   88.8  444.0
2020  60  2 29 1400  -20.2  982.8   14.4  444.0   89.2  444.0
2020  60  2 29 1500  -20.2  982.8   11.5  444.0   87.9  444.0
2020  60  2 29 1600  -20.1  982.6   12.3  444.0   87.0  444.0
2020  60  2 29 1700  -20.1  982.3   14.2  444.0   86.1  444.0
2020  60  2 29 1800  -20.2  982.3   13.6  444.0   85.7  444.0
2020  60  2 29 1900  -19.8  981.9    9.9  444.0   83.0  444.0
2020  60  2 29 2000  -19.8  981.8   11.3  444.0   81.3  444.0
2020  60  2 29 2100  -20.1  981.6    9.8  444.0   76.9  444.0
2020  60  2 29 2200  -20.2  980.8   13.1  444.0   75.6  444.0
2020  60  2 29 2300  -21.0  981.0    9.2  444.0   73.8  444.0
