Year: 2021  Month: 03  ID: LR2  ARGOS: 21360  Name: Laurie II         
Lat: 77.43S  Lon: 170.75E  Elev:   34m                                
2021  60  3  1 0000  -16.4  980.0    2.3  444.0   43.4  444.0
2021  60  3  1 0100  -14.2  980.0    3.3  444.0   46.5  444.0
2021  60  3  1 0200  -14.8  979.7    2.9  444.0   60.6  444.0
2021  60  3  1 0300  -14.8  979.2    3.5  444.0   66.3  444.0
2021  60  3  1 0400  -16.8  979.4    5.7  444.0   58.8  444.0
2021  60  3  1 0500  -18.0  980.0    6.6  444.0   71.6  444.0
2021  60  3  1 0600  -18.5  980.3    5.7  444.0   74.7  444.0
2021  60  3  1 0700  -18.6  980.5    7.6  444.0   72.9  444.0
2021  60  3  1 0800  -19.0  980.5    5.8  444.0   79.1  444.0
2021  60  3  1 0900  -19.1  980.3    4.5  444.0   75.6  444.0
2021  60  3  1 1000  -19.5  980.6    4.7  444.0   78.6  444.0
2021  60  3  1 1100  -19.1  980.5    4.7  444.0   77.8  444.0
2021  60  3  1 1200  -19.1  980.7    5.1  444.0   84.8  444.0
2021  60  3  1 1300  -19.1  980.6    4.9  444.0   88.3  444.0
2021  60  3  1 1400  -19.0  980.6    4.5  444.0   89.2  444.0
2021  60  3  1 1500  -18.9  980.6    5.5  444.0   81.7  444.0
2021  60  3  1 1600  -19.0  980.7    4.9  444.0   78.6  444.0
2021  60  3  1 1700  -19.2  980.8    5.5  444.0   71.6  444.0
2021  60  3  1 1800  -19.2  981.0    5.1  444.0   72.5  444.0
2021  60  3  1 1900  -19.8  981.1    7.2  444.0   71.2  444.0
2021  60  3  1 2000  -20.6  981.6    9.8  444.0   78.2  444.0
2021  60  3  1 2100  -21.2  981.5    9.9  444.0   80.4  444.0
2021  60  3  1 2200  -21.5  981.8   12.1  444.0   80.0  444.0
2021  60  3  1 2300  -21.9  982.6    9.0  444.0   78.6  444.0
2021  61  3  2 0000  -21.6  983.0    9.4  444.0   77.8  444.0
2021  61  3  2 0100  -21.2  983.3    8.2  444.0   72.9  444.0
2021  61  3  2 0200  -20.4  983.5    5.7  444.0   70.7  444.0
2021  61  3  2 0300  -20.6  983.5    5.8  444.0   72.0  444.0
2021  61  3  2 0400  -20.9  983.5    5.1  444.0   74.2  444.0
2021  61  3  2 0500  -20.9  983.8    4.1  444.0   71.6  444.0
2021  61  3  2 0600  -21.2  983.7    2.9  444.0   73.8  444.0
2021  61  3  2 0700  -22.2  983.5    4.1  444.0   80.4  444.0
2021  61  3  2 0800  -23.4  983.8    2.7  444.0   83.0  444.0
2021  61  3  2 0900  -23.4  983.7    2.3  444.0   86.1  444.0
2021  61  3  2 1000  -25.1  983.6    2.9  444.0   87.0  444.0
2021  61  3  2 1100  -25.8  983.9    3.1  444.0   86.1  444.0
2021  61  3  2 1200  -26.1  983.8    3.1  444.0   86.1  444.0
2021  61  3  2 1300  -26.1  983.7    3.3  444.0   85.7  444.0
2021  61  3  2 1400  -26.8  983.4    4.3  444.0   85.7  444.0
2021  61  3  2 1500  -27.5  983.5    3.9  444.0   84.4  444.0
2021  61  3  2 1600  -28.2  983.6    3.9  444.0   83.9  444.0
2021  61  3  2 1700  -28.2  984.1    4.5  444.0   83.5  444.0
2021  61  3  2 1800  -26.9  984.2    5.5  444.0   85.2  444.0
2021  61  3  2 1900  -25.5  984.7    5.8  444.0   85.2  444.0
2021  61  3  2 2000  -23.2  984.8    6.8  444.0   71.2  444.0
2021  61  3  2 2100  -23.9  985.4    6.8  444.0   78.2  444.0
2021  61  3  2 2200  -21.9  985.8    8.0  444.0   70.7  444.0
2021  61  3  2 2300  -21.6  986.1    8.8  444.0   75.6  444.0
2021  62  3  3 0000  -21.0  986.2    8.4  444.0   78.6  444.0
2021  62  3  3 0100  -20.8  986.2    8.0  444.0   78.6  444.0
2021  62  3  3 0200  -20.8  986.2    8.4  444.0   80.4  444.0
2021  62  3  3 0300  -21.2  986.2    8.8  444.0   80.4  444.0
2021  62  3  3 0400  -21.9  986.3    9.0  444.0   80.8  444.0
2021  62  3  3 0500  -22.1  986.5    9.2  444.0   81.3  444.0
2021  62  3  3 0600  -21.9  986.6    8.4  444.0   82.2  444.0
2021  62  3  3 0700  -22.8  986.7    7.4  444.0   82.2  444.0
2021  62  3  3 0800  -23.2  986.9    7.6  444.0   83.9  444.0
2021  62  3  3 0900  -23.4  987.0    7.4  444.0   84.4  444.0
2021  62  3  3 1000  -24.0  987.2    9.0  444.0   84.8  444.0
2021  62  3  3 1100  -24.2  987.3    8.4  444.0   84.8  444.0
2021  62  3  3 1200  -24.0  987.4    8.4  444.0   85.2  444.0
2021  62  3  3 1300  -23.6  987.5    8.4  444.0   86.1  444.0
2021  62  3  3 1400  -22.5  987.5    6.6  444.0   87.4  444.0
2021  62  3  3 1500  -21.4  987.4    6.2  444.0   90.1  444.0
2021  62  3  3 1600  -19.8  987.4    6.8  444.0   87.9  444.0
2021  62  3  3 1700  -19.1  987.3    8.4  444.0   88.3  444.0
2021  62  3  3 1800  -19.5  987.6    7.4  444.0   87.4  444.0
2021  62  3  3 1900  -19.2  987.7    7.0  444.0   86.1  444.0
2021  62  3  3 2000  -18.5  988.1    5.7  444.0   86.1  444.0
2021  62  3  3 2100  -17.2  988.4    4.9  444.0   76.4  444.0
2021  62  3  3 2200  444.0  988.9    5.3  444.0   76.4  444.0
2021  62  3  3 2300  -18.0  989.5    5.8  444.0   69.8  444.0
2021  63  3  4 0000  -19.6  990.0    5.3  444.0   71.2  444.0
2021  63  3  4 0100  -18.8  990.4    5.3  444.0   61.0  444.0
2021  63  3  4 0200  -19.0  990.6    5.5  444.0   64.1  444.0
2021  63  3  4 0300  -18.2  990.9    3.9  444.0   63.2  444.0
2021  63  3  4 0400  -18.8  991.2    4.1  444.0   71.2  444.0
2021  63  3  4 0500  -18.9  991.4    3.9  444.0   74.7  444.0
2021  63  3  4 0600  -19.9  991.9    4.5  444.0   79.5  444.0
2021  63  3  4 0700  -20.8  992.4    4.7  444.0   83.9  444.0
2021  63  3  4 0800  -20.8  992.6    2.7  444.0   87.9  444.0
2021  63  3  4 0900  -22.0  993.0    3.5  444.0   87.9  444.0
2021  63  3  4 1000  -22.1  993.4    4.9  444.0   88.3  444.0
2021  63  3  4 1100  -23.8  993.7    4.1  444.0   87.0  444.0
2021  63  3  4 1200  -24.9  994.1    3.3  444.0   86.6  444.0
2021  63  3  4 1300  -25.6  994.4    3.5  444.0   86.1  444.0
2021  63  3  4 1400  -25.9  994.4    3.9  444.0   85.2  444.0
2021  63  3  4 1500  -25.6  994.4    3.9  444.0   87.4  444.0
2021  63  3  4 1600  -24.0  994.5    3.5  444.0   88.3  444.0
2021  63  3  4 1700  -23.8  994.7    2.9  444.0   87.4  444.0
2021  63  3  4 1800  -23.5  994.9    4.5  444.0   90.5  444.0
2021  63  3  4 1900  -21.6  995.3    5.1  444.0   91.8  444.0
2021  63  3  4 2000  -20.2  995.6    5.7  444.0   89.2  444.0
2021  63  3  4 2100  -19.5  995.8    6.2  444.0   87.9  444.0
2021  63  3  4 2200  -19.2  996.2    5.3  444.0   85.7  444.0
2021  63  3  4 2300  -20.0  996.4    6.6  444.0   85.7  444.0
2021  64  3  5 0000  -20.2  996.4    7.6  444.0   77.8  444.0
2021  64  3  5 0100  -19.6  996.6    9.4  444.0   76.9  444.0
2021  64  3  5 0200  -20.6  996.7    8.4  444.0   78.6  444.0
2021  64  3  5 0300  -19.8  996.3    9.4  444.0   74.2  444.0
2021  64  3  5 0400  -20.4  996.5    8.2  444.0   77.8  444.0
2021  64  3  5 0500  -20.8  996.3    8.6  444.0   78.6  444.0
2021  64  3  5 0600  -21.0  996.2    9.4  444.0   81.7  444.0
2021  64  3  5 0700  -21.0  996.4    8.6  444.0   81.3  444.0
2021  64  3  5 0800  -21.5  996.3    9.8  444.0   83.0  444.0
2021  64  3  5 0900  -21.5  996.0    8.8  444.0   85.7  444.0
2021  64  3  5 1000  -21.4  995.9   10.7  444.0   86.1  444.0
2021  64  3  5 1100  -21.5  995.9    9.9  444.0   90.1  444.0
2021  64  3  5 1200  -21.5  995.7    9.6  444.0   90.1  444.0
2021  64  3  5 1300  -21.4  995.4    9.9  444.0   90.1  444.0
2021  64  3  5 1400  -21.4  994.9   10.3  444.0   91.0  444.0
2021  64  3  5 1500  -21.2  995.3    8.8  444.0   91.0  444.0
2021  64  3  5 1600  -21.5  994.8   10.3  444.0   90.5  444.0
2021  64  3  5 1700  -21.6  994.6   12.9  444.0   89.6  444.0
2021  64  3  5 1800  -21.5  994.8   12.1  444.0   89.2  444.0
2021  64  3  5 1900  -20.8  994.9   11.9  444.0   89.6  444.0
2021  64  3  5 2000  -20.2  995.3   12.1  444.0   88.8  444.0
2021  64  3  5 2100  -20.4  995.0   13.6  444.0   87.0  444.0
2021  64  3  5 2200  -20.2  995.4   10.3  444.0   86.6  444.0
2021  64  3  5 2300  -20.2  995.5   10.5  444.0   85.7  444.0
2021  65  3  6 0000  -19.8  995.7   12.5  444.0   85.2  444.0
2021  65  3  6 0100  -19.5  995.6   10.9  444.0   84.4  444.0
2021  65  3  6 0200  -20.0  995.7   11.9  444.0   84.4  444.0
2021  65  3  6 0300  -20.4  995.6   11.3  444.0   83.0  444.0
2021  65  3  6 0400  -20.4  995.6   10.9  444.0   82.6  444.0
2021  65  3  6 0500  -20.6  995.6   11.7  444.0   82.6  444.0
2021  65  3  6 0600  -20.8  995.9    9.9  444.0   83.5  444.0
2021  65  3  6 0700  -20.8  995.9   11.1  444.0   86.1  444.0
2021  65  3  6 0800  -20.9  996.0   10.3  444.0   88.3  444.0
2021  65  3  6 0900  -21.0  995.9    8.8  444.0   88.8  444.0
2021  65  3  6 1000  -21.0  996.1    8.8  444.0   88.8  444.0
2021  65  3  6 1100  -20.9  996.1    9.9  444.0   89.6  444.0
2021  65  3  6 1200  -21.0  996.3    9.9  444.0   90.5  444.0
2021  65  3  6 1300  -21.0  996.5    8.8  444.0   91.0  444.0
2021  65  3  6 1400  -20.9  996.6   10.3  444.0   91.4  444.0
2021  65  3  6 1500  -20.9  996.8    9.2  444.0   91.0  444.0
2021  65  3  6 1600  -21.0  997.0    9.8  444.0   90.5  444.0
2021  65  3  6 1700  -21.0  997.0    9.8  444.0   90.5  444.0
2021  65  3  6 1800  -21.4  997.1   10.7  444.0   89.2  444.0
2021  65  3  6 1900  -21.4  997.6   11.1  444.0   87.9  444.0
2021  65  3  6 2000  -21.6  998.1   11.7  444.0   85.7  444.0
2021  65  3  6 2100  -21.4  998.0   10.1  444.0   83.9  444.0
2021  65  3  6 2200  -21.5  998.4   10.7  444.0   80.0  444.0
2021  65  3  6 2300  -21.9  998.5   11.9  444.0   77.8  444.0
2021  66  3  7 0000  -21.5  998.8   10.3  444.0   77.3  444.0
2021  66  3  7 0100  -21.5  998.9   10.1  444.0   76.9  444.0
2021  66  3  7 0200  -20.9  998.7   10.3  444.0   74.2  444.0
2021  66  3  7 0300  -21.0  998.8   10.9  444.0   78.6  444.0
2021  66  3  7 0400  -21.2  998.9   11.3  444.0   82.6  444.0
2021  66  3  7 0500  -21.2  998.8   10.9  444.0   82.6  444.0
2021  66  3  7 0600  -21.5  999.0   10.3  444.0   85.7  444.0
2021  66  3  7 0700  -21.9  999.0    9.2  444.0   88.8  444.0
2021  66  3  7 0800  -22.0  999.3   10.7  444.0   89.2  444.0
2021  66  3  7 0900  -22.2  999.6    9.9  444.0   89.6  444.0
2021  66  3  7 1000  -22.2  999.7    9.6  444.0   89.2  444.0
2021  66  3  7 1100  -22.0  999.9   11.3  444.0   90.1  444.0
2021  66  3  7 1200  -21.6 1000.0   10.9  444.0   90.5  444.0
2021  66  3  7 1300  -21.4 1000.0   10.3  444.0   91.0  444.0
2021  66  3  7 1400  -21.4 1000.3   11.3  444.0   91.0  444.0
2021  66  3  7 1500  -21.0 1000.3   11.1  444.0   90.5  444.0
2021  66  3  7 1600  -21.4 1000.5   13.1  444.0   91.0  444.0
2021  66  3  7 1700  -21.2 1000.8   10.5  444.0   91.0  444.0
2021  66  3  7 1800  -21.1 1001.2   13.1  444.0   90.1  444.0
2021  66  3  7 1900  -21.4 1001.6   12.1  444.0   89.2  444.0
2021  66  3  7 2000  -21.0 1001.7   11.9  444.0   87.9  444.0
2021  66  3  7 2100  -20.9 1002.1   12.7  444.0   86.1  444.0
2021  66  3  7 2200  -19.9 1002.5   13.5  444.0   86.6  444.0
2021  66  3  7 2300  -20.1 1002.8   11.9  444.0   83.5  444.0
2021  67  3  8 0000  -20.0 1002.8    9.4  444.0   83.0  444.0
2021  67  3  8 0100  -20.0 1002.9   11.5  444.0   85.2  444.0
2021  67  3  8 0200  -20.2 1002.7   10.7  444.0   83.5  444.0
2021  67  3  8 0300  -20.2 1002.9    9.4  444.0   85.7  444.0
2021  67  3  8 0400  -20.2 1002.8    8.2  444.0   87.0  444.0
2021  67  3  8 0500  -20.6 1002.6    9.0  444.0   87.9  444.0
2021  67  3  8 0600  -21.0 1002.8   10.9  444.0   87.4  444.0
2021  67  3  8 0700  -21.0 1002.6    9.4  444.0   88.8  444.0
2021  67  3  8 0800  -21.2 1002.8    9.9  444.0   88.8  444.0
2021  67  3  8 0900  -21.5 1002.9   10.9  444.0   88.3  444.0
2021  67  3  8 1000  -21.4 1003.3   10.3  444.0   88.3  444.0
2021  67  3  8 1100  -21.2 1003.1   10.7  444.0   87.0  444.0
2021  67  3  8 1200  -21.5 1003.3    9.2  444.0   85.7  444.0
2021  67  3  8 1300  -21.5 1002.9    9.4  444.0   85.2  444.0
2021  67  3  8 1400  -22.5 1002.7    9.9  444.0   85.2  444.0
2021  67  3  8 1500  -23.8 1002.9    9.2  444.0   83.0  444.0
2021  67  3  8 1600  -26.1 1002.8    7.8  444.0   80.0  444.0
2021  67  3  8 1700  -27.2 1002.9    7.0  444.0   79.1  444.0
2021  67  3  8 1800  -26.4 1003.1    3.9  444.0   76.9  444.0
2021  67  3  8 1900  -24.9 1002.6    7.2  444.0   72.0  444.0
2021  67  3  8 2000  -24.6 1002.8    3.7  444.0   68.5  444.0
2021  67  3  8 2100  -24.8 1002.6    4.9  444.0   65.4  444.0
2021  67  3  8 2200  -25.0 1002.5    5.1  444.0   64.6  444.0
2021  67  3  8 2300  -25.9 1002.4    4.5  444.0   61.5  444.0
2021  68  3  9 0000  -26.1 1001.9    3.9  444.0   58.0  444.0
2021  68  3  9 0100  -25.1 1001.5    4.5  444.0   59.7  444.0
2021  68  3  9 0200  -23.1 1001.0    3.1  444.0   56.2  444.0
2021  68  3  9 0300  -22.6 1000.4    2.7  444.0   47.0  444.0
2021  68  3  9 0400  -24.2 1000.0    1.9  444.0   50.0  444.0
2021  68  3  9 0500  -24.6  999.3    2.9  444.0   58.0  444.0
2021  68  3  9 0600  -23.9  999.0    2.1  444.0   61.0  444.0
2021  68  3  9 0700  -22.0  998.3    3.7  444.0   65.4  444.0
2021  68  3  9 0800  -25.5  997.7    3.9  444.0   69.4  444.0
2021  68  3  9 0900  -27.6  997.3    2.7  444.0   71.2  444.0
2021  68  3  9 1000  -26.2  996.8    4.5  444.0   77.8  444.0
2021  68  3  9 1100  -25.6  996.5    3.7  444.0   86.6  444.0
2021  68  3  9 1200  -22.2  996.1    2.1  444.0   88.3  444.0
2021  68  3  9 1300  -19.9  995.7    3.1  444.0   91.8  444.0
2021  68  3  9 1400  -17.6  995.3    3.3  444.0   83.5  444.0
2021  68  3  9 1500  -19.5  994.9    3.1  444.0   87.9  444.0
2021  68  3  9 1600  -16.5  994.3    3.9  444.0   85.2  444.0
2021  68  3  9 1700  -16.2  993.9    4.3  444.0   90.5  444.0
2021  68  3  9 1800  -17.1  993.9    3.7  444.0   83.9  444.0
2021  68  3  9 1900  -20.1  993.7    6.8  444.0   74.2  444.0
2021  68  3  9 2000  -19.6  993.7    7.0  444.0   71.6  444.0
2021  68  3  9 2100  -19.9  993.6    7.4  444.0   69.0  444.0
2021  68  3  9 2200  -19.6  993.7    7.2  444.0   65.0  444.0
2021  68  3  9 2300  -19.8  993.5    6.4  444.0   65.4  444.0
2021  69  3 10 0000  -19.8  993.5    7.2  444.0   61.0  444.0
2021  69  3 10 0100  -17.9  993.2    8.0  444.0   61.5  444.0
2021  69  3 10 0200  -17.4  992.9    9.4  444.0   69.4  444.0
2021  69  3 10 0300  -17.4  992.8    6.8  444.0   78.6  444.0
2021  69  3 10 0400  -17.8  992.5    8.8  444.0   82.6  444.0
2021  69  3 10 0500  -17.9  992.6    8.6  444.0   84.8  444.0
2021  69  3 10 0600  -17.9  992.6    7.2  444.0   86.6  444.0
2021  69  3 10 0700  -17.2  992.7    8.6  444.0   89.6  444.0
2021  69  3 10 0800  -17.8  993.0    7.8  444.0   91.0  444.0
2021  69  3 10 0900  -18.9  993.1    7.6  444.0   89.2  444.0
2021  69  3 10 1000  -18.9  993.0    8.8  444.0   90.5  444.0
2021  69  3 10 1100  -19.0  993.7    5.1  444.0   87.9  444.0
2021  69  3 10 1200  -20.1  994.0    6.6  444.0   85.2  444.0
2021  69  3 10 1300  -20.2  994.0    7.0  444.0   89.2  444.0
2021  69  3 10 1400  -20.4  994.1    7.2  444.0   90.5  444.0
2021  69  3 10 1500  -20.2  994.3    7.2  444.0   90.5  444.0
2021  69  3 10 1600  -20.5  994.6    9.6  444.0   91.8  444.0
2021  69  3 10 1700  -20.2  995.1    9.4  444.0   92.3  444.0
2021  69  3 10 1800  -20.5  995.4    8.6  444.0   91.4  444.0
2021  69  3 10 1900  -20.1  995.8    8.6  444.0   91.4  444.0
2021  69  3 10 2000  -19.8  996.0    7.2  444.0   88.8  444.0
2021  69  3 10 2100  -19.8  996.6    7.4  444.0   87.4  444.0
2021  69  3 10 2200  -19.2  996.8    7.8  444.0   83.9  444.0
2021  69  3 10 2300  -19.2  996.9    9.8  444.0   81.3  444.0
2021  70  3 11 0000  -19.1  996.9    9.0  444.0   78.6  444.0
2021  70  3 11 0100  -19.1  997.1    8.6  444.0   79.5  444.0
2021  70  3 11 0200  -18.9  997.0    7.0  444.0   75.1  444.0
2021  70  3 11 0300  -19.1  997.2    6.0  444.0   76.4  444.0
2021  70  3 11 0400  -20.1  996.8    7.4  444.0   77.8  444.0
2021  70  3 11 0500  -20.4  997.3    3.9  444.0   75.6  444.0
2021  70  3 11 0600  -22.5  996.7    5.1  444.0   79.5  444.0
2021  70  3 11 0700  -22.8  996.3    4.9  444.0   80.4  444.0
2021  70  3 11 0800  -23.5  996.3    4.1  444.0   81.7  444.0
2021  70  3 11 0900  -24.9  996.3    3.3  444.0   83.0  444.0
2021  70  3 11 1000  -27.4  995.7    3.1  444.0   81.7  444.0
2021  70  3 11 1100  -26.5  995.2    2.7  444.0   85.7  444.0
2021  70  3 11 1200  -24.9  994.8    2.7  444.0   85.2  444.0
2021  70  3 11 1300  -24.0  994.0    3.1  444.0   79.1  444.0
2021  70  3 11 1400  -22.9  993.4    2.9  444.0   80.4  444.0
2021  70  3 11 1500  -22.5  992.6    4.1  444.0   76.9  444.0
2021  70  3 11 1600  -22.1  992.0    4.7  444.0   74.7  444.0
2021  70  3 11 1700  -20.9  991.2    3.7  444.0   80.4  444.0
2021  70  3 11 1800  -20.1  990.3    5.1  444.0   71.2  444.0
2021  70  3 11 1900  -19.0  989.5    5.7  444.0   83.0  444.0
2021  70  3 11 2000  -17.9  988.6    5.8  444.0   89.2  444.0
2021  70  3 11 2100  -17.2  988.1    4.1  444.0   87.0  444.0
2021  70  3 11 2200  -16.2  987.3    3.9  444.0   83.0  444.0
2021  70  3 11 2300  -16.6  986.6    4.5  444.0   80.4  444.0
2021  71  3 12 0000  -16.1  985.7    5.1  444.0   80.0  444.0
2021  71  3 12 0100  -16.5  984.9    6.6  444.0   80.8  444.0
2021  71  3 12 0200  -16.5  984.3    7.8  444.0   85.7  444.0
2021  71  3 12 0300  -16.2  983.6    8.0  444.0   87.0  444.0
2021  71  3 12 0400  -15.4  983.0    7.0  444.0   88.8  444.0
2021  71  3 12 0500  -15.1  982.6    6.6  444.0   91.0  444.0
2021  71  3 12 0600  -15.4  982.4    7.4  444.0   92.7  444.0
2021  71  3 12 0700  -15.9  981.9    7.6  444.0   94.5  444.0
2021  71  3 12 0800  -15.5  981.6    7.8  444.0   95.4  444.0
2021  71  3 12 0900  -15.1  981.5    8.2  444.0   95.4  444.0
2021  71  3 12 1000  -14.9  981.2    6.8  444.0   96.2  444.0
2021  71  3 12 1100  -15.0  981.2    5.8  444.0   95.4  444.0
2021  71  3 12 1200  -15.6  981.3    3.7  444.0   95.8  444.0
2021  71  3 12 1300  -18.9  980.9    6.8  444.0   91.0  444.0
2021  71  3 12 1400  -20.4  980.9    7.6  444.0   92.3  444.0
2021  71  3 12 1500  -20.9  981.0    7.8  444.0   91.8  444.0
2021  71  3 12 1600  -21.1  981.1    8.2  444.0   89.6  444.0
2021  71  3 12 1700  -21.5  981.5    8.2  444.0   90.1  444.0
2021  71  3 12 1800  -21.6  981.6    9.4  444.0   88.8  444.0
2021  71  3 12 1900  -21.6  981.7    9.6  444.0   87.9  444.0
2021  71  3 12 2000  -22.5  982.0    8.6  444.0   85.7  444.0
2021  71  3 12 2100  -22.6  982.0    7.8  444.0   83.9  444.0
2021  71  3 12 2200  -22.5  981.6    8.8  444.0   83.5  444.0
2021  71  3 12 2300  -22.8  981.5    9.6  444.0   83.0  444.0
2021  72  3 13 0000  -22.8  981.6    9.2  444.0   81.3  444.0
2021  72  3 13 0100  -22.6  981.6    8.2  444.0   83.0  444.0
2021  72  3 13 0200  -22.8  981.0   10.3  444.0   84.4  444.0
2021  72  3 13 0300  -22.6  980.8   11.5  444.0   84.8  444.0
2021  72  3 13 0400  -22.2  981.0    9.9  444.0   86.1  444.0
2021  72  3 13 0500  -22.5  980.8   10.7  444.0   87.0  444.0
2021  72  3 13 0600  -22.6  980.5   11.3  444.0   88.3  444.0
2021  72  3 13 0700  -22.6  980.5    9.0  444.0   89.6  444.0
2021  72  3 13 0800  -22.5  980.5   10.7  444.0   89.6  444.0
2021  72  3 13 0900  -22.5  980.2   11.3  444.0   90.1  444.0
2021  72  3 13 1000  -22.5  980.2    9.0  444.0   89.6  444.0
2021  72  3 13 1100  -22.5  980.0    8.6  444.0   90.1  444.0
2021  72  3 13 1200  -22.2  980.1    8.4  444.0   90.1  444.0
2021  72  3 13 1300  -22.1  979.8    8.0  444.0   90.1  444.0
2021  72  3 13 1400  -22.1  979.5    9.9  444.0   90.1  444.0
2021  72  3 13 1500  -22.1  979.2    9.4  444.0   90.1  444.0
2021  72  3 13 1600  -22.2  979.2    9.4  444.0   90.1  444.0
2021  72  3 13 1700  -23.1  978.8    9.4  444.0   89.2  444.0
2021  72  3 13 1800  -23.4  978.6    9.6  444.0   88.8  444.0
2021  72  3 13 1900  -23.5  978.4   10.5  444.0   87.9  444.0
2021  72  3 13 2000  -23.4  978.2   11.1  444.0   87.9  444.0
2021  72  3 13 2100  -23.4  978.1    9.4  444.0   86.1  444.0
2021  72  3 13 2200  -23.6  977.7   12.7  444.0   83.9  444.0
2021  72  3 13 2300  -24.0  977.5   12.3  444.0   84.8  444.0
2021  73  3 14 0000  -23.9  977.2   13.1  444.0   84.8  444.0
2021  73  3 14 0100  -22.6  976.9   14.6  444.0   85.2  444.0
2021  73  3 14 0200  -23.5  977.0   13.5  444.0   85.7  444.0
2021  73  3 14 0300  -24.0  976.8   15.2  444.0   84.8  444.0
2021  73  3 14 0400  -24.5  976.9   13.3  444.0   84.4  444.0
2021  73  3 14 0500  -24.4  976.8   11.9  444.0   85.7  444.0
2021  73  3 14 0600  -23.8  977.2   13.3  444.0   87.4  444.0
2021  73  3 14 0700  -23.4  977.7   13.5  444.0   88.8  444.0
2021  73  3 14 0800  -22.6  978.1   14.0  444.0   89.6  444.0
2021  73  3 14 0900  -22.0  978.5   14.8  444.0   90.1  444.0
2021  73  3 14 1000  -20.9  978.9   14.6  444.0   91.4  444.0
2021  73  3 14 1100  -20.8  979.1   14.0  444.0   91.4  444.0
2021  73  3 14 1200  -21.6  979.4   15.2  444.0   90.5  444.0
2021  73  3 14 1300  -22.5  980.5   13.8  444.0   88.8  444.0
2021  73  3 14 1400  -23.4  981.2    9.8  444.0   88.8  444.0
2021  73  3 14 1500  -23.8  981.9   12.1  444.0   87.4  444.0
2021  73  3 14 1600  -24.5  982.2    9.9  444.0   87.4  444.0
2021  73  3 14 1700  -25.8  982.7   10.1  444.0   83.9  444.0
2021  73  3 14 1800  -28.2  983.2   10.3  444.0   82.2  444.0
2021  73  3 14 1900  -29.8  983.3    9.8  444.0   79.5  444.0
2021  73  3 14 2000  -31.1  984.0    7.8  444.0   76.4  444.0
2021  73  3 14 2100  -32.1  984.1    6.2  444.0   74.7  444.0
2021  73  3 14 2200  -31.8  984.3    5.5  444.0   72.5  444.0
2021  73  3 14 2300  -31.8  984.6    5.3  444.0   75.6  444.0
2021  74  3 15 0000  -31.6  984.7    7.0  444.0   72.9  444.0
2021  74  3 15 0100  -31.1  984.9    5.7  444.0   71.6  444.0
2021  74  3 15 0200  -30.2  984.8    4.3  444.0   69.8  444.0
2021  74  3 15 0300  -29.9  984.9    3.3  444.0   69.8  444.0
2021  74  3 15 0400  -30.5  984.5    2.7  444.0   70.3  444.0
2021  74  3 15 0500  -31.6  984.6    2.5  444.0   71.6  444.0
2021  74  3 15 0600  -31.0  984.0    4.7  444.0   75.1  444.0
2021  74  3 15 0700  -31.4  983.5    4.1  444.0   78.6  444.0
2021  74  3 15 0800  -28.6  983.0    5.1  444.0   81.7  444.0
2021  74  3 15 0900  -26.8  982.6    5.8  444.0   84.8  444.0
2021  74  3 15 1000  -24.4  982.0    5.7  444.0   87.9  444.0
2021  74  3 15 1100  -24.6  981.8    5.7  444.0   87.4  444.0
2021  74  3 15 1200  -22.0  981.1    6.2  444.0   98.4  444.0
2021  74  3 15 1300  444.0  980.7    7.4  444.0   95.8  444.0
2021  74  3 15 1400  444.0  980.8    4.1  444.0   94.9  444.0
2021  74  3 15 1500  444.0  980.4    6.0  444.0   97.1  444.0
2021  74  3 15 1600  444.0  979.8    4.7  444.0   96.2  444.0
2021  74  3 15 1700  444.0  979.5    4.5  444.0   94.5  444.0
2021  74  3 15 1800  444.0  978.8    4.3  444.0   95.4  444.0
2021  74  3 15 1900  444.0  978.2    4.1  444.0   97.1  444.0
2021  74  3 15 2000  444.0  977.7    5.7  444.0   98.9  444.0
2021  74  3 15 2100  444.0  977.1    7.2  444.0   98.9  444.0
2021  74  3 15 2200  444.0  976.5    9.0  444.0   98.9  444.0
2021  74  3 15 2300  444.0  977.3    5.7  444.0   95.8  444.0
2021  75  3 16 0000  -24.5  977.9   12.7  444.0   83.0  444.0
2021  75  3 16 0100  -27.1  977.7   14.4  444.0   81.7  444.0
2021  75  3 16 0200  -27.4  977.8   14.6  444.0   82.6  444.0
2021  75  3 16 0300  -26.9  977.7   16.2  444.0   83.0  444.0
2021  75  3 16 0400  -26.8  977.8   13.6  444.0   83.5  444.0
2021  75  3 16 0500  -26.8  977.7   15.2  444.0   84.4  444.0
2021  75  3 16 0600  -26.6  977.7   17.2  444.0   85.7  444.0
2021  75  3 16 0700  -25.0  977.4   17.5  444.0   87.4  444.0
2021  75  3 16 0800  -25.5  977.3   17.9  444.0   87.0  444.0
2021  75  3 16 0900  -25.0  978.0   18.7  444.0   87.4  444.0
2021  75  3 16 1000  -25.1  977.6   16.4  444.0   87.4  444.0
2021  75  3 16 1100  -25.5  977.3   16.2  444.0   87.0  444.0
2021  75  3 16 1200  -25.8  977.0   20.3  444.0   86.6  444.0
2021  75  3 16 1300  -25.0  976.7   19.7  444.0   87.9  444.0
2021  75  3 16 1400  -24.8  976.6   23.2  444.0   87.9  444.0
2021  75  3 16 1500  -24.5  975.9   19.3  444.0   87.4  444.0
2021  75  3 16 1600  -23.4  976.5   17.5  444.0   89.2  444.0
2021  75  3 16 1700  -22.6  975.1   22.0  444.0   90.1  444.0
2021  75  3 16 1800  -22.5  975.8   22.6  444.0   90.5  444.0
2021  75  3 16 1900  -22.9  976.5   22.6  444.0   90.1  444.0
2021  75  3 16 2000  -23.6  977.3   23.0  444.0   89.2  444.0
2021  75  3 16 2100  -24.0  978.2   21.6  444.0   88.3  444.0
2021  75  3 16 2200  -22.9  979.2   21.4  444.0   89.2  444.0
2021  75  3 16 2300  -22.5  979.8   20.7  444.0   89.6  444.0
2021  76  3 17 0000  -21.5  980.7   23.4  444.0   89.2  444.0
2021  76  3 17 0100  -21.2  981.8   19.5  444.0   89.2  444.0
2021  76  3 17 0200  -20.6  983.1   20.3  444.0   90.1  444.0
2021  76  3 17 0300  -20.6  984.1   22.2  444.0   90.5  444.0
2021  76  3 17 0400  -20.9  985.9   17.2  444.0   89.6  444.0
2021  76  3 17 0500  -21.9  986.7   22.0  444.0   90.1  444.0
2021  76  3 17 0600  -22.5  988.3   20.3  444.0   89.6  444.0
2021  76  3 17 0700  -22.1  989.2   17.5  444.0   89.6  444.0
2021  76  3 17 0800  -22.5  990.0   16.4  444.0   89.6  444.0
2021  76  3 17 0900  -22.2  990.3   14.8  444.0   90.1  444.0
2021  76  3 17 1000  -22.2  991.2   13.8  444.0   90.1  444.0
2021  76  3 17 1100  -22.5  991.6   13.6  444.0   90.5  444.0
2021  76  3 17 1200  -22.5  992.1   14.0  444.0   90.1  444.0
2021  76  3 17 1300  -22.8  992.7   11.5  444.0   89.6  444.0
2021  76  3 17 1400  -22.9  993.1   10.5  444.0   89.2  444.0
2021  76  3 17 1500  -22.1  993.2   10.1  444.0   90.1  444.0
2021  76  3 17 1600  -21.9  993.4    9.2  444.0   90.1  444.0
2021  76  3 17 1700  -22.0  993.6    8.8  444.0   89.6  444.0
2021  76  3 17 1800  -22.0  993.4    6.2  444.0   89.6  444.0
2021  76  3 17 1900  -21.9  993.2    7.8  444.0   89.2  444.0
2021  76  3 17 2000  -21.6  992.7    5.5  444.0   88.3  444.0
2021  76  3 17 2100  -21.9  992.3    4.5  444.0   86.1  444.0
2021  76  3 17 2200  -21.6  992.0    1.4  444.0   83.0  444.0
2021  76  3 17 2300  -21.5  991.8    1.8  444.0   80.4  444.0
2021  77  3 18 0000  -20.9  991.0    1.6  444.0   78.2  444.0
2021  77  3 18 0100  -21.4  990.5    0.4  444.0   80.8  444.0
2021  77  3 18 0200  -20.1  989.8    2.3  444.0   83.5  444.0
2021  77  3 18 0300  -17.8  989.4    2.9  444.0   92.7  444.0
2021  77  3 18 0400  -14.9  988.7    4.3  444.0   97.6  444.0
2021  77  3 18 0500  -11.1  988.0    4.1  444.0   96.2  444.0
2021  77  3 18 0600  -10.8  987.2    5.1  444.0   97.1  444.0
2021  77  3 18 0700  -10.2  986.4    5.5  444.0   98.9  444.0
2021  77  3 18 0800  -10.4  985.8    6.6  444.0   91.4  444.0
2021  77  3 18 0900  -10.2  984.7    6.2  444.0   86.1  444.0
2021  77  3 18 1000  -10.0  984.0    5.3  444.0   86.1  444.0
2021  77  3 18 1100  -10.0  983.0    6.4  444.0   83.5  444.0
2021  77  3 18 1200  -10.8  982.3    5.5  444.0   81.3  444.0
2021  77  3 18 1300  -12.5  981.6    4.1  444.0   75.6  444.0
2021  77  3 18 1400  -13.0  980.9    0.4  444.0   77.8  444.0
2021  77  3 18 1500  -19.6  980.1    5.7  444.0   92.7  444.0
2021  77  3 18 1600  -19.5  979.9    6.6  444.0   94.5  444.0
2021  77  3 18 1700  -18.8  979.3   12.7  444.0   89.2  444.0
2021  77  3 18 1800  -21.4  979.4   13.1  444.0   89.2  444.0
2021  77  3 18 1900  -21.6  979.9   16.0  444.0   88.3  444.0
2021  77  3 18 2000  -22.0  980.2   13.5  444.0   86.6  444.0
2021  77  3 18 2100  -23.2  980.3   14.0  444.0   86.6  444.0
2021  77  3 18 2200  -23.2  980.4   14.6  444.0   87.4  444.0
2021  77  3 18 2300  -23.1  980.9   11.1  444.0   85.7  444.0
2021  78  3 19 0000  -22.9  981.2   10.9  444.0   84.4  444.0
2021  78  3 19 0100  -21.6  981.1   12.5  444.0   85.7  444.0
2021  78  3 19 0200  -21.4  981.1    9.6  444.0   86.1  444.0
2021  78  3 19 0300  -20.8  981.0   10.1  444.0   89.2  444.0
2021  78  3 19 0400  -20.2  981.1    9.6  444.0   89.2  444.0
2021  78  3 19 0500  -20.2  980.6    9.8  444.0   91.0  444.0
2021  78  3 19 0600  -19.8  980.6   13.1  444.0   91.8  444.0
2021  78  3 19 0700  -18.9  980.6   15.2  444.0   93.6  444.0
2021  78  3 19 0800  -18.8  980.8   12.1  444.0   93.6  444.0
2021  78  3 19 0900  -18.0  980.9   18.7  444.0   94.5  444.0
2021  78  3 19 1000  -17.8  981.2   15.8  444.0   94.5  444.0
2021  78  3 19 1100  -17.5  981.2   12.7  444.0   93.6  444.0
2021  78  3 19 1200  -17.4  981.0    8.6  444.0   91.0  444.0
2021  78  3 19 1300  -17.1  980.8    8.6  444.0   91.4  444.0
2021  78  3 19 1400  -16.5  980.5    7.0  444.0   94.0  444.0
2021  78  3 19 1500  -17.4  980.3    5.3  444.0   91.0  444.0
2021  78  3 19 1600  -19.6  980.4    5.7  444.0   91.4  444.0
2021  78  3 19 1700  -20.8  980.3    4.5  444.0   87.9  444.0
2021  78  3 19 1800  -21.0  979.8    8.0  444.0   83.9  444.0
2021  78  3 19 1900  -21.5  979.5    7.4  444.0   80.0  444.0
2021  78  3 19 2000  -22.6  979.3    7.8  444.0   80.4  444.0
2021  78  3 19 2100  -22.5  979.3    6.6  444.0   76.4  444.0
2021  78  3 19 2200  -23.5  979.4    5.3  444.0   70.7  444.0
2021  78  3 19 2300  -24.5  979.3    4.3  444.0   72.0  444.0
2021  79  3 20 0000  -24.6  979.2    5.3  444.0   70.7  444.0
2021  79  3 20 0100  -23.9  979.3    3.9  444.0   68.5  444.0
2021  79  3 20 0200  -23.4  979.0    4.5  444.0   66.3  444.0
2021  79  3 20 0300  -23.9  979.2    3.5  444.0   61.5  444.0
2021  79  3 20 0400  -25.1  978.8    4.1  444.0   67.6  444.0
2021  79  3 20 0500  -25.5  978.4    4.1  444.0   72.0  444.0
2021  79  3 20 0600  -28.0  978.6    4.1  444.0   80.4  444.0
2021  79  3 20 0700  -26.8  978.6    4.7  444.0   81.7  444.0
2021  79  3 20 0800  -25.9  978.6    4.5  444.0   81.3  444.0
2021  79  3 20 0900  -25.5  978.7    3.7  444.0   77.8  444.0
2021  79  3 20 1000  -25.6  979.1    3.1  444.0   76.4  444.0
2021  79  3 20 1100  -26.2  979.1    2.7  444.0   76.0  444.0
2021  79  3 20 1200  -28.2  978.9    3.1  444.0   78.2  444.0
2021  79  3 20 1300  -29.2  978.6    3.7  444.0   79.5  444.0
2021  79  3 20 1400  -28.9  978.4    2.7  444.0   79.1  444.0
2021  79  3 20 1500  -28.6  978.3    3.1  444.0   79.5  444.0
2021  79  3 20 1600  -27.9  978.2    2.7  444.0   80.8  444.0
2021  79  3 20 1700  -27.0  978.4    2.9  444.0   76.9  444.0
2021  79  3 20 1800  -26.0  978.3    2.1  444.0   79.5  444.0
2021  79  3 20 1900  -26.6  978.2    3.7  444.0   77.8  444.0
2021  79  3 20 2000  -25.8  978.2    2.7  444.0   71.2  444.0
2021  79  3 20 2100  -25.0  978.0    0.6  444.0   62.4  444.0
2021  79  3 20 2200  -24.6  977.8    2.5  444.0   70.3  444.0
2021  79  3 20 2300  -24.2  977.8    2.7  444.0   71.2  444.0
2021  80  3 21 0000  -22.5  977.8    4.7  444.0   77.3  444.0
2021  80  3 21 0100  -21.9  978.2    3.7  444.0   71.6  444.0
2021  80  3 21 0200  -21.9  977.8    2.5  444.0   73.4  444.0
2021  80  3 21 0300  -21.5  977.5    0.4  444.0   72.0  444.0
2021  80  3 21 0400  -20.4  977.5    3.9  444.0   82.6  444.0
2021  80  3 21 0500  -19.6  977.7    7.0  444.0   85.2  444.0
2021  80  3 21 0600  -24.5  978.1   11.9  444.0   83.0  444.0
2021  80  3 21 0700  -31.4  979.5   11.9  444.0   78.2  444.0
2021  80  3 21 0800  -35.0  980.2    9.2  444.0   75.1  444.0
2021  80  3 21 0900  -36.5  980.4    8.6  444.0   73.4  444.0
2021  80  3 21 1000  -36.6  980.4    7.4  444.0   72.9  444.0
2021  80  3 21 1100  -36.5  979.8   10.3  444.0   73.4  444.0
2021  80  3 21 1200  -37.1  979.7    9.6  444.0   72.0  444.0
2021  80  3 21 1300  -36.8  979.3   11.5  444.0   72.5  444.0
2021  80  3 21 1400  -37.6  980.6    5.1  444.0   71.6  444.0
2021  80  3 21 1500  -37.1  981.1    2.3  444.0   71.6  444.0
2021  80  3 21 1600  -36.9  981.3    4.7  444.0   71.6  444.0
2021  80  3 21 1700  -38.2  981.1    0.4  444.0   70.7  444.0
2021  80  3 21 1800  -34.0  979.9    6.0  444.0   76.4  444.0
2021  80  3 21 1900  -30.4  979.8    1.0  444.0   80.0  444.0
2021  80  3 21 2000  -27.2  978.8    8.2  444.0   86.1  444.0
2021  80  3 21 2100  -22.9  978.5   13.8  444.0   87.0  444.0
2021  80  3 21 2200  -23.6  978.4   14.2  444.0   87.9  444.0
2021  80  3 21 2300  -24.2  978.3   14.2  444.0   84.8  444.0
2021  81  3 22 0000  -25.0  978.0   11.7  444.0   83.5  444.0
2021  81  3 22 0100  -22.1  977.4   14.4  444.0   88.8  444.0
2021  81  3 22 0200  -23.9  977.9   13.3  444.0   86.6  444.0
2021  81  3 22 0300  -25.8  977.7   14.6  444.0   82.6  444.0
2021  81  3 22 0400  -27.2  978.5   13.3  444.0   83.5  444.0
2021  81  3 22 0500  -27.6  979.8   14.2  444.0   83.0  444.0
2021  81  3 22 0600  -29.4  980.3   11.7  444.0   81.3  444.0
2021  81  3 22 0700  -29.9  981.0   12.7  444.0   81.3  444.0
2021  81  3 22 0800  -30.5  981.4   11.1  444.0   80.8  444.0
2021  81  3 22 0900  -29.8  981.3   13.6  444.0   81.3  444.0
2021  81  3 22 1000  -30.2  981.9   12.1  444.0   80.4  444.0
2021  81  3 22 1100  -29.6  982.2   12.7  444.0   82.2  444.0
2021  81  3 22 1200  -29.9  982.6   14.4  444.0   81.3  444.0
2021  81  3 22 1300  -30.5  982.6   14.2  444.0   80.4  444.0
2021  81  3 22 1400  -28.2  982.8   12.3  444.0   83.0  444.0
2021  81  3 22 1500  -27.9  982.8    8.2  444.0   83.5  444.0
2021  81  3 22 1600  -22.9  982.7   10.7  444.0   90.1  444.0
2021  81  3 22 1700  -21.0  982.6   11.5  444.0   91.0  444.0
2021  81  3 22 1800  -19.6  982.6   12.7  444.0   93.2  444.0
2021  81  3 22 1900  -20.9  982.8   12.7  444.0   90.1  444.0
2021  81  3 22 2000  -23.1  983.7   10.1  444.0   87.9  444.0
2021  81  3 22 2100  -24.0  984.3   11.5  444.0   85.2  444.0
2021  81  3 22 2200  -24.2  984.2   11.9  444.0   82.2  444.0
2021  81  3 22 2300  -24.6  984.6   10.5  444.0   82.6  444.0
2021  82  3 23 0000  -24.2  984.7   10.5  444.0   82.6  444.0
2021  82  3 23 0100  -23.4  984.6    9.9  444.0   81.7  444.0
2021  82  3 23 0200  -23.5  984.5    9.4  444.0   81.7  444.0
2021  82  3 23 0300  -21.6  983.8   11.3  444.0   84.8  444.0
2021  82  3 23 0400  -22.8  984.7    8.8  444.0   84.8  444.0
2021  82  3 23 0500  -20.6  984.2    8.2  444.0   84.8  444.0
2021  82  3 23 0600  -20.1  983.4    7.0  444.0   82.2  444.0
2021  82  3 23 0700  -22.8  982.6    4.3  444.0   80.8  444.0
2021  82  3 23 0800  -23.2  982.9    1.2  444.0   80.0  444.0
2021  82  3 23 0900  -20.6  983.0    9.4  444.0   93.2  444.0
2021  82  3 23 1000  -18.4  983.1   10.7  444.0   90.1  444.0
2021  82  3 23 1100  -19.1  982.8   13.3  444.0   88.3  444.0
2021  82  3 23 1200  -19.2  982.5   10.7  444.0   87.4  444.0
2021  82  3 23 1300  -21.0  982.5    9.0  444.0   86.1  444.0
2021  82  3 23 1400  -20.1  982.0    7.4  444.0   83.9  444.0
2021  82  3 23 1500  -19.0  981.5    7.6  444.0   83.5  444.0
2021  82  3 23 1600  -18.2  981.3    7.2  444.0   83.0  444.0
2021  82  3 23 1700  -20.5  981.3    6.0  444.0   80.8  444.0
2021  82  3 23 1800  -22.1  981.4    6.2  444.0   81.3  444.0
2021  82  3 23 1900  -24.6  981.1    4.5  444.0   82.6  444.0
2021  82  3 23 2000  -24.2  980.9    7.2  444.0   81.7  444.0
2021  82  3 23 2100  -22.5  980.9    8.6  444.0   79.1  444.0
2021  82  3 23 2200  -22.1  981.1    5.7  444.0   77.8  444.0
2021  82  3 23 2300  -21.6  980.6    6.0  444.0   78.6  444.0
2021  83  3 24 0000  -20.1  980.3    6.0  444.0   78.6  444.0
2021  83  3 24 0100  -19.6  980.1    5.8  444.0   76.4  444.0
2021  83  3 24 0200  -19.8  979.7    6.0  444.0   75.6  444.0
2021  83  3 24 0300  -20.4  979.6    3.7  444.0   76.0  444.0
2021  83  3 24 0400  -21.0  979.7    3.9  444.0   74.7  444.0
2021  83  3 24 0500  -21.9  980.3    3.7  444.0   76.0  444.0
2021  83  3 24 0600  -23.8  980.3    4.9  444.0   80.8  444.0
2021  83  3 24 0700  -25.6  980.1    4.3  444.0   82.6  444.0
2021  83  3 24 0800  -25.2  980.2    3.7  444.0   87.0  444.0
2021  83  3 24 0900  -25.8  980.2    3.1  444.0   86.1  444.0
2021  83  3 24 1000  -25.2  980.2    3.5  444.0   86.6  444.0
2021  83  3 24 1100  -24.5  980.2    2.1  444.0   79.5  444.0
2021  83  3 24 1200  -24.0  980.1    1.9  444.0   75.6  444.0
2021  83  3 24 1300  -26.4  980.2    1.8  444.0   76.9  444.0
2021  83  3 24 1400  -19.5  980.3    3.5  444.0  444.0  444.0
2021  83  3 24 1500  -21.9  980.2    2.3  444.0   93.2  444.0
2021  83  3 24 1600  -18.0  980.5    4.7  444.0   86.6  444.0
2021  83  3 24 1700  -18.6  980.7    4.7  444.0   93.2  444.0
2021  83  3 24 1800  -21.0  981.2    4.3  444.0   96.2  444.0
2021  83  3 24 1900  -21.0  981.9    3.7  444.0   93.6  444.0
2021  83  3 24 2000  -18.2  982.6    2.1  444.0   95.4  444.0
2021  83  3 24 2100  -16.9  983.3    1.4  444.0   97.1  444.0
2021  83  3 24 2200  444.0  984.2    0.8  444.0   97.6  444.0
2021  83  3 24 2300  -16.6  985.1    1.9  444.0   95.8  444.0
2021  84  3 25 0000  -25.1  986.1    3.1  444.0   86.6  444.0
2021  84  3 25 0100  -22.5  986.8    4.3  444.0   83.9  444.0
2021  84  3 25 0200  -23.9  987.7    7.2  444.0   77.3  444.0
2021  84  3 25 0300  -25.9  988.6    5.8  444.0   72.0  444.0
2021  84  3 25 0400  -27.9  989.4    7.6  444.0   73.4  444.0
2021  84  3 25 0500  -29.2  989.5    5.3  444.0   76.9  444.0
2021  84  3 25 0600  -30.5  989.9    5.1  444.0   80.0  444.0
2021  84  3 25 0700  -30.8  989.9    4.5  444.0   80.4  444.0
2021  84  3 25 0800  -31.4  989.7    3.9  444.0   79.5  444.0
2021  84  3 25 0900  -29.8  989.4    3.9  444.0   81.3  444.0
2021  84  3 25 1000  -30.5  989.1    3.1  444.0   81.3  444.0
2021  84  3 25 1100  -28.2  988.4    1.9  444.0   83.9  444.0
2021  84  3 25 1200  -25.0  987.7    3.7  444.0   87.4  444.0
2021  84  3 25 1300  -23.2  987.3    3.1  444.0   89.6  444.0
2021  84  3 25 1400  -22.4  986.5    3.3  444.0   90.5  444.0
2021  84  3 25 1500  -20.9  985.8    3.7  444.0   91.8  444.0
2021  84  3 25 1600  -18.9  985.4    4.7  444.0   94.5  444.0
2021  84  3 25 1700  -17.1  984.9    3.1  444.0   96.2  444.0
2021  84  3 25 1800  -16.2  984.3    3.1  444.0   97.1  444.0
2021  84  3 25 1900  -15.8  984.5    2.5  444.0   97.6  444.0
2021  84  3 25 2000  -16.2  984.2    1.9  444.0   97.6  444.0
2021  84  3 25 2100  -16.0  984.3    1.8  444.0   98.0  444.0
2021  84  3 25 2200  -11.9  984.4    5.8  444.0  444.0  444.0
2021  84  3 25 2300  -10.5  984.5    9.2  444.0  444.0  444.0
2021  85  3 26 0000  -11.8  984.9   10.3  444.0   97.1  444.0
2021  85  3 26 0100  -12.5  985.2    9.0  444.0   93.6  444.0
2021  85  3 26 0200  -12.0  985.0   10.5  444.0   92.3  444.0
2021  85  3 26 0300  -10.6  984.4   12.5  444.0   96.7  444.0
2021  85  3 26 0400  -11.8  984.4   13.6  444.0   99.3  444.0
2021  85  3 26 0500  -11.4  984.2   16.0  444.0   99.3  444.0
2021  85  3 26 0600  -11.8  984.2   12.9  444.0   99.3  444.0
2021  85  3 26 0700  -12.8  984.6   12.3  444.0   98.0  444.0
2021  85  3 26 0800  -13.6  985.1   10.5  444.0   97.1  444.0
2021  85  3 26 0900  -13.0  984.9   10.5  444.0   94.9  444.0
2021  85  3 26 1000  -13.6  984.7    8.8  444.0   91.8  444.0
2021  85  3 26 1100  -14.5  984.7   10.3  444.0   88.8  444.0
2021  85  3 26 1200  -15.9  984.8    9.0  444.0   90.1  444.0
2021  85  3 26 1300  -16.1  984.5    8.4  444.0   87.0  444.0
2021  85  3 26 1400  -16.4  984.3    8.8  444.0   87.0  444.0
2021  85  3 26 1500  -16.4  983.8   11.5  444.0   87.0  444.0
2021  85  3 26 1600  -17.5  984.0    7.0  444.0   83.9  444.0
2021  85  3 26 1700  -19.2  983.5    5.5  444.0   87.0  444.0
2021  85  3 26 1800  -20.2  983.4    5.3  444.0   91.4  444.0
2021  85  3 26 1900  -20.1  983.3    5.5  444.0   91.4  444.0
2021  85  3 26 2000  -20.4  983.7    3.7  444.0   92.3  444.0
2021  85  3 26 2100  -20.2  983.6    4.7  444.0   85.7  444.0
2021  85  3 26 2200  -19.5  983.5    4.9  444.0   77.8  444.0
2021  85  3 26 2300  -20.2  983.7    5.5  444.0   75.1  444.0
2021  86  3 27 0000  -21.0  983.8    5.1  444.0   74.2  444.0
2021  86  3 27 0100  -21.0  983.9    6.4  444.0   75.1  444.0
2021  86  3 27 0200  -20.8  983.9    6.8  444.0   74.2  444.0
2021  86  3 27 0300  -19.9  983.9    9.4  444.0   75.6  444.0
2021  86  3 27 0400  -19.1  984.3   10.3  444.0   75.6  444.0
2021  86  3 27 0500  -19.2  984.3   12.7  444.0   83.0  444.0
2021  86  3 27 0600  -21.2  984.6   10.7  444.0   85.7  444.0
2021  86  3 27 0700  -21.2  985.6   11.7  444.0   85.7  444.0
2021  86  3 27 0800  -22.5  986.1    7.6  444.0   86.6  444.0
2021  86  3 27 0900  -22.4  986.1   10.9  444.0   87.9  444.0
2021  86  3 27 1000  -20.5  986.7    9.6  444.0   85.7  444.0
2021  86  3 27 1100  -19.0  987.1    9.6  444.0   86.1  444.0
2021  86  3 27 1200  -18.0  987.5   13.3  444.0   83.5  444.0
2021  86  3 27 1300  -17.5  987.9    9.8  444.0   84.4  444.0
2021  86  3 27 1400  -17.4  987.7    9.0  444.0   84.4  444.0
2021  86  3 27 1500  -17.1  987.9   10.5  444.0   80.8  444.0
2021  86  3 27 1600  -16.9  988.3    7.8  444.0   82.2  444.0
2021  86  3 27 1700  -16.6  988.1    6.6  444.0   82.2  444.0
2021  86  3 27 1800  -16.0  988.0    7.0  444.0   76.9  444.0
2021  86  3 27 1900  -15.0  988.2    4.7  444.0   76.9  444.0
2021  86  3 27 2000  -15.4  988.8    5.7  444.0   76.4  444.0
2021  86  3 27 2100  -13.1  988.6    8.6  444.0   67.2  444.0
2021  86  3 27 2200  -13.6  989.2    6.2  444.0   63.7  444.0
2021  86  3 27 2300  -15.8  989.5    6.4  444.0   79.1  444.0
2021  87  3 28 0000  -15.0  989.4    6.8  444.0   79.5  444.0
2021  87  3 28 0100  -15.4  989.2    8.6  444.0   89.2  444.0
2021  87  3 28 0200  -11.8  988.7   12.1  444.0   99.3  444.0
2021  87  3 28 0300  -13.2  988.8   10.7  444.0   95.8  444.0
2021  87  3 28 0400  -11.8  988.4   14.6  444.0   98.4  444.0
2021  87  3 28 0500  -11.4  988.5   14.6  444.0   97.1  444.0
2021  87  3 28 0600  -12.0  988.3   14.4  444.0  444.0  444.0
2021  87  3 28 0700  -11.5  988.4   18.7  444.0  444.0  444.0
2021  87  3 28 0800  -11.5  988.3   23.0  444.0  444.0  444.0
2021  87  3 28 0900  -10.9  989.1   17.4  444.0   98.9  444.0
2021  87  3 28 1000  -11.4  988.9   21.1  444.0  444.0  444.0
2021  87  3 28 1100  -11.8  989.5   22.4  444.0  444.0  444.0
2021  87  3 28 1200  -11.9  990.6   14.8  444.0   99.8  444.0
2021  87  3 28 1300  -12.1  990.9   18.9  444.0   99.3  444.0
2021  87  3 28 1400  -12.4  991.5   17.7  444.0   97.1  444.0
2021  87  3 28 1500  -12.4  991.4   17.2  444.0   95.8  444.0
2021  87  3 28 1600  -12.6  991.9   14.0  444.0   94.0  444.0
2021  87  3 28 1700  -13.0  992.2   13.8  444.0   94.0  444.0
2021  87  3 28 1800  -13.5  992.7   13.5  444.0   92.7  444.0
2021  87  3 28 1900  -13.0  992.4   10.7  444.0   93.2  444.0
2021  87  3 28 2000  -13.5  992.5   13.6  444.0   90.1  444.0
2021  87  3 28 2100  -13.1  992.9   14.4  444.0   87.0  444.0
2021  87  3 28 2200  -14.4  993.2   10.9  444.0   86.6  444.0
2021  87  3 28 2300  -15.5  993.3   11.9  444.0   83.9  444.0
2021  88  3 29 0000  -16.5  993.2    8.8  444.0   80.4  444.0
2021  88  3 29 0100  -16.8  993.3    8.8  444.0   79.5  444.0
2021  88  3 29 0200  -17.6  993.3    9.2  444.0   80.4  444.0
2021  88  3 29 0300  -17.4  992.9    6.8  444.0   79.5  444.0
2021  88  3 29 0400  -18.5  992.4    6.6  444.0   80.4  444.0
2021  88  3 29 0500  -19.2  992.1    6.8  444.0   83.0  444.0
2021  88  3 29 0600  -20.2  991.9    6.4  444.0   83.0  444.0
2021  88  3 29 0700  -22.0  991.6    5.3  444.0   82.6  444.0
2021  88  3 29 0800  -21.9  991.5    6.6  444.0   79.1  444.0
2021  88  3 29 0900  -22.5  991.2    6.4  444.0   76.4  444.0
2021  88  3 29 1000  -23.2  990.9    5.3  444.0   77.3  444.0
2021  88  3 29 1100  -24.1  990.7    4.7  444.0   79.1  444.0
2021  88  3 29 1200  -24.4  990.3    3.1  444.0   79.5  444.0
2021  88  3 29 1300  -23.4  989.4    5.7  444.0   77.3  444.0
2021  88  3 29 1400  -21.9  988.9    5.8  444.0   76.0  444.0
2021  88  3 29 1500  -21.9  988.8    3.5  444.0   79.5  444.0
2021  88  3 29 1600  -21.9  988.5    1.6  444.0   78.2  444.0
2021  88  3 29 1700  -21.6  987.9    2.5  444.0   77.8  444.0
2021  88  3 29 1800  -21.2  987.4    2.5  444.0   76.4  444.0
2021  88  3 29 1900  -21.6  987.2    3.1  444.0   78.6  444.0
2021  88  3 29 2000  -21.6  986.3    4.7  444.0   77.8  444.0
2021  88  3 29 2100  -21.9  985.5    5.3  444.0   75.1  444.0
2021  88  3 29 2200  -21.4  984.8    4.9  444.0   71.2  444.0
2021  88  3 29 2300  -21.5  983.7    6.2  444.0   72.5  444.0
2021  89  3 30 0000  -21.2  982.9    8.0  444.0   73.8  444.0
2021  89  3 30 0100  -20.8  982.3    5.5  444.0   73.8  444.0
2021  89  3 30 0200  -21.5  981.6    5.8  444.0   74.7  444.0
2021  89  3 30 0300  -21.6  981.4    5.8  444.0   76.4  444.0
2021  89  3 30 0400  -21.5  980.7    5.1  444.0   77.8  444.0
2021  89  3 30 0500  -21.5  980.4    6.6  444.0   80.8  444.0
2021  89  3 30 0600  -21.5  980.1    6.0  444.0   82.2  444.0
2021  89  3 30 0700  -21.4  979.4    7.6  444.0   83.9  444.0
2021  89  3 30 0800  -21.4  979.3    7.2  444.0   83.9  444.0
2021  89  3 30 0900  -21.6  979.4    7.4  444.0   85.7  444.0
2021  89  3 30 1000  -22.0  979.5    9.6  444.0   88.8  444.0
2021  89  3 30 1100  -22.6  980.0    6.0  444.0   86.6  444.0
2021  89  3 30 1200  -22.6  980.1    7.2  444.0   80.4  444.0
2021  89  3 30 1300  -22.6  980.0    6.6  444.0   81.3  444.0
2021  89  3 30 1400  -22.9  980.3    6.8  444.0   85.2  444.0
2021  89  3 30 1500  -23.1  980.0    8.2  444.0   81.7  444.0
2021  89  3 30 1600  -23.1  980.1    7.0  444.0   80.8  444.0
2021  89  3 30 1700  -22.9  980.4    7.4  444.0   81.3  444.0
2021  89  3 30 1800  -23.1  980.7    8.2  444.0   82.2  444.0
2021  89  3 30 1900  -23.4  980.9    7.0  444.0   84.4  444.0
2021  89  3 30 2000  -23.8  980.5    8.8  444.0   84.8  444.0
2021  89  3 30 2100  -23.9  980.7    7.6  444.0   84.4  444.0
2021  89  3 30 2200  -24.4  981.1    8.2  444.0   83.9  444.0
2021  89  3 30 2300  -25.8  981.0    7.0  444.0   80.4  444.0
2021  90  3 31 0000  -26.2  980.9    8.4  444.0   76.4  444.0
2021  90  3 31 0100  -26.4  980.6    9.6  444.0   77.8  444.0
2021  90  3 31 0200  -26.2  980.3   10.9  444.0   76.4  444.0
2021  90  3 31 0300  -26.4  980.1   12.7  444.0   79.1  444.0
2021  90  3 31 0400  -26.4  979.8   12.3  444.0   81.7  444.0
2021  90  3 31 0500  -26.1  979.7   13.5  444.0   82.6  444.0
2021  90  3 31 0600  -25.8  979.4   12.9  444.0   84.8  444.0
2021  90  3 31 0700  -25.8  979.2   15.0  444.0   84.4  444.0
2021  90  3 31 0800  -24.6  979.2   13.5  444.0   85.2  444.0
2021  90  3 31 0900  -25.8  979.1   11.3  444.0   84.8  444.0
2021  90  3 31 1000  -26.1  978.8   10.3  444.0   83.9  444.0
2021  90  3 31 1100  -25.6  978.4   11.9  444.0   85.2  444.0
2021  90  3 31 1200  -23.5  978.0   12.1  444.0   82.6  444.0
2021  90  3 31 1300  -22.6  977.9   10.5  444.0   77.8  444.0
2021  90  3 31 1400  -23.1  977.6    9.8  444.0   77.8  444.0
2021  90  3 31 1500  -23.5  977.3    8.8  444.0   76.9  444.0
2021  90  3 31 1600  -21.9  976.7   10.9  444.0   79.5  444.0
2021  90  3 31 1700  -21.2  976.3   10.3  444.0   76.9  444.0
2021  90  3 31 1800  -21.0  976.0   11.3  444.0   79.1  444.0
2021  90  3 31 1900  -19.9  975.1   10.7  444.0   87.0  444.0
2021  90  3 31 2000  -19.9  974.8   11.5  444.0   92.3  444.0
2021  90  3 31 2100  -18.5  974.6   14.2  444.0   88.8  444.0
2021  90  3 31 2200  -21.9  975.1   12.3  444.0   89.2  444.0
2021  90  3 31 2300  -23.4  975.5   11.3  444.0   85.2  444.0
