Year: 2022  Month: 03  ID: LR2  ARGOS: 21360  Name: Laurie II         
Lat: 77.50S  Lon: 170.79E  Elev:   34m                                
2022  60  3  1 0000  -16.9  982.3    5.7  444.0   49.2  444.0
2022  60  3  1 0100  -17.1  982.5    4.7  444.0   54.0  444.0
2022  60  3  1 0200  -16.6  982.4    5.7  444.0   49.6  444.0
2022  60  3  1 0300  -16.5  982.5    3.7  444.0   52.2  444.0
2022  60  3  1 0400  -17.4  982.6    4.5  444.0   56.2  444.0
2022  60  3  1 0500  -18.6  982.7    2.7  444.0   59.3  444.0
2022  60  3  1 0600  -21.9  982.9    2.7  444.0   70.7  444.0
2022  60  3  1 0700  -21.0  983.2    2.9  444.0   76.9  444.0
2022  60  3  1 0800  -20.9  983.2    2.5  444.0   80.8  444.0
2022  60  3  1 0900  -20.8  983.5    3.7  444.0   84.4  444.0
2022  60  3  1 1000  -20.6  983.7    3.3  444.0   87.9  444.0
2022  60  3  1 1100  -20.8  983.7    3.5  444.0   89.6  444.0
2022  60  3  1 1200  -19.9  983.7    3.3  444.0   92.3  444.0
2022  60  3  1 1300  -20.2  983.9    5.3  444.0   91.4  444.0
2022  60  3  1 1400  -19.8  984.0    6.6  444.0   93.2  444.0
2022  60  3  1 1500  -20.2  984.2    7.4  444.0   92.7  444.0
2022  60  3  1 1600  -19.5  984.4    6.6  444.0   93.2  444.0
2022  60  3  1 1700  -20.0  984.8    7.4  444.0   91.8  444.0
2022  60  3  1 1800  -19.2  985.1    9.0  444.0   91.4  444.0
2022  60  3  1 1900  -19.2  985.5    9.0  444.0   89.2  444.0
2022  60  3  1 2000  -19.2  985.8   10.3  444.0   88.8  444.0
2022  60  3  1 2100  -19.6  986.3    8.8  444.0   86.1  444.0
2022  60  3  1 2200  -19.1  986.6    8.8  444.0   82.6  444.0
2022  60  3  1 2300  -18.6  986.8   10.7  444.0   83.5  444.0
2022  61  3  2 0000  -18.6  987.0   10.1  444.0   82.2  444.0
2022  61  3  2 0100  -18.5  987.1   10.7  444.0   83.0  444.0
2022  61  3  2 0200  -18.4  987.2    7.8  444.0   84.4  444.0
2022  61  3  2 0300  -17.9  987.3    7.4  444.0   82.2  444.0
2022  61  3  2 0400  -17.4  987.4    6.0  444.0   81.7  444.0
2022  61  3  2 0500  -17.2  987.4    6.8  444.0   80.0  444.0
2022  61  3  2 0600  -16.9  987.5    6.0  444.0   77.8  444.0
2022  61  3  2 0700  -17.2  987.6    6.2  444.0   74.7  444.0
2022  61  3  2 0800  -17.9  987.5    4.9  444.0   79.1  444.0
2022  61  3  2 0900  -19.2  987.4    4.9  444.0   78.2  444.0
2022  61  3  2 1000  -20.8  987.0    4.5  444.0   75.6  444.0
2022  61  3  2 1100  -21.2  986.9    5.8  444.0   73.4  444.0
2022  61  3  2 1200  -21.9  987.1    5.1  444.0   76.0  444.0
2022  61  3  2 1300  -22.5  986.9    5.5  444.0   74.2  444.0
2022  61  3  2 1400  -21.6  986.6    6.2  444.0   74.2  444.0
2022  61  3  2 1500  -21.0  986.3    6.4  444.0   70.3  444.0
2022  61  3  2 1600  -21.0  986.1    4.9  444.0   69.0  444.0
2022  61  3  2 1700  -21.0  986.1    5.1  444.0   70.7  444.0
2022  61  3  2 1800  -18.9  986.6    6.8  444.0   70.7  444.0
2022  61  3  2 1900  -16.5  986.5    7.8  444.0   88.3  444.0
2022  61  3  2 2000  -15.5  986.3    7.6  444.0   76.4  444.0
2022  61  3  2 2100  -15.0  986.2    7.6  444.0   72.9  444.0
2022  61  3  2 2200  -14.5  986.2    8.0  444.0   79.1  444.0
2022  61  3  2 2300  -15.4  985.9    7.4  444.0   76.4  444.0
2022  62  3  3 0000  -15.4  985.7    9.6  444.0   72.0  444.0
2022  62  3  3 0100  -14.8  985.5    7.8  444.0   77.3  444.0
2022  62  3  3 0200  -13.6  985.4    7.8  444.0   83.0  444.0
2022  62  3  3 0300  -12.6  984.7   13.8  444.0   89.2  444.0
2022  62  3  3 0400  -14.8  985.0   10.7  444.0   87.0  444.0
2022  62  3  3 0500  -16.2  985.1    8.2  444.0   88.8  444.0
2022  62  3  3 0600  -16.6  985.0    8.0  444.0   87.4  444.0
2022  62  3  3 0700  -18.2  984.9    3.7  444.0   88.8  444.0
2022  62  3  3 0800  -16.9  984.2    8.0  444.0   95.4  444.0
2022  62  3  3 0900  -15.9  983.9   11.1  444.0   97.1  444.0
2022  62  3  3 1000  -16.0  984.0   12.3  444.0   96.7  444.0
2022  62  3  3 1100  -16.9  983.8    9.9  444.0   96.2  444.0
2022  62  3  3 1200  -15.6  983.4   10.1  444.0   98.0  444.0
2022  62  3  3 1300  -15.4  982.7   14.0  444.0   98.4  444.0
2022  62  3  3 1400  -15.0  982.5   10.1  444.0   98.4  444.0
2022  62  3  3 1500  -14.9  982.2   13.3  444.0   98.4  444.0
2022  62  3  3 1600  -14.9  981.7   13.6  444.0   98.4  444.0
2022  62  3  3 1700  -15.4  981.4   15.0  444.0   97.1  444.0
2022  62  3  3 1800  -15.0  982.0   14.2  444.0   97.1  444.0
2022  62  3  3 1900  -14.9  982.1   15.2  444.0   94.0  444.0
2022  62  3  3 2000  -15.9  982.0   15.0  444.0   93.6  444.0
2022  62  3  3 2100  -16.4  982.6   14.8  444.0   91.4  444.0
2022  62  3  3 2200  -17.2  982.7   11.1  444.0   90.5  444.0
2022  62  3  3 2300  -16.5  982.8    9.4  444.0   84.4  444.0
2022  63  3  4 0000  -16.8  982.5   10.3  444.0   83.0  444.0
2022  63  3  4 0100  -15.1  982.4    9.8  444.0   86.6  444.0
2022  63  3  4 0200  -14.8  982.2   11.1  444.0   88.8  444.0
2022  63  3  4 0300  -15.1  982.2   11.9  444.0   90.5  444.0
2022  63  3  4 0400  -15.4  982.0   10.9  444.0   93.2  444.0
2022  63  3  4 0500  -16.2  982.0   11.7  444.0   94.0  444.0
2022  63  3  4 0600  -16.8  982.0   10.9  444.0   93.6  444.0
2022  63  3  4 0700  -17.1  981.6   12.7  444.0   94.9  444.0
2022  63  3  4 0800  -17.9  981.9   12.1  444.0   94.0  444.0
2022  63  3  4 0900  -19.0  982.0    9.9  444.0   93.6  444.0
2022  63  3  4 1000  -19.8  982.2    7.6  444.0   92.7  444.0
2022  63  3  4 1100  -19.8  982.2    7.0  444.0   93.6  444.0
2022  63  3  4 1200  -19.0  982.2    8.4  444.0   94.0  444.0
2022  63  3  4 1300  -17.4  981.8    9.8  444.0   96.2  444.0
2022  63  3  4 1400  -18.2  982.0    9.4  444.0   95.4  444.0
2022  63  3  4 1500  -18.5  982.0   10.7  444.0   95.4  444.0
2022  63  3  4 1600  -18.5  982.0    9.9  444.0   94.9  444.0
2022  63  3  4 1700  -18.4  981.9   10.1  444.0   94.9  444.0
2022  63  3  4 1800  -18.6  981.8    9.2  444.0   93.6  444.0
2022  63  3  4 1900  -18.5  981.9    8.2  444.0   92.7  444.0
2022  63  3  4 2000  -18.2  981.6    9.2  444.0   91.8  444.0
2022  63  3  4 2100  -18.5  981.3   11.3  444.0   89.6  444.0
2022  63  3  4 2200  -18.2  981.2   11.7  444.0   88.8  444.0
2022  63  3  4 2300  -18.6  981.3   10.5  444.0   88.3  444.0
2022  64  3  5 0000  -17.9  981.0   10.5  444.0   87.4  444.0
2022  64  3  5 0100  -17.2  981.3   10.1  444.0   87.0  444.0
2022  64  3  5 0200  -18.2  981.1   12.1  444.0   85.7  444.0
2022  64  3  5 0300  -18.4  981.0    9.9  444.0   80.4  444.0
2022  64  3  5 0400  -18.9  980.7   11.7  444.0   85.7  444.0
2022  64  3  5 0500  -19.5  980.9    8.2  444.0   83.9  444.0
2022  64  3  5 0600  -20.2  980.9    8.8  444.0   87.9  444.0
2022  64  3  5 0700  -20.8  980.9    9.4  444.0   90.5  444.0
2022  64  3  5 0800  -21.2  981.1   10.3  444.0   91.4  444.0
2022  64  3  5 0900  -21.5  981.3    8.2  444.0   90.1  444.0
2022  64  3  5 1000  -19.9  980.7   10.5  444.0   92.7  444.0
2022  64  3  5 1100  -18.9  980.7   10.9  444.0   94.5  444.0
2022  64  3  5 1200  -18.2  980.7   10.5  444.0   95.4  444.0
2022  64  3  5 1300  -17.5  980.6   13.3  444.0   94.9  444.0
2022  64  3  5 1400  -17.8  980.5   12.7  444.0   95.8  444.0
2022  64  3  5 1500  -17.4  980.7   12.9  444.0   94.9  444.0
2022  64  3  5 1600  -17.1  980.7   14.4  444.0   96.2  444.0
2022  64  3  5 1700  -17.4  981.0   14.0  444.0   94.9  444.0
2022  64  3  5 1800  -17.9  981.0   17.0  444.0   93.2  444.0
2022  64  3  5 1900  -19.2  981.0   15.0  444.0   91.0  444.0
2022  64  3  5 2000  -19.1  980.7   17.0  444.0   90.5  444.0
2022  64  3  5 2100  -20.5  981.2   15.0  444.0   87.4  444.0
2022  64  3  5 2200  -22.8  981.5   17.2  444.0   83.9  444.0
2022  64  3  5 2300  -23.9  981.9   16.0  444.0   80.0  444.0
2022  65  3  6 0000  -24.0  981.8   15.8  444.0   80.0  444.0
2022  65  3  6 0100  -24.4  981.8   15.0  444.0   80.0  444.0
2022  65  3  6 0200  -23.1  981.6   16.8  444.0   83.5  444.0
2022  65  3  6 0300  -23.1  981.8   12.9  444.0   83.5  444.0
2022  65  3  6 0400  -20.9  981.2   13.6  444.0   88.3  444.0
2022  65  3  6 0500  -19.5  981.0   15.4  444.0   91.0  444.0
2022  65  3  6 0600  -18.5  980.9   16.2  444.0   94.0  444.0
2022  65  3  6 0700  -17.1  980.6   13.6  444.0   94.5  444.0
2022  65  3  6 0800  -15.6  979.8   16.0  444.0   97.6  444.0
2022  65  3  6 0900  -14.8  979.6   17.4  444.0   98.0  444.0
2022  65  3  6 1000  -14.8  979.8   17.0  444.0   98.9  444.0
2022  65  3  6 1100  -14.2  978.6   16.2  444.0   98.4  444.0
2022  65  3  6 1200  -14.8  978.4   17.0  444.0   98.9  444.0
2022  65  3  6 1300  -14.4  977.7   16.6  444.0   98.9  444.0
2022  65  3  6 1400  -14.1  976.7   18.3  444.0   99.8  444.0
2022  65  3  6 1500  -13.6  976.0   17.0  444.0  444.0  444.0
2022  65  3  6 1600  -13.6  976.4   17.2  444.0  444.0  444.0
2022  65  3  6 1700  -13.6  976.1   19.3  444.0   99.8  444.0
2022  65  3  6 1800  -13.6  976.7   16.2  444.0   99.8  444.0
2022  65  3  6 1900  -13.2  976.7   16.2  444.0   98.4  444.0
2022  65  3  6 2000  -13.9  976.6   18.9  444.0   96.7  444.0
2022  65  3  6 2100  -14.1  976.5   21.3  444.0   96.2  444.0
2022  65  3  6 2200  -14.5  976.7   18.1  444.0   94.5  444.0
2022  65  3  6 2300  -14.9  976.9   16.2  444.0   93.2  444.0
2022  66  3  7 0000  -15.2  977.4   15.4  444.0   92.7  444.0
2022  66  3  7 0100  -15.8  977.4   19.1  444.0   91.4  444.0
2022  66  3  7 0200  -16.2  978.2   18.3  444.0   91.4  444.0
2022  66  3  7 0300  -16.8  978.8   13.5  444.0   91.8  444.0
2022  66  3  7 0400  -16.9  979.2   14.0  444.0   91.8  444.0
2022  66  3  7 0500  -17.1  979.9   13.1  444.0   93.2  444.0
2022  66  3  7 0600  -17.1  980.4   13.1  444.0   94.0  444.0
2022  66  3  7 0700  -17.2  980.9   12.3  444.0   94.9  444.0
2022  66  3  7 0800  -17.6  981.5   12.7  444.0   95.4  444.0
2022  66  3  7 0900  -17.8  982.0   10.3  444.0   95.8  444.0
2022  66  3  7 1000  -17.6  982.0   12.9  444.0   95.8  444.0
2022  66  3  7 1100  -17.4  982.7   12.9  444.0   95.8  444.0
2022  66  3  7 1200  -17.9  983.8   13.1  444.0   95.8  444.0
2022  66  3  7 1300  -19.1  984.8   11.3  444.0   94.0  444.0
2022  66  3  7 1400  -19.5  985.1   13.6  444.0   93.6  444.0
2022  66  3  7 1500  -19.6  985.9   11.9  444.0   93.6  444.0
2022  66  3  7 1600  -19.6  986.8    9.0  444.0   95.8  444.0
2022  66  3  7 1700  -18.4  987.3   10.9  444.0   94.5  444.0
2022  66  3  7 1800  -17.8  988.1    9.0  444.0   94.9  444.0
2022  66  3  7 1900  -17.1  988.7    7.8  444.0   95.8  444.0
2022  66  3  7 2000  -17.1  989.3    6.2  444.0   91.0  444.0
2022  66  3  7 2100  -17.1  989.6    9.4  444.0   88.3  444.0
2022  66  3  7 2200  -17.2  990.6    6.8  444.0   87.0  444.0
2022  66  3  7 2300  -17.5  990.9    8.0  444.0   82.2  444.0
2022  67  3  8 0000  -17.8  991.4    7.8  444.0   84.4  444.0
2022  67  3  8 0100  -18.0  991.4    5.7  444.0   83.9  444.0
2022  67  3  8 0200  -18.2  991.6    8.2  444.0   78.2  444.0
2022  67  3  8 0300  -18.5  991.7    8.2  444.0   79.5  444.0
2022  67  3  8 0400  -19.2  991.8    6.8  444.0   80.0  444.0
2022  67  3  8 0500  -19.5  992.2    6.6  444.0   80.8  444.0
2022  67  3  8 0600  -20.1  992.5    7.0  444.0   81.3  444.0
2022  67  3  8 0700  -19.8  992.6    9.4  444.0   83.0  444.0
2022  67  3  8 0800  -20.2  992.8    7.8  444.0   83.5  444.0
2022  67  3  8 0900  -21.2  992.8    7.8  444.0   84.8  444.0
2022  67  3  8 1000  -21.0  993.0    9.8  444.0   84.4  444.0
2022  67  3  8 1100  -21.0  993.0    9.6  444.0   84.4  444.0
2022  67  3  8 1200  -21.9  993.0   10.5  444.0   85.2  444.0
2022  67  3  8 1300  -22.5  993.2    9.8  444.0   84.8  444.0
2022  67  3  8 1400  -23.2  993.1    8.0  444.0   85.2  444.0
2022  67  3  8 1500  -23.1  993.1    9.0  444.0   83.9  444.0
2022  67  3  8 1600  -23.5  993.3    8.6  444.0   85.2  444.0
2022  67  3  8 1700  -23.1  993.1    9.4  444.0   84.8  444.0
2022  67  3  8 1800  -23.5  992.8   11.5  444.0   84.4  444.0
2022  67  3  8 1900  -23.4  992.8    8.8  444.0   83.0  444.0
2022  67  3  8 2000  -23.1  992.5   11.3  444.0   82.6  444.0
2022  67  3  8 2100  -22.2  992.1   11.1  444.0   82.6  444.0
2022  67  3  8 2200  -21.9  992.4   11.5  444.0   82.2  444.0
2022  67  3  8 2300  -21.0  992.5   11.7  444.0   82.2  444.0
2022  68  3  9 0000  -20.6  992.5   10.5  444.0   80.4  444.0
2022  68  3  9 0100  -20.2  992.3   11.1  444.0   81.3  444.0
2022  68  3  9 0200  -19.9  992.3   12.7  444.0   81.3  444.0
2022  68  3  9 0300  -19.9  992.2   11.3  444.0   83.9  444.0
2022  68  3  9 0400  -19.9  992.1   11.3  444.0   84.4  444.0
2022  68  3  9 0500  -20.0  992.0   11.7  444.0   85.2  444.0
2022  68  3  9 0600  -20.0  992.0   10.7  444.0   88.3  444.0
2022  68  3  9 0700  -19.9  991.8   12.1  444.0   88.8  444.0
2022  68  3  9 0800  -19.8  991.9   10.1  444.0   90.1  444.0
2022  68  3  9 0900  -19.5  992.3   11.3  444.0   88.3  444.0
2022  68  3  9 1000  -19.2  992.2    9.6  444.0   88.3  444.0
2022  68  3  9 1100  -19.2  992.1   11.5  444.0   86.6  444.0
2022  68  3  9 1200  -19.2  992.3    9.8  444.0   85.7  444.0
2022  68  3  9 1300  -19.2  992.3    9.8  444.0   86.1  444.0
2022  68  3  9 1400  -19.5  992.1    8.8  444.0   86.6  444.0
2022  68  3  9 1500  -20.0  991.9    9.8  444.0   85.2  444.0
2022  68  3  9 1600  -21.0  991.7    8.8  444.0   83.5  444.0
2022  68  3  9 1700  -21.2  991.6    8.8  444.0   82.6  444.0
2022  68  3  9 1800  -21.9  991.6    8.0  444.0   81.7  444.0
2022  68  3  9 1900  -21.9  991.5    8.6  444.0   80.8  444.0
2022  68  3  9 2000  -21.9  991.1    8.0  444.0   79.5  444.0
2022  68  3  9 2100  -20.9  990.8    7.4  444.0   77.3  444.0
2022  68  3  9 2200  -19.8  990.3   10.1  444.0   76.9  444.0
2022  68  3  9 2300  -19.5  990.4    8.8  444.0   74.2  444.0
2022  69  3 10 0000  -19.6  990.0    8.4  444.0   73.4  444.0
2022  69  3 10 0100  -19.6  989.6    7.8  444.0   72.0  444.0
2022  69  3 10 0200  -19.2  989.0    9.9  444.0   71.2  444.0
2022  69  3 10 0300  -19.2  988.9    6.4  444.0   74.7  444.0
2022  69  3 10 0400  -20.1  988.4    7.4  444.0   76.9  444.0
2022  69  3 10 0500  -21.1  988.1    5.5  444.0   80.0  444.0
2022  69  3 10 0600  -21.0  987.8    5.3  444.0   82.2  444.0
2022  69  3 10 0700  -21.0  987.6    6.8  444.0   84.4  444.0
2022  69  3 10 0800  -20.9  987.1    6.6  444.0   84.4  444.0
2022  69  3 10 0900  -20.9  987.0    6.2  444.0   82.2  444.0
2022  69  3 10 1000  -20.8  986.6    7.2  444.0   79.5  444.0
2022  69  3 10 1100  -21.5  986.2    6.6  444.0   82.2  444.0
2022  69  3 10 1200  -21.5  985.8    5.8  444.0   82.2  444.0
2022  69  3 10 1300  -21.6  985.5    6.0  444.0   81.7  444.0
2022  69  3 10 1400  -21.6  985.1    6.4  444.0   82.2  444.0
2022  69  3 10 1500  -21.5  984.8    5.8  444.0   81.7  444.0
2022  69  3 10 1600  -21.4  984.6    6.0  444.0   81.3  444.0
2022  69  3 10 1700  -21.1  984.3    6.8  444.0   79.5  444.0
2022  69  3 10 1800  -21.2  984.1    6.2  444.0   80.0  444.0
2022  69  3 10 1900  -21.4  983.9    5.8  444.0   77.8  444.0
2022  69  3 10 2000  -20.9  983.8    3.3  444.0   74.2  444.0
2022  69  3 10 2100  -20.2  983.9    4.1  444.0   69.8  444.0
2022  69  3 10 2200  -19.9  983.8    3.9  444.0   69.0  444.0
2022  69  3 10 2300  -19.2  983.8    3.5  444.0   65.9  444.0
2022  70  3 11 0000  -18.4  983.8    2.7  444.0   59.3  444.0
2022  70  3 11 0100  -18.2  983.6    3.3  444.0   64.6  444.0
2022  70  3 11 0200  -17.8  983.4    2.9  444.0   59.7  444.0
2022  70  3 11 0300  -17.8  983.2    2.7  444.0   63.2  444.0
2022  70  3 11 0400  -18.0  983.1    2.7  444.0   66.8  444.0
2022  70  3 11 0500  -18.4  983.0    3.1  444.0   69.8  444.0
2022  70  3 11 0600  -19.2  982.9    3.9  444.0   76.0  444.0
2022  70  3 11 0700  -18.6  982.9    4.3  444.0   73.8  444.0
2022  70  3 11 0800  -19.5  983.0    2.9  444.0   80.8  444.0
2022  70  3 11 0900  -18.5  982.8    3.5  444.0   82.6  444.0
2022  70  3 11 1000  -17.8  982.8    3.3  444.0   82.6  444.0
2022  70  3 11 1100  -17.6  982.7    3.3  444.0   79.1  444.0
2022  70  3 11 1200  -18.4  982.7    3.3  444.0   80.8  444.0
2022  70  3 11 1300  -18.1  982.5    3.5  444.0   78.6  444.0
2022  70  3 11 1400  -19.1  982.1    3.7  444.0   79.1  444.0
2022  70  3 11 1500  -20.6  981.8    3.9  444.0   78.2  444.0
2022  70  3 11 1600  -19.2  981.3    3.7  444.0   83.9  444.0
2022  70  3 11 1700  -16.5  981.0    6.2  444.0   83.9  444.0
2022  70  3 11 1800  -17.2  980.8    3.5  444.0   86.1  444.0
2022  70  3 11 1900  -17.6  980.8    3.5  444.0   84.4  444.0
2022  70  3 11 2000  -18.5  980.8    3.7  444.0   81.3  444.0
2022  70  3 11 2100  -17.9  981.0    4.3  444.0   81.3  444.0
2022  70  3 11 2200  -17.2  981.0    3.7  444.0   79.5  444.0
2022  70  3 11 2300  -19.1  980.8    2.7  444.0   61.5  444.0
2022  71  3 12 0000  -18.5  980.8    2.3  444.0   60.6  444.0
2022  71  3 12 0100  -19.0  980.5    3.5  444.0   62.4  444.0
2022  71  3 12 0200  -21.9  979.7    3.7  444.0   71.2  444.0
2022  71  3 12 0300  -20.4  979.2    4.1  444.0   72.5  444.0
2022  71  3 12 0400  -20.1  979.2    3.1  444.0   71.6  444.0
2022  71  3 12 0500  -18.5  979.0    3.1  444.0   74.2  444.0
2022  71  3 12 0600  -19.9  978.6    2.9  444.0   77.8  444.0
2022  71  3 12 0700  -22.1  978.5    4.3  444.0   81.3  444.0
2022  71  3 12 0800  -22.5  978.1    4.7  444.0   89.6  444.0
2022  71  3 12 0900  -22.2  977.9    5.3  444.0   91.8  444.0
2022  71  3 12 1000  -24.2  977.8    4.9  444.0   87.9  444.0
2022  71  3 12 1100  -24.6  977.5    5.1  444.0   87.9  444.0
2022  71  3 12 1200  -23.5  977.4    5.1  444.0   89.6  444.0
2022  71  3 12 1300  -23.9  977.2    5.1  444.0   89.2  444.0
2022  71  3 12 1400  -23.5  976.9    4.5  444.0   89.6  444.0
2022  71  3 12 1500  -24.2  976.6    4.3  444.0   89.6  444.0
2022  71  3 12 1600  -25.8  976.6    3.9  444.0   86.1  444.0
2022  71  3 12 1700  -25.2  976.4    3.7  444.0   87.0  444.0
2022  71  3 12 1800  -25.0  976.4    2.5  444.0   87.0  444.0
2022  71  3 12 1900  -24.2  976.4    2.5  444.0   88.3  444.0
2022  71  3 12 2000  -23.1  976.2    2.5  444.0   90.1  444.0
2022  71  3 12 2100  -19.5  976.0    4.3  444.0   94.0  444.0
2022  71  3 12 2200  -17.4  976.1    3.3  444.0   95.8  444.0
2022  71  3 12 2300  -16.8  976.0    5.8  444.0   97.1  444.0
2022  72  3 13 0000  -14.8  975.7    9.4  444.0   86.1  444.0
2022  72  3 13 0100  -13.9  975.5   11.1  444.0   83.5  444.0
2022  72  3 13 0200  -13.8  975.5   12.3  444.0   82.2  444.0
2022  72  3 13 0300  -14.9  975.8   12.9  444.0   83.5  444.0
2022  72  3 13 0400  -15.9  975.7   10.5  444.0   90.5  444.0
2022  72  3 13 0500  -16.8  975.5   13.1  444.0   89.6  444.0
2022  72  3 13 0600  -17.5  975.1   15.2  444.0   89.2  444.0
2022  72  3 13 0700  -18.9  975.1   16.4  444.0   91.8  444.0
2022  72  3 13 0800  -18.8  975.5   14.2  444.0   93.2  444.0
2022  72  3 13 0900  -20.2  975.4   13.8  444.0   91.8  444.0
2022  72  3 13 1000  -19.8  975.5   15.2  444.0   93.2  444.0
2022  72  3 13 1100  -19.2  975.3   14.0  444.0   93.2  444.0
2022  72  3 13 1200  -18.5  975.0   13.6  444.0   94.5  444.0
2022  72  3 13 1300  -19.0  975.5   13.3  444.0   93.2  444.0
2022  72  3 13 1400  -19.0  975.5   14.6  444.0   93.2  444.0
2022  72  3 13 1500  -18.6  974.7   13.5  444.0   94.0  444.0
2022  72  3 13 1600  -17.9  974.6   17.0  444.0   94.9  444.0
2022  72  3 13 1700  -17.8  975.0   13.5  444.0   95.4  444.0
2022  72  3 13 1800  -17.8  975.0   12.7  444.0   95.4  444.0
2022  72  3 13 1900  -17.5  974.3   13.8  444.0   94.9  444.0
2022  72  3 13 2000  -17.9  973.8   15.0  444.0   93.6  444.0
2022  72  3 13 2100  -18.0  973.7   13.1  444.0   92.3  444.0
2022  72  3 13 2200  -19.2  973.5   12.3  444.0   87.9  444.0
2022  72  3 13 2300  -18.6  973.3   13.1  444.0   87.4  444.0
2022  73  3 14 0000  -18.0  972.4   13.5  444.0   83.5  444.0
2022  73  3 14 0100  -17.4  972.1   15.0  444.0   81.7  444.0
2022  73  3 14 0200  -17.6  971.3   12.5  444.0   81.3  444.0
2022  73  3 14 0300  -18.2  970.9    9.4  444.0   80.8  444.0
2022  73  3 14 0400  -17.5  970.4    6.4  444.0   72.9  444.0
2022  73  3 14 0500  -18.4  969.9    3.7  444.0   71.6  444.0
2022  73  3 14 0600  -19.2  969.4    6.6  444.0   72.9  444.0
2022  73  3 14 0700  -20.8  968.8    5.3  444.0   80.0  444.0
2022  73  3 14 0800  -21.9  968.5    4.5  444.0   83.9  444.0
2022  73  3 14 0900  -21.1  968.1  444.0  444.0   87.9  444.0
2022  73  3 14 1000  -19.5  967.6    3.5  444.0   78.6  444.0
2022  73  3 14 1100  -15.2  967.0    2.9  444.0   72.5  444.0
2022  73  3 14 1200  -16.5  444.0    2.7  444.0   80.4  444.0
2022  73  3 14 1300  -16.4  966.5    2.9  444.0   81.3  444.0
2022  73  3 14 1400  -16.6  966.1    1.6  444.0   94.5  444.0
2022  73  3 14 1500  -14.9  966.1    1.9  444.0   98.4  444.0
2022  73  3 14 1600  -16.9  966.4    3.9  444.0   87.4  444.0
2022  73  3 14 1700  -17.9  966.7    2.1  444.0   84.8  444.0
2022  73  3 14 1800  -18.2  967.0    3.5  444.0   90.1  444.0
2022  73  3 14 1900  -17.2  967.4    5.3  444.0   89.2  444.0
2022  73  3 14 2000  -16.9  968.0    3.7  444.0   68.5  444.0
2022  73  3 14 2100  -17.2  968.0    3.1  444.0   71.2  444.0
2022  73  3 14 2200  -17.1  968.2    2.7  444.0   70.3  444.0
2022  73  3 14 2300  -15.5  968.0    0.2  444.0   62.4  444.0
2022  74  3 15 0000  -14.5  968.6    1.4  444.0   61.9  444.0
2022  74  3 15 0100  -15.4  969.0    2.3  444.0   67.6  444.0
2022  74  3 15 0200  -11.4  968.9    1.4  444.0   63.2  444.0
2022  74  3 15 0300  -12.4  968.9    2.7  444.0   55.8  444.0
2022  74  3 15 0400  -15.0  969.3    3.1  444.0   62.8  444.0
2022  74  3 15 0500  -11.9  969.5    7.8  444.0   89.2  444.0
2022  74  3 15 0600  -10.6  969.8    9.2  444.0   98.9  444.0
2022  74  3 15 0700  -10.2  970.0   10.7  444.0  444.0  444.0
2022  74  3 15 0800   -9.4  970.2   12.5  444.0  444.0  444.0
2022  74  3 15 0900   -9.4  970.8   16.6  444.0  444.0  444.0
2022  74  3 15 1000   -9.2  971.4   18.5  444.0  444.0  444.0
2022  74  3 15 1100   -9.2  972.0   17.2  444.0  444.0  444.0
2022  74  3 15 1200   -9.0  972.8   18.3  444.0  444.0  444.0
2022  74  3 15 1300   -9.2  973.4   22.8  444.0  444.0  444.0
2022  74  3 15 1400   -8.9  974.4   17.4  444.0  444.0  444.0
2022  74  3 15 1500   -9.4  975.2   19.3  444.0  444.0  444.0
2022  74  3 15 1600   -9.5  976.4   14.6  444.0  444.0  444.0
2022  74  3 15 1700   -9.6  976.9   15.8  444.0  444.0  444.0
2022  74  3 15 1800   -9.8  977.2   18.5  444.0  444.0  444.0
2022  74  3 15 1900  -10.0  978.3   19.7  444.0   99.3  444.0
2022  74  3 15 2000  -10.0  978.1   17.0  444.0   98.0  444.0
2022  74  3 15 2100  -10.1  978.4   19.1  444.0   97.1  444.0
2022  74  3 15 2200  -10.2  978.5   18.9  444.0   94.5  444.0
2022  74  3 15 2300  -10.4  978.8   17.9  444.0   97.1  444.0
2022  75  3 16 0000  -10.4  979.1   18.9  444.0  444.0  444.0
2022  75  3 16 0100  -10.2  979.2   20.7  444.0   98.0  444.0
2022  75  3 16 0200  -10.0  979.7   16.6  444.0   98.4  444.0
2022  75  3 16 0300  -10.0  980.1   20.5  444.0   98.0  444.0
2022  75  3 16 0400   -9.2  979.5   15.0  444.0   96.2  444.0
2022  75  3 16 0500   -8.5  978.5   14.2  444.0   91.4  444.0
2022  75  3 16 0600   -7.9  978.3   19.3  444.0   97.6  444.0
2022  75  3 16 0700   -8.8  979.3   18.9  444.0  444.0  444.0
2022  75  3 16 0800   -8.1  979.0   22.0  444.0  444.0  444.0
2022  75  3 16 0900   -8.2  978.9   19.7  444.0  444.0  444.0
2022  75  3 16 1000   -8.4  978.9   19.5  444.0  444.0  444.0
2022  75  3 16 1100   -8.4  979.3   21.6  444.0   96.7  444.0
2022  75  3 16 1200   -9.4  979.7   23.6  444.0   96.2  444.0
2022  75  3 16 1300   -9.4  980.7   19.9  444.0   94.0  444.0
2022  75  3 16 1400   -9.8  980.7   18.7  444.0   91.4  444.0
2022  75  3 16 1500   -9.8  981.7   18.5  444.0   88.8  444.0
2022  75  3 16 1600   -9.0  982.3   17.7  444.0   86.1  444.0
2022  75  3 16 1700   -8.9  983.2   13.5  444.0   84.4  444.0
2022  75  3 16 1800   -8.8  984.3   14.6  444.0   85.2  444.0
2022  75  3 16 1900   -9.0  985.3   17.7  444.0   88.8  444.0
2022  75  3 16 2000  -11.5  986.1   23.2  444.0   91.4  444.0
2022  75  3 16 2100  -10.8  987.2   19.9  444.0   87.4  444.0
2022  75  3 16 2200  -12.1  988.3   18.1  444.0   88.8  444.0
2022  75  3 16 2300   -9.5  988.8   19.3  444.0   75.6  444.0
2022  76  3 17 0000   -9.0  989.4   18.9  444.0   80.0  444.0
2022  76  3 17 0100  -10.1  990.1   18.1  444.0   82.6  444.0
2022  76  3 17 0200  -10.8  990.0   20.3  444.0   81.7  444.0
2022  76  3 17 0300  -11.2  990.6   18.5  444.0   80.8  444.0
2022  76  3 17 0400  -11.2  992.0   17.5  444.0   88.3  444.0
2022  76  3 17 0500  -10.9  992.0   19.3  444.0   83.5  444.0
2022  76  3 17 0600  -13.0  993.0   12.1  444.0   85.7  444.0
2022  76  3 17 0700  -14.1  994.1   14.6  444.0   80.8  444.0
2022  76  3 17 0800  -14.4  994.0   14.6  444.0   79.1  444.0
2022  76  3 17 0900  -14.9  994.6   15.6  444.0   80.0  444.0
2022  76  3 17 1000  -13.8  994.9   18.3  444.0   78.2  444.0
2022  76  3 17 1100  -15.1  996.3   14.0  444.0   79.1  444.0
2022  76  3 17 1200  -15.0  996.5    9.8  444.0   72.5  444.0
2022  76  3 17 1300  -15.6  995.7    8.8  444.0   66.8  444.0
2022  76  3 17 1400  -17.6  994.7    3.9  444.0   68.1  444.0
2022  76  3 17 1500  -17.8  993.7    6.8  444.0   71.2  444.0
2022  76  3 17 1600  -17.2  993.5    3.9  444.0   65.9  444.0
2022  76  3 17 1700  -19.1  992.4    2.9  444.0   67.6  444.0
2022  76  3 17 1800  444.0  991.4    1.6  444.0   72.9  444.0
2022  76  3 17 1900  -16.9  990.3    1.0  444.0   68.5  444.0
2022  76  3 17 2000  -17.4  988.0    2.7  444.0   62.8  444.0
2022  76  3 17 2100  -16.1  986.5    2.3  444.0   80.8  444.0
2022  76  3 17 2200  -14.8  985.0    3.7  444.0   83.5  444.0
2022  76  3 17 2300  -10.9  982.3    3.9  444.0   89.6  444.0
2022  77  3 18 0000   -9.5  979.7    2.9  444.0   88.8  444.0
2022  77  3 18 0100   -7.0  977.2    2.9  444.0   86.1  444.0
2022  77  3 18 0200   -7.6  976.2    1.9  444.0   91.8  444.0
2022  77  3 18 0300   -8.9  974.8    1.9  444.0   91.4  444.0
2022  77  3 18 0400  -12.1  977.0   11.1  444.0   71.2  444.0
2022  77  3 18 0500  -14.1  977.5    9.0  444.0   69.0  444.0
2022  77  3 18 0600  -12.1  976.4   20.3  444.0   86.1  444.0
2022  77  3 18 0700  -15.0  979.7   19.3  444.0   96.2  444.0
2022  77  3 18 0800  -16.4  980.8   17.4  444.0   92.3  444.0
2022  77  3 18 0900  -16.0  980.9   16.0  444.0   85.7  444.0
2022  77  3 18 1000  -16.9  980.6   12.7  444.0   83.0  444.0
2022  77  3 18 1100  -16.4  980.9   11.5  444.0   73.4  444.0
2022  77  3 18 1200  -16.6  981.5    7.0  444.0   72.0  444.0
2022  77  3 18 1300  -18.0  980.9    8.2  444.0   76.4  444.0
2022  77  3 18 1400  -18.4  981.0    7.2  444.0   78.6  444.0
2022  77  3 18 1500  -19.8  980.6    3.7  444.0   78.6  444.0
2022  77  3 18 1600  -20.1  980.4    4.7  444.0   79.5  444.0
2022  77  3 18 1700  -18.6  980.1    4.7  444.0   75.1  444.0
2022  77  3 18 1800  -17.5  979.7    4.9  444.0   77.3  444.0
2022  77  3 18 1900  -17.1  979.2    3.5  444.0   70.3  444.0
2022  77  3 18 2000  -16.1  979.8    5.7  444.0   64.6  444.0
2022  77  3 18 2100  -16.0  979.5   11.3  444.0   63.7  444.0
2022  77  3 18 2200  -16.6  980.2   10.3  444.0   68.5  444.0
2022  77  3 18 2300  -17.4  980.7   12.7  444.0   72.5  444.0
2022  78  3 19 0000  -16.9  981.2   11.1  444.0   69.0  444.0
2022  78  3 19 0100  -17.8  981.7   12.7  444.0   69.4  444.0
2022  78  3 19 0200  -17.8  982.3   12.3  444.0   66.3  444.0
2022  78  3 19 0300  -17.4  982.5    9.6  444.0   65.9  444.0
2022  78  3 19 0400  -16.9  981.9    8.8  444.0   61.9  444.0
2022  78  3 19 0500  -17.8  982.0    5.1  444.0   69.0  444.0
2022  78  3 19 0600  -19.6  981.5    3.5  444.0   71.6  444.0
2022  78  3 19 0700  -23.1  980.2    2.5  444.0   79.5  444.0
2022  78  3 19 0800  -23.2  979.9    1.9  444.0   79.5  444.0
2022  78  3 19 0900  -24.0  978.7    2.1  444.0   77.8  444.0
2022  78  3 19 1000  -23.9  976.9    3.7  444.0   78.2  444.0
2022  78  3 19 1100  -12.9  975.4    4.7  444.0   93.6  444.0
2022  78  3 19 1200  -10.5  974.5    4.3  444.0   90.5  444.0
2022  78  3 19 1300  -10.0  972.9    6.2  444.0   92.7  444.0
2022  78  3 19 1400   -9.1  971.5   13.3  444.0   93.2  444.0
2022  78  3 19 1500   -9.0  971.1    6.4  444.0   91.4  444.0
2022  78  3 19 1600   -9.8  970.9    5.1  444.0   95.4  444.0
2022  78  3 19 1700  -11.6  970.4    4.3  444.0   88.8  444.0
2022  78  3 19 1800  -10.6  970.5    3.7  444.0   89.6  444.0
2022  78  3 19 1900   -9.5  970.6    1.9  444.0   90.5  444.0
2022  78  3 19 2000  -12.1  970.8    3.1  444.0   90.5  444.0
2022  78  3 19 2100  -13.8  971.0    9.2  444.0   70.7  444.0
2022  78  3 19 2200  -15.9  971.5    8.0  444.0   62.8  444.0
2022  78  3 19 2300  -16.2  971.6   11.3  444.0   72.9  444.0
2022  79  3 20 0000  -16.5  971.4   10.9  444.0   68.5  444.0
2022  79  3 20 0100  -18.0  444.0   16.8  444.0   62.8  444.0
2022  79  3 20 0200  -17.9  972.0   11.3  444.0   72.9  444.0
2022  79  3 20 0300  -19.5  971.8   10.7  444.0   65.0  444.0
2022  79  3 20 0400  -19.1  972.9    3.9  444.0   61.0  444.0
2022  79  3 20 0500  -19.5  971.7    9.6  444.0   58.8  444.0
2022  79  3 20 0600  -20.2  972.2    5.5  444.0   62.8  444.0
2022  79  3 20 0700  -22.8  972.0    2.9  444.0   69.0  444.0
2022  79  3 20 0800  -22.2  972.0    3.7  444.0   70.3  444.0
2022  79  3 20 0900  -22.0  972.2    8.4  444.0   67.6  444.0
2022  79  3 20 1000  -24.2  972.0    9.6  444.0   72.9  444.0
2022  79  3 20 1100  -25.2  972.1    8.0  444.0   73.4  444.0
2022  79  3 20 1200  -26.1  971.5    8.4  444.0   76.4  444.0
2022  79  3 20 1300  -24.4  972.0    8.2  444.0   73.8  444.0
2022  79  3 20 1400  -25.8  971.9    8.4  444.0   74.2  444.0
2022  79  3 20 1500  -25.9  972.2    5.5  444.0   74.7  444.0
2022  79  3 20 1600  -27.2  971.6    5.5  444.0   75.6  444.0
2022  79  3 20 1700  -27.9  972.1    3.5  444.0   77.3  444.0
2022  79  3 20 1800  -29.1  972.3    4.3  444.0   76.4  444.0
2022  79  3 20 1900  -25.9  972.3    3.3  444.0   70.7  444.0
2022  79  3 20 2000  -25.6  972.0    8.2  444.0   65.0  444.0
2022  79  3 20 2100  -25.0  972.4    8.6  444.0   65.4  444.0
2022  79  3 20 2200  -24.8  972.3    5.8  444.0   60.2  444.0
2022  79  3 20 2300  -24.5  972.4    7.8  444.0   61.5  444.0
2022  80  3 21 0000  -22.1  972.6   10.7  444.0   58.8  444.0
2022  80  3 21 0100  -20.1  972.5   13.5  444.0   55.3  444.0
2022  80  3 21 0200  -20.1  972.8   12.1  444.0   54.4  444.0
2022  80  3 21 0300  -20.0  972.7   11.5  444.0   54.0  444.0
2022  80  3 21 0400  -20.4  972.8   12.1  444.0   54.9  444.0
2022  80  3 21 0500  -22.1  973.0    9.6  444.0   60.6  444.0
2022  80  3 21 0600  -21.6  973.0    9.6  444.0   58.4  444.0
2022  80  3 21 0700  -21.4  973.4   10.7  444.0   58.8  444.0
2022  80  3 21 0800  -20.8  973.6   13.3  444.0   58.0  444.0
2022  80  3 21 0900  -20.4  974.0   10.5  444.0   54.9  444.0
2022  80  3 21 1000  -22.0  974.3    9.9  444.0   60.2  444.0
2022  80  3 21 1100  -22.5  974.5   11.9  444.0   60.2  444.0
2022  80  3 21 1200  -23.5  974.9   11.7  444.0   64.6  444.0
2022  80  3 21 1300  -24.9  975.4    8.8  444.0   67.6  444.0
2022  80  3 21 1400  -24.9  975.8    7.0  444.0   66.8  444.0
2022  80  3 21 1500  -24.6  976.5    8.0  444.0   65.4  444.0
2022  80  3 21 1600  -25.1  977.0    6.6  444.0   66.3  444.0
2022  80  3 21 1700  -24.0  977.4    8.6  444.0   65.0  444.0
2022  80  3 21 1800  -24.4  978.3    8.2  444.0   65.0  444.0
2022  80  3 21 1900  -24.4  978.6    7.6  444.0   64.1  444.0
2022  80  3 21 2000  -23.6  979.0    7.2  444.0   58.8  444.0
2022  80  3 21 2100  -23.8  979.2    8.6  444.0   57.5  444.0
2022  80  3 21 2200  -23.9  979.9    5.3  444.0   56.2  444.0
2022  80  3 21 2300  -24.2  979.8    4.7  444.0   51.8  444.0
2022  81  3 22 0000  -24.4  979.3    6.4  444.0   58.8  444.0
2022  81  3 22 0100  -24.1  978.5    6.0  444.0   59.7  444.0
2022  81  3 22 0200  -24.4  978.0    3.9  444.0   60.6  444.0
2022  81  3 22 0300  -22.5  977.6    0.6  444.0   61.0  444.0
2022  81  3 22 0400  -21.5  976.9    1.9  444.0   66.8  444.0
2022  81  3 22 0500  -20.4  976.5    3.5  444.0   76.4  444.0
2022  81  3 22 0600  -21.0  975.9    4.1  444.0   81.3  444.0
2022  81  3 22 0700  -20.1  975.4    3.5  444.0   86.1  444.0
2022  81  3 22 0800  -14.9  975.1    3.5  444.0   83.0  444.0
2022  81  3 22 0900  -14.9  975.5    1.2  444.0   80.4  444.0
2022  81  3 22 1000  -18.0  975.9    1.2  444.0   83.9  444.0
2022  81  3 22 1100  -19.2  976.1    2.3  444.0   82.2  444.0
2022  81  3 22 1200  -26.8  976.4    2.5  444.0   72.5  444.0
2022  81  3 22 1300  -26.4  977.1    7.4  444.0   85.7  444.0
2022  81  3 22 1400  -23.1  977.8    6.0  444.0   76.0  444.0
2022  81  3 22 1500  -24.9  978.5    6.6  444.0   77.8  444.0
2022  81  3 22 1600  -25.9  978.9    6.0  444.0   70.7  444.0
2022  81  3 22 1700  -28.4  979.8    4.5  444.0   69.4  444.0
2022  81  3 22 1800  -29.0  980.1    5.8  444.0   67.6  444.0
2022  81  3 22 1900  -29.5  980.2    5.7  444.0   67.6  444.0
2022  81  3 22 2000  -29.9  980.9    3.9  444.0   65.4  444.0
2022  81  3 22 2100  -30.0  980.8    4.3  444.0   64.6  444.0
2022  81  3 22 2200  -29.1  981.0    6.4  444.0   62.4  444.0
2022  81  3 22 2300  -27.2  981.0    6.2  444.0   55.3  444.0
2022  82  3 23 0000  -28.1  981.3    4.1  444.0   55.8  444.0
2022  82  3 23 0100  -27.4  981.3    4.1  444.0   56.2  444.0
2022  82  3 23 0200  -27.5  981.5    4.5  444.0   60.6  444.0
2022  82  3 23 0300  -27.0  981.5    4.3  444.0   65.4  444.0
2022  82  3 23 0400  -26.6  981.5    3.7  444.0   66.8  444.0
2022  82  3 23 0500  -27.2  981.7    3.9  444.0   67.2  444.0
2022  82  3 23 0600  -25.6  981.7    4.3  444.0   72.5  444.0
2022  82  3 23 0700  -27.5  981.6    4.1  444.0   73.4  444.0
2022  82  3 23 0800  -29.1  981.8    3.7  444.0   76.9  444.0
2022  82  3 23 0900  -29.6  981.8    3.1  444.0   78.2  444.0
2022  82  3 23 1000  -29.5  981.9    3.1  444.0   80.4  444.0
2022  82  3 23 1100  -28.1  981.9    3.9  444.0   80.8  444.0
2022  82  3 23 1200  -27.9  981.9    3.1  444.0   76.4  444.0
2022  82  3 23 1300  -29.8  981.7    3.3  444.0   69.4  444.0
2022  82  3 23 1400  -29.2  981.8    3.1  444.0   64.1  444.0
2022  82  3 23 1500  -29.9  981.9    2.5  444.0   61.5  444.0
2022  82  3 23 1600  -28.9  981.9    2.1  444.0   62.8  444.0
2022  82  3 23 1700  -29.2  982.3    2.9  444.0   68.5  444.0
2022  82  3 23 1800  -27.4  982.4    1.8  444.0   63.7  444.0
2022  82  3 23 1900  -26.8  982.5    3.3  444.0   68.1  444.0
2022  82  3 23 2000  -27.9  982.4    2.1  444.0   69.4  444.0
2022  82  3 23 2100  -27.4  982.5    2.1  444.0   67.2  444.0
2022  82  3 23 2200  -26.5  982.7    2.1  444.0   63.7  444.0
2022  82  3 23 2300  -25.2  982.7    1.6  444.0   65.0  444.0
2022  83  3 24 0000  -24.4  982.7    1.8  444.0   62.8  444.0
2022  83  3 24 0100  -23.5  982.7    3.3  444.0   64.6  444.0
2022  83  3 24 0200  -22.5  982.6    1.9  444.0   66.8  444.0
2022  83  3 24 0300  -22.6  982.5    1.6  444.0   69.4  444.0
2022  83  3 24 0400  -22.2  982.3    1.8  444.0   77.8  444.0
2022  83  3 24 0500  -22.0  982.5    1.2  444.0   90.5  444.0
2022  83  3 24 0600  -21.6  982.4    2.3  444.0   88.3  444.0
2022  83  3 24 0700  -20.0  982.5    2.3  444.0   94.5  444.0
2022  83  3 24 0800  -23.4  982.8    1.8  444.0   89.2  444.0
2022  83  3 24 0900  -21.4  983.0    1.8  444.0   91.0  444.0
2022  83  3 24 1000  -23.6  983.3    3.7  444.0   82.6  444.0
2022  83  3 24 1100  -32.1  983.6    1.9  444.0   79.5  444.0
2022  83  3 24 1200  -30.0  983.7    2.7  444.0   81.3  444.0
2022  83  3 24 1300  -31.5  983.8    1.4  444.0   80.0  444.0
2022  83  3 24 1400  -32.0  983.7    2.9  444.0   79.5  444.0
2022  83  3 24 1500  -30.2  983.9    2.3  444.0   80.8  444.0
2022  83  3 24 1600  -29.0  984.0    1.8  444.0   81.7  444.0
2022  83  3 24 1700  -30.6  983.9    1.2  444.0   79.1  444.0
2022  83  3 24 1800  444.0  983.7    1.4  444.0   83.0  444.0
2022  83  3 24 1900  444.0  983.5    1.0  444.0   85.2  444.0
2022  83  3 24 2000  -27.0  983.7    3.5  444.0   85.2  444.0
2022  83  3 24 2100  -30.5  983.6    3.7  444.0   81.7  444.0
2022  83  3 24 2200  -31.1  983.6    2.9  444.0   81.3  444.0
2022  83  3 24 2300  -31.0  983.4    2.9  444.0   81.7  444.0
2022  84  3 25 0000  -29.9  983.3    2.9  444.0   80.0  444.0
2022  84  3 25 0100  -28.2  983.1    2.7  444.0   71.2  444.0
2022  84  3 25 0200  -27.5  982.9    2.7  444.0   64.1  444.0
2022  84  3 25 0300  -28.1  982.7    3.3  444.0   56.6  444.0
2022  84  3 25 0400  -29.4  982.6    3.7  444.0   58.4  444.0
2022  84  3 25 0500  -30.4  982.4    3.7  444.0   67.6  444.0
2022  84  3 25 0600  -29.8  982.5    5.1  444.0   66.3  444.0
2022  84  3 25 0700  -30.6  982.8    5.7  444.0   69.8  444.0
2022  84  3 25 0800  -30.8  983.0    4.9  444.0   69.8  444.0
2022  84  3 25 0900  -30.8  983.2    4.3  444.0   69.4  444.0
2022  84  3 25 1000  -31.5  983.1    5.3  444.0   68.5  444.0
2022  84  3 25 1100  -32.2  983.4    4.3  444.0   71.2  444.0
2022  84  3 25 1200  -32.2  983.7    2.9  444.0   69.0  444.0
2022  84  3 25 1300  -29.2  984.0    3.5  444.0   72.0  444.0
2022  84  3 25 1400  -31.1  984.3    3.1  444.0   64.6  444.0
2022  84  3 25 1500  -28.5  984.6    3.7  444.0   54.9  444.0
2022  84  3 25 1600  -29.9  984.7    3.1  444.0   71.2  444.0
2022  84  3 25 1700  -30.2  984.9    2.1  444.0   66.8  444.0
2022  84  3 25 1800  -32.6  985.2    2.7  444.0   72.0  444.0
2022  84  3 25 1900  -30.9  985.3    2.7  444.0   70.3  444.0
2022  84  3 25 2000  -30.2  985.4    3.5  444.0   69.4  444.0
2022  84  3 25 2100  -28.4  985.7    2.5  444.0   62.8  444.0
2022  84  3 25 2200  -26.4  985.8    4.5  444.0   59.7  444.0
2022  84  3 25 2300  -28.9  986.0    4.7  444.0   57.5  444.0
2022  85  3 26 0000  -29.1  986.3    4.1  444.0   52.7  444.0
2022  85  3 26 0100  -29.2  986.3    2.9  444.0   49.2  444.0
2022  85  3 26 0200  -28.6  986.2    3.5  444.0   50.5  444.0
2022  85  3 26 0300  -29.0  985.9    3.1  444.0   56.2  444.0
2022  85  3 26 0400  -28.2  985.6    3.1  444.0   58.8  444.0
2022  85  3 26 0500  -28.6  985.3    4.3  444.0   65.4  444.0
2022  85  3 26 0600  -28.1  985.0    2.5  444.0   62.8  444.0
2022  85  3 26 0700  -28.1  984.8    1.9  444.0   63.2  444.0
2022  85  3 26 0800  -26.9  984.5    1.9  444.0   62.4  444.0
2022  85  3 26 0900  444.0  984.3    1.2  444.0   65.4  444.0
2022  85  3 26 1000  -26.9  984.0    1.8  444.0   59.3  444.0
2022  85  3 26 1100  -27.5  983.8    4.1  444.0   56.2  444.0
2022  85  3 26 1200  -29.6  983.4    3.3  444.0   63.2  444.0
2022  85  3 26 1300  -27.5  983.0    4.1  444.0   55.8  444.0
2022  85  3 26 1400  -31.6  982.7    3.7  444.0   71.6  444.0
2022  85  3 26 1500  -33.0  982.4    3.3  444.0   74.7  444.0
2022  85  3 26 1600  -32.8  982.1    3.1  444.0   78.6  444.0
2022  85  3 26 1700  -34.5  981.7    3.5  444.0   75.1  444.0
2022  85  3 26 1800  -32.6  981.5    3.1  444.0   77.3  444.0
2022  85  3 26 1900  -31.5  981.3    3.5  444.0   80.0  444.0
2022  85  3 26 2000  -29.8  981.3    2.3  444.0   72.9  444.0
2022  85  3 26 2100  -32.8  981.3    3.3  444.0   59.7  444.0
2022  85  3 26 2200  -33.0  981.3    3.5  444.0   58.8  444.0
2022  85  3 26 2300  -32.2  981.4    3.9  444.0   57.5  444.0
2022  86  3 27 0000  -31.8  981.6    4.1  444.0   56.6  444.0
2022  86  3 27 0100  -30.2  981.5    3.9  444.0   59.3  444.0
2022  86  3 27 0200  -30.2  981.2    2.9  444.0   58.8  444.0
2022  86  3 27 0300  -31.1  980.8    3.3  444.0   65.0  444.0
2022  86  3 27 0400  -31.8  980.9    3.7  444.0   66.8  444.0
2022  86  3 27 0500  -32.8  980.7    3.7  444.0   75.6  444.0
2022  86  3 27 0600  -33.9  980.9    3.1  444.0   76.0  444.0
2022  86  3 27 0700  -31.4  980.8    4.3  444.0   78.6  444.0
2022  86  3 27 0800  -32.2  980.4    4.3  444.0   77.3  444.0
2022  86  3 27 0900  -31.4  980.3    5.3  444.0   78.6  444.0
2022  86  3 27 1000  -31.5  980.1    5.3  444.0   75.1  444.0
2022  86  3 27 1100  -31.5  979.9    4.5  444.0   76.0  444.0
2022  86  3 27 1200  -32.8  979.6    4.9  444.0   72.0  444.0
2022  86  3 27 1300  -32.2  979.6    4.5  444.0   68.1  444.0
2022  86  3 27 1400  -31.2  979.7    6.8  444.0   69.4  444.0
2022  86  3 27 1500  -31.6  980.4    5.5  444.0   72.5  444.0
2022  86  3 27 1600  -30.2  980.2    6.0  444.0   72.5  444.0
2022  86  3 27 1700  -29.0  980.0    5.5  444.0   69.8  444.0
2022  86  3 27 1800  -29.1  980.0    5.8  444.0   69.8  444.0
2022  86  3 27 1900  -28.2  979.7    5.5  444.0   66.8  444.0
2022  86  3 27 2000  -28.6  979.9    3.5  444.0   65.9  444.0
2022  86  3 27 2100  -28.5  979.9    5.8  444.0   60.6  444.0
2022  86  3 27 2200  -28.0  979.9    5.1  444.0   55.3  444.0
2022  86  3 27 2300  -28.6  979.9    3.9  444.0   53.6  444.0
2022  87  3 28 0000  -28.8  979.6    3.7  444.0   54.9  444.0
2022  87  3 28 0100  -28.6  979.7    3.9  444.0   52.7  444.0
2022  87  3 28 0200  -29.0  979.2    4.5  444.0   56.6  444.0
2022  87  3 28 0300  -29.6  979.2    4.1  444.0   55.8  444.0
2022  87  3 28 0400  -28.8  979.0    4.7  444.0   56.6  444.0
2022  87  3 28 0500  -29.8  979.0    5.1  444.0   62.8  444.0
2022  87  3 28 0600  -31.0  979.0    2.7  444.0   64.1  444.0
2022  87  3 28 0700  -31.8  978.9    3.1  444.0   65.9  444.0
2022  87  3 28 0800  -34.4  979.0    3.7  444.0   68.1  444.0
2022  87  3 28 0900  -34.1  979.4    4.5  444.0   70.7  444.0
2022  87  3 28 1000  -35.6  979.7    3.9  444.0   70.7  444.0
2022  87  3 28 1100  -34.5  980.0    4.5  444.0   73.8  444.0
2022  87  3 28 1200  -35.1  980.4    3.1  444.0   72.0  444.0
2022  87  3 28 1300  -34.5  980.8    4.9  444.0   74.2  444.0
2022  87  3 28 1400  -35.0  981.3    4.5  444.0   72.0  444.0
2022  87  3 28 1500  -36.0  981.5    4.1  444.0   72.5  444.0
2022  87  3 28 1600  -35.2  982.2    5.3  444.0   74.2  444.0
2022  87  3 28 1700  -35.6  982.8    5.1  444.0   73.8  444.0
2022  87  3 28 1800  -35.2  983.3    4.7  444.0   74.2  444.0
2022  87  3 28 1900  -34.5  984.0    5.1  444.0   74.7  444.0
2022  87  3 28 2000  -33.5  984.8    4.3  444.0   71.6  444.0
2022  87  3 28 2100  -32.2  985.6    3.9  444.0   63.2  444.0
2022  87  3 28 2200  -31.6  986.1    4.3  444.0   59.3  444.0
2022  87  3 28 2300  -31.4  986.9    3.5  444.0   61.0  444.0
2022  88  3 29 0000  -30.4  987.7    3.3  444.0   59.3  444.0
2022  88  3 29 0100  -31.8  987.7    5.3  444.0   61.9  444.0
2022  88  3 29 0200  -30.0  988.4    1.6  444.0   52.7  444.0
2022  88  3 29 0300  -30.6  988.4    3.1  444.0   54.4  444.0
2022  88  3 29 0400  -33.2  988.6    2.7  444.0   60.6  444.0
2022  88  3 29 0500  -32.6  988.9    3.1  444.0   61.0  444.0
2022  88  3 29 0600  -34.4  989.1    2.5  444.0   61.5  444.0
2022  88  3 29 0700  -33.9  989.7    2.5  444.0   74.2  444.0
2022  88  3 29 0800  -36.1  989.8    2.9  444.0   69.8  444.0
2022  88  3 29 0900  -33.4  990.4    3.7  444.0   71.2  444.0
2022  88  3 29 1000  -35.6  991.0    2.5  444.0   70.3  444.0
2022  88  3 29 1100  -31.8  991.3    3.7  444.0   56.6  444.0
2022  88  3 29 1200  -28.0  991.6    2.1  444.0   53.1  444.0
2022  88  3 29 1300  444.0  992.1    0.0  444.0   58.4  444.0
2022  88  3 29 1400  444.0  992.2    0.8  444.0   58.4  444.0
2022  88  3 29 1500  -25.2  992.7    1.6  444.0   73.4  444.0
2022  88  3 29 1600  444.0  992.6    0.0  444.0   89.2  444.0
2022  88  3 29 1700  -26.9  992.8    2.9  444.0   83.9  444.0
2022  88  3 29 1800  -27.5  992.7    2.3  444.0   82.6  444.0
2022  88  3 29 1900  -23.4  992.7    2.1  444.0   87.4  444.0
2022  88  3 29 2000  -23.8  992.2    4.1  444.0   90.1  444.0
2022  88  3 29 2100  -27.5  992.0    2.7  444.0   83.5  444.0
2022  88  3 29 2200  -27.0  991.7    1.4  444.0   85.7  444.0
2022  88  3 29 2300  -22.9  991.6    2.1  444.0   91.8  444.0
2022  89  3 30 0000  -21.6  990.8    2.9  444.0   90.5  444.0
2022  89  3 30 0100  -21.2  990.2    2.9  444.0   94.9  444.0
2022  89  3 30 0200  -19.2  989.3    2.7  444.0   95.8  444.0
2022  89  3 30 0300  -19.9  988.5    4.3  444.0   92.7  444.0
2022  89  3 30 0400  -21.4  988.0    2.9  444.0   91.0  444.0
2022  89  3 30 0500  -20.9  987.0    1.2  444.0   92.3  444.0
2022  89  3 30 0600  -18.5  986.4    4.1  444.0   94.5  444.0
2022  89  3 30 0700  -18.4  444.0    3.3  444.0   94.9  444.0
2022  89  3 30 0800  -18.9  985.2    2.1  444.0   93.6  444.0
2022  89  3 30 0900  -17.9  984.9    4.1  444.0   95.4  444.0
2022  89  3 30 1000  -17.1  984.2    7.2  444.0   95.8  444.0
2022  89  3 30 1100  -18.1  984.1    6.6  444.0   94.9  444.0
2022  89  3 30 1200  -20.1  984.6   11.9  444.0   92.3  444.0
2022  89  3 30 1300  -22.4  984.2   13.5  444.0   89.2  444.0
2022  89  3 30 1400  -25.1  984.7   11.5  444.0   87.0  444.0
2022  89  3 30 1500  -26.1  983.7   15.6  444.0   86.6  444.0
2022  89  3 30 1600  -22.5  983.4   18.9  444.0   90.5  444.0
2022  89  3 30 1700  -23.9  983.7   17.5  444.0   88.3  444.0
2022  89  3 30 1800  -24.4  983.6   15.0  444.0   88.8  444.0
2022  89  3 30 1900  -24.0  984.2   15.4  444.0   88.3  444.0
2022  89  3 30 2000  -23.8  984.3   16.4  444.0   88.8  444.0
2022  89  3 30 2100  -25.1  984.9   11.3  444.0   87.0  444.0
2022  89  3 30 2200  -24.4  985.0   10.5  444.0   87.4  444.0
2022  89  3 30 2300  -22.9  984.3   11.9  444.0   87.9  444.0
2022  90  3 31 0000  -21.5  984.0   14.8  444.0   88.3  444.0
2022  90  3 31 0100  -21.2  984.0   10.9  444.0   89.2  444.0
2022  90  3 31 0200  -20.1  983.0   13.8  444.0   91.8  444.0
2022  90  3 31 0300  -19.2  982.4   12.3  444.0   93.2  444.0
2022  90  3 31 0400  -19.1  981.9   17.4  444.0   94.0  444.0
2022  90  3 31 0500  -18.9  981.3   16.8  444.0   94.5  444.0
2022  90  3 31 0600  -18.6  980.5   17.5  444.0   94.0  444.0
2022  90  3 31 0700  -17.8  980.5   17.2  444.0   95.4  444.0
2022  90  3 31 0800  -19.1  979.5   17.9  444.0   94.9  444.0
2022  90  3 31 0900  -18.8  979.2   20.1  444.0   94.0  444.0
2022  90  3 31 1000  -19.0  978.9   18.7  444.0   94.5  444.0
2022  90  3 31 1100  -22.1  980.1   18.1  444.0   89.6  444.0
2022  90  3 31 1200  -23.8  981.2   15.2  444.0   89.2  444.0
2022  90  3 31 1300  -21.6  981.1   17.4  444.0   91.8  444.0
2022  90  3 31 1400  -20.2  980.5   19.3  444.0   92.7  444.0
2022  90  3 31 1500  -21.5  980.4   19.9  444.0   91.0  444.0
2022  90  3 31 1600  -22.0  980.3   12.1  444.0   91.4  444.0
2022  90  3 31 1700  -22.1  979.7   15.8  444.0   90.5  444.0
2022  90  3 31 1800  -21.2  978.9   16.4  444.0   91.4  444.0
2022  90  3 31 1900  -21.5  978.8   14.4  444.0   91.4  444.0
2022  90  3 31 2000  -20.8  978.0   14.0  444.0   91.8  444.0
2022  90  3 31 2100  -20.1  977.9   11.3  444.0   91.4  444.0
2022  90  3 31 2200  -18.6  976.9   12.9  444.0   91.8  444.0
2022  90  3 31 2300  -19.8  976.1   16.0  444.0   91.8  444.0
