Year: 2019  Month: 08  ID: LR2  ARGOS: 21360  Name: Laurie II           
Lat: 77.50S  Lon: 170.79E  Elev:   34m
2019 213  8  1 0000  -37.8  996.7  444.0  444.0   71.6  444.0
2019 213  8  1 0100  -35.9  996.7  444.0  444.0   73.4  444.0
2019 213  8  1 0200  -40.0  996.5  444.0  444.0   69.0  444.0
2019 213  8  1 0300  -35.4  996.6  444.0  444.0   71.6  444.0
2019 213  8  1 0400  -35.8  996.8  444.0  444.0   74.7  444.0
2019 213  8  1 0500  -40.5  996.7  444.0  444.0   68.1  444.0
2019 213  8  1 0600  -40.6  996.4  444.0  444.0   68.1  444.0
2019 213  8  1 0700  -41.5  996.5  444.0  444.0   66.8  444.0
2019 213  8  1 0800  -42.1  996.6  444.0  444.0   66.3  444.0
2019 213  8  1 0900  -43.2  996.5  444.0  444.0   65.9  444.0
2019 213  8  1 1000  -44.2  996.3  444.0  444.0   64.1  444.0
2019 213  8  1 1100  -45.9  996.0  444.0  444.0   61.9  444.0
2019 213  8  1 1200  -43.8  995.7  444.0  444.0   64.6  444.0
2019 213  8  1 1300  -41.2  995.2  444.0  444.0   67.2  444.0
2019 213  8  1 1400  -40.1  994.7  444.0  444.0   68.5  444.0
2019 213  8  1 1500  -41.0  994.5  444.0  444.0   67.6  444.0
2019 213  8  1 1600  -42.1  994.4  444.0  444.0   67.2  444.0
2019 213  8  1 1700  -44.5  994.3  444.0  444.0   63.7  444.0
2019 213  8  1 1800  -45.9  994.1  444.0  444.0   61.9  444.0
2019 213  8  1 1900  -47.0  994.1  444.0  444.0   60.6  444.0
2019 213  8  1 2000  -46.2  994.1  444.0  444.0   61.5  444.0
2019 213  8  1 2100  -45.8  994.3  444.0  444.0   61.9  444.0
2019 213  8  1 2200  -47.6  994.3  444.0  444.0   59.3  444.0
2019 213  8  1 2300  -47.0  994.5  444.0  444.0   60.6  444.0
2019 214  8  2 0000  -44.8  994.9  444.0  444.0   63.2  444.0
2019 214  8  2 0100  -45.2  995.1  444.0  444.0   62.4  444.0
2019 214  8  2 0200  -42.9  995.5  444.0  444.0   65.4  444.0
2019 214  8  2 0300  -43.2  996.2  444.0  444.0   64.1  444.0
2019 214  8  2 0400  -42.9  996.8  444.0  444.0   65.0  444.0
2019 214  8  2 0500  -42.2  997.0  444.0  444.0   65.9  444.0
2019 214  8  2 0600  -42.5  997.4  444.0  444.0   65.4  444.0
2019 214  8  2 0700  -43.2  997.3  444.0  444.0   65.0  444.0
2019 214  8  2 0800  -44.2  997.6  444.0  444.0   63.7  444.0
2019 214  8  2 0900  -43.9  998.1  444.0  444.0   64.1  444.0
2019 214  8  2 1000  -42.4  998.1  444.0  444.0   65.4  444.0
2019 214  8  2 1100  -42.2  998.2  444.0  444.0   65.9  444.0
2019 214  8  2 1200  -41.0  998.8  444.0  444.0   66.8  444.0
2019 214  8  2 1300  -42.5  998.6  444.0  444.0   65.0  444.0
2019 214  8  2 1400  -41.9  999.2  444.0  444.0   66.3  444.0
2019 214  8  2 1500  -42.2  999.3  444.0  444.0   65.9  444.0
2019 214  8  2 1600  -41.2  999.4  444.0  444.0   67.2  444.0
2019 214  8  2 1700  -40.1  999.8  444.0  444.0   68.5  444.0
2019 214  8  2 1800  -41.1  999.8  444.0  444.0   66.8  444.0
2019 214  8  2 1900  -42.4  999.4  444.0  444.0   65.4  444.0
2019 214  8  2 2000  -41.9  999.7  444.0  444.0   66.3  444.0
2019 214  8  2 2100  -41.8  999.8  444.0  444.0   66.3  444.0
2019 214  8  2 2200  -44.2  999.8  444.0  444.0   64.6  444.0
2019 214  8  2 2300  -43.9  999.8  444.0  444.0   64.1  444.0
2019 215  8  3 0000  -42.6  999.7  444.0  444.0   65.0  444.0
2019 215  8  3 0100  -43.2  999.6  444.0  444.0   64.6  444.0
2019 215  8  3 0200  -43.6  999.2  444.0  444.0   64.6  444.0
2019 215  8  3 0300  -43.2  999.1  444.0  444.0   64.6  444.0
2019 215  8  3 0400  -43.6  999.0  444.0  444.0   64.1  444.0
2019 215  8  3 0500  -43.6  998.6  444.0  444.0   64.1  444.0
2019 215  8  3 0600  -44.2  998.4  444.0  444.0   63.2  444.0
2019 215  8  3 0700  -45.4  998.4  444.0  444.0   62.4  444.0
2019 215  8  3 0800  -44.6  997.8  444.0  444.0   62.8  444.0
2019 215  8  3 0900  -44.8  997.6  444.0  444.0   62.8  444.0
2019 215  8  3 1000  -43.5  997.2  444.0  444.0   64.6  444.0
2019 215  8  3 1100  -35.2  997.2  444.0  444.0   76.0  444.0
2019 215  8  3 1200  -33.4  997.3  444.0  444.0   77.3  444.0
2019 215  8  3 1300  -32.9  997.2  444.0  444.0   77.3  444.0
2019 215  8  3 1400  -32.4  997.4  444.0  444.0   78.2  444.0
2019 215  8  3 1500  -32.0  997.5  444.0  444.0   79.1  444.0
2019 215  8  3 1600  -31.8  997.7  444.0  444.0   79.5  444.0
2019 215  8  3 1700  -32.0  998.1  444.0  444.0   79.5  444.0
2019 215  8  3 1800  -32.2  998.3  444.0  444.0   79.1  444.0
2019 215  8  3 1900  -32.1  999.2  444.0  444.0   78.6  444.0
2019 215  8  3 2000  -35.9 1000.1  444.0  444.0   73.4  444.0
2019 215  8  3 2100  -36.0 1000.9  444.0  444.0   74.7  444.0
2019 215  8  3 2200  -37.0 1001.4  444.0  444.0   72.5  444.0
2019 215  8  3 2300  -36.9 1001.8  444.0  444.0   74.2  444.0
2019 216  8  4 0000  -36.6 1002.5  444.0  444.0   73.4  444.0
2019 216  8  4 0100  -37.0 1002.9  444.0  444.0   72.9  444.0
2019 216  8  4 0200  -35.6 1003.8  444.0  444.0   74.7  444.0
2019 216  8  4 0300  -34.5 1004.4  444.0  444.0   76.0  444.0
2019 216  8  4 0400  -33.4 1004.9  444.0  444.0   77.3  444.0
2019 216  8  4 0500  -32.9 1005.5  444.0  444.0   77.3  444.0
2019 216  8  4 0600  -33.8 1005.9  444.0  444.0   76.9  444.0
2019 216  8  4 0700  -33.4 1007.1  444.0  444.0   76.9  444.0
2019 216  8  4 0800  -33.5 1007.6  444.0  444.0   76.9  444.0
2019 216  8  4 0900  -37.1 1008.6  444.0  444.0   72.9  444.0
2019 216  8  4 1000  -38.9 1009.0  444.0  444.0   71.2  444.0
2019 216  8  4 1100  -38.8 1009.7  444.0  444.0   71.2  444.0
2019 216  8  4 1200  -35.9 1010.2  444.0  444.0   74.2  444.0
2019 216  8  4 1300  -34.5 1010.5  444.0  444.0   76.0  444.0
2019 216  8  4 1400  -34.6 1010.7  444.0  444.0   75.6  444.0
2019 216  8  4 1500  -35.4 1011.2  444.0  444.0   74.7  444.0
2019 216  8  4 1600  -35.8 1012.0  444.0  444.0   74.2  444.0
2019 216  8  4 1700  -34.5 1012.0  444.0  444.0   75.6  444.0
2019 216  8  4 1800  -34.5 1012.4  444.0  444.0   75.6  444.0
2019 216  8  4 1900  -35.1 1013.2  444.0  444.0   75.1  444.0
2019 216  8  4 2000  -35.8 1013.1  444.0  444.0   74.7  444.0
2019 216  8  4 2100  -36.2 1013.1  444.0  444.0   73.8  444.0
2019 216  8  4 2200  -36.5 1013.9  444.0  444.0   73.4  444.0
2019 216  8  4 2300  -37.0 1014.4  444.0  444.0   72.9  444.0
2019 217  8  5 0000  -37.4 1014.0  444.0  444.0   72.5  444.0
2019 217  8  5 0100  -37.4 1013.7  444.0  444.0   72.5  444.0
2019 217  8  5 0200  -37.6 1014.5  444.0  444.0   72.0  444.0
2019 217  8  5 0300  -37.4 1014.8  444.0  444.0   72.5  444.0
2019 217  8  5 0400  -37.5 1014.7  444.0  444.0   72.9  444.0
2019 217  8  5 0500  -37.6 1013.9  444.0  444.0   72.0  444.0
2019 217  8  5 0600  -38.1 1015.6  444.0  444.0   71.6  444.0
2019 217  8  5 0700  -38.4 1016.4  444.0  444.0   71.2  444.0
2019 217  8  5 0800  -38.2 1016.8  444.0  444.0   71.6  444.0
2019 217  8  5 0900  -38.1 1016.5  444.0  444.0   71.2  444.0
2019 217  8  5 1000  -37.5 1017.2  444.0  444.0   72.5  444.0
2019 217  8  5 1100  -37.0 1017.1  444.0  444.0   72.5  444.0
2019 217  8  5 1200  -36.8 1016.8  444.0  444.0   72.9  444.0
2019 217  8  5 1300  -36.9 1016.9  444.0  444.0   72.5  444.0
2019 217  8  5 1400  -36.2 1016.5  444.0  444.0   73.8  444.0
2019 217  8  5 1500  -36.0 1016.2  444.0  444.0   73.4  444.0
2019 217  8  5 1600  -36.8 1016.1  444.0  444.0   72.9  444.0
2019 217  8  5 1700  -36.1 1016.0  444.0  444.0   73.4  444.0
2019 217  8  5 1800  -35.9 1016.1  444.0  444.0   72.9  444.0
2019 217  8  5 1900  -35.6 1016.0  444.0  444.0   73.4  444.0
2019 217  8  5 2000  -35.6 1015.7  444.0  444.0   73.8  444.0
2019 217  8  5 2100  -35.2 1015.7  444.0  444.0   73.8  444.0
2019 217  8  5 2200  -35.0 1015.7  444.0  444.0   73.4  444.0
2019 217  8  5 2300  -34.5 1015.5  444.0  444.0   72.0  444.0
2019 218  8  6 0000  -33.9 1014.8  444.0  444.0   71.2  444.0
2019 218  8  6 0100  -34.0 1014.0  444.0  444.0   70.7  444.0
2019 218  8  6 0200  -34.2 1013.8  444.0  444.0   69.0  444.0
2019 218  8  6 0300  -35.6 1013.2  444.0  444.0   66.8  444.0
2019 218  8  6 0400  -36.2 1012.5  444.0  444.0   66.8  444.0
2019 218  8  6 0500  -36.8 1011.8  444.0  444.0   65.4  444.0
2019 218  8  6 0600  -38.6 1011.3  444.0  444.0   67.2  444.0
2019 218  8  6 0700  -39.1 1010.5  444.0  444.0   66.3  444.0
2019 218  8  6 0800  -35.1 1009.3  444.0  444.0   67.6  444.0
2019 218  8  6 0900  -31.8 1008.2  444.0  444.0   69.8  444.0
2019 218  8  6 1000  -30.5 1007.2  444.0  444.0   79.5  444.0
2019 218  8  6 1100  -29.2 1005.6  444.0  444.0   84.4  444.0
2019 218  8  6 1200  -30.0 1004.0  444.0  444.0   82.6  444.0
2019 218  8  6 1300  -29.2 1002.3  444.0  444.0   82.2  444.0
2019 218  8  6 1400  -28.4 1000.8  444.0  444.0   83.9  444.0
2019 218  8  6 1500  -28.4  999.5  444.0  444.0   83.9  444.0
2019 218  8  6 1600  -27.9  998.2  444.0  444.0   83.5  444.0
2019 218  8  6 1700  -28.2  997.8  444.0  444.0   83.0  444.0
2019 218  8  6 1800  -33.5  999.3  444.0  444.0   78.2  444.0
2019 218  8  6 1900  -33.0  999.6  444.0  444.0   77.8  444.0
2019 218  8  6 2000  -36.5  999.3  444.0  444.0   73.8  444.0
2019 218  8  6 2100  -35.6  999.3  444.0  444.0   75.1  444.0
2019 218  8  6 2200  -34.6  999.9  444.0  444.0   76.0  444.0
2019 218  8  6 2300  -36.9 1000.1  444.0  444.0   73.4  444.0
2019 219  8  7 0000  -38.2 1000.2  444.0  444.0   71.6  444.0
2019 219  8  7 0100  -37.4 1000.7  444.0  444.0   72.0  444.0
2019 219  8  7 0200  -36.8 1000.1  444.0  444.0   72.5  444.0
2019 219  8  7 0300  -36.9  999.7  444.0  444.0   72.9  444.0
2019 219  8  7 0400  -36.1  999.5  444.0  444.0   71.6  444.0
2019 219  8  7 0500  -39.9  999.8  444.0  444.0   69.0  444.0
2019 219  8  7 0600  -40.5  999.5  444.0  444.0   68.5  444.0
2019 219  8  7 0700  -39.5  999.4  444.0  444.0   70.7  444.0
2019 219  8  7 0800  -40.4  999.7  444.0  444.0   69.0  444.0
2019 219  8  7 0900  -39.2  999.9  444.0  444.0   69.8  444.0
2019 219  8  7 1000  -40.5  999.9  444.0  444.0   68.1  444.0
2019 219  8  7 1100  -40.2  999.8  444.0  444.0   69.0  444.0
2019 219  8  7 1200  -40.9 1000.3  444.0  444.0   68.1  444.0
2019 219  8  7 1300  -42.8 1000.2  444.0  444.0   65.4  444.0
2019 219  8  7 1400  -43.4 1000.5  444.0  444.0   65.0  444.0
2019 219  8  7 1500  -44.2 1000.0  444.0  444.0   64.1  444.0
2019 219  8  7 1600  -45.8 1000.0  444.0  444.0   62.4  444.0
2019 219  8  7 1700  -46.5 1000.0  444.0  444.0   61.0  444.0
2019 219  8  7 1800  -47.1  999.7  444.0  444.0   60.2  444.0
2019 219  8  7 1900  -47.5  999.4  444.0  444.0   59.7  444.0
2019 219  8  7 2000  -48.4  998.8  444.0  444.0   59.3  444.0
2019 219  8  7 2100  -48.4  998.5  444.0  444.0   58.8  444.0
2019 219  8  7 2200  -48.4  998.4  444.0  444.0   58.4  444.0
2019 219  8  7 2300  -48.8  998.0  444.0  444.0   58.4  444.0
2019 220  8  8 0000  -48.9  997.5  444.0  444.0   58.0  444.0
2019 220  8  8 0100  -47.4  997.0  444.0  444.0   59.3  444.0
2019 220  8  8 0200  -48.1  997.2  444.0  444.0   58.8  444.0
2019 220  8  8 0300  -49.4  997.2  444.0  444.0   57.5  444.0
2019 220  8  8 0400  -49.6  997.4  444.0  444.0   57.1  444.0
2019 220  8  8 0500  -48.4  997.2  444.0  444.0   58.0  444.0
2019 220  8  8 0600  -48.9  997.6  444.0  444.0   58.0  444.0
2019 220  8  8 0700  -47.8  998.6  444.0  444.0   59.7  444.0
2019 220  8  8 0800  -45.4  998.4  444.0  444.0   61.5  444.0
2019 220  8  8 0900  -47.1  998.3  444.0  444.0   59.3  444.0
2019 220  8  8 1000  -49.0  999.0  444.0  444.0   57.5  444.0
2019 220  8  8 1100  -50.2  999.2  444.0  444.0   56.2  444.0
2019 220  8  8 1200  -51.1 1001.3  444.0  444.0   55.3  444.0
2019 220  8  8 1300  -50.8 1001.9  444.0  444.0   55.3  444.0
2019 220  8  8 1400  -51.8 1002.6  444.0  444.0   54.4  444.0
2019 220  8  8 1500  -51.2 1002.3  444.0  444.0   54.9  444.0
2019 220  8  8 1600  -50.8 1001.9  444.0  444.0   55.3  444.0
2019 220  8  8 1700  -52.0 1002.1  444.0  444.0   54.0  444.0
2019 220  8  8 1800  -51.6 1002.4  444.0  444.0   54.4  444.0
2019 220  8  8 1900  -51.1 1002.2  444.0  444.0   54.4  444.0
2019 220  8  8 2000  -48.0 1001.8  444.0  444.0   58.8  444.0
2019 220  8  8 2100  -44.0 1001.4  444.0  444.0   65.9  444.0
2019 220  8  8 2200  -39.9 1001.0  444.0  444.0   69.4  444.0
2019 220  8  8 2300  -39.5 1000.5  444.0  444.0   67.6  444.0
2019 221  8  9 0000  -42.8 1000.3  444.0  444.0   64.6  444.0
2019 221  8  9 0100  -42.1  999.3  444.0  444.0   65.9  444.0
2019 221  8  9 0200  -40.9  998.9  444.0  444.0   67.2  444.0
2019 221  8  9 0300  -38.2  998.0  444.0  444.0   69.0  444.0
2019 221  8  9 0400  -35.6  998.0  444.0  444.0   73.8  444.0
2019 221  8  9 0500  -40.9  997.4  444.0  444.0   68.5  444.0
2019 221  8  9 0600  -39.4  996.9  444.0  444.0   70.3  444.0
2019 221  8  9 0700  -41.8  996.2  444.0  444.0   66.8  444.0
2019 221  8  9 0800  -37.1  995.5  444.0  444.0   72.0  444.0
2019 221  8  9 0900  -39.4  994.6  444.0  444.0   68.5  444.0
2019 221  8  9 1000  -37.5  993.7  444.0  444.0   71.6  444.0
2019 221  8  9 1100  -38.8  993.1  444.0  444.0   69.8  444.0
2019 221  8  9 1200  -36.1  992.1  444.0  444.0   74.7  444.0
2019 221  8  9 1300  -36.2  991.1  444.0  444.0   72.5  444.0
2019 221  8  9 1400  -33.9  990.2  444.0  444.0   75.6  444.0
2019 221  8  9 1500  -33.2  988.8  444.0  444.0   76.9  444.0
2019 221  8  9 1600  -35.4  987.8  444.0  444.0   73.4  444.0
2019 221  8  9 1700  -35.5  987.2  444.0  444.0   74.7  444.0
2019 221  8  9 1800  -39.2  986.1  444.0  444.0   69.8  444.0
2019 221  8  9 1900  -33.6  984.1  444.0  444.0   76.4  444.0
2019 221  8  9 2000  -35.4  983.1  444.0  444.0   74.7  444.0
2019 221  8  9 2100  -29.9  982.2  444.0  444.0   82.2  444.0
2019 221  8  9 2200  -29.8  981.3  444.0  444.0   80.8  444.0
2019 221  8  9 2300  -29.6  980.2  444.0  444.0   82.6  444.0
2019 222  8 10 0000  -27.2  978.8  444.0  444.0   85.7  444.0
2019 222  8 10 0100  -28.2  978.7  444.0  444.0   83.0  444.0
2019 222  8 10 0200  -28.0  977.4  444.0  444.0   82.6  444.0
2019 222  8 10 0300  -25.8  976.7  444.0  444.0   85.2  444.0
2019 222  8 10 0400  -25.8  975.6  444.0  444.0   80.4  444.0
2019 222  8 10 0500  -25.8  974.2  444.0  444.0   76.9  444.0
2019 222  8 10 0600  -28.2  973.3  444.0  444.0   78.6  444.0
2019 222  8 10 0700  -23.9  972.9  444.0  444.0   79.1  444.0
2019 222  8 10 0800  -24.0  971.8  444.0  444.0   83.5  444.0
2019 222  8 10 0900  -22.6  970.3  444.0  444.0   85.2  444.0
2019 222  8 10 1000  -23.9  969.5  444.0  444.0   80.4  444.0
2019 222  8 10 1100  -21.6  968.5  444.0  444.0   80.0  444.0
2019 222  8 10 1200  -18.9  967.9  444.0  444.0   80.0  444.0
2019 222  8 10 1300  -19.8  967.5  444.0  444.0   76.4  444.0
2019 222  8 10 1400  -20.6  966.8  444.0  444.0   76.0  444.0
2019 222  8 10 1500  -20.6  966.1  444.0  444.0   70.7  444.0
2019 222  8 10 1600  -17.9  964.7  444.0  444.0   65.4  444.0
2019 222  8 10 1700  -18.4  964.7  444.0  444.0   67.6  444.0
2019 222  8 10 1800  -18.9  964.6  444.0  444.0   76.0  444.0
2019 222  8 10 1900  -18.9  964.1  444.0  444.0   81.7  444.0
2019 222  8 10 2000  -18.8  964.5  444.0  444.0   80.0  444.0
2019 222  8 10 2100  -19.9  964.6  444.0  444.0   87.4  444.0
2019 222  8 10 2200  -19.6  964.4  444.0  444.0   84.8  444.0
2019 222  8 10 2300  -20.5  964.5  444.0  444.0   85.2  444.0
2019 223  8 11 0000  -19.2  964.3  444.0  444.0   84.8  444.0
2019 223  8 11 0100  -19.1  964.3  444.0  444.0   93.6  444.0
2019 223  8 11 0200  -19.0  964.7  444.0  444.0   93.6  444.0
2019 223  8 11 0300  -19.2  965.5  444.0  444.0   93.6  444.0
2019 223  8 11 0400  -19.1  965.8  444.0  444.0   94.0  444.0
2019 223  8 11 0500  -19.0  965.8  444.0  444.0   94.0  444.0
2019 223  8 11 0600  -17.2  966.7  444.0  444.0   95.8  444.0
2019 223  8 11 0700  -16.2  966.5  444.0  444.0   97.6  444.0
2019 223  8 11 0800  -15.6  967.0  444.0  444.0   97.6  444.0
2019 223  8 11 0900  -15.4  967.3  444.0  444.0   97.6  444.0
2019 223  8 11 1000  -15.0  966.6  444.0  444.0   98.0  444.0
2019 223  8 11 1100  -15.0  966.9  444.0  444.0   98.0  444.0
2019 223  8 11 1200  -15.0  967.0  444.0  444.0   98.4  444.0
2019 223  8 11 1300  -15.4  967.7  444.0  444.0   97.6  444.0
2019 223  8 11 1400  -15.4  968.0  444.0  444.0   98.0  444.0
2019 223  8 11 1500  -15.1  967.2  444.0  444.0   98.0  444.0
2019 223  8 11 1600  -14.9  966.4  444.0  444.0   98.0  444.0
2019 223  8 11 1700  -14.8  966.7  444.0  444.0   98.0  444.0
2019 223  8 11 1800  -15.1  968.2  444.0  444.0   98.0  444.0
2019 223  8 11 1900  -15.5  967.5  444.0  444.0   97.1  444.0
2019 223  8 11 2000  -16.0  968.0  444.0  444.0   97.6  444.0
2019 223  8 11 2100  -15.5  967.3  444.0  444.0   97.6  444.0
2019 223  8 11 2200  -15.1  967.9  444.0  444.0   98.4  444.0
2019 223  8 11 2300  -15.0  967.8  444.0  444.0   98.0  444.0
2019 224  8 12 0000  -14.8  968.6  444.0  444.0   98.9  444.0
2019 224  8 12 0100  -14.8  968.6  444.0  444.0   98.4  444.0
2019 224  8 12 0200  -14.2  969.8  444.0  444.0   98.9  444.0
2019 224  8 12 0300  -13.8  969.3  444.0  444.0   99.8  444.0
2019 224  8 12 0400  -13.9  969.7  444.0  444.0   99.3  444.0
2019 224  8 12 0500  -14.2  969.4  444.0  444.0   98.9  444.0
2019 224  8 12 0600  -14.8  969.6  444.0  444.0   98.9  444.0
2019 224  8 12 0700  -15.1  970.2  444.0  444.0   98.0  444.0
2019 224  8 12 0800  -15.6  970.2  444.0  444.0   97.6  444.0
2019 224  8 12 0900  -16.6  970.5  444.0  444.0   97.1  444.0
2019 224  8 12 1000  -17.8  970.6  444.0  444.0   95.8  444.0
2019 224  8 12 1100  -18.9  971.1  444.0  444.0   94.0  444.0
2019 224  8 12 1200  -20.6  971.1  444.0  444.0   93.2  444.0
2019 224  8 12 1300  -21.2  971.4  444.0  444.0   92.3  444.0
2019 224  8 12 1400  -20.9  971.8  444.0  444.0   91.0  444.0
2019 224  8 12 1500  -21.5  972.4  444.0  444.0   87.4  444.0
2019 224  8 12 1600  -24.2  973.2  444.0  444.0   87.4  444.0
2019 224  8 12 1700  -25.1  973.8  444.0  444.0   86.6  444.0
2019 224  8 12 1800  -25.6  974.2  444.0  444.0   85.2  444.0
2019 224  8 12 1900  -24.0  974.8  444.0  444.0   81.3  444.0
2019 224  8 12 2000  -26.8  975.6  444.0  444.0   81.3  444.0
2019 224  8 12 2100  -26.1  976.6  444.0  444.0   83.5  444.0
2019 224  8 12 2200  -25.0  977.8  444.0  444.0   83.5  444.0
2019 224  8 12 2300  -24.8  978.8  444.0  444.0   83.5  444.0
2019 225  8 13 0000  -24.2  979.2  444.0  444.0   81.7  444.0
2019 225  8 13 0100  -24.8  979.7  444.0  444.0   82.2  444.0
2019 225  8 13 0200  -25.1  979.8  444.0  444.0   83.5  444.0
2019 225  8 13 0300  -25.2  980.3  444.0  444.0   84.4  444.0
2019 225  8 13 0400  -25.5  980.9  444.0  444.0   83.5  444.0
2019 225  8 13 0500  -25.2  981.3  444.0  444.0   83.5  444.0
2019 225  8 13 0600  -23.9  981.8  444.0  444.0   87.4  444.0
2019 225  8 13 0700  -24.5  982.2  444.0  444.0   87.9  444.0
2019 225  8 13 0800  -24.0  982.7  444.0  444.0   87.9  444.0
2019 225  8 13 0900  -26.6  983.3  444.0  444.0   83.9  444.0
2019 225  8 13 1000  -26.6  983.3  444.0  444.0   82.6  444.0
2019 225  8 13 1100  -28.1  983.9  444.0  444.0   81.7  444.0
2019 225  8 13 1200  -28.6  984.3  444.0  444.0   80.8  444.0
2019 225  8 13 1300  -29.6  985.0  444.0  444.0   80.4  444.0
2019 225  8 13 1400  -28.8  985.6  444.0  444.0   77.3  444.0
2019 225  8 13 1500  -28.2  985.6  444.0  444.0   77.3  444.0
2019 225  8 13 1600  -30.6  986.2  444.0  444.0   78.6  444.0
2019 225  8 13 1700  -32.0  986.6  444.0  444.0   78.6  444.0
2019 225  8 13 1800  -32.0  987.2  444.0  444.0   78.6  444.0
2019 225  8 13 1900  -32.9  987.6  444.0  444.0   76.4  444.0
2019 225  8 13 2000  -33.2  988.2  444.0  444.0   77.3  444.0
2019 225  8 13 2100  -32.1  988.5  444.0  444.0   76.9  444.0
2019 225  8 13 2200  -30.5  988.2  444.0  444.0   80.8  444.0
2019 225  8 13 2300  -31.0  988.6  444.0  444.0   79.5  444.0
2019 226  8 14 0000  -31.6  988.8  444.0  444.0   78.6  444.0
2019 226  8 14 0100  -29.4  989.0  444.0  444.0   80.8  444.0
2019 226  8 14 0200  -29.6  989.2  444.0  444.0   81.3  444.0
2019 226  8 14 0300  -30.6  989.3  444.0  444.0   79.5  444.0
2019 226  8 14 0400  -31.0  989.5  444.0  444.0   77.3  444.0
2019 226  8 14 0500  -31.8  989.9  444.0  444.0   75.1  444.0
2019 226  8 14 0600  -30.4  989.6  444.0  444.0   78.2  444.0
2019 226  8 14 0700  -30.5  989.1  444.0  444.0   78.2  444.0
2019 226  8 14 0800  -29.0  989.2  444.0  444.0   81.3  444.0
2019 226  8 14 0900  -29.6  989.4  444.0  444.0   80.4  444.0
2019 226  8 14 1000  -29.2  988.9  444.0  444.0   80.4  444.0
2019 226  8 14 1100  -28.0  988.8  444.0  444.0   82.6  444.0
2019 226  8 14 1200  -27.6  988.4  444.0  444.0   82.2  444.0
2019 226  8 14 1300  -27.4  988.1  444.0  444.0   82.6  444.0
2019 226  8 14 1400  -26.8  987.5  444.0  444.0   82.2  444.0
2019 226  8 14 1500  -27.2  987.3  444.0  444.0   81.7  444.0
2019 226  8 14 1600  -27.6  987.3  444.0  444.0   80.8  444.0
2019 226  8 14 1700  -27.2  987.2  444.0  444.0   83.0  444.0
2019 226  8 14 1800  -26.8  986.8  444.0  444.0   81.7  444.0
2019 226  8 14 1900  -26.5  986.6  444.0  444.0   82.6  444.0
2019 226  8 14 2000  -26.9  986.4  444.0  444.0   83.5  444.0
2019 226  8 14 2100  -27.0  986.4  444.0  444.0   81.7  444.0
2019 226  8 14 2200  -27.4  986.1  444.0  444.0   81.3  444.0
2019 226  8 14 2300  -27.2  986.2  444.0  444.0   81.3  444.0
2019 227  8 15 0000  -26.4  986.1  444.0  444.0   80.8  444.0
2019 227  8 15 0100  -26.6  986.0  444.0  444.0   81.3  444.0
2019 227  8 15 0200  -27.4  985.8  444.0  444.0   80.4  444.0
2019 227  8 15 0300  -28.1  986.0  444.0  444.0   80.0  444.0
2019 227  8 15 0400  -27.6  986.3  444.0  444.0   81.7  444.0
2019 227  8 15 0500  -28.6  986.5  444.0  444.0   79.5  444.0
2019 227  8 15 0600  -28.4  986.7  444.0  444.0   79.5  444.0
2019 227  8 15 0700  -26.9  986.2  444.0  444.0   80.8  444.0
2019 227  8 15 0800  -26.8  986.6  444.0  444.0   80.8  444.0
2019 227  8 15 0900  -26.6  986.9  444.0  444.0   81.7  444.0
2019 227  8 15 1000  -27.4  987.0  444.0  444.0   80.8  444.0
2019 227  8 15 1100  -27.0  986.9  444.0  444.0   80.8  444.0
2019 227  8 15 1200  -28.2  987.1  444.0  444.0   80.8  444.0
2019 227  8 15 1300  -28.5  987.4  444.0  444.0   81.3  444.0
2019 227  8 15 1400  -28.0  987.3  444.0  444.0   81.3  444.0
2019 227  8 15 1500  -28.1  987.5  444.0  444.0   80.0  444.0
2019 227  8 15 1600  -27.6  987.6  444.0  444.0   81.3  444.0
2019 227  8 15 1700  -27.6  987.6  444.0  444.0   81.7  444.0
2019 227  8 15 1800  -27.6  987.7  444.0  444.0   81.3  444.0
2019 227  8 15 1900  -27.9  988.2  444.0  444.0   80.0  444.0
2019 227  8 15 2000  -28.1  988.1  444.0  444.0   80.4  444.0
2019 227  8 15 2100  -27.0  988.4  444.0  444.0   81.3  444.0
2019 227  8 15 2200  -26.5  988.2  444.0  444.0   80.4  444.0
2019 227  8 15 2300  -26.1  988.0  444.0  444.0   81.7  444.0
2019 228  8 16 0000  -26.0  988.1  444.0  444.0   83.0  444.0
2019 228  8 16 0100  -25.5  988.1  444.0  444.0   82.6  444.0
2019 228  8 16 0200  -25.1  988.1  444.0  444.0   83.9  444.0
2019 228  8 16 0300  -24.9  988.0  444.0  444.0   84.4  444.0
2019 228  8 16 0400  -24.5  987.9  444.0  444.0   85.7  444.0
2019 228  8 16 0500  -24.6  987.7  444.0  444.0   84.8  444.0
2019 228  8 16 0600  -24.8  987.6  444.0  444.0   83.5  444.0
2019 228  8 16 0700  -25.0  987.1  444.0  444.0   84.8  444.0
2019 228  8 16 0800  -24.0  986.6  444.0  444.0   83.9  444.0
2019 228  8 16 0900  -23.6  986.5  444.0  444.0   84.8  444.0
2019 228  8 16 1000  -23.5  986.4  444.0  444.0   87.0  444.0
2019 228  8 16 1100  -23.2  985.7  444.0  444.0   87.4  444.0
2019 228  8 16 1200  -23.1  985.1  444.0  444.0   87.4  444.0
2019 228  8 16 1300  -22.1  984.4  444.0  444.0   88.8  444.0
2019 228  8 16 1400  -21.9  983.9  444.0  444.0   88.8  444.0
2019 228  8 16 1500  -21.9  983.4  444.0  444.0   89.2  444.0
2019 228  8 16 1600  -21.9  983.3  444.0  444.0   90.5  444.0
2019 228  8 16 1700  -21.0  982.3  444.0  444.0   91.8  444.0
2019 228  8 16 1800  -20.8  981.8  444.0  444.0   91.8  444.0
2019 228  8 16 1900  -20.8  981.0  444.0  444.0   92.3  444.0
2019 228  8 16 2000  -20.2  980.6  444.0  444.0   92.7  444.0
2019 228  8 16 2100  -20.4  980.3  444.0  444.0   91.8  444.0
2019 228  8 16 2200  -20.1  979.7  444.0  444.0   92.3  444.0
2019 228  8 16 2300  -20.2  979.3  444.0  444.0   92.7  444.0
2019 229  8 17 0000  -20.4  978.6  444.0  444.0   91.0  444.0
2019 229  8 17 0100  -20.8  978.2  444.0  444.0   91.0  444.0
2019 229  8 17 0200  -21.2  977.6  444.0  444.0   88.8  444.0
2019 229  8 17 0300  -21.5  976.9  444.0  444.0   83.9  444.0
2019 229  8 17 0400  -22.5  976.0  444.0  444.0   81.7  444.0
2019 229  8 17 0500  -22.8  975.2  444.0  444.0   81.7  444.0
2019 229  8 17 0600  -24.0  974.4  444.0  444.0   82.2  444.0
2019 229  8 17 0700  -24.9  973.6  444.0  444.0   82.2  444.0
2019 229  8 17 0800  -26.4  972.6  444.0  444.0   81.7  444.0
2019 229  8 17 0900  -27.0  971.7  444.0  444.0   82.2  444.0
2019 229  8 17 1000  -28.1  971.1  444.0  444.0   80.8  444.0
2019 229  8 17 1100  -28.1  970.4  444.0  444.0   79.5  444.0
2019 229  8 17 1200  -27.4  969.9  444.0  444.0   80.8  444.0
2019 229  8 17 1300  -27.2  969.2  444.0  444.0   82.6  444.0
2019 229  8 17 1400  -29.4  968.4  444.0  444.0   81.3  444.0
2019 229  8 17 1500  -30.6  967.9  444.0  444.0   80.8  444.0
2019 229  8 17 1600  -30.5  967.7  444.0  444.0   80.8  444.0
2019 229  8 17 1700  -31.4  967.4  444.0  444.0   80.0  444.0
2019 229  8 17 1800  -31.4  967.0  444.0  444.0   80.4  444.0
2019 229  8 17 1900  -30.6  966.9  444.0  444.0   80.8  444.0
2019 229  8 17 2000  -30.2  966.4  444.0  444.0   81.7  444.0
2019 229  8 17 2100  -29.2  966.3  444.0  444.0   82.2  444.0
2019 229  8 17 2200  -29.6  966.4  444.0  444.0   81.7  444.0
2019 229  8 17 2300  -28.8  966.3  444.0  444.0   83.5  444.0
2019 230  8 18 0000  -28.6  965.8  444.0  444.0   79.1  444.0
2019 230  8 18 0100  -29.1  965.7  444.0  444.0   83.5  444.0
2019 230  8 18 0200  -30.9  965.7  444.0  444.0   76.4  444.0
2019 230  8 18 0300  -29.9  965.7  444.0  444.0   81.3  444.0
2019 230  8 18 0400  -32.1  966.1  444.0  444.0   79.1  444.0
2019 230  8 18 0500  -32.9  966.2  444.0  444.0   78.2  444.0
2019 230  8 18 0600  -32.9  966.7  444.0  444.0   78.2  444.0
2019 230  8 18 0700  -30.2  967.0  444.0  444.0   82.6  444.0
2019 230  8 18 0800  -27.5  967.1  444.0  444.0   84.8  444.0
2019 230  8 18 0900  -28.8  967.7  444.0  444.0   83.0  444.0
2019 230  8 18 1000  -30.2  968.3  444.0  444.0   81.7  444.0
2019 230  8 18 1100  -30.2  968.5  444.0  444.0   81.3  444.0
2019 230  8 18 1200  -30.2  968.2  444.0  444.0   81.7  444.0
2019 230  8 18 1300  -28.9  968.1  444.0  444.0   83.0  444.0
2019 230  8 18 1400  -25.9  968.2  444.0  444.0   87.0  444.0
2019 230  8 18 1500  -21.4  968.1  444.0  444.0   91.4  444.0
2019 230  8 18 1600  -18.8  967.8  444.0  444.0   94.5  444.0
2019 230  8 18 1700  -18.2  967.7  444.0  444.0   95.4  444.0
2019 230  8 18 1800  -17.6  967.3  444.0  444.0   96.2  444.0
2019 230  8 18 1900  -19.5  967.5  444.0  444.0   94.0  444.0
2019 230  8 18 2000  -16.6  966.4  444.0  444.0   97.1  444.0
2019 230  8 18 2100  -20.8  966.9  444.0  444.0   93.6  444.0
2019 230  8 18 2200  -20.2  967.3  444.0  444.0   93.2  444.0
2019 230  8 18 2300  -21.5  967.2  444.0  444.0   91.4  444.0
2019 231  8 19 0000  -21.5  967.8  444.0  444.0   92.3  444.0
2019 231  8 19 0100  -19.9  968.0  444.0  444.0   93.6  444.0
2019 231  8 19 0200  -19.1  968.0  444.0  444.0   94.0  444.0
2019 231  8 19 0300  -19.2  968.4  444.0  444.0   94.0  444.0
2019 231  8 19 0400  -20.6  969.1  444.0  444.0   92.7  444.0
2019 231  8 19 0500  -21.5  969.4  444.0  444.0   91.4  444.0
2019 231  8 19 0600  -22.0  970.1  444.0  444.0   91.0  444.0
2019 231  8 19 0700  -21.1  969.9  444.0  444.0   92.3  444.0
2019 231  8 19 0800  -19.9  969.2  444.0  444.0   93.2  444.0
2019 231  8 19 0900  -19.5  968.7  444.0  444.0   94.5  444.0
2019 231  8 19 1000  -19.0  968.7  444.0  444.0   94.9  444.0
2019 231  8 19 1100  -18.5  968.7  444.0  444.0   94.0  444.0
2019 231  8 19 1200  -19.0  968.1  444.0  444.0   93.6  444.0
2019 231  8 19 1300  -18.9  967.5  444.0  444.0   94.5  444.0
2019 231  8 19 1400  -17.8  967.8  444.0  444.0   94.5  444.0
2019 231  8 19 1500  -17.5  967.4  444.0  444.0   94.5  444.0
2019 231  8 19 1600  -17.9  967.4  444.0  444.0   94.5  444.0
2019 231  8 19 1700  -17.5  967.4  444.0  444.0   92.3  444.0
2019 231  8 19 1800  -17.8  967.3  444.0  444.0   94.9  444.0
2019 231  8 19 1900  -16.9  966.7  444.0  444.0   96.7  444.0
2019 231  8 19 2000  -16.9  966.8  444.0  444.0   96.7  444.0
2019 231  8 19 2100  -15.6  966.6  444.0  444.0   98.0  444.0
2019 231  8 19 2200  -16.0  966.9  444.0  444.0   96.7  444.0
2019 231  8 19 2300  -15.9  966.7  444.0  444.0   97.1  444.0
2019 232  8 20 0000  -15.5  967.0  444.0  444.0   98.0  444.0
2019 232  8 20 0100  -15.1  967.6  444.0  444.0   98.0  444.0
2019 232  8 20 0200  -14.8  967.5  444.0  444.0   98.4  444.0
2019 232  8 20 0300  -14.4  967.8  444.0  444.0   99.3  444.0
2019 232  8 20 0400  -14.4  968.4  444.0  444.0   99.3  444.0
2019 232  8 20 0500  -14.2  968.6  444.0  444.0   99.8  444.0
2019 232  8 20 0600  -14.0  968.9  444.0  444.0   99.3  444.0
2019 232  8 20 0700  -13.9  969.4  444.0  444.0   99.3  444.0
2019 232  8 20 0800  -14.2  969.6  444.0  444.0   99.3  444.0
2019 232  8 20 0900  -14.2  969.4  444.0  444.0   98.9  444.0
2019 232  8 20 1000  -14.4  969.5  444.0  444.0   98.9  444.0
2019 232  8 20 1100  -15.5  970.3  444.0  444.0   97.1  444.0
2019 232  8 20 1200  -16.0  970.8  444.0  444.0   97.1  444.0
2019 232  8 20 1300  -16.4  971.1  444.0  444.0   97.1  444.0
2019 232  8 20 1400  -16.2  970.8  444.0  444.0   95.4  444.0
2019 232  8 20 1500  -16.1  971.4  444.0  444.0   94.5  444.0
2019 232  8 20 1600  -15.5  972.0  444.0  444.0   96.2  444.0
2019 232  8 20 1700  -16.2  972.2  444.0  444.0   95.8  444.0
2019 232  8 20 1800  -17.2  972.5  444.0  444.0   95.8  444.0
2019 232  8 20 1900  -18.0  973.0  444.0  444.0   94.9  444.0
2019 232  8 20 2000  -18.2  973.4  444.0  444.0   94.9  444.0
2019 232  8 20 2100  -18.1  973.7  444.0  444.0   94.5  444.0
2019 232  8 20 2200  -18.1  974.3  444.0  444.0   94.5  444.0
2019 232  8 20 2300  -18.2  975.0  444.0  444.0   94.5  444.0
2019 233  8 21 0000  -18.5  975.6  444.0  444.0   94.0  444.0
2019 233  8 21 0100  -18.8  976.6  444.0  444.0   94.0  444.0
2019 233  8 21 0200  -18.6  977.7  444.0  444.0   94.0  444.0
2019 233  8 21 0300  -18.5  978.1  444.0  444.0   94.5  444.0
2019 233  8 21 0400  -18.0  978.3  444.0  444.0   95.4  444.0
2019 233  8 21 0500  -16.9  978.3  444.0  444.0   96.7  444.0
2019 233  8 21 0600  -17.1  978.4  444.0  444.0   96.2  444.0
2019 233  8 21 0700  -16.6  978.9  444.0  444.0   96.2  444.0
2019 233  8 21 0800  -18.4  979.3  444.0  444.0   94.0  444.0
2019 233  8 21 0900  -20.0  979.4  444.0  444.0   94.0  444.0
2019 233  8 21 1000  -20.1  980.0  444.0  444.0   93.6  444.0
2019 233  8 21 1100  -18.4  979.8  444.0  444.0   94.0  444.0
2019 233  8 21 1200  -17.9  979.7  444.0  444.0   93.6  444.0
2019 233  8 21 1300  -17.4  979.5  444.0  444.0   93.6  444.0
2019 233  8 21 1400  -18.8  979.4  444.0  444.0   90.5  444.0
2019 233  8 21 1500  -19.1  979.4  444.0  444.0   91.0  444.0
2019 233  8 21 1600  -18.8  979.4  444.0  444.0   92.3  444.0
2019 233  8 21 1700  -19.5  979.5  444.0  444.0   91.8  444.0
2019 233  8 21 1800  -20.0  979.7  444.0  444.0   91.8  444.0
2019 233  8 21 1900  -19.2  979.5  444.0  444.0   91.4  444.0
2019 233  8 21 2000  -19.1  980.6  444.0  444.0   93.2  444.0
2019 233  8 21 2100  -19.0  980.3  444.0  444.0   91.8  444.0
2019 233  8 21 2200  -20.2  980.2  444.0  444.0   91.0  444.0
2019 233  8 21 2300  -18.5  979.7  444.0  444.0   94.5  444.0
2019 234  8 22 0000  -17.4  979.6  444.0  444.0   92.3  444.0
2019 234  8 22 0100  -17.9  979.1  444.0  444.0   94.0  444.0
2019 234  8 22 0200  -16.6  978.6  444.0  444.0   94.0  444.0
2019 234  8 22 0300  -16.6  978.9  444.0  444.0   95.4  444.0
2019 234  8 22 0400  -16.6  978.6  444.0  444.0   94.9  444.0
2019 234  8 22 0500  -17.2  978.2  444.0  444.0   95.8  444.0
2019 234  8 22 0600  -17.8  977.5  444.0  444.0   93.6  444.0
2019 234  8 22 0700  -17.8  976.7  444.0  444.0   94.9  444.0
2019 234  8 22 0800  -19.0  976.1  444.0  444.0   96.2  444.0
2019 234  8 22 0900  -19.6  975.6  444.0  444.0   94.0  444.0
2019 234  8 22 1000  -18.6  974.9  444.0  444.0   96.2  444.0
2019 234  8 22 1100  -18.4  974.5  444.0  444.0   94.9  444.0
2019 234  8 22 1200  -18.9  974.1  444.0  444.0   94.5  444.0
2019 234  8 22 1300  -18.9  973.5  444.0  444.0   94.5  444.0
2019 234  8 22 1400  -19.8  973.4  444.0  444.0   96.2  444.0
2019 234  8 22 1500  -21.9  973.3  444.0  444.0   91.0  444.0
2019 234  8 22 1600  -27.0  973.2  444.0  444.0   85.7  444.0
2019 234  8 22 1700  -26.1  973.2  444.0  444.0   87.0  444.0
2019 234  8 22 1800  -26.0  973.7  444.0  444.0   85.2  444.0
2019 234  8 22 1900  -28.0  973.2  444.0  444.0   84.4  444.0
2019 234  8 22 2000  -24.9  973.0  444.0  444.0   88.8  444.0
2019 234  8 22 2100  -22.1  972.8  444.0  444.0   92.3  444.0
2019 234  8 22 2200  -22.2  973.0  444.0  444.0   91.0  444.0
2019 234  8 22 2300  -23.5  973.0  444.0  444.0   90.1  444.0
2019 235  8 23 0000  -22.6  972.7  444.0  444.0   91.8  444.0
2019 235  8 23 0100  -24.4  973.0  444.0  444.0   88.8  444.0
2019 235  8 23 0200  -23.9  972.8  444.0  444.0   90.5  444.0
2019 235  8 23 0300  -22.0  972.2  444.0  444.0   90.1  444.0
2019 235  8 23 0400  -21.6  971.7  444.0  444.0   91.0  444.0
2019 235  8 23 0500  -22.1  971.3  444.0  444.0   91.4  444.0
2019 235  8 23 0600  -22.5  971.0  444.0  444.0   91.0  444.0
2019 235  8 23 0700  -23.6  970.9  444.0  444.0   89.2  444.0
2019 235  8 23 0800  -22.9  970.8  444.0  444.0   90.5  444.0
2019 235  8 23 0900  -20.4  970.8  444.0  444.0   93.6  444.0
2019 235  8 23 1000  -19.9  971.1  444.0  444.0   92.7  444.0
2019 235  8 23 1100  -19.5  971.4  444.0  444.0   94.5  444.0
2019 235  8 23 1200  -19.0  971.7  444.0  444.0   94.9  444.0
2019 235  8 23 1300  -19.1  972.4  444.0  444.0   94.0  444.0
2019 235  8 23 1400  -18.9  972.8  444.0  444.0   94.5  444.0
2019 235  8 23 1500  -18.6  973.5  444.0  444.0   94.9  444.0
2019 235  8 23 1600  -19.1  974.2  444.0  444.0   94.5  444.0
2019 235  8 23 1700  -20.1  975.0  444.0  444.0   91.8  444.0
2019 235  8 23 1800  -23.4  975.9  444.0  444.0   89.2  444.0
2019 235  8 23 1900  -27.0  976.6  444.0  444.0   86.1  444.0
2019 235  8 23 2000  -27.1  978.2  444.0  444.0   85.2  444.0
2019 235  8 23 2100  -27.6  979.2  444.0  444.0   84.4  444.0
2019 235  8 23 2200  -26.4  980.6  444.0  444.0   85.7  444.0
2019 235  8 23 2300  -31.1  981.6  444.0  444.0   81.3  444.0
2019 236  8 24 0000  -30.9  981.9  444.0  444.0   80.8  444.0
2019 236  8 24 0100  -30.2  982.9  444.0  444.0   81.7  444.0
2019 236  8 24 0200  -30.5  983.7  444.0  444.0   81.3  444.0
2019 236  8 24 0300  -29.8  984.1  444.0  444.0   82.2  444.0
2019 236  8 24 0400  -30.4  984.6  444.0  444.0   81.3  444.0
2019 236  8 24 0500  -29.4  984.5  444.0  444.0   82.2  444.0
2019 236  8 24 0600  -30.5  984.4  444.0  444.0   81.3  444.0
2019 236  8 24 0700  -28.9  984.2  444.0  444.0   83.9  444.0
2019 236  8 24 0800  -27.1  984.3  444.0  444.0   85.2  444.0
2019 236  8 24 0900  -27.6  984.8  444.0  444.0   83.9  444.0
2019 236  8 24 1000  -28.6  984.2  444.0  444.0   83.5  444.0
2019 236  8 24 1100  -26.8  984.0  444.0  444.0   85.7  444.0
2019 236  8 24 1200  -27.4  983.1  444.0  444.0   84.8  444.0
2019 236  8 24 1300  -26.4  983.3  444.0  444.0   85.7  444.0
2019 236  8 24 1400  -26.6  982.9  444.0  444.0   85.7  444.0
2019 236  8 24 1500  -28.1  983.0  444.0  444.0   83.5  444.0
2019 236  8 24 1600  -27.6  982.1  444.0  444.0   84.8  444.0
2019 236  8 24 1700  -27.9  981.8  444.0  444.0   83.9  444.0
2019 236  8 24 1800  -28.5  981.4  444.0  444.0   83.5  444.0
2019 236  8 24 1900  -31.4  981.3  444.0  444.0   80.8  444.0
2019 236  8 24 2000  -30.9  981.5  444.0  444.0   80.8  444.0
2019 236  8 24 2100  -30.6  981.0  444.0  444.0   81.3  444.0
2019 236  8 24 2200  -30.8  981.0  444.0  444.0   81.3  444.0
2019 236  8 24 2300  -31.1  981.1  444.0  444.0   80.4  444.0
2019 237  8 25 0000  -32.1  981.1  444.0  444.0   79.1  444.0
2019 237  8 25 0100  -31.5  980.9  444.0  444.0   80.4  444.0
2019 237  8 25 0200  -30.8  980.2  444.0  444.0   81.3  444.0
2019 237  8 25 0300  -30.4  979.5  444.0  444.0   81.7  444.0
2019 237  8 25 0400  -31.0  979.4  444.0  444.0   80.8  444.0
2019 237  8 25 0500  -29.0  979.0  444.0  444.0   83.0  444.0
2019 237  8 25 0600  -28.2  978.3  444.0  444.0   83.0  444.0
2019 237  8 25 0700  -29.6  978.2  444.0  444.0   82.2  444.0
2019 237  8 25 0800  -29.6  977.2  444.0  444.0   82.6  444.0
2019 237  8 25 0900  -30.5  976.3  444.0  444.0   81.7  444.0
2019 237  8 25 1000  -30.4  975.6  444.0  444.0   81.7  444.0
2019 237  8 25 1100  -29.6  974.9  444.0  444.0   82.2  444.0
2019 237  8 25 1200  -28.8  973.2  444.0  444.0   83.0  444.0
2019 237  8 25 1300  -27.5  973.0  444.0  444.0   84.8  444.0
2019 237  8 25 1400  -25.8  971.3  444.0  444.0   86.6  444.0
2019 237  8 25 1500  -23.1  969.9  444.0  444.0   90.5  444.0
2019 237  8 25 1600  -22.2  968.5  444.0  444.0   89.6  444.0
2019 237  8 25 1700  -23.5  968.2  444.0  444.0   89.2  444.0
2019 237  8 25 1800  -24.9  966.8  444.0  444.0   87.9  444.0
2019 237  8 25 1900  -26.1  965.5  444.0  444.0   87.0  444.0
2019 237  8 25 2000  -26.4  964.9  444.0  444.0   85.7  444.0
2019 237  8 25 2100  -25.9  963.0  444.0  444.0   86.6  444.0
2019 237  8 25 2200  -26.0  963.5  444.0  444.0   87.0  444.0
2019 237  8 25 2300  -24.5  962.2  444.0  444.0   88.3  444.0
2019 238  8 26 0000  -22.6  959.5  444.0  444.0   87.9  444.0
2019 238  8 26 0100  -21.4  959.1  444.0  444.0   91.8  444.0
2019 238  8 26 0200  -20.4  958.5  444.0  444.0   92.7  444.0
2019 238  8 26 0300  -19.9  957.8  444.0  444.0   93.2  444.0
2019 238  8 26 0400  -19.8  957.7  444.0  444.0   93.6  444.0
2019 238  8 26 0500  -19.0  957.3  444.0  444.0   94.5  444.0
2019 238  8 26 0600  -18.4  957.1  444.0  444.0   95.4  444.0
2019 238  8 26 0700  -18.5  957.4  444.0  444.0   94.9  444.0
2019 238  8 26 0800  -18.0  956.9  444.0  444.0   95.8  444.0
2019 238  8 26 0900  -17.1  957.1  444.0  444.0   96.7  444.0
2019 238  8 26 1000  -16.9  957.4  444.0  444.0   96.7  444.0
2019 238  8 26 1100  -16.6  957.0  444.0  444.0   97.1  444.0
2019 238  8 26 1200  -16.1  956.1  444.0  444.0   97.6  444.0
2019 238  8 26 1300  -15.9  956.4  444.0  444.0   97.6  444.0
2019 238  8 26 1400  -15.5  955.7  444.0  444.0   97.6  444.0
2019 238  8 26 1500  -15.0  955.5  444.0  444.0   98.0  444.0
2019 238  8 26 1600  -14.8  955.3  444.0  444.0   98.9  444.0
2019 238  8 26 1700  -14.8  955.1  444.0  444.0   98.0  444.0
2019 238  8 26 1800  -14.8  954.7  444.0  444.0   98.9  444.0
2019 238  8 26 1900  -14.4  954.6  444.0  444.0   99.3  444.0
2019 238  8 26 2000  -14.1  954.9  444.0  444.0   98.9  444.0
2019 238  8 26 2100  -14.1  955.0  444.0  444.0   98.9  444.0
2019 238  8 26 2200  -14.4  955.4  444.0  444.0   98.9  444.0
2019 238  8 26 2300  -14.4  955.0  444.0  444.0   98.0  444.0
2019 239  8 27 0000  -14.4  956.1  444.0  444.0   98.9  444.0
2019 239  8 27 0100  -14.2  956.2  444.0  444.0   98.9  444.0
2019 239  8 27 0200  -14.1  956.6  444.0  444.0   98.9  444.0
2019 239  8 27 0300  -14.4  956.7  444.0  444.0   98.4  444.0
2019 239  8 27 0400  -14.8  956.9  444.0  444.0   98.9  444.0
2019 239  8 27 0500  -14.9  957.0  444.0  444.0   98.4  444.0
2019 239  8 27 0600  -15.1  957.1  444.0  444.0   98.4  444.0
2019 239  8 27 0700  -15.4  957.0  444.0  444.0   98.0  444.0
2019 239  8 27 0800  -15.6  957.2  444.0  444.0   97.6  444.0
2019 239  8 27 0900  -15.6  957.7  444.0  444.0   98.0  444.0
2019 239  8 27 1000  -15.4  958.1  444.0  444.0   97.6  444.0
2019 239  8 27 1100  -16.5  958.7  444.0  444.0   96.7  444.0
2019 239  8 27 1200  -17.6  959.3  444.0  444.0   94.9  444.0
2019 239  8 27 1300  -19.8  960.0  444.0  444.0   93.2  444.0
2019 239  8 27 1400  -20.8  960.9  444.0  444.0   93.2  444.0
2019 239  8 27 1500  -21.0  961.0  444.0  444.0   92.7  444.0
2019 239  8 27 1600  -21.0  961.6  444.0  444.0   92.3  444.0
2019 239  8 27 1700  -20.6  962.1  444.0  444.0   93.2  444.0
2019 239  8 27 1800  -19.0  962.2  444.0  444.0   94.5  444.0
2019 239  8 27 1900  -19.8  962.8  444.0  444.0   93.2  444.0
2019 239  8 27 2000  -19.5  964.1  444.0  444.0   94.5  444.0
2019 239  8 27 2100  -18.9  963.9  444.0  444.0   94.0  444.0
2019 239  8 27 2200  -19.2  963.9  444.0  444.0   93.6  444.0
2019 239  8 27 2300  -19.8  964.6  444.0  444.0   92.3  444.0
2019 240  8 28 0000  -21.0  965.3  444.0  444.0   91.0  444.0
2019 240  8 28 0100  -21.2  965.7  444.0  444.0   91.4  444.0
2019 240  8 28 0200  -21.4  966.1  444.0  444.0   91.4  444.0
2019 240  8 28 0300  -21.1  966.8  444.0  444.0   91.8  444.0
2019 240  8 28 0400  -21.5  967.5  444.0  444.0   91.8  444.0
2019 240  8 28 0500  -21.5  968.2  444.0  444.0   91.4  444.0
2019 240  8 28 0600  -22.1  968.6  444.0  444.0   90.5  444.0
2019 240  8 28 0700  -22.8  969.5  444.0  444.0   89.6  444.0
2019 240  8 28 0800  -22.5  970.2  444.0  444.0   90.1  444.0
2019 240  8 28 0900  -22.8  970.9  444.0  444.0   90.1  444.0
2019 240  8 28 1000  -22.1  970.9  444.0  444.0   90.1  444.0
2019 240  8 28 1100  -22.5  971.8  444.0  444.0   91.0  444.0
2019 240  8 28 1200  -22.1  971.9  444.0  444.0   91.0  444.0
2019 240  8 28 1300  -21.6  972.7  444.0  444.0   91.8  444.0
2019 240  8 28 1400  -21.0  972.9  444.0  444.0   91.8  444.0
2019 240  8 28 1500  -20.8  973.2  444.0  444.0   92.3  444.0
2019 240  8 28 1600  -21.6  973.3  444.0  444.0   91.4  444.0
2019 240  8 28 1700  -21.5  972.6  444.0  444.0   91.4  444.0
2019 240  8 28 1800  -21.9  972.4  444.0  444.0   91.8  444.0
2019 240  8 28 1900  -20.8  972.3  444.0  444.0   92.3  444.0
2019 240  8 28 2000  -21.4  972.6  444.0  444.0   92.3  444.0
2019 240  8 28 2100  -20.4  972.0  444.0  444.0   91.8  444.0
2019 240  8 28 2200  -21.4  972.6  444.0  444.0   91.8  444.0
2019 240  8 28 2300  -20.5  972.8  444.0  444.0   92.7  444.0
2019 241  8 29 0000  -20.1  971.8  444.0  444.0   93.6  444.0
2019 241  8 29 0100  -20.1  972.1  444.0  444.0   93.2  444.0
2019 241  8 29 0200  -20.2  971.8  444.0  444.0   92.7  444.0
2019 241  8 29 0300  -20.6  971.3  444.0  444.0   93.2  444.0
2019 241  8 29 0400  -20.1  972.0  444.0  444.0   93.2  444.0
2019 241  8 29 0500  -19.9  971.4  444.0  444.0   93.2  444.0
2019 241  8 29 0600  -20.0  971.0  444.0  444.0   93.2  444.0
2019 241  8 29 0700  -20.5  972.4  444.0  444.0   92.7  444.0
2019 241  8 29 0800  -21.0  972.6  444.0  444.0   91.8  444.0
2019 241  8 29 0900  -21.5  971.6  444.0  444.0   91.4  444.0
2019 241  8 29 1000  -22.0  972.4  444.0  444.0   91.0  444.0
2019 241  8 29 1100  -22.0  971.9  444.0  444.0   91.0  444.0
2019 241  8 29 1200  -22.1  971.0  444.0  444.0   91.0  444.0
2019 241  8 29 1300  -22.6  971.9  444.0  444.0   90.5  444.0
2019 241  8 29 1400  -23.1  972.1  444.0  444.0   90.1  444.0
2019 241  8 29 1500  -23.4  971.8  444.0  444.0   90.1  444.0
2019 241  8 29 1600  -23.5  972.9  444.0  444.0   89.6  444.0
2019 241  8 29 1700  -23.6  973.1  444.0  444.0   89.6  444.0
2019 241  8 29 1800  -24.4  973.2  444.0  444.0   88.8  444.0
2019 241  8 29 1900  -24.2  973.4  444.0  444.0   88.8  444.0
2019 241  8 29 2000  -24.5  973.0  444.0  444.0   87.9  444.0
2019 241  8 29 2100  -24.5  973.6  444.0  444.0   88.3  444.0
2019 241  8 29 2200  -24.9  973.7  444.0  444.0   87.9  444.0
2019 241  8 29 2300  -24.5  974.7  444.0  444.0   87.4  444.0
2019 242  8 30 0000  -25.1  975.3  444.0  444.0   87.0  444.0
2019 242  8 30 0100  -24.9  975.6  444.0  444.0   87.0  444.0
2019 242  8 30 0200  -25.1  975.8  444.0  444.0   87.0  444.0
2019 242  8 30 0300  -25.1  976.3  444.0  444.0   87.0  444.0
2019 242  8 30 0400  -25.1  977.0  444.0  444.0   87.0  444.0
2019 242  8 30 0500  -25.8  977.5  444.0  444.0   86.1  444.0
2019 242  8 30 0600  -26.1  977.7  444.0  444.0   85.2  444.0
2019 242  8 30 0700  -27.0  977.3  444.0  444.0   84.4  444.0
2019 242  8 30 0800  -28.0  978.0  444.0  444.0   83.5  444.0
2019 242  8 30 0900  -27.9  978.7  444.0  444.0   83.9  444.0
2019 242  8 30 1000  -28.2  978.8  444.0  444.0   83.9  444.0
2019 242  8 30 1100  -27.9  978.6  444.0  444.0   83.5  444.0
2019 242  8 30 1200  -28.6  979.2  444.0  444.0   82.6  444.0
2019 242  8 30 1300  -28.2  979.6  444.0  444.0   83.0  444.0
2019 242  8 30 1400  -28.2  980.3  444.0  444.0   82.2  444.0
2019 242  8 30 1500  -28.6  980.4  444.0  444.0   81.7  444.0
2019 242  8 30 1600  -29.1  980.9  444.0  444.0   82.2  444.0
2019 242  8 30 1700  -29.2  980.7  444.0  444.0   80.8  444.0
2019 242  8 30 1800  -29.6  980.8  444.0  444.0   80.4  444.0
2019 242  8 30 1900  -30.0  981.1  444.0  444.0   79.5  444.0
2019 242  8 30 2000  -30.6  980.9  444.0  444.0   79.1  444.0
2019 242  8 30 2100  -30.9  981.4  444.0  444.0   78.2  444.0
2019 242  8 30 2200  -31.1  981.6  444.0  444.0   76.9  444.0
2019 242  8 30 2300  -31.0  981.3  444.0  444.0   75.6  444.0
2019 243  8 31 0000  -30.9  981.2  444.0  444.0   75.6  444.0
2019 243  8 31 0100  -31.1  981.0  444.0  444.0   76.9  444.0
2019 243  8 31 0200  -31.5  980.6  444.0  444.0   76.0  444.0
2019 243  8 31 0300  -31.6  980.3  444.0  444.0   76.4  444.0
2019 243  8 31 0400  -31.6  979.7  444.0  444.0   78.2  444.0
2019 243  8 31 0500  -31.1  979.6  444.0  444.0   78.2  444.0
2019 243  8 31 0600  -29.8  979.6  444.0  444.0   79.5  444.0
2019 243  8 31 0700  -30.0  979.5  444.0  444.0   80.8  444.0
2019 243  8 31 0800  -28.5  979.3  444.0  444.0   80.8  444.0
2019 243  8 31 0900  -27.5  979.5  444.0  444.0   80.0  444.0
2019 243  8 31 1000  -27.6  979.5  444.0  444.0   79.5  444.0
2019 243  8 31 1100  -25.8  979.8  444.0  444.0   79.1  444.0
2019 243  8 31 1200  -24.6  979.7  444.0  444.0   78.2  444.0
2019 243  8 31 1300  -25.0  979.8  444.0  444.0   80.0  444.0
2019 243  8 31 1400  -27.6  979.9  444.0  444.0   79.5  444.0
2019 243  8 31 1500  -29.5  979.4  444.0  444.0   81.3  444.0
2019 243  8 31 1600  -29.2  979.0  444.0  444.0   81.3  444.0
2019 243  8 31 1700  -28.5  978.9  444.0  444.0   81.7  444.0
2019 243  8 31 1800  -26.4  978.7  444.0  444.0   82.6  444.0
2019 243  8 31 1900  -25.9  978.5  444.0  444.0   83.9  444.0
2019 243  8 31 2000  -26.4  978.0  444.0  444.0   82.6  444.0
2019 243  8 31 2100  -26.9  978.0  444.0  444.0   82.6  444.0
2019 243  8 31 2200  -27.0  977.8  444.0  444.0   81.3  444.0
2019 243  8 31 2300  -25.9  976.8  444.0  444.0   80.4  444.0
