Year: 2024  Month: 07  ID: LR2  ARGOS: 21360  Name: Laurie II           
Lat: 77.43S  Lon: 170.75E  Elev:   34m
2024 183  7  1 0000  -29.8  993.0    7.2  202.0   82.6  444.0
2024 183  7  1 0100  -30.2  992.6    6.0  197.0   81.7  444.0
2024 183  7  1 0200  -30.6  991.8    7.8  195.0   81.3  444.0
2024 183  7  1 0300  -31.9  991.6    7.4  187.0   80.0  444.0
2024 183  7  1 0400  -31.4  991.3    9.0  191.0   80.0  444.0
2024 183  7  1 0500  -31.8  991.7    8.4  187.0   79.5  444.0
2024 183  7  1 0600  -32.9  991.3    8.0  191.0   78.6  444.0
2024 183  7  1 0700  -32.9  990.9    9.4  188.0   78.6  444.0
2024 183  7  1 0800  -32.2  990.8   11.7  187.0   79.1  444.0
2024 183  7  1 0900  -31.6  990.8   11.7  193.0   80.0  444.0
2024 183  7  1 1000  -31.6  990.8   11.3  187.0   79.5  444.0
2024 183  7  1 1100  -32.6  991.3   10.7  193.0   78.6  444.0
2024 183  7  1 1200  -32.0  991.8   10.9  195.0   80.0  444.0
2024 183  7  1 1300  -30.9  991.8   14.2  190.0   80.8  444.0
2024 183  7  1 1400  -30.4  992.2   14.2  190.0   82.2  444.0
2024 183  7  1 1500  -29.4  992.3   15.4  191.0   82.6  444.0
2024 183  7  1 1600  -30.0  992.2   14.8  190.0   81.7  444.0
2024 183  7  1 1700  -27.2  992.8   18.9  197.0   84.4  444.0
2024 183  7  1 1800  -28.0  993.0   16.6  200.0   83.9  444.0
2024 183  7  1 1900  -28.4  993.4   17.2  209.0   83.5  444.0
2024 183  7  1 2000  -29.2  993.4   14.0  198.0   82.6  444.0
2024 183  7  1 2100  -30.4  993.9   13.8  191.0   80.8  444.0
2024 183  7  1 2200  -31.1  993.8   13.6  198.0   80.8  444.0
2024 183  7  1 2300  -31.1  993.4   14.0  181.0   80.4  444.0
2024 184  7  2 0000  -30.6  994.5   10.5  204.0   81.7  444.0
2024 184  7  2 0100  -29.2  993.2   14.2  193.0   82.6  444.0
2024 184  7  2 0200  -29.0  993.7    9.6  198.0   82.6  444.0
2024 184  7  2 0300  -29.1  993.5   11.3  198.0   82.2  444.0
2024 184  7  2 0400  -28.6  993.5   11.1  204.0   81.7  444.0
2024 184  7  2 0500  -28.5  993.2   11.3  205.0   82.2  444.0
2024 184  7  2 0600  -28.0  993.1   12.1  209.0   82.2  444.0
2024 184  7  2 0700  -27.9  993.1    7.0  214.0   80.0  444.0
2024 184  7  2 0800  -27.5  992.3    6.6  212.0   78.2  444.0
2024 184  7  2 0900  -26.6  991.4    4.3  208.0   75.1  444.0
2024 184  7  2 1000  -28.1  991.2    3.9  215.0   78.2  444.0
2024 184  7  2 1100  -26.1  991.0    5.1  226.0   86.1  444.0
2024 184  7  2 1200  -27.5  990.6    5.3  231.0   83.0  444.0
2024 184  7  2 1300  -29.1  990.2    4.3  208.0   78.6  444.0
2024 184  7  2 1400  -28.6  989.5    4.3  233.0   81.7  444.0
2024 184  7  2 1500  -29.1  988.6  444.0  444.0   83.0  444.0
2024 184  7  2 1600  -29.2  988.1  444.0  444.0   82.2  444.0
2024 184  7  2 1700  -29.6  987.1  444.0  444.0   82.2  444.0
2024 184  7  2 1800  -30.9  986.2  444.0  444.0   80.8  444.0
2024 184  7  2 1900  -31.6  985.7  444.0  444.0   80.0  444.0
2024 184  7  2 2000  -31.6  985.1  444.0  444.0   78.2  444.0
2024 184  7  2 2100  -32.9  984.4  444.0  444.0   79.5  444.0
2024 184  7  2 2200  -30.6  984.0  444.0  444.0   80.8  444.0
2024 184  7  2 2300  -26.9  983.2  444.0  444.0   85.2  444.0
2024 185  7  3 0000  -28.1  982.6  444.0  444.0   84.8  444.0
2024 185  7  3 0100  -32.6  982.2  444.0  444.0   77.3  444.0
2024 185  7  3 0200  -30.4  981.4  444.0  444.0   81.3  444.0
2024 185  7  3 0300  -29.4  981.0  444.0  444.0   82.2  444.0
2024 185  7  3 0400  -28.6  980.5  444.0  444.0   83.0  444.0
2024 185  7  3 0500  -27.5  980.1  444.0  444.0   84.8  444.0
2024 185  7  3 0600  -26.2  979.4  444.0  444.0   85.2  444.0
2024 185  7  3 0700  -26.4  978.6  444.0  444.0   85.2  444.0
2024 185  7  3 0800  -29.2  978.1  444.0  444.0   83.5  444.0
2024 185  7  3 0900  -32.4  977.4  444.0  444.0   79.1  444.0
2024 185  7  3 1000  -32.2  977.0  444.0  444.0   78.2  444.0
2024 185  7  3 1100  -29.2  976.7  444.0  444.0   82.2  444.0
2024 185  7  3 1200  -29.8  976.4  444.0  444.0   82.2  444.0
2024 185  7  3 1300  -33.5  975.6  444.0  444.0   77.8  444.0
2024 185  7  3 1400  -33.0  974.6  444.0  444.0   77.8  444.0
2024 185  7  3 1500  -32.6  974.2  444.0  444.0   75.1  444.0
2024 185  7  3 1600  -35.9  973.7  444.0  444.0   74.2  444.0
2024 185  7  3 1700  -36.1  972.4  444.0  444.0   74.7  444.0
2024 185  7  3 1800  -33.2  971.3  444.0  444.0   77.8  444.0
2024 185  7  3 1900  -35.1  970.8  444.0  444.0   75.6  444.0
2024 185  7  3 2000  -28.1  969.6  444.0  444.0   83.0  444.0
2024 185  7  3 2100  -31.0  968.4  444.0  444.0   79.5  444.0
2024 185  7  3 2200  -31.4  967.6  444.0  444.0   80.8  444.0
2024 185  7  3 2300  -30.0  966.7  444.0  444.0   80.8  444.0
2024 186  7  4 0000  -29.6  965.8  444.0  444.0   83.0  444.0
2024 186  7  4 0100  -28.1  965.3  444.0  444.0   84.8  444.0
2024 186  7  4 0200  -28.0  964.4  444.0  444.0   84.4  444.0
2024 186  7  4 0300  -28.0  963.6  444.0  444.0   85.2  444.0
2024 186  7  4 0400  -26.6  963.1  444.0  444.0   85.7  444.0
2024 186  7  4 0500  -26.8  962.7  444.0  444.0   86.1  444.0
2024 186  7  4 0600  -25.1  962.4  444.0  444.0   87.9  444.0
2024 186  7  4 0700  -24.6  962.2  444.0  444.0   88.3  444.0
2024 186  7  4 0800  -24.5  962.0  444.0  444.0   88.3  444.0
2024 186  7  4 0900  -24.0  961.6    5.3  271.0   88.8  444.0
2024 186  7  4 1000  -24.0  961.6    7.0  285.0   88.3  444.0
2024 186  7  4 1100  -23.8  961.3    7.2  287.0   89.6  444.0
2024 186  7  4 1200  -23.5  961.3    6.6  287.0   89.2  444.0
2024 186  7  4 1300  -22.8  961.5    8.8  291.0   89.2  444.0
2024 186  7  4 1400  -22.2  961.7    7.2  291.0   91.4  444.0
2024 186  7  4 1500  -22.2  962.7    4.7  291.0   91.0  444.0
2024 186  7  4 1600  -19.5  962.9    1.0  291.0   95.8  444.0
2024 186  7  4 1700  -18.8  963.6   16.2  216.0   94.5  444.0
2024 186  7  4 1800  -21.1  964.3   16.6  190.0   91.4  444.0
2024 186  7  4 1900  -23.9  966.0   14.8  193.0   88.8  444.0
2024 186  7  4 2000  -27.5  968.1   18.9  187.0   84.8  444.0
2024 186  7  4 2100  -30.6  969.4   17.7  187.0   81.3  444.0
2024 186  7  4 2200  -32.2  970.0   19.7  187.0   79.5  444.0
2024 186  7  4 2300  -33.2  972.9   17.5  187.0   78.6  444.0
2024 187  7  5 0000  -32.8  974.2   16.6  187.0   79.1  444.0
2024 187  7  5 0100  -32.1  974.4   16.8  181.0   80.0  444.0
2024 187  7  5 0200  -31.5  975.3   16.6  183.0   80.0  444.0
2024 187  7  5 0300  -32.8  976.9   18.5  181.0   79.1  444.0
2024 187  7  5 0400  -33.1  978.2   14.2  184.0   78.2  444.0
2024 187  7  5 0500  -31.8  979.3   13.3  186.0   80.0  444.0
2024 187  7  5 0600  -29.0  979.4   17.7  190.0   83.5  444.0
2024 187  7  5 0700  -28.5  980.3   13.8  193.0   83.5  444.0
2024 187  7  5 0800  -27.1  980.4   16.2  194.0   85.2  444.0
2024 187  7  5 0900  -26.2  981.5   17.9  195.0   86.1  444.0
2024 187  7  5 1000  -27.6  982.7   15.2  195.0   84.8  444.0
2024 187  7  5 1100  -27.6  983.0   13.6  193.0   84.4  444.0
2024 187  7  5 1200  -27.6  983.5   17.2  201.0   84.8  444.0
2024 187  7  5 1300  -27.5  984.1   16.6  202.0   84.8  444.0
2024 187  7  5 1400  -28.6  985.3   15.0  207.0   83.5  444.0
2024 187  7  5 1500  -27.6  985.3   17.7  207.0   84.4  444.0
2024 187  7  5 1600  -28.1  985.5   17.4  207.0   85.7  444.0
2024 187  7  5 1700  -26.9  985.3   15.4  205.0   85.2  444.0
2024 187  7  5 1800  -28.1  985.9   17.9  202.0   84.4  444.0
2024 187  7  5 1900  -27.5  986.4   17.5  201.0   84.8  444.0
2024 187  7  5 2000  -28.8  986.9   18.5  201.0   83.0  444.0
2024 187  7  5 2100  -29.5  987.4   15.2  197.0   82.6  444.0
2024 187  7  5 2200  -29.6  987.3   16.2  198.0   82.2  444.0
2024 187  7  5 2300  -30.2  987.3   11.5  201.0   82.2  444.0
2024 188  7  6 0000  -30.0  987.5   15.8  204.0   81.7  444.0
2024 188  7  6 0100  -30.5  987.6   10.5  202.0   81.7  444.0
2024 188  7  6 0200  -30.6  987.5   12.9  200.0   81.3  444.0
2024 188  7  6 0300  -30.6  987.2   10.3  194.0   81.3  444.0
2024 188  7  6 0400  -31.0  986.8   12.9  191.0   80.4  444.0
2024 188  7  6 0500  -31.6  986.5   11.1  183.0   80.0  444.0
2024 188  7  6 0600  -31.4  986.1    9.2  188.0   80.0  444.0
2024 188  7  6 0700  -32.2  985.9    8.0  194.0   79.1  444.0
2024 188  7  6 0800  -33.2  985.7   10.3  194.0   77.8  444.0
2024 188  7  6 0900  -34.1  985.5    7.8  202.0   76.4  444.0
2024 188  7  6 1000  -35.1  985.1    7.8  200.0   75.6  444.0
2024 188  7  6 1100  -35.4  984.9    6.2  198.0   75.6  444.0
2024 188  7  6 1200  -35.1  984.9    8.6  191.0   76.0  444.0
2024 188  7  6 1300  -36.1  984.6    4.7  201.0   74.2  444.0
2024 188  7  6 1400  -36.2  983.8    7.6  201.0   74.2  444.0
2024 188  7  6 1500  -35.2  984.0    7.8  204.0   75.6  444.0
2024 188  7  6 1600  -34.8  983.6    7.0  200.0   75.6  444.0
2024 188  7  6 1700  -35.6  983.4    6.2  201.0   74.7  444.0
2024 188  7  6 1800  -37.0  983.0    6.2  201.0   73.4  444.0
2024 188  7  6 1900  -37.0  982.9    3.9  201.0   72.0  444.0
2024 188  7  6 2000  -37.5  982.5    4.5  200.0   71.6  444.0
2024 188  7  6 2100  -37.5  982.2    4.3  200.0   72.0  444.0
2024 188  7  6 2200  -36.6  982.0    5.3  197.0   74.7  444.0
2024 188  7  6 2300  -38.2  981.6    3.9  195.0   71.2  444.0
2024 189  7  7 0000  -40.4  981.3    2.9  195.0   69.4  444.0
2024 189  7  7 0100  -39.9  980.6    3.7  195.0   69.8  444.0
2024 189  7  7 0200  -39.4  980.3    3.9  202.0   70.7  444.0
2024 189  7  7 0300  -36.5  979.9    3.5  202.0   72.9  444.0
2024 189  7  7 0400  -35.6  979.6    2.9  202.0   74.7  444.0
2024 189  7  7 0500  -34.4  979.1    2.5  202.0   75.1  444.0
2024 189  7  7 0600  -32.2  978.6    3.3  202.0   80.0  444.0
2024 189  7  7 0700  -29.0  978.0    5.3  207.0   86.6  444.0
2024 189  7  7 0800  -25.1  977.9    2.5  208.0   86.1  444.0
2024 189  7  7 0900  -28.0  977.2    0.0    0.0   83.9  444.0
2024 189  7  7 1000  -26.9  976.9    4.1  208.0   84.8  444.0
2024 189  7  7 1100  -29.9  976.4    6.6  197.0   82.6  444.0
2024 189  7  7 1200  -28.2  976.3    6.2  201.0   84.4  444.0
2024 189  7  7 1300  -26.5  975.9    7.2  208.0   86.6  444.0
2024 189  7  7 1400  -23.4  975.2    5.8  202.0   89.6  444.0
2024 189  7  7 1500  -23.1  974.7    1.9  207.0   89.6  444.0
2024 189  7  7 1600  -21.9  974.6    7.0  209.0   93.2  444.0
2024 189  7  7 1700  -19.8  974.0    8.0  211.0   94.0  444.0
2024 189  7  7 1800  -19.8  973.7    9.6  198.0   94.0  444.0
2024 189  7  7 1900  -21.6  973.4   11.3  187.0   91.4  444.0
2024 189  7  7 2000  -21.2  973.0   11.9  193.0   92.3  444.0
2024 189  7  7 2100  -22.1  972.9   11.7  187.0   91.0  444.0
2024 189  7  7 2200  -22.1  972.6   14.2  200.0   91.4  444.0
2024 189  7  7 2300  -22.2  972.6   13.6  201.0   91.0  444.0
2024 190  7  8 0000  -22.6  972.6   15.4  195.0   90.5  444.0
2024 190  7  8 0100  -23.2  972.9   15.0  188.0   89.6  444.0
2024 190  7  8 0200  -22.5  972.7   14.2  197.0   91.4  444.0
2024 190  7  8 0300  -22.6  972.7   14.0  202.0   90.5  444.0
2024 190  7  8 0400  -22.5  972.6   15.6  194.0   90.1  444.0
2024 190  7  8 0500  -23.8  972.9   11.3  200.0   88.3  444.0
2024 190  7  8 0600  -24.6  973.5   10.7  198.0   87.0  444.0
2024 190  7  8 0700  -24.5  974.2   10.7  202.0   84.4  444.0
2024 190  7  8 0800  -24.2  974.2    8.6  198.0   84.4  444.0
2024 190  7  8 0900  -23.8  974.8    6.4  211.0   81.7  444.0
2024 190  7  8 1000  -25.0  975.1    7.4  214.0   81.7  444.0
2024 190  7  8 1100  -26.8  975.3    5.7  198.0   80.4  444.0
2024 190  7  8 1200  -28.0  975.8    5.1  198.0   79.5  444.0
2024 190  7  8 1300  -29.0  975.8    4.3  205.0   77.8  444.0
2024 190  7  8 1400  -29.5  976.0    3.7  207.0   76.0  444.0
2024 190  7  8 1500  -30.9  976.6    3.5  207.0   77.3  444.0
2024 190  7  8 1600  -30.9  976.8    4.9  193.0   77.8  444.0
2024 190  7  8 1700  -31.5  976.7  444.0  444.0   77.3  444.0
2024 190  7  8 1800  -33.0  977.3  444.0  444.0   77.3  444.0
2024 190  7  8 1900  -33.9  977.9  444.0  444.0   74.2  444.0
2024 190  7  8 2000  -34.6  978.7  444.0  444.0   76.4  444.0
2024 190  7  8 2100  -34.2  979.5  444.0  444.0   76.4  444.0
2024 190  7  8 2200  -34.0  980.3  444.0  444.0   77.8  444.0
2024 190  7  8 2300  -34.4  981.1  444.0  444.0   76.4  444.0
2024 191  7  9 0000  -32.0  981.7  444.0  444.0   75.6  444.0
2024 191  7  9 0100  -35.2  982.3  444.0  444.0   73.8  444.0
2024 191  7  9 0200  -35.9  982.7    6.2  200.0   74.7  444.0
2024 191  7  9 0300  -35.8  983.5    4.7  195.0   74.2  444.0
2024 191  7  9 0400  -34.4  984.3    6.2  187.0   76.4  444.0
2024 191  7  9 0500  -36.1  985.1    6.0  191.0   72.5  444.0
2024 191  7  9 0600  -36.4  986.1    5.3  187.0   74.2  444.0
2024 191  7  9 0700  -36.2  986.9    5.8  186.0   74.7  444.0
2024 191  7  9 0800  -35.8  987.4  444.0  444.0   74.2  444.0
2024 191  7  9 0900  -36.8  988.7  444.0  444.0   73.4  444.0
2024 191  7  9 1000  -36.4  989.6  444.0  444.0   74.2  444.0
2024 191  7  9 1100  -37.0  990.3  444.0  444.0   72.9  444.0
2024 191  7  9 1200  -37.8  990.9  444.0  444.0   72.0  444.0
2024 191  7  9 1300  -38.0  991.5  444.0  444.0   71.6  444.0
2024 191  7  9 1400  -37.6  992.0  444.0  444.0   72.0  444.0
2024 191  7  9 1500  -38.5  992.4  444.0  444.0   71.2  444.0
2024 191  7  9 1600  -39.4  992.9  444.0  444.0   70.3  444.0
2024 191  7  9 1700  -38.6  993.5  444.0  444.0   71.2  444.0
2024 191  7  9 1800  -38.6  994.0    1.2  215.0   72.5  444.0
2024 191  7  9 1900  -35.5  995.2    0.6  215.0   75.1  444.0
2024 191  7  9 2000  -31.8  995.8    0.0    0.0   79.5  444.0
2024 191  7  9 2100  -29.9  996.8    0.0    0.0   81.3  444.0
2024 191  7  9 2200  -27.6  997.3    3.1  215.0   83.9  444.0
2024 191  7  9 2300  -26.5  997.9    8.6  200.0   86.6  444.0
2024 192  7 10 0000  -24.6  998.2   10.7  200.0   87.9  444.0
2024 192  7 10 0100  -25.6  999.0   11.1  204.0   87.0  444.0
2024 192  7 10 0200  -26.4  999.9    7.4  209.0   86.1  444.0
2024 192  7 10 0300  -26.9 1000.9    6.8  204.0   85.2  444.0
2024 192  7 10 0400  -26.8 1001.8    9.2  197.0   85.7  444.0
2024 192  7 10 0500  -29.2 1002.6    7.8  188.0   82.6  444.0
2024 192  7 10 0600  -30.2 1003.3    7.0  184.0   81.7  444.0
2024 192  7 10 0700  -31.5 1003.7    3.1  211.0   80.0  444.0
2024 192  7 10 0800  -32.6 1003.1    5.1  212.0   79.1  444.0
2024 192  7 10 0900  -32.4 1004.1    4.1  212.0   79.1  444.0
2024 192  7 10 1000  -32.2 1003.7    4.1  200.0   78.2  444.0
2024 192  7 10 1100  -33.9 1003.6  444.0  444.0   76.9  444.0
2024 192  7 10 1200  -34.1 1003.5  444.0  444.0   77.3  444.0
2024 192  7 10 1300  -35.6 1003.1  444.0  444.0   74.7  444.0
2024 192  7 10 1400  -35.6 1002.5  444.0  444.0   75.6  444.0
2024 192  7 10 1500  -35.8 1001.9  444.0  444.0   74.7  444.0
2024 192  7 10 1600  -35.0 1001.3  444.0  444.0   76.4  444.0
2024 192  7 10 1700  -33.2 1001.0  444.0  444.0   77.3  444.0
2024 192  7 10 1800  -34.6 1000.7  444.0  444.0   76.0  444.0
2024 192  7 10 1900  -35.9 1000.3  444.0  444.0   75.1  444.0
2024 192  7 10 2000  -35.4 1000.4  444.0  444.0   75.6  444.0
2024 192  7 10 2100  -34.5  999.7  444.0  444.0   76.4  444.0
2024 192  7 10 2200  -34.5  999.4  444.0  444.0   76.9  444.0
2024 192  7 10 2300  -33.6  998.7  444.0  444.0   77.3  444.0
2024 193  7 11 0000  -34.0  998.4  444.0  444.0   76.9  444.0
2024 193  7 11 0100  -36.5  997.8  444.0  444.0   73.4  444.0
2024 193  7 11 0200  -36.2  996.7  444.0  444.0   72.9  444.0
2024 193  7 11 0300  -38.6  996.0  444.0  444.0   71.2  444.0
2024 193  7 11 0400  -38.1  995.3  444.0  444.0   72.5  444.0
2024 193  7 11 0500  -37.0  994.6  444.0  444.0   72.9  444.0
2024 193  7 11 0600  -38.1  994.2  444.0  444.0   71.6  444.0
2024 193  7 11 0700  -41.1  993.5  444.0  444.0   68.5  444.0
2024 193  7 11 0800  -41.1  992.8  444.0  444.0   69.0  444.0
2024 193  7 11 0900  -40.0  992.1  444.0  444.0   69.8  444.0
2024 193  7 11 1000  -40.1  991.6  444.0  444.0   69.8  444.0
2024 193  7 11 1100  -39.0  991.0  444.0  444.0   70.3  444.0
2024 193  7 11 1200  -37.8  990.1  444.0  444.0   72.5  444.0
2024 193  7 11 1300  -37.4  989.3  444.0  444.0   72.9  444.0
2024 193  7 11 1400  -36.4  988.8  444.0  444.0   73.8  444.0
2024 193  7 11 1500  -35.8  987.8  444.0  444.0   74.7  444.0
2024 193  7 11 1600  -35.1  987.0  444.0  444.0   75.1  444.0
2024 193  7 11 1700  -35.4  986.6  444.0  444.0   75.1  444.0
2024 193  7 11 1800  -35.0  985.4  444.0  444.0   76.0  444.0
2024 193  7 11 1900  -34.4  985.1  444.0  444.0   76.0  444.0
2024 193  7 11 2000  -34.4  984.4  444.0  444.0   76.4  444.0
2024 193  7 11 2100  -34.5  984.3  444.0  444.0   76.4  444.0
2024 193  7 11 2200  -34.8  984.0  444.0  444.0   76.0  444.0
2024 193  7 11 2300  -35.6  983.9  444.0  444.0   74.7  444.0
2024 194  7 12 0000  -36.2  983.5  444.0  444.0   73.8  444.0
2024 194  7 12 0100  -36.8  983.4  444.0  444.0   73.8  444.0
2024 194  7 12 0200  -36.8  983.3  444.0  444.0   73.4  444.0
2024 194  7 12 0300  -37.1  983.7  444.0  444.0   72.9  444.0
2024 194  7 12 0400  -37.4  983.3  444.0  444.0   72.9  444.0
2024 194  7 12 0500  -37.4  983.4  444.0  444.0   72.5  444.0
2024 194  7 12 0600  -40.2  983.2  444.0  444.0   69.4  444.0
2024 194  7 12 0700  -39.2  983.3  444.0  444.0   69.4  444.0
2024 194  7 12 0800  -37.4  983.2  444.0  444.0   74.2  444.0
2024 194  7 12 0900  -39.4  983.6  444.0  444.0   70.7  444.0
2024 194  7 12 1000  -37.8  983.9  444.0  444.0   71.6  444.0
2024 194  7 12 1100  -40.6  984.1  444.0  444.0   68.5  444.0
2024 194  7 12 1200  -40.0  984.0  444.0  444.0   69.8  444.0
2024 194  7 12 1300  -37.0  983.6  444.0  444.0   71.6  444.0
2024 194  7 12 1400  -39.9  983.8  444.0  444.0   71.6  444.0
2024 194  7 12 1500  -38.1  983.9  444.0  444.0   71.2  444.0
2024 194  7 12 1600  -37.0  983.5  444.0  444.0   73.4  444.0
2024 194  7 12 1700  -38.1  982.7  444.0  444.0   71.6  444.0
2024 194  7 12 1800  -40.0  981.8  444.0  444.0   69.0  444.0
2024 194  7 12 1900  -40.2  981.8    5.7  193.0   69.4  444.0
2024 194  7 12 2000  -38.5  982.2    6.2  205.0   72.0  444.0
2024 194  7 12 2100  -39.8  982.5    9.4  195.0   69.8  444.0
2024 194  7 12 2200  -35.2  982.5    9.4  195.0   75.1  444.0
2024 194  7 12 2300  -34.5  982.7   10.1  188.0   76.0  444.0
2024 195  7 13 0000  -36.6  983.3    7.2  193.0   71.2  444.0
2024 195  7 13 0100  -39.4  983.0    8.6  193.0   70.7  444.0
2024 195  7 13 0200  -40.6  983.0    9.0  181.0   69.0  444.0
2024 195  7 13 0300  -41.2  983.6    7.2  195.0   68.1  444.0
2024 195  7 13 0400  -39.8  983.0    8.8  208.0   69.8  444.0
2024 195  7 13 0500  -37.6  983.9    8.4  219.0   73.4  444.0
2024 195  7 13 0600  -38.5  983.3    8.8  219.0   71.2  444.0
2024 195  7 13 0700  -37.4  983.9    5.3  219.0   72.0  444.0
2024 195  7 13 0800  -36.6  984.2  444.0  444.0   72.5  444.0
2024 195  7 13 0900  -38.1  984.4  444.0  444.0   71.2  444.0
2024 195  7 13 1000  -35.8  983.8  444.0  444.0   74.7  444.0
2024 195  7 13 1100  -36.8  983.6  444.0  444.0   72.9  444.0
2024 195  7 13 1200  -35.4  983.1  444.0  444.0   75.6  444.0
2024 195  7 13 1300  -38.9  982.6  444.0  444.0   70.3  444.0
2024 195  7 13 1400  -40.4  981.5  444.0  444.0   68.1  444.0
2024 195  7 13 1500  -41.1  980.8  444.0  444.0   67.6  444.0
2024 195  7 13 1600  -41.5  980.2  444.0  444.0   69.0  444.0
2024 195  7 13 1700  -40.6  979.8  444.0  444.0   68.1  444.0
2024 195  7 13 1800  -42.6  979.6  444.0  444.0   65.9  444.0
2024 195  7 13 1900  -42.8  979.0  444.0  444.0   65.9  444.0
2024 195  7 13 2000  -43.4  979.0  444.0  444.0   65.0  444.0
2024 195  7 13 2100  -39.2  979.3  444.0  444.0   71.2  444.0
2024 195  7 13 2200  -37.6  979.0  444.0  444.0   72.5  444.0
2024 195  7 13 2300  -33.9  979.1  444.0  444.0   76.4  444.0
2024 196  7 14 0000  -38.4  979.1  444.0  444.0   70.3  444.0
2024 196  7 14 0100  -42.9  978.9  444.0  444.0   67.6  444.0
2024 196  7 14 0200  -41.9  978.6  444.0  444.0   66.8  444.0
2024 196  7 14 0300  -42.4  978.7  444.0  444.0   65.9  444.0
2024 196  7 14 0400  -44.1  978.7  444.0  444.0   64.6  444.0
2024 196  7 14 0500  -44.1  978.6  444.0  444.0   64.1  444.0
2024 196  7 14 0600  -42.9  978.6  444.0  444.0   65.4  444.0
2024 196  7 14 0700  -45.0  978.7  444.0  444.0   63.2  444.0
2024 196  7 14 0800  -43.4  978.4  444.0  444.0   65.0  444.0
2024 196  7 14 0900  -41.8  978.1  444.0  444.0   66.8  444.0
2024 196  7 14 1000  -42.5  978.0  444.0  444.0   65.9  444.0
2024 196  7 14 1100  -42.5  977.4  444.0  444.0   65.9  444.0
2024 196  7 14 1200  -44.6  977.8  444.0  444.0   63.2  444.0
2024 196  7 14 1300  -44.8  977.9  444.0  444.0   63.2  444.0
2024 196  7 14 1400  -43.9  978.7  444.0  444.0   63.7  444.0
2024 196  7 14 1500  -41.0  978.6  444.0  444.0   67.6  444.0
2024 196  7 14 1600  -42.1  978.7  444.0  444.0   66.3  444.0
2024 196  7 14 1700  -43.2  979.0  444.0  444.0   65.0  444.0
2024 196  7 14 1800  -46.0  979.3  444.0  444.0   61.5  444.0
2024 196  7 14 1900  -46.2  979.4  444.0  444.0   61.9  444.0
2024 196  7 14 2000  -44.9  979.6  444.0  444.0   62.8  444.0
2024 196  7 14 2100  -45.2  980.2  444.0  444.0   62.4  444.0
2024 196  7 14 2200  -45.6  980.2  444.0  444.0   62.4  444.0
2024 196  7 14 2300  -45.1  980.4  444.0  444.0   62.8  444.0
2024 197  7 15 0000  -44.8  980.9  444.0  444.0   63.2  444.0
2024 197  7 15 0100  -40.9  980.9    6.0  208.0   67.6  444.0
2024 197  7 15 0200  -38.2  980.9    8.4  201.0   71.6  444.0
2024 197  7 15 0300  -40.6  981.5    7.6  193.0   67.2  444.0
2024 197  7 15 0400  -39.4  981.6    8.6  195.0   69.8  444.0
2024 197  7 15 0500  -38.6  981.9    7.8  183.0   70.3  444.0
2024 197  7 15 0600  -41.0  982.7    5.8  176.0   67.2  444.0
2024 197  7 15 0700  -38.6  983.6   10.1  187.0   71.6  444.0
2024 197  7 15 0800  -37.1  984.5   10.1  183.0   72.5  444.0
2024 197  7 15 0900  -35.2  984.1   11.5  194.0   74.7  444.0
2024 197  7 15 1000  -33.8  984.5   11.1  194.0   76.4  444.0
2024 197  7 15 1100  -34.1  985.2   12.7  188.0   76.0  444.0
2024 197  7 15 1200  -34.5  986.0   12.5  190.0   75.6  444.0
2024 197  7 15 1300  -34.0  986.3   15.6  194.0   78.2  444.0
2024 197  7 15 1400  -32.6  987.4   10.5  191.0   77.8  444.0
2024 197  7 15 1500  -31.4  988.4   13.3  198.0   80.0  444.0
2024 197  7 15 1600  -33.0  989.1   13.6  200.0   78.2  444.0
2024 197  7 15 1700  -32.9  990.4   10.5  194.0   78.2  444.0
2024 197  7 15 1800  -33.5  991.3    9.6  187.0   76.9  444.0
2024 197  7 15 1900  -34.2  991.3   11.3  181.0   76.9  444.0
2024 197  7 15 2000  -34.6  991.9   10.9  188.0   76.0  444.0
2024 197  7 15 2100  -33.0  992.4   11.9  200.0   78.6  444.0
2024 197  7 15 2200  -33.1  993.5   10.7  197.0   77.8  444.0
2024 197  7 15 2300  -35.1  993.6    8.6  195.0   75.1  444.0
2024 198  7 16 0000  -37.0  994.2    6.6  197.0   72.9  444.0
2024 198  7 16 0100  -38.9  994.0    5.1  204.0   70.3  444.0
2024 198  7 16 0200  -39.1  994.4    5.5  211.0   72.0  444.0
2024 198  7 16 0300  -38.5  993.9    4.7  208.0   71.2  444.0
2024 198  7 16 0400  -38.5  993.7    4.3  204.0   70.3  444.0
2024 198  7 16 0500  -38.4  994.0    4.7  208.0   71.2  444.0
2024 198  7 16 0600  -39.0  993.9    4.3  202.0   70.3  444.0
2024 198  7 16 0700  -39.4  994.1    4.3  198.0   69.4  444.0
2024 198  7 16 0800  -38.6  992.9    3.5  205.0   71.6  444.0
2024 198  7 16 0900  -36.9  992.8    2.9  205.0   72.5  444.0
2024 198  7 16 1000  -36.8  991.9    5.1  207.0   72.9  444.0
2024 198  7 16 1100  -32.2  990.8    5.3  212.0   73.4  444.0
2024 198  7 16 1200  -33.5  990.4  444.0  444.0   76.0  444.0
2024 198  7 16 1300  -35.8  989.1  444.0  444.0   75.6  444.0
2024 198  7 16 1400  -35.4  988.6  444.0  444.0   74.7  444.0
2024 198  7 16 1500  -33.5  986.9  444.0  444.0   76.4  444.0
2024 198  7 16 1600  -34.4  985.9  444.0  444.0   74.7  444.0
2024 198  7 16 1700  -37.6  985.4  444.0  444.0   72.9  444.0
2024 198  7 16 1800  -38.4  985.1  444.0  444.0   72.0  444.0
2024 198  7 16 1900  -35.5  984.6  444.0  444.0   74.7  444.0
2024 198  7 16 2000  -37.0  984.0  444.0  444.0   73.4  444.0
2024 198  7 16 2100  -34.5  982.7  444.0  444.0   76.9  444.0
2024 198  7 16 2200  -35.2  981.7  444.0  444.0   75.1  444.0
2024 198  7 16 2300  -37.0  980.8  444.0  444.0   71.6  444.0
2024 199  7 17 0000  -36.1  980.2  444.0  444.0   74.2  444.0
2024 199  7 17 0100  -36.2  979.3  444.0  444.0   74.2  444.0
2024 199  7 17 0200  -37.4  978.3  444.0  444.0   74.2  444.0
2024 199  7 17 0300  -36.0  977.7  444.0  444.0   74.2  444.0
2024 199  7 17 0400  -34.0  977.0  444.0  444.0   77.3  444.0
2024 199  7 17 0500  -32.1  976.7  444.0  444.0   77.8  444.0
2024 199  7 17 0600  -30.0  976.2  444.0  444.0   82.2  444.0
2024 199  7 17 0700  -29.4  976.1    6.0  205.0   82.6  444.0
2024 199  7 17 0800  -27.0  975.6    7.6  204.0   85.2  444.0
2024 199  7 17 0900  -22.5  975.0   15.6  204.0   90.1  444.0
2024 199  7 17 1000  -21.9  975.6   16.0  208.0   91.4  444.0
2024 199  7 17 1100  -21.5  975.7   16.8  218.0   91.4  444.0
2024 199  7 17 1200  -21.4  975.7   13.5  214.0   91.4  444.0
2024 199  7 17 1300  -18.9  975.6   18.1  211.0   94.5  444.0
2024 199  7 17 1400  -18.0  974.7   22.2  201.0   95.4  444.0
2024 199  7 17 1500  -18.0  975.2   21.3  214.0   94.5  444.0
2024 199  7 17 1600  -17.1  975.9   20.3  208.0   94.9  444.0
2024 199  7 17 1700  -16.6  975.5   19.5  214.0   96.2  444.0
2024 199  7 17 1800  -16.4  976.0   20.5  207.0   96.2  444.0
2024 199  7 17 1900  -16.8  976.6   18.3  204.0   96.2  444.0
2024 199  7 17 2000  -17.2  976.9   19.3  202.0   94.9  444.0
2024 199  7 17 2100  -17.9  977.6   20.3  207.0   94.9  444.0
2024 199  7 17 2200  -18.5  977.9   15.4  209.0   94.5  444.0
2024 199  7 17 2300  -18.5  978.2   19.9  209.0   94.5  444.0
2024 200  7 18 0000  -18.9  978.7   17.2  209.0   94.0  444.0
2024 200  7 18 0100  -18.8  978.8   17.2  212.0   94.0  444.0
2024 200  7 18 0200  -18.9  978.4   22.0  212.0   94.0  444.0
2024 200  7 18 0300  -19.1  978.8   18.3  214.0   93.6  444.0
2024 200  7 18 0400  -18.4  978.8   21.4  211.0   92.3  444.0
2024 200  7 18 0500  -17.8  978.4   21.6  198.0   94.9  444.0
2024 200  7 18 0600  -18.2  978.7   19.7  205.0   94.9  444.0
2024 200  7 18 0700  -18.5  978.8   18.1  202.0   93.6  444.0
2024 200  7 18 0800  -17.8  979.5   17.0  204.0   92.7  444.0
2024 200  7 18 0900  -19.1  979.3   17.5  201.0   93.6  444.0
2024 200  7 18 1000  -18.6  979.5   17.5  207.0   91.4  444.0
2024 200  7 18 1100  -18.6  980.2   18.3  209.0   90.1  444.0
2024 200  7 18 1200  -17.5  980.5   20.1  209.0   90.5  444.0
2024 200  7 18 1300  -17.5  980.1   18.3  207.0   90.5  444.0
2024 200  7 18 1400  -17.4  980.0   13.6  209.0   87.9  444.0
2024 200  7 18 1500  -15.6  980.3   17.0  212.0   87.9  444.0
2024 200  7 18 1600  -18.2  981.5   17.9  207.0   93.2  444.0
2024 200  7 18 1700  -18.5  982.7   14.6  209.0   91.8  444.0
2024 200  7 18 1800  -20.8  983.7   14.4  202.0   91.4  444.0
2024 200  7 18 1900  -21.9  984.0   16.4  201.0   90.5  444.0
2024 200  7 18 2000  -23.5  986.6   13.6  194.0   88.3  444.0
2024 200  7 18 2100  -24.2  987.8   10.1  198.0   88.3  444.0
2024 200  7 18 2200  -23.5  988.4   10.3  195.0   87.4  444.0
2024 200  7 18 2300  -23.8  988.5    8.6  197.0   86.6  444.0
2024 201  7 19 0000  -24.6  988.9    7.0  191.0   85.7  444.0
2024 201  7 19 0100  -23.8  988.6    9.0  191.0   84.4  444.0
2024 201  7 19 0200  -22.8  988.9    8.8  193.0   82.2  444.0
2024 201  7 19 0300  -23.9  989.7    5.1  211.0   82.2  444.0
2024 201  7 19 0400  -22.9  989.3    6.6  212.0   79.5  444.0
2024 201  7 19 0500  -23.5  989.1    4.5  212.0   78.6  444.0
2024 201  7 19 0600  -23.5  988.8    1.2  218.0   81.3  444.0
2024 201  7 19 0700  -25.1  988.4    2.7  218.0   81.7  444.0
2024 201  7 19 0800  -25.5  988.5    1.2  219.0   77.3  444.0
2024 201  7 19 0900  -25.0  988.5    3.9  219.0   78.2  444.0
2024 201  7 19 1000  -21.5  988.6    2.5  221.0   72.0  444.0
2024 201  7 19 1100  -21.2  988.4    1.4  221.0   71.2  444.0
2024 201  7 19 1200  -23.1  988.5    1.9  221.0   73.4  444.0
2024 201  7 19 1300  -24.8  988.2    2.3  221.0   77.3  444.0
2024 201  7 19 1400  -21.9  988.1    0.0    0.0   91.0  444.0
2024 201  7 19 1500  -21.5  988.0    0.2  221.0   91.0  444.0
2024 201  7 19 1600  -23.5  988.2    0.8  236.0   90.5  444.0
2024 201  7 19 1700  -21.0  988.6    0.6  236.0   94.5  444.0
2024 201  7 19 1800  -22.6  989.1    0.0    0.0   89.6  444.0
2024 201  7 19 1900  -22.5  989.5    0.8  236.0   90.5  444.0
2024 201  7 19 2000  -22.6  990.0    0.0    0.0   90.1  444.0
2024 201  7 19 2100  -23.6  990.6    0.4  236.0   89.6  444.0
2024 201  7 19 2200  -22.5  991.2    0.6  236.0   92.7  444.0
2024 201  7 19 2300  -24.8  991.8  444.0  444.0   89.6  444.0
2024 202  7 20 0000  -26.1  992.6  444.0  444.0   85.2  444.0
2024 202  7 20 0100  -24.2  993.5  444.0  444.0   88.8  444.0
2024 202  7 20 0200  -26.1  994.3  444.0  444.0   87.0  444.0
2024 202  7 20 0300  -31.6  995.2  444.0  444.0   79.1  444.0
2024 202  7 20 0400  -35.4  996.1  444.0  444.0   77.3  444.0
2024 202  7 20 0500  -34.1  997.1  444.0  444.0   77.3  444.0
2024 202  7 20 0600  -34.8  997.9  444.0  444.0   77.8  444.0
2024 202  7 20 0700  -37.4  998.4  444.0  444.0   73.4  444.0
2024 202  7 20 0800  -36.9  999.1  444.0  444.0   74.2  444.0
2024 202  7 20 0900  -32.4  999.7  444.0  444.0   80.0  444.0
2024 202  7 20 1000  -33.8 1000.3  444.0  444.0   76.9  444.0
2024 202  7 20 1100  -36.8 1001.5  444.0  444.0   73.8  444.0
2024 202  7 20 1200  -35.4 1002.3  444.0  444.0   75.1  444.0
2024 202  7 20 1300  -32.4 1002.8  444.0  444.0   78.6  444.0
2024 202  7 20 1400  -32.6 1003.3  444.0  444.0   78.6  444.0
2024 202  7 20 1500  -34.0 1003.7  444.0  444.0   76.0  444.0
2024 202  7 20 1600  -37.8 1004.4  444.0  444.0   72.5  444.0
2024 202  7 20 1700  -37.9 1004.9  444.0  444.0   72.5  444.0
2024 202  7 20 1800  -37.5 1005.0  444.0  444.0   73.4  444.0
2024 202  7 20 1900  -36.5 1005.6  444.0  444.0   74.2  444.0
2024 202  7 20 2000  -37.4 1006.1  444.0  444.0   72.5  444.0
2024 202  7 20 2100  -37.6 1006.3  444.0  444.0   72.9  444.0
2024 202  7 20 2200  -37.6 1006.8  444.0  444.0   72.5  444.0
2024 202  7 20 2300  -37.4 1007.0  444.0  444.0   72.5  444.0
2024 203  7 21 0000  -38.1 1007.3  444.0  444.0   71.2  444.0
2024 203  7 21 0100  -39.1 1007.3  444.0  444.0   70.7  444.0
2024 203  7 21 0200  -38.5 1007.5  444.0  444.0   71.2  444.0
2024 203  7 21 0300  -38.0 1007.8  444.0  444.0   72.0  444.0
2024 203  7 21 0400  -37.5 1007.4  444.0  444.0   72.9  444.0
2024 203  7 21 0500  -36.1 1007.7  444.0  444.0   74.2  444.0
2024 203  7 21 0600  -34.8 1007.8  444.0  444.0   75.1  444.0
2024 203  7 21 0700  -35.2 1007.9  444.0  444.0   75.1  444.0
2024 203  7 21 0800  -35.1 1007.8  444.0  444.0   75.6  444.0
2024 203  7 21 0900  -35.1 1007.9  444.0  444.0   75.6  444.0
2024 203  7 21 1000  -35.2 1007.8  444.0  444.0   75.6  444.0
2024 203  7 21 1100  -33.5 1008.1  444.0  444.0   77.8  444.0
2024 203  7 21 1200  -30.4 1008.4  444.0  444.0   79.5  444.0
2024 203  7 21 1300  -29.2 1008.4  444.0  444.0   83.9  444.0
2024 203  7 21 1400  -33.1 1008.5  444.0  444.0   78.6  444.0
2024 203  7 21 1500  -28.5 1008.8  444.0  444.0   85.7  444.0
2024 203  7 21 1600  -27.0 1009.2  444.0  444.0   87.0  444.0
2024 203  7 21 1700  -26.8 1009.1  444.0  444.0   87.0  444.0
2024 203  7 21 1800  -28.8 1009.0  444.0  444.0   83.5  444.0
2024 203  7 21 1900  -27.9 1009.4  444.0  444.0   84.4  444.0
2024 203  7 21 2000  -25.8 1009.4  444.0  444.0   83.9  444.0
2024 203  7 21 2100  -28.5 1009.9  444.0  444.0   84.4  444.0
2024 203  7 21 2200  -28.8 1010.5  444.0  444.0   86.1  444.0
2024 203  7 21 2300  -34.8 1011.6  444.0  444.0   76.0  444.0
2024 204  7 22 0000  -35.9 1011.9  444.0  444.0   75.1  444.0
2024 204  7 22 0100  -34.0 1012.2  444.0  444.0   77.8  444.0
2024 204  7 22 0200  -35.4 1012.6  444.0  444.0   75.6  444.0
2024 204  7 22 0300  -34.0 1012.8  444.0  444.0   75.6  444.0
2024 204  7 22 0400  -37.5 1013.4  444.0  444.0   72.9  444.0
2024 204  7 22 0500  -35.2 1013.6  444.0  444.0   75.1  444.0
2024 204  7 22 0600  -29.1 1013.7  444.0  444.0   82.6  444.0
2024 204  7 22 0700  -37.1 1014.5    3.1  202.0   72.0  444.0
2024 204  7 22 0800  -38.5 1014.4    2.1  181.0   72.0  444.0
2024 204  7 22 0900  -38.0 1015.4    2.7  202.0   72.5  444.0
2024 204  7 22 1000  -34.8 1016.1    4.3  205.0   74.7  444.0
2024 204  7 22 1100  -32.8 1016.9    5.8  198.0   79.1  444.0
2024 204  7 22 1200  -32.1 1017.0    5.1  193.0   78.6  444.0
2024 204  7 22 1300  -34.2 1017.8    6.4  173.0   76.4  444.0
2024 204  7 22 1400  -33.6 1018.2    6.8  190.0   77.8  444.0
2024 204  7 22 1500  -33.4 1018.6    3.5  219.0   77.8  444.0
2024 204  7 22 1600  -31.6 1018.4    5.3  207.0   80.0  444.0
2024 204  7 22 1700  -30.4 1018.2    4.3  207.0   81.3  444.0
2024 204  7 22 1800  -31.6 1018.7    4.9  194.0   80.0  444.0
2024 204  7 22 1900  -31.5 1018.3    4.3  176.0   80.0  444.0
2024 204  7 22 2000  -31.5 1018.2    3.1  212.0   80.0  444.0
2024 204  7 22 2100  -27.9 1017.5  444.0  444.0   85.7  444.0
2024 204  7 22 2200  -28.0 1017.0  444.0  444.0   83.5  444.0
2024 204  7 22 2300  -27.1 1016.5  444.0  444.0   84.4  444.0
2024 205  7 23 0000  -27.9 1015.9  444.0  444.0   85.2  444.0
2024 205  7 23 0100  -29.4 1015.2  444.0  444.0   83.0  444.0
2024 205  7 23 0200  -27.1 1014.0  444.0  444.0   86.6  444.0
2024 205  7 23 0300  -26.2 1013.6  444.0  444.0   85.2  444.0
2024 205  7 23 0400  -26.1 1012.8  444.0  444.0   86.6  444.0
2024 205  7 23 0500  -25.0 1012.3  444.0  444.0   87.9  444.0
2024 205  7 23 0600  -30.6 1012.7  444.0  444.0   80.4  444.0
2024 205  7 23 0700  -36.6 1012.4  444.0  444.0   74.2  444.0
2024 205  7 23 0800  -36.1 1012.1  444.0  444.0   73.4  444.0
2024 205  7 23 0900  -37.1 1011.6  444.0  444.0   72.5  444.0
2024 205  7 23 1000  -37.4 1011.1  444.0  444.0   74.7  444.0
2024 205  7 23 1100  -33.8 1010.7  444.0  444.0   77.8  444.0
2024 205  7 23 1200  -30.5 1010.3  444.0  444.0   81.7  444.0
2024 205  7 23 1300  -24.9 1009.6  444.0  444.0   89.2  444.0
2024 205  7 23 1400  -28.5 1009.1  444.0  444.0   81.7  444.0
2024 205  7 23 1500  -28.4 1008.6  444.0  444.0   81.7  444.0
2024 205  7 23 1600  -29.5 1008.4  444.0  444.0   83.0  444.0
2024 205  7 23 1700  -31.4 1008.1  444.0  444.0   80.4  444.0
2024 205  7 23 1800  -30.9 1007.7  444.0  444.0   80.4  444.0
2024 205  7 23 1900  -30.5 1007.1  444.0  444.0   81.3  444.0
2024 205  7 23 2000  -30.4 1007.1  444.0  444.0   86.6  444.0
2024 205  7 23 2100  -32.1 1006.2  444.0  444.0   80.4  444.0
2024 205  7 23 2200  -32.9 1006.0  444.0  444.0   77.3  444.0
2024 205  7 23 2300  -32.6 1005.6  444.0  444.0   79.1  444.0
2024 206  7 24 0000  -31.0 1005.0  444.0  444.0   80.4  444.0
2024 206  7 24 0100  -27.2 1004.4  444.0  444.0   83.0  444.0
2024 206  7 24 0200  -29.0 1004.0  444.0  444.0   82.6  444.0
2024 206  7 24 0300  -27.9 1003.4  444.0  444.0   83.5  444.0
2024 206  7 24 0400  -28.8 1002.8  444.0  444.0   82.2  444.0
2024 206  7 24 0500  -26.6 1001.8  444.0  444.0   84.8  444.0
2024 206  7 24 0600  -27.2 1001.1  444.0  444.0   84.4  444.0
2024 206  7 24 0700  -27.5 1000.2  444.0  444.0   86.1  444.0
2024 206  7 24 0800  -28.2  999.9  444.0  444.0   83.9  444.0
2024 206  7 24 0900  -28.2  999.5  444.0  444.0   83.5  444.0
2024 206  7 24 1000  -29.6  998.6  444.0  444.0   82.2  444.0
2024 206  7 24 1100  -28.5  998.5  444.0  444.0   83.0  444.0
2024 206  7 24 1200  -26.0  997.9  444.0  444.0   85.2  444.0
2024 206  7 24 1300  -26.8  997.5  444.0  444.0   85.2  444.0
2024 206  7 24 1400  -25.1  996.8  444.0  444.0   87.0  444.0
2024 206  7 24 1500  -27.6  996.2  444.0  444.0   84.4  444.0
2024 206  7 24 1600  -27.6  995.8  444.0  444.0   84.4  444.0
2024 206  7 24 1700  -28.9  995.2  444.0  444.0   83.5  444.0
2024 206  7 24 1800  -26.9  994.1  444.0  444.0   84.4  444.0
2024 206  7 24 1900  -27.0  993.7  444.0  444.0   84.4  444.0
2024 206  7 24 2000  -27.4  993.1  444.0  444.0   84.4  444.0
2024 206  7 24 2100  -27.2  992.7    2.3  188.0   85.7  444.0
2024 206  7 24 2200  -27.5  992.4    0.2  186.0   85.2  444.0
2024 206  7 24 2300  -27.9  993.4    1.8  170.0   83.5  444.0
2024 207  7 25 0000  -30.0  993.3    1.0  170.0   80.8  444.0
2024 207  7 25 0100  -30.2  994.2    1.0  170.0   80.4  444.0
2024 207  7 25 0200  -31.6  994.8    3.1  141.0   80.0  444.0
2024 207  7 25 0300  -32.2  995.3    2.5  141.0   79.1  444.0
2024 207  7 25 0400  -31.6  995.8    3.9  190.0   79.1  444.0
2024 207  7 25 0500  -30.6  996.1    4.9  170.0   80.8  444.0
2024 207  7 25 0600  -30.5  996.6    4.7  207.0   80.8  444.0
2024 207  7 25 0700  -32.4  997.2    6.0  207.0   79.1  444.0
2024 207  7 25 0800  -31.4  997.7    5.8  193.0   80.0  444.0
2024 207  7 25 0900  -32.0  998.6    4.9  200.0   79.5  444.0
2024 207  7 25 1000  -32.4  999.0    5.5  197.0   79.1  444.0
2024 207  7 25 1100  -32.0  999.7    7.8  184.0   80.4  444.0
2024 207  7 25 1200  -30.4 1000.5    7.0  187.0   82.2  444.0
2024 207  7 25 1300  -31.1 1000.7    7.0  193.0   80.0  444.0
2024 207  7 25 1400  -30.2 1000.9    6.4  191.0   81.7  444.0
2024 207  7 25 1500  -31.0 1001.3    6.0  193.0   80.4  444.0
2024 207  7 25 1600  -31.9 1001.8    4.5  180.0   78.2  444.0
2024 207  7 25 1700  -34.5 1002.6    2.1  183.0   76.4  444.0
2024 207  7 25 1800  -35.6 1003.1    3.3  204.0   75.6  444.0
2024 207  7 25 1900  -33.8 1003.3    2.9  209.0   78.6  444.0
2024 207  7 25 2000  -30.0 1003.7    2.1  186.0   80.8  444.0
2024 207  7 25 2100  -29.8 1004.0    1.2  183.0   81.3  444.0
2024 207  7 25 2200  -31.8 1004.5    0.4  228.0   79.5  444.0
2024 207  7 25 2300  -30.8 1005.4    2.9  228.0   78.2  444.0
2024 208  7 26 0000  -33.8 1005.6    3.5  187.0   75.6  444.0
2024 208  7 26 0100  -36.2 1005.9    4.3  187.0   74.2  444.0
2024 208  7 26 0200  -37.0 1005.9    3.9  190.0   73.8  444.0
2024 208  7 26 0300  -37.0 1006.0    4.1  183.0   72.5  444.0
2024 208  7 26 0400  -37.5 1006.2    4.5  186.0   72.5  444.0
2024 208  7 26 0500  -38.1 1006.1    3.5  191.0   72.0  444.0
2024 208  7 26 0600  -38.0 1006.2    4.1  187.0   72.0  444.0
2024 208  7 26 0700  -38.1 1006.1    3.9  179.0   71.6  444.0
2024 208  7 26 0800  -38.2 1006.1    3.3  186.0   71.6  444.0
2024 208  7 26 0900  -39.2 1005.8    2.9  183.0   70.3  444.0
2024 208  7 26 1000  -37.6 1005.6    2.9  200.0   72.5  444.0
2024 208  7 26 1100  -36.2 1004.8    1.6  183.0   74.2  444.0
2024 208  7 26 1200  -41.2 1004.8    0.6  215.0   68.1  444.0
2024 208  7 26 1300  -35.1 1004.6    0.4  215.0   73.8  444.0
2024 208  7 26 1400  -35.2 1004.0    1.0  215.0   75.1  444.0
2024 208  7 26 1500  -35.0 1002.9    1.9  164.0   75.1  444.0
2024 208  7 26 1600  -35.4 1002.3    0.8  164.0   73.8  444.0
2024 208  7 26 1700  -37.6 1001.6    0.0    0.0   72.0  444.0
2024 208  7 26 1800  -36.9 1000.9    0.8  164.0   72.5  444.0
2024 208  7 26 1900  -41.4  999.9    1.9  141.0   68.1  444.0
2024 208  7 26 2000  -42.4  999.4    1.6  141.0   66.8  444.0
2024 208  7 26 2100  -44.1  999.3    3.1  173.0   64.6  444.0
2024 208  7 26 2200  -43.9  999.2    3.1  166.0   65.4  444.0
2024 208  7 26 2300  -44.2  998.9    3.1  166.0   64.6  444.0
2024 209  7 27 0000  -44.2  999.0    3.5  180.0   64.6  444.0
2024 209  7 27 0100  -42.5  998.4    3.5  176.0   66.8  444.0
2024 209  7 27 0200  -41.2  998.1    3.3  176.0   66.8  444.0
2024 209  7 27 0300  -42.2  997.4    2.5  173.0   65.9  444.0
2024 209  7 27 0400  -41.2  997.3    3.5  167.0   66.8  444.0
2024 209  7 27 0500  -40.9  997.0    3.1  166.0   68.5  444.0
2024 209  7 27 0600  -41.4  996.7    2.5  166.0   66.8  444.0
2024 209  7 27 0700  -41.6  996.5    2.1  166.0   66.3  444.0
2024 209  7 27 0800  -41.0  995.9    1.8  166.0   67.2  444.0
2024 209  7 27 0900  -41.5  995.7    2.5  142.0   67.2  444.0
2024 209  7 27 1000  -42.2  995.6    1.8  142.0   66.3  444.0
2024 209  7 27 1100  -44.6  995.7    1.2  176.0   63.2  444.0
2024 209  7 27 1200  -44.5  995.7    1.9  174.0   64.1  444.0
2024 209  7 27 1300  -42.6  995.5    1.9  169.0   65.4  444.0
2024 209  7 27 1400  -42.9  995.3    1.8  146.0   65.0  444.0
2024 209  7 27 1500  -43.0  995.6    1.8  150.0   65.0  444.0
2024 209  7 27 1600  -42.8  995.5    1.6  150.0   65.9  444.0
2024 209  7 27 1700  -41.5  995.6    1.8  150.0   66.3  444.0
2024 209  7 27 1800  -40.4  995.1    0.4  150.0   68.5  444.0
2024 209  7 27 1900  -41.6  995.3    3.9  180.0   65.9  444.0
2024 209  7 27 2000  -43.4  995.2    1.9  216.0   65.0  444.0
2024 209  7 27 2100  -42.9  995.2    1.6  195.0   65.0  444.0
2024 209  7 27 2200  -43.9  995.1    1.8  214.0   64.6  444.0
2024 209  7 27 2300  -43.2  994.8    1.6  202.0   65.0  444.0
2024 210  7 28 0000  -43.0  994.6    1.8  207.0   65.0  444.0
2024 210  7 28 0100  -43.6  994.6    2.1  229.0   65.0  444.0
2024 210  7 28 0200  -43.8  994.4    1.8  228.0   65.0  444.0
2024 210  7 28 0300  -43.4  994.1    1.6  219.0   64.6  444.0
2024 210  7 28 0400  -39.8  993.8  444.0  444.0   69.4  444.0
2024 210  7 28 0500  -40.6  993.1  444.0  444.0   68.1  444.0
2024 210  7 28 0600  -39.5  992.9  444.0  444.0   69.0  444.0
2024 210  7 28 0700  -38.8  992.8  444.0  444.0   70.3  444.0
2024 210  7 28 0800  -35.2  992.7  444.0  444.0   72.5  444.0
2024 210  7 28 0900  -41.1  992.8  444.0  444.0   66.8  444.0
2024 210  7 28 1000  -41.1  992.5  444.0  444.0   67.2  444.0
2024 210  7 28 1100  -40.9  992.3  444.0  444.0   67.2  444.0
2024 210  7 28 1200  -42.6  992.2  444.0  444.0   65.4  444.0
2024 210  7 28 1300  -44.1  992.5    1.4  136.0   64.1  444.0
2024 210  7 28 1400  -44.2  992.8    1.4  136.0   64.1  444.0
2024 210  7 28 1500  -44.1  993.3    1.0  136.0   64.6  444.0
2024 210  7 28 1600  -42.4  993.9    1.4  187.0   65.4  444.0
2024 210  7 28 1700  -41.9  994.3    4.1  218.0   66.8  444.0
2024 210  7 28 1800  -41.0  994.6    7.8  207.0   67.2  444.0
2024 210  7 28 1900  -42.6  995.9    6.0  207.0   65.9  444.0
2024 210  7 28 2000  -41.5  996.3    4.7  215.0   67.2  444.0
2024 210  7 28 2100  -40.9  996.8    4.7  208.0   67.6  444.0
2024 210  7 28 2200  -40.6  997.6    4.3  202.0   67.6  444.0
2024 210  7 28 2300  -40.9  998.2    4.5  195.0   68.1  444.0
2024 211  7 29 0000  -37.0  998.9    5.8  194.0   72.0  444.0
2024 211  7 29 0100  -41.6  999.2    2.5  222.0   66.8  444.0
2024 211  7 29 0200  -40.1 1000.0    2.5  240.0   69.4  444.0
2024 211  7 29 0300  -38.5 1000.4    2.1  232.0   70.3  444.0
2024 211  7 29 0400  -38.2 1000.6    2.9  231.0   72.5  444.0
2024 211  7 29 0500  -35.4 1001.1    2.9  249.0   74.7  444.0
2024 211  7 29 0600  -33.0 1001.6    1.9  221.0   78.6  444.0
2024 211  7 29 0700  -32.9 1002.0    3.5  225.0   75.6  444.0
2024 211  7 29 0800  -36.9 1002.6    1.4  226.0   72.0  444.0
2024 211  7 29 0900  -36.2 1002.7    2.3  239.0   72.9  444.0
2024 211  7 29 1000  -32.4 1002.8    2.7  218.0   77.3  444.0
2024 211  7 29 1100  -32.0 1003.1    3.5  240.0   77.8  444.0
2024 211  7 29 1200  -34.5 1002.8    3.3  236.0   75.6  444.0
2024 211  7 29 1300  -35.4 1002.4    3.1  221.0   74.7  444.0
2024 211  7 29 1400  -34.5 1003.1    0.6  224.0   76.0  444.0
2024 211  7 29 1500  -31.6 1003.1    3.5  236.0   79.1  444.0
2024 211  7 29 1600  -28.4 1002.8    6.2  188.0   83.0  444.0
2024 211  7 29 1700  -27.1 1002.5    6.4  195.0   84.4  444.0
2024 211  7 29 1800  -26.6 1002.7    9.8  188.0   89.2  444.0
2024 211  7 29 1900  -24.9 1002.8    9.9  201.0   87.4  444.0
2024 211  7 29 2000  -24.9 1003.1    9.6  207.0   87.4  444.0
2024 211  7 29 2100  -25.6 1003.4    8.4  209.0   86.6  444.0
2024 211  7 29 2200  -25.9 1003.1    7.0  200.0   86.6  444.0
2024 211  7 29 2300  -27.2 1003.5    4.5  184.0   84.8  444.0
2024 212  7 30 0000  -28.1 1003.3    3.9  238.0   83.5  444.0
2024 212  7 30 0100  -29.9 1003.3    0.4  229.0   82.2  444.0
2024 212  7 30 0200  -28.2 1003.1    0.0    0.0   83.9  444.0
2024 212  7 30 0300  -26.1 1002.9    0.0    0.0   85.7  444.0
2024 212  7 30 0400  -23.2 1002.6    1.2  229.0   89.2  444.0
2024 212  7 30 0500  -22.0 1001.3  444.0  444.0   88.3  444.0
2024 212  7 30 0600  -24.6 1000.1  444.0  444.0   90.5  444.0
2024 212  7 30 0700  -27.4  998.9  444.0  444.0   85.7  444.0
2024 212  7 30 0800  -29.2  998.3  444.0  444.0   82.2  444.0
2024 212  7 30 0900  -33.2  998.6  444.0  444.0   78.2  444.0
2024 212  7 30 1000  -36.5  998.3  444.0  444.0   73.8  444.0
2024 212  7 30 1100  -38.4  998.2  444.0  444.0   72.9  444.0
2024 212  7 30 1200  -37.0  997.5  444.0  444.0   73.4  444.0
2024 212  7 30 1300  -35.8  996.9  444.0  444.0   74.7  444.0
2024 212  7 30 1400  -36.2  996.1  444.0  444.0   73.8  444.0
2024 212  7 30 1500  -33.5  994.8  444.0  444.0   77.3  444.0
2024 212  7 30 1600  -36.0  993.6  444.0  444.0   74.2  444.0
2024 212  7 30 1700  -37.1  992.5  444.0  444.0   72.9  444.0
2024 212  7 30 1800  -37.0  991.6  444.0  444.0   72.5  444.0
2024 212  7 30 1900  -36.1  991.0  444.0  444.0   73.4  444.0
2024 212  7 30 2000  -35.5  990.1  444.0  444.0   74.7  444.0
2024 212  7 30 2100  -38.6  989.8  444.0  444.0   72.0  444.0
2024 212  7 30 2200  -37.5  989.2  444.0  444.0   72.0  444.0
2024 212  7 30 2300  -33.5  988.4  444.0  444.0   77.8  444.0
2024 213  7 31 0000  -30.9  988.0  444.0  444.0   80.0  444.0
2024 213  7 31 0100  -30.8  987.9  444.0  444.0   80.8  444.0
2024 213  7 31 0200  -30.5  987.9  444.0  444.0   80.8  444.0
2024 213  7 31 0300  -30.5  987.9  444.0  444.0   81.3  444.0
2024 213  7 31 0400  -33.1  987.9  444.0  444.0   76.0  444.0
2024 213  7 31 0500  -34.1  987.6  444.0  444.0   74.7  444.0
2024 213  7 31 0600  -35.2  988.2    4.3  205.0   75.1  444.0
2024 213  7 31 0700  -38.0  988.4    3.5  214.0   72.5  444.0
2024 213  7 31 0800  -36.5  988.1    5.3  198.0   74.7  444.0
2024 213  7 31 0900  -33.9  988.5   10.9  209.0   80.4  444.0
2024 213  7 31 1000  -29.4  987.9   12.9  216.0   82.6  444.0
2024 213  7 31 1100  -29.4  987.6   12.1  209.0   82.6  444.0
2024 213  7 31 1200  -27.0  987.9   12.5  207.0   85.7  444.0
2024 213  7 31 1300  -25.6  987.7   14.6  208.0   87.4  444.0
2024 213  7 31 1400  -22.9  987.1   13.8  221.0   89.6  444.0
2024 213  7 31 1500  -21.6  986.8   14.6  222.0   90.5  444.0
2024 213  7 31 1600  -21.0  986.5   14.2  218.0   87.9  444.0
2024 213  7 31 1700  -20.2  985.6   15.2  218.0   81.7  444.0
2024 213  7 31 1800  -19.9  985.2   14.4  212.0   74.7  444.0
2024 213  7 31 1900  -18.5  984.6   17.7  215.0   69.8  444.0
2024 213  7 31 2000  -18.5  984.6   18.3  204.0   66.8  444.0
2024 213  7 31 2100  -20.1  984.8   17.4  180.0   72.5  444.0
2024 213  7 31 2200  -21.0  984.7   15.8  198.0   74.2  444.0
2024 213  7 31 2300  -21.2  984.4   24.2  205.0   90.5  444.0
