Year: 2021  Month: 09  ID: LR2  ARGOS: 21360  Name: Laurie II         
Lat: 77.43S  Lon: 170.75E  Elev:   34m                                
2021 244  9  1 0000  -28.6  987.6    3.5  444.0   83.5  444.0
2021 244  9  1 0100  -34.1  988.0    3.1  444.0   76.9  444.0
2021 244  9  1 0200  -30.2  987.8    0.0  444.0   81.3  444.0
2021 244  9  1 0300  -32.6  987.4    0.4  444.0   79.1  444.0
2021 244  9  1 0400  -31.5  987.0    1.4  444.0   73.8  444.0
2021 244  9  1 0500  -32.1  986.8    0.0  444.0   78.2  444.0
2021 244  9  1 0600  -32.1  986.6    0.0  444.0   77.8  444.0
2021 244  9  1 0700  -34.1  986.3    3.3  444.0   75.6  444.0
2021 244  9  1 0800  -37.8  986.3    2.1  444.0   69.8  444.0
2021 244  9  1 0900  -32.9  986.2    1.4  444.0   77.8  444.0
2021 244  9  1 1000  -31.1  985.9    0.0  444.0   79.5  444.0
2021 244  9  1 1100  -30.9  984.8    5.1  444.0   79.5  444.0
2021 244  9  1 1200  -29.8  984.5    4.9  444.0   83.0  444.0
2021 244  9  1 1300  -30.5  984.3    3.9  444.0   79.5  444.0
2021 244  9  1 1400  -33.2  983.7    3.7  444.0   76.4  444.0
2021 244  9  1 1500  -35.8  983.3    2.5  444.0   75.6  444.0
2021 244  9  1 1600  -35.0  983.1    3.5  444.0   75.6  444.0
2021 244  9  1 1700  -37.5  982.1    3.9  444.0   72.9  444.0
2021 244  9  1 1800  -35.9  981.9    3.3  444.0   73.8  444.0
2021 244  9  1 1900  -37.8  981.2    4.7  444.0   74.2  444.0
2021 244  9  1 2000  -32.4  980.6    3.9  444.0   79.1  444.0
2021 244  9  1 2100  -34.5  979.0    5.8  444.0   76.4  444.0
2021 244  9  1 2200  -33.2  978.2    5.8  444.0   75.6  444.0
2021 244  9  1 2300  -33.5  977.6    5.1  444.0   80.4  444.0
2021 245  9  2 0000  -31.8  977.1    5.1  444.0   79.5  444.0
2021 245  9  2 0100  -29.8  976.6    3.7  444.0   81.7  444.0
2021 245  9  2 0200  -24.9  975.8    3.1  444.0   87.9  444.0
2021 245  9  2 0300  -31.4  974.6    4.1  444.0   78.6  444.0
2021 245  9  2 0400  -33.9  973.6    3.7  444.0   76.4  444.0
2021 245  9  2 0500  -35.8  972.5    4.5  444.0   74.7  444.0
2021 245  9  2 0600  -34.0  972.0    5.7  444.0   73.4  444.0
2021 245  9  2 0700  -33.9  971.2    7.6  444.0   75.1  444.0
2021 245  9  2 0800  -31.6  970.1    9.6  444.0   76.9  444.0
2021 245  9  2 0900  -32.6  969.5    7.0  444.0   72.9  444.0
2021 245  9  2 1000  -31.1  969.0    7.4  444.0   71.6  444.0
2021 245  9  2 1100  -34.0  969.0    7.4  444.0   69.0  444.0
2021 245  9  2 1200  -28.8  969.0   13.8  444.0   81.7  444.0
2021 245  9  2 1300  -28.8  968.9   11.9  444.0   77.8  444.0
2021 245  9  2 1400  -30.4  969.0   10.5  444.0   76.0  444.0
2021 245  9  2 1500  -29.0  969.3   13.8  444.0   81.7  444.0
2021 245  9  2 1600  -30.6  969.8    9.9  444.0   81.3  444.0
2021 245  9  2 1700  -29.6  970.4    7.8  444.0   81.7  444.0
2021 245  9  2 1800  -31.5  970.7   12.5  444.0   79.1  444.0
2021 245  9  2 1900  -34.4  970.9   10.1  444.0   75.6  444.0
2021 245  9  2 2000  -36.0  971.3   10.3  444.0   74.7  444.0
2021 245  9  2 2100  -35.6  971.9   10.5  444.0   74.7  444.0
2021 245  9  2 2200  -35.2  972.9   12.1  444.0   76.0  444.0
2021 245  9  2 2300  -34.4  973.8    9.9  444.0   75.6  444.0
2021 246  9  3 0000  -35.2  973.9    9.6  444.0   72.9  444.0
2021 246  9  3 0100  -35.8  974.0    7.6  444.0   71.6  444.0
2021 246  9  3 0200  -34.8  972.7    9.8  444.0   75.6  444.0
2021 246  9  3 0300  -32.9  972.5   11.1  444.0   77.8  444.0
2021 246  9  3 0400  -29.8  972.5   11.1  444.0   81.7  444.0
2021 246  9  3 0500  -26.6  972.6   14.2  444.0   87.0  444.0
2021 246  9  3 0600  -24.9  973.3   12.9  444.0   85.7  444.0
2021 246  9  3 0700  -26.1  973.3   10.9  444.0   81.3  444.0
2021 246  9  3 0800  -27.0  972.9   11.9  444.0   81.7  444.0
2021 246  9  3 0900  -27.9  972.3   12.9  444.0   82.2  444.0
2021 246  9  3 1000  -28.1  971.0   14.4  444.0   83.0  444.0
2021 246  9  3 1100  -26.6  971.2   15.8  444.0   84.4  444.0
2021 246  9  3 1200  -28.6  971.8   13.5  444.0   82.2  444.0
2021 246  9  3 1300  -29.9  972.3    8.4  444.0   81.3  444.0
2021 246  9  3 1400  -30.4  972.4    8.6  444.0   80.4  444.0
2021 246  9  3 1500  -29.1  970.9   15.6  444.0   82.6  444.0
2021 246  9  3 1600  -28.0  971.5   16.4  444.0   76.9  444.0
2021 246  9  3 1700  -30.6  972.1   10.5  444.0   77.8  444.0
2021 246  9  3 1800  -29.6  971.8   12.3  444.0   79.1  444.0
2021 246  9  3 1900  -29.5  971.9   11.1  444.0   77.8  444.0
2021 246  9  3 2000  -29.0  972.0   11.1  444.0   76.9  444.0
2021 246  9  3 2100  -28.2  971.7   11.7  444.0   76.9  444.0
2021 246  9  3 2200  -25.6  972.0   11.1  444.0   70.3  444.0
2021 246  9  3 2300  -24.8  972.2    9.9  444.0   69.0  444.0
2021 247  9  4 0000  -24.6  972.1   10.9  444.0   68.1  444.0
2021 247  9  4 0100  -25.2  971.9    9.2  444.0   68.1  444.0
2021 247  9  4 0200  -25.5  971.7    8.6  444.0   67.6  444.0
2021 247  9  4 0300  -28.6  971.6   10.1  444.0   72.5  444.0
2021 247  9  4 0400  -29.8  971.8    9.6  444.0   73.8  444.0
2021 247  9  4 0500  -30.9  971.5    9.6  444.0   72.5  444.0
2021 247  9  4 0600  -31.6  971.5   10.3  444.0   72.9  444.0
2021 247  9  4 0700  -32.2  971.7    8.0  444.0   72.0  444.0
2021 247  9  4 0800  -32.2  971.7    6.2  444.0   72.0  444.0
2021 247  9  4 0900  -31.5  971.4    9.4  444.0   70.7  444.0
2021 247  9  4 1000  -33.4  971.2    7.2  444.0   69.8  444.0
2021 247  9  4 1100  -34.8  970.9    6.8  444.0   71.2  444.0
2021 247  9  4 1200  -34.2  970.8    9.8  444.0   70.7  444.0
2021 247  9  4 1300  -33.8  970.7    8.4  444.0   69.4  444.0
2021 247  9  4 1400  -32.0  970.3    9.8  444.0   66.8  444.0
2021 247  9  4 1500  -31.1  970.8   10.7  444.0   66.8  444.0
2021 247  9  4 1600  -31.1  970.8    9.4  444.0   65.9  444.0
2021 247  9  4 1700  -30.2  971.0   11.3  444.0   66.3  444.0
2021 247  9  4 1800  -29.6  971.2   10.1  444.0   67.6  444.0
2021 247  9  4 1900  -30.5  971.2    9.8  444.0   68.1  444.0
2021 247  9  4 2000  -31.6  971.4    9.6  444.0   69.0  444.0
2021 247  9  4 2100  -32.4  972.0    8.8  444.0   69.4  444.0
2021 247  9  4 2200  -32.9  972.1    8.4  444.0   69.0  444.0
2021 247  9  4 2300  -32.8  972.1    9.6  444.0   66.8  444.0
2021 248  9  5 0000  -30.8  972.0    9.9  444.0   63.2  444.0
2021 248  9  5 0100  -30.0  972.1    6.0  444.0   62.8  444.0
2021 248  9  5 0200  -29.9  971.8    6.0  444.0   61.9  444.0
2021 248  9  5 0300  -32.2  971.8    4.1  444.0   64.1  444.0
2021 248  9  5 0400  -32.6  971.3    3.5  444.0   63.7  444.0
2021 248  9  5 0500  -32.6  970.6    5.7  444.0   63.7  444.0
2021 248  9  5 0600  -31.5  970.2    5.7  444.0   64.1  444.0
2021 248  9  5 0700  -31.4  970.1    4.7  444.0   67.6  444.0
2021 248  9  5 0800  -29.1  969.8    4.3  444.0   68.5  444.0
2021 248  9  5 0900  -26.9  969.5    5.3  444.0   84.4  444.0
2021 248  9  5 1000  -25.6  968.3    5.7  444.0   71.2  444.0
2021 248  9  5 1100  -21.4  967.4   16.2  444.0   69.8  444.0
2021 248  9  5 1200  -20.4  966.8   10.3  444.0   75.1  444.0
2021 248  9  5 1300  -20.2  966.4    8.2  444.0   80.0  444.0
2021 248  9  5 1400  -22.0  966.2    5.7  444.0   84.8  444.0
2021 248  9  5 1500  -19.1  965.4    9.9  444.0  444.0  444.0
2021 248  9  5 1600  -18.4  964.8   11.7  444.0   89.2  444.0
2021 248  9  5 1700  -18.4  963.4   14.4  444.0   92.3  444.0
2021 248  9  5 1800  -17.9  963.1   18.1  444.0   94.9  444.0
2021 248  9  5 1900  -16.8  962.1   20.9  444.0   96.2  444.0
2021 248  9  5 2000  -16.0  961.5   22.4  444.0   97.1  444.0
2021 248  9  5 2100  -15.6  961.1   23.6  444.0   98.0  444.0
2021 248  9  5 2200  -15.0  960.7   23.6  444.0   98.0  444.0
2021 248  9  5 2300  -15.1  960.3   24.2  444.0   97.6  444.0
2021 249  9  6 0000  -15.2  960.3   21.1  444.0   97.6  444.0
2021 249  9  6 0100  -14.8  960.1   25.0  444.0   97.6  444.0
2021 249  9  6 0200  -15.1  960.6   21.3  444.0   96.7  444.0
2021 249  9  6 0300  -15.5  959.8   20.5  444.0   97.1  444.0
2021 249  9  6 0400  -17.5  960.3   21.1  444.0   94.5  444.0
2021 249  9  6 0500  -17.5  959.9   20.3  444.0   95.4  444.0
2021 249  9  6 0600  -17.2  960.9   19.9  444.0   97.1  444.0
2021 249  9  6 0700  -17.4  961.1   19.9  444.0   95.4  444.0
2021 249  9  6 0800  -18.2  960.2   24.6  444.0   94.5  444.0
2021 249  9  6 0900  -18.2  959.2   28.5  444.0   94.9  444.0
2021 249  9  6 1000  -18.6  959.3   24.6  444.0   94.9  444.0
2021 249  9  6 1100  -18.6  961.0   30.0  444.0   94.5  444.0
2021 249  9  6 1200  -19.1  963.1   23.4  444.0   94.5  444.0
2021 249  9  6 1300  -20.6  963.5   22.0  444.0   91.8  444.0
2021 249  9  6 1400  -19.9  964.5   21.1  444.0   94.9  444.0
2021 249  9  6 1500  -22.6  965.3   20.1  444.0   90.1  444.0
2021 249  9  6 1600  -23.9  967.3   17.9  444.0   88.3  444.0
2021 249  9  6 1700  -26.6  968.9   14.8  444.0   84.4  444.0
2021 249  9  6 1800  -29.0  969.2   16.2  444.0   82.6  444.0
2021 249  9  6 1900  -30.9  970.8   16.4  444.0   80.8  444.0
2021 249  9  6 2000  -32.0  971.3   15.2  444.0   80.4  444.0
2021 249  9  6 2100  -31.4  972.4   14.4  444.0   79.5  444.0
2021 249  9  6 2200  -31.0  972.9   14.8  444.0   80.4  444.0
2021 249  9  6 2300  -29.2  973.6   13.1  444.0   81.3  444.0
2021 250  9  7 0000  -29.8  974.3    9.9  444.0   80.8  444.0
2021 250  9  7 0100  -28.0  974.3   10.9  444.0   80.4  444.0
2021 250  9  7 0200  -26.9  974.7    7.0  444.0   77.3  444.0
2021 250  9  7 0300  -26.8  974.7    6.2  444.0   76.9  444.0
2021 250  9  7 0400  -27.0  975.0    6.6  444.0   77.3  444.0
2021 250  9  7 0500  -27.6  975.3    6.6  444.0   78.2  444.0
2021 250  9  7 0600  -27.2  975.4    5.5  444.0   80.0  444.0
2021 250  9  7 0700  -27.2  976.1    7.0  444.0   80.0  444.0
2021 250  9  7 0800  -25.8  976.3   10.9  444.0   78.2  444.0
2021 250  9  7 0900  -26.9  976.4    9.2  444.0   79.5  444.0
2021 250  9  7 1000  -26.6  976.4   10.1  444.0   78.2  444.0
2021 250  9  7 1100  -26.9  977.1   10.1  444.0   79.5  444.0
2021 250  9  7 1200  -28.1  977.5    6.8  444.0   76.0  444.0
2021 250  9  7 1300  -28.1  977.8    6.0  444.0   79.1  444.0
2021 250  9  7 1400  -26.4  978.1   10.9  444.0   79.1  444.0
2021 250  9  7 1500  -25.5  978.7    7.4  444.0   79.1  444.0
2021 250  9  7 1600  -24.6  978.8   11.1  444.0   80.0  444.0
2021 250  9  7 1700  -23.9  979.5   11.5  444.0   76.4  444.0
2021 250  9  7 1800  -24.0  979.6   12.7  444.0   80.8  444.0
2021 250  9  7 1900  -26.1  981.2    9.6  444.0   82.2  444.0
2021 250  9  7 2000  -24.0  981.9   12.5  444.0   85.2  444.0
2021 250  9  7 2100  -23.1  981.8   16.0  444.0   88.8  444.0
2021 250  9  7 2200  -23.2  982.8   15.6  444.0   88.3  444.0
2021 250  9  7 2300  -23.5  982.9   16.0  444.0   87.4  444.0
2021 251  9  8 0000  -24.5  983.6   13.6  444.0   86.1  444.0
2021 251  9  8 0100  -25.5  985.0   11.7  444.0   84.4  444.0
2021 251  9  8 0200  -26.9  985.2   10.5  444.0   83.5  444.0
2021 251  9  8 0300  -28.1  985.6   11.5  444.0   81.7  444.0
2021 251  9  8 0400  -29.4  987.1    5.7  444.0   80.8  444.0
2021 251  9  8 0500  -31.6  987.1    7.0  444.0   78.6  444.0
2021 251  9  8 0600  -32.6  987.4    6.0  444.0   78.6  444.0
2021 251  9  8 0700  -32.6  987.3    5.8  444.0   78.2  444.0
2021 251  9  8 0800  -32.6  987.3    6.8  444.0   79.5  444.0
2021 251  9  8 0900  -33.5  986.4    4.7  444.0   78.2  444.0
2021 251  9  8 1000  -32.1  985.8    4.5  444.0   80.0  444.0
2021 251  9  8 1100  -31.4  985.5    4.3  444.0   80.8  444.0
2021 251  9  8 1200  -26.1  984.7    4.7  444.0   85.2  444.0
2021 251  9  8 1300  -27.5  984.3    2.7  444.0   76.0  444.0
2021 251  9  8 1400  -29.2  983.5    1.8  444.0   74.7  444.0
2021 251  9  8 1500  -30.9  982.7  444.0  444.0   76.0  444.0
2021 251  9  8 1600  -33.4  982.0  444.0  444.0   77.3  444.0
2021 251  9  8 1700  -32.9  981.4  444.0  444.0   77.8  444.0
2021 251  9  8 1800  444.0  980.9  444.0  444.0   80.4  444.0
2021 251  9  8 1900  444.0  980.2  444.0  444.0   84.4  444.0
2021 251  9  8 2000  -31.5  980.0  444.0  444.0   82.6  444.0
2021 251  9  8 2100  444.0  979.5  444.0  444.0   84.8  444.0
2021 251  9  8 2200  444.0  979.2  444.0  444.0   85.7  444.0
2021 251  9  8 2300  444.0  978.9  444.0  444.0   86.1  444.0
2021 252  9  9 0000  -33.1  978.4  444.0  444.0   80.4  444.0
2021 252  9  9 0100  444.0  978.5  444.0  444.0   86.6  444.0
2021 252  9  9 0200  444.0  978.1  444.0  444.0   81.3  444.0
2021 252  9  9 0300  -35.6  977.9  444.0  444.0   76.0  444.0
2021 252  9  9 0400  -35.8  977.5  444.0  444.0   74.2  444.0
2021 252  9  9 0500  -35.4  976.6  444.0  444.0   75.1  444.0
2021 252  9  9 0600  -35.4  975.8  444.0  444.0   75.6  444.0
2021 252  9  9 0700  -35.1  975.4  444.0  444.0   75.1  444.0
2021 252  9  9 0800  -35.0  975.0  444.0  444.0   73.8  444.0
2021 252  9  9 0900  -38.0  974.8  444.0  444.0   72.5  444.0
2021 252  9  9 1000  -34.8  974.3  444.0  444.0   76.0  444.0
2021 252  9  9 1100  -33.1  973.5  444.0  444.0   78.6  444.0
2021 252  9  9 1200  -30.0  972.2    4.5  444.0   80.8  444.0
2021 252  9  9 1300  -29.4  971.6    4.7  444.0   84.4  444.0
2021 252  9  9 1400  -28.6  970.6    3.1  444.0   83.0  444.0
2021 252  9  9 1500  -23.5  969.1    3.9  444.0   88.8  444.0
2021 252  9  9 1600  -20.8  967.8    6.2  444.0   92.3  444.0
2021 252  9  9 1700  -16.1  965.8   16.2  444.0   97.6  444.0
2021 252  9  9 1800  -17.8  965.9   12.5  444.0   94.9  444.0
2021 252  9  9 1900  -16.6  964.2   17.0  444.0   98.0  444.0
2021 252  9  9 2000  -18.0  964.0   14.0  444.0   95.4  444.0
2021 252  9  9 2100  -19.2  963.2   15.2  444.0   94.0  444.0
2021 252  9  9 2200  -20.4  963.4   17.0  444.0   92.7  444.0
2021 252  9  9 2300  -21.0  964.0   15.6  444.0   93.2  444.0
2021 253  9 10 0000  -21.1  964.2   14.0  444.0   91.4  444.0
2021 253  9 10 0100  -20.1  964.0   23.4  444.0   91.4  444.0
2021 253  9 10 0200  -18.9  964.1   15.4  444.0   92.7  444.0
2021 253  9 10 0300  -19.2  964.1   18.9  444.0   93.2  444.0
2021 253  9 10 0400  -18.9  964.8   16.8  444.0   94.0  444.0
2021 253  9 10 0500  -18.9  965.2   15.2  444.0   93.6  444.0
2021 253  9 10 0600  -19.1  966.1   12.7  444.0   94.5  444.0
2021 253  9 10 0700  -19.2  965.6   17.7  444.0   91.8  444.0
2021 253  9 10 0800  -21.0  966.3   13.5  444.0   91.4  444.0
2021 253  9 10 0900  -21.4  967.1   15.0  444.0   91.4  444.0
2021 253  9 10 1000  -22.1  967.4   15.4  444.0   90.5  444.0
2021 253  9 10 1100  -24.2  968.1   14.4  444.0   88.8  444.0
2021 253  9 10 1200  -22.8  968.0   16.2  444.0   89.2  444.0
2021 253  9 10 1300  -32.0  969.8   13.6  444.0   79.5  444.0
2021 253  9 10 1400  -32.9  970.1   13.6  444.0   78.6  444.0
2021 253  9 10 1500  -32.8  970.6   10.5  444.0   79.1  444.0
2021 253  9 10 1600  -32.8  970.8   12.7  444.0   79.1  444.0
2021 253  9 10 1700  -31.5  970.3   11.3  444.0   80.8  444.0
2021 253  9 10 1800  -29.2  970.1   10.5  444.0   83.5  444.0
2021 253  9 10 1900  -26.6  969.8   10.7  444.0   86.6  444.0
2021 253  9 10 2000  -23.1  969.7   10.7  444.0   89.2  444.0
2021 253  9 10 2100  -21.5  970.2   13.5  444.0   92.7  444.0
2021 253  9 10 2200  -20.2  970.3   12.7  444.0   91.8  444.0
2021 253  9 10 2300  -19.9  970.2   10.9  444.0   91.4  444.0
2021 254  9 11 0000  -20.6  970.0   12.9  444.0   90.5  444.0
2021 254  9 11 0100  -20.2  969.6   10.7  444.0   91.8  444.0
2021 254  9 11 0200  -22.5  969.4   15.0  444.0   87.9  444.0
2021 254  9 11 0300  -25.6  969.7   13.6  444.0   86.1  444.0
2021 254  9 11 0400  -25.9  970.0   15.0  444.0   85.7  444.0
2021 254  9 11 0500  -25.0  970.1   13.8  444.0   87.9  444.0
2021 254  9 11 0600  -26.2  970.3   13.1  444.0   86.6  444.0
2021 254  9 11 0700  -26.4  971.0   13.1  444.0   86.1  444.0
2021 254  9 11 0800  -27.6  971.5   10.9  444.0   84.4  444.0
2021 254  9 11 0900  -28.1  971.9    9.8  444.0   83.5  444.0
2021 254  9 11 1000  -27.5  971.5   12.3  444.0   83.5  444.0
2021 254  9 11 1100  -29.8  971.5   11.3  444.0   81.3  444.0
2021 254  9 11 1200  -31.8  972.5   11.7  444.0   78.6  444.0
2021 254  9 11 1300  -31.5  972.6   11.3  444.0   79.1  444.0
2021 254  9 11 1400  -30.0  972.5   12.5  444.0   80.8  444.0
2021 254  9 11 1500  -28.8  972.9    9.2  444.0   80.4  444.0
2021 254  9 11 1600  -29.1  972.7    9.4  444.0   80.4  444.0
2021 254  9 11 1700  -29.1  972.4   10.3  444.0   78.6  444.0
2021 254  9 11 1800  -29.6  972.0    8.0  444.0   78.6  444.0
2021 254  9 11 1900  -27.6  973.0    7.0  444.0   79.5  444.0
2021 254  9 11 2000  -25.2  973.2    0.0  444.0   79.5  444.0
2021 254  9 11 2100  -24.9  973.3    0.0  444.0   81.7  444.0
2021 254  9 11 2200  -24.5  973.2    0.0  444.0   81.3  444.0
2021 254  9 11 2300  -22.9  972.6    5.5  444.0   82.2  444.0
2021 255  9 12 0000  -22.6  972.2    8.6  444.0   77.8  444.0
2021 255  9 12 0100  -25.2  971.3    9.9  444.0   78.6  444.0
2021 255  9 12 0200  -25.5  970.9    9.6  444.0   78.6  444.0
2021 255  9 12 0300  -25.9  971.0   11.3  444.0   78.6  444.0
2021 255  9 12 0400  -26.8  971.0    8.6  444.0   77.3  444.0
2021 255  9 12 0500  -28.1  971.0    6.6  444.0   77.3  444.0
2021 255  9 12 0600  -29.9  971.2    7.0  444.0   77.3  444.0
2021 255  9 12 0700  -32.1  971.4    4.3  444.0   76.4  444.0
2021 255  9 12 0800  -33.8  971.2    4.5  444.0   77.8  444.0
2021 255  9 12 0900  -35.1  971.3    2.5  444.0   75.6  444.0
2021 255  9 12 1000  -35.2  971.2  444.0  444.0   75.6  444.0
2021 255  9 12 1100  -35.2  970.6  444.0  444.0   74.7  444.0
2021 255  9 12 1200  -38.0  970.1  444.0  444.0   72.0  444.0
2021 255  9 12 1300  -38.6  969.8  444.0  444.0   71.2  444.0
2021 255  9 12 1400  -39.9  969.2  444.0  444.0   69.8  444.0
2021 255  9 12 1500  -39.8  968.7  444.0  444.0   70.3  444.0
2021 255  9 12 1600  -39.2  968.7  444.0  444.0   70.3  444.0
2021 255  9 12 1700  -39.1  968.8  444.0  444.0   71.2  444.0
2021 255  9 12 1800  -37.6  968.4  444.0  444.0   72.5  444.0
2021 255  9 12 1900  -37.8  968.3  444.0  444.0   72.0  444.0
2021 255  9 12 2000  -36.9  968.3  444.0  444.0   72.9  444.0
2021 255  9 12 2100  -36.9  968.4  444.0  444.0   73.4  444.0
2021 255  9 12 2200  -36.4  968.5  444.0  444.0   74.7  444.0
2021 255  9 12 2300  -36.2  968.9  444.0  444.0   76.4  444.0
2021 256  9 13 0000  -35.9  969.0  444.0  444.0   75.1  444.0
2021 256  9 13 0100  -35.8  969.1  444.0  444.0   72.5  444.0
2021 256  9 13 0200  -36.1  969.8  444.0  444.0   67.2  444.0
2021 256  9 13 0300  -34.5  969.8    5.3  444.0   71.6  444.0
2021 256  9 13 0400  -34.1  970.2    6.4  444.0   72.0  444.0
2021 256  9 13 0500  -33.0  970.6    7.2  444.0   75.6  444.0
2021 256  9 13 0600  -35.5  970.9    4.5  444.0   72.9  444.0
2021 256  9 13 0700  -34.5  971.4    7.2  444.0   76.0  444.0
2021 256  9 13 0800  -35.8  972.1    6.0  444.0   73.8  444.0
2021 256  9 13 0900  -37.1  972.1    4.9  444.0   72.5  444.0
2021 256  9 13 1000  -37.6  972.0    4.1  444.0   72.5  444.0
2021 256  9 13 1100  -37.6  972.0    5.5  444.0   72.5  444.0
2021 256  9 13 1200  -36.2  972.6    8.0  444.0   74.2  444.0
2021 256  9 13 1300  -32.6  973.3   10.3  444.0   77.3  444.0
2021 256  9 13 1400  -33.2  974.0    9.2  444.0   77.8  444.0
2021 256  9 13 1500  -32.6  974.2    7.8  444.0   76.9  444.0
2021 256  9 13 1600  -34.4  974.1    7.8  444.0   76.9  444.0
2021 256  9 13 1700  -33.0  974.4    7.2  444.0   76.9  444.0
2021 256  9 13 1800  -35.6  975.1    7.6  444.0   74.7  444.0
2021 256  9 13 1900  -30.6  975.7    8.6  444.0   76.9  444.0
2021 256  9 13 2000  -32.2  975.9    9.0  444.0   76.4  444.0
2021 256  9 13 2100  -31.2  976.6    9.8  444.0   76.4  444.0
2021 256  9 13 2200  -29.4  976.3   13.5  444.0   79.5  444.0
2021 256  9 13 2300  -29.8  977.3   13.6  444.0   80.0  444.0
2021 257  9 14 0000  -33.2  978.4   13.5  444.0   75.6  444.0
2021 257  9 14 0100  -33.8  978.9   16.2  444.0   76.0  444.0
2021 257  9 14 0200  -34.6  981.0   13.3  444.0   74.7  444.0
2021 257  9 14 0300  -32.6  982.1   11.7  444.0   77.8  444.0
2021 257  9 14 0400  -31.5  982.2   11.7  444.0   79.5  444.0
2021 257  9 14 0500  -32.2  982.9   12.5  444.0   78.2  444.0
2021 257  9 14 0600  -32.6  983.7   10.1  444.0   77.8  444.0
2021 257  9 14 0700  -32.8  984.2   10.1  444.0   78.2  444.0
2021 257  9 14 0800  -32.4  984.4    7.4  444.0   78.2  444.0
2021 257  9 14 0900  -32.2  984.4    5.1  444.0   76.4  444.0
2021 257  9 14 1000  -33.5  983.9    5.1  444.0   76.9  444.0
2021 257  9 14 1100  -34.6  983.8    2.3  444.0   75.6  444.0
2021 257  9 14 1200  -34.5  983.2    3.3  444.0   76.4  444.0
2021 257  9 14 1300  -32.4  983.0    4.3  444.0   76.9  444.0
2021 257  9 14 1400  -31.6  982.9    5.3  444.0   80.4  444.0
2021 257  9 14 1500  -32.4  982.5    4.3  444.0   78.6  444.0
2021 257  9 14 1600  -33.5  982.4    5.1  444.0   76.4  444.0
2021 257  9 14 1700  -32.6  981.8    7.2  444.0   78.2  444.0
2021 257  9 14 1800  -31.4  981.0    8.2  444.0   80.0  444.0
2021 257  9 14 1900  -31.0  981.2   11.3  444.0   80.0  444.0
2021 257  9 14 2000  -32.2  980.8    5.5  444.0   78.6  444.0
2021 257  9 14 2100  -32.2  980.6    5.3  444.0   77.8  444.0
2021 257  9 14 2200  -31.8  979.8    5.5  444.0   75.6  444.0
2021 257  9 14 2300  -28.0  979.1   10.7  444.0   82.2  444.0
2021 258  9 15 0000  -27.4  978.9   10.9  444.0   79.1  444.0
2021 258  9 15 0100  -28.8  979.0    9.8  444.0   78.2  444.0
2021 258  9 15 0200  -29.0  978.5   10.5  444.0   78.2  444.0
2021 258  9 15 0300  -28.9  978.0   10.3  444.0   76.9  444.0
2021 258  9 15 0400  -28.6  977.1   12.7  444.0   79.1  444.0
2021 258  9 15 0500  -26.6  977.4   12.3  444.0   82.2  444.0
2021 258  9 15 0600  -27.9  976.7   11.9  444.0   80.4  444.0
2021 258  9 15 0700  -28.0  976.7    9.2  444.0   78.2  444.0
2021 258  9 15 0800  -27.5  976.5    9.2  444.0   75.1  444.0
2021 258  9 15 0900  -25.9  976.5    7.8  444.0   75.1  444.0
2021 258  9 15 1000  -26.9  975.6    5.8  444.0   77.8  444.0
2021 258  9 15 1100  -28.1  975.2    4.1  444.0   76.0  444.0
2021 258  9 15 1200  -28.2  974.4    3.5  444.0   74.2  444.0
2021 258  9 15 1300  -31.9  973.9    2.1  444.0   74.2  444.0
2021 258  9 15 1400  -30.8  973.0    1.4  444.0   72.9  444.0
2021 258  9 15 1500  -27.4  972.6    3.9  444.0   66.3  444.0
2021 258  9 15 1600  -28.8  972.7    5.1  444.0   68.5  444.0
2021 258  9 15 1700  -30.2  972.1    2.7  444.0   75.6  444.0
2021 258  9 15 1800  -31.1  971.2    7.0  444.0   72.9  444.0
2021 258  9 15 1900  -30.2  971.0    6.0  444.0   72.9  444.0
2021 258  9 15 2000  -29.6  970.5    7.2  444.0   75.1  444.0
2021 258  9 15 2100  -29.6  970.3    6.4  444.0   72.0  444.0
2021 258  9 15 2200  -29.9  970.0    8.4  444.0   71.2  444.0
2021 258  9 15 2300  -29.8  969.6    9.4  444.0   72.5  444.0
2021 259  9 16 0000  -29.6  969.6    8.2  444.0   72.0  444.0
2021 259  9 16 0100  -29.6  968.7    5.7  444.0   68.1  444.0
2021 259  9 16 0200  -28.8  968.2    5.1  444.0   66.8  444.0
2021 259  9 16 0300  -30.6  968.0    4.5  444.0   67.6  444.0
2021 259  9 16 0400  -32.2  967.8    3.5  444.0   69.4  444.0
2021 259  9 16 0500  -31.8  967.4    2.9  444.0   77.3  444.0
2021 259  9 16 0600  -30.2  967.5    3.5  444.0   79.5  444.0
2021 259  9 16 0700  -31.1  967.9    4.7  444.0   80.0  444.0
2021 259  9 16 0800  -29.1  967.6    3.9  444.0   81.7  444.0
2021 259  9 16 0900  -31.1  967.5    4.1  444.0   80.4  444.0
2021 259  9 16 1000  -32.9  967.2    4.5  444.0   77.8  444.0
2021 259  9 16 1100  -33.8  967.1    3.3  444.0   76.9  444.0
2021 259  9 16 1200  -36.2  967.3    2.9  444.0   73.8  444.0
2021 259  9 16 1300  -35.6  967.1    3.5  444.0   74.2  444.0
2021 259  9 16 1400  -35.9  967.0    3.9  444.0   74.2  444.0
2021 259  9 16 1500  -35.8  967.1    4.5  444.0   74.2  444.0
2021 259  9 16 1600  -33.1  966.8    6.0  444.0   78.2  444.0
2021 259  9 16 1700  -30.5  966.8    6.8  444.0   80.8  444.0
2021 259  9 16 1800  -29.6  966.8    7.0  444.0   80.8  444.0
2021 259  9 16 1900  -33.8  967.0    6.4  444.0   77.8  444.0
2021 259  9 16 2000  -30.0  967.0    8.4  444.0   81.3  444.0
2021 259  9 16 2100  -29.4  967.7    7.2  444.0   74.7  444.0
2021 259  9 16 2200  -29.4  968.2    7.0  444.0   67.2  444.0
2021 259  9 16 2300  -30.4  968.8    6.2  444.0   68.5  444.0
2021 260  9 17 0000  -29.2  969.0    8.8  444.0   69.0  444.0
2021 260  9 17 0100  -30.2  969.9    6.8  444.0   67.2  444.0
2021 260  9 17 0200  -29.2  970.1    8.4  444.0   67.2  444.0
2021 260  9 17 0300  -28.4  970.4    7.4  444.0   69.0  444.0
2021 260  9 17 0400  -29.0  970.9    9.6  444.0   72.5  444.0
2021 260  9 17 0500  -29.1  971.6    9.6  444.0   75.1  444.0
2021 260  9 17 0600  -29.1  972.3   10.5  444.0   75.1  444.0
2021 260  9 17 0700  -29.1  973.2    9.6  444.0   76.4  444.0
2021 260  9 17 0800  -29.6  973.7    9.6  444.0   76.0  444.0
2021 260  9 17 0900  -28.6  974.0    7.8  444.0   73.4  444.0
2021 260  9 17 1000  -29.2  974.4    9.2  444.0   69.4  444.0
2021 260  9 17 1100  -28.6  975.3    8.0  444.0   69.4  444.0
2021 260  9 17 1200  -28.8  975.6    9.4  444.0   69.8  444.0
2021 260  9 17 1300  -26.2  976.0    9.0  444.0   73.4  444.0
2021 260  9 17 1400  -28.8  977.0    7.2  444.0   71.2  444.0
2021 260  9 17 1500  -25.8  976.9   12.5  444.0   73.4  444.0
2021 260  9 17 1600  -23.9  977.4   13.3  444.0   77.3  444.0
2021 260  9 17 1700  -26.8  978.2    9.2  444.0   74.7  444.0
2021 260  9 17 1800  -27.5  978.9   13.5  444.0   81.3  444.0
2021 260  9 17 1900  -26.6  979.6   11.5  444.0   82.2  444.0
2021 260  9 17 2000  -27.0  980.3   12.9  444.0   81.3  444.0
2021 260  9 17 2100  -25.9  981.2   12.7  444.0   80.4  444.0
2021 260  9 17 2200  -25.6  981.7   10.1  444.0   79.5  444.0
2021 260  9 17 2300  -25.8  982.4   12.9  444.0   76.4  444.0
2021 261  9 18 0000  -25.0  983.1   12.9  444.0   80.0  444.0
2021 261  9 18 0100  -24.9  983.6   11.1  444.0   75.1  444.0
2021 261  9 18 0200  -25.0  984.1   10.3  444.0   76.0  444.0
2021 261  9 18 0300  -25.0  984.5    9.0  444.0   79.5  444.0
2021 261  9 18 0400  -25.6  984.8    9.8  444.0   80.0  444.0
2021 261  9 18 0500  -25.5  984.2   11.1  444.0   78.2  444.0
2021 261  9 18 0600  -24.4  984.1   13.5  444.0   82.2  444.0
2021 261  9 18 0700  -23.2  984.8   13.6  444.0   84.8  444.0
2021 261  9 18 0800  -23.6  985.4    9.0  444.0   89.2  444.0
2021 261  9 18 0900  -24.5  985.3    7.8  444.0   84.8  444.0
2021 261  9 18 1000  -25.0  985.9    5.8  444.0   84.4  444.0
2021 261  9 18 1100  -26.1  985.9    4.9  444.0   84.8  444.0
2021 261  9 18 1200  -26.2  985.4    3.3  444.0   86.6  444.0
2021 261  9 18 1300  -23.2  985.1    7.4  444.0   89.6  444.0
2021 261  9 18 1400  -23.8  985.1    3.3  444.0   88.8  444.0
2021 261  9 18 1500  -21.9  985.0    4.5  444.0   91.4  444.0
2021 261  9 18 1600  -21.9  984.8    3.9  444.0   90.1  444.0
2021 261  9 18 1700  -21.2  984.5    4.9  444.0   88.8  444.0
2021 261  9 18 1800  -23.4  984.7    4.9  444.0   87.9  444.0
2021 261  9 18 1900  -23.6  984.8    7.6  444.0   85.7  444.0
2021 261  9 18 2000  -24.0  985.3    2.9  444.0   83.9  444.0
2021 261  9 18 2100  -23.4  985.4    2.7  444.0   80.0  444.0
2021 261  9 18 2200  -23.4  985.3    4.7  444.0   73.4  444.0
2021 261  9 18 2300  -23.2  985.2    3.9  444.0   71.6  444.0
2021 262  9 19 0000  -23.4  985.6    2.9  444.0   73.8  444.0
2021 262  9 19 0100  -23.6  985.6    3.3  444.0   72.9  444.0
2021 262  9 19 0200  -23.5  985.5    2.7  444.0   76.4  444.0
2021 262  9 19 0300  -23.5  985.5    2.9  444.0   76.0  444.0
2021 262  9 19 0400  -23.4  985.6    5.8  444.0   75.1  444.0
2021 262  9 19 0500  -24.0  985.7    4.1  444.0   76.4  444.0
2021 262  9 19 0600  -26.5  985.7    2.7  444.0   78.6  444.0
2021 262  9 19 0700  -26.4  985.8    2.1  444.0   81.7  444.0
2021 262  9 19 0800  -26.2  986.0    0.0  444.0   83.0  444.0
2021 262  9 19 0900  -25.5  986.3    1.4  444.0   80.0  444.0
2021 262  9 19 1000  -22.9  986.5    1.2  444.0   74.7  444.0
2021 262  9 19 1100  -22.9  986.5    0.4  444.0   83.5  444.0
2021 262  9 19 1200  -22.0  986.8    1.6  444.0   85.7  444.0
2021 262  9 19 1300  -23.2  986.9    3.5  444.0   90.1  444.0
2021 262  9 19 1400  -28.0  987.3    1.2  444.0   82.6  444.0
2021 262  9 19 1500  -32.9  987.6    0.2  444.0   78.2  444.0
2021 262  9 19 1600  -32.8  988.1    0.8  444.0   79.5  444.0
2021 262  9 19 1700  -31.8  988.4    0.0  444.0   80.4  444.0
2021 262  9 19 1800  -33.5  988.7    0.0  444.0   77.8  444.0
2021 262  9 19 1900  -33.1  989.2    1.0  444.0   77.8  444.0
2021 262  9 19 2000  444.0  989.7    0.8  444.0   82.2  444.0
2021 262  9 19 2100  444.0  990.1    1.8  444.0   82.2  444.0
2021 262  9 19 2200  444.0  990.7    0.0  444.0   89.2  444.0
2021 262  9 19 2300  444.0  991.3    0.0  444.0   90.1  444.0
2021 263  9 20 0000  444.0  991.7    1.6  444.0   87.0  444.0
2021 263  9 20 0100  -33.9  992.3    1.2  444.0   78.2  444.0
2021 263  9 20 0200  -32.6  992.5    1.6  444.0   79.1  444.0
2021 263  9 20 0300  -29.9  992.7    1.9  444.0   81.7  444.0
2021 263  9 20 0400  -29.8  993.0    1.8  444.0   80.8  444.0
2021 263  9 20 0500  -33.2  993.1    0.8  444.0   78.2  444.0
2021 263  9 20 0600  -32.6  993.2    0.0  444.0   79.5  444.0
2021 263  9 20 0700  -30.6  993.8    0.0  444.0   80.4  444.0
2021 263  9 20 0800  -29.9  994.2    1.8  444.0   81.3  444.0
2021 263  9 20 0900  -27.2  993.6    4.9  444.0   84.8  444.0
2021 263  9 20 1000  -27.6  994.0    2.7  444.0   83.5  444.0
2021 263  9 20 1100  -28.2  994.1    2.9  444.0   83.5  444.0
2021 263  9 20 1200  -26.8  993.8    2.5  444.0   85.7  444.0
2021 263  9 20 1300  -25.2  993.7    2.1  444.0   86.1  444.0
2021 263  9 20 1400  -22.9  993.4    2.1  444.0   88.8  444.0
2021 263  9 20 1500  -25.8  993.2    3.7  444.0   83.5  444.0
2021 263  9 20 1600  -23.8  993.0    1.8  444.0   88.3  444.0
2021 263  9 20 1700  -25.1  992.7    2.5  444.0   87.4  444.0
2021 263  9 20 1800  -25.8  992.5    5.8  444.0   87.4  444.0
2021 263  9 20 1900  -24.5  992.8    3.1  444.0   87.4  444.0
2021 263  9 20 2000  -25.5  992.6    3.5  444.0   87.0  444.0
2021 263  9 20 2100  -26.0  991.7   10.1  444.0   86.1  444.0
2021 263  9 20 2200  -27.4  991.2    8.8  444.0   84.8  444.0
2021 263  9 20 2300  -27.4  990.9   10.1  444.0   84.8  444.0
2021 264  9 21 0000  -27.6  990.7    9.6  444.0   85.2  444.0
2021 264  9 21 0100  -27.4  989.8    9.4  444.0   84.8  444.0
2021 264  9 21 0200  -27.2  989.2   10.1  444.0   84.4  444.0
2021 264  9 21 0300  -26.8  988.9   11.1  444.0   85.2  444.0
2021 264  9 21 0400  -26.6  988.9   10.1  444.0   84.8  444.0
2021 264  9 21 0500  -26.8  988.6    9.2  444.0   84.4  444.0
2021 264  9 21 0600  -26.9  988.3    9.9  444.0   84.4  444.0
2021 264  9 21 0700  -27.4  987.9   11.7  444.0   83.5  444.0
2021 264  9 21 0800  -28.4  987.2    9.8  444.0   83.5  444.0
2021 264  9 21 0900  -28.4  986.7    9.0  444.0   83.0  444.0
2021 264  9 21 1000  -27.6  986.4   10.3  444.0   83.5  444.0
2021 264  9 21 1100  -28.2  985.6   12.5  444.0   82.6  444.0
2021 264  9 21 1200  -28.4  985.0   13.8  444.0   83.0  444.0
2021 264  9 21 1300  -28.8  984.3   11.7  444.0   83.0  444.0
2021 264  9 21 1400  -29.1  984.0   13.6  444.0   82.6  444.0
2021 264  9 21 1500  -29.4  983.1   13.5  444.0   82.6  444.0
2021 264  9 21 1600  -29.6  983.4   11.3  444.0   82.2  444.0
2021 264  9 21 1700  -29.6  982.9   11.3  444.0   82.2  444.0
2021 264  9 21 1800  -29.8  982.5   11.9  444.0   81.7  444.0
2021 264  9 21 1900  -29.2  981.9   13.8  444.0   82.6  444.0
2021 264  9 21 2000  -28.5  981.3   13.1  444.0   83.0  444.0
2021 264  9 21 2100  -26.2  981.1   11.3  444.0   85.2  444.0
2021 264  9 21 2200  -23.2  980.4   14.8  444.0   87.0  444.0
2021 264  9 21 2300  -23.1  979.9   17.7  444.0   86.6  444.0
2021 265  9 22 0000  -22.4  979.6   14.6  444.0   87.9  444.0
2021 265  9 22 0100  -22.6  978.8   16.4  444.0   86.1  444.0
2021 265  9 22 0200  -22.6  978.4   17.2  444.0   85.7  444.0
2021 265  9 22 0300  -22.5  977.6   16.8  444.0   87.0  444.0
2021 265  9 22 0400  -22.9  977.4   17.4  444.0   88.3  444.0
2021 265  9 22 0500  -22.9  977.0   18.1  444.0   89.2  444.0
2021 265  9 22 0600  -22.6  976.6   17.7  444.0   89.6  444.0
2021 265  9 22 0700  -22.5  976.2   14.8  444.0   90.1  444.0
2021 265  9 22 0800  -22.2  975.9   14.6  444.0   90.5  444.0
2021 265  9 22 0900  -22.5  975.6   17.5  444.0   90.5  444.0
2021 265  9 22 1000  -22.5  975.5   16.0  444.0   90.5  444.0
2021 265  9 22 1100  -22.1  975.0   16.6  444.0   91.0  444.0
2021 265  9 22 1200  -22.8  974.7   16.2  444.0   89.6  444.0
2021 265  9 22 1300  -23.5  974.6   20.1  444.0   88.8  444.0
2021 265  9 22 1400  -23.4  974.2   19.9  444.0   89.6  444.0
2021 265  9 22 1500  -22.9  973.5   18.1  444.0   90.1  444.0
2021 265  9 22 1600  -23.8  973.9   24.4  444.0   88.8  444.0
2021 265  9 22 1700  -24.9  974.3   22.4  444.0   87.9  444.0
2021 265  9 22 1800  -26.4  975.2   20.7  444.0   86.6  444.0
2021 265  9 22 1900  -26.6  975.3   21.4  444.0   86.1  444.0
2021 265  9 22 2000  -27.9  975.7   21.4  444.0   83.9  444.0
2021 265  9 22 2100  -28.5  976.6   25.0  444.0   84.4  444.0
2021 265  9 22 2200  -28.4  976.3   20.3  444.0   84.4  444.0
2021 265  9 22 2300  -29.2  977.6   24.4  444.0   82.6  444.0
2021 266  9 23 0000  -29.2  977.7   18.9  444.0   83.0  444.0
2021 266  9 23 0100  -29.4  978.0   15.6  444.0   82.2  444.0
2021 266  9 23 0200  -29.6  978.0   20.3  444.0   82.6  444.0
2021 266  9 23 0300  -29.2  978.7   20.9  444.0   83.0  444.0
2021 266  9 23 0400  -28.5  979.8   15.8  444.0   83.5  444.0
2021 266  9 23 0500  -27.4  979.1   20.5  444.0   85.2  444.0
2021 266  9 23 0600  -26.4  979.0   14.6  444.0   85.7  444.0
2021 266  9 23 0700  -25.1  978.4   18.7  444.0   86.6  444.0
2021 266  9 23 0800  -24.5  979.2   13.8  444.0   87.0  444.0
2021 266  9 23 0900  -23.9  979.0   18.9  444.0   87.4  444.0
2021 266  9 23 1000  -23.8  978.9   16.4  444.0   87.4  444.0
2021 266  9 23 1100  -24.2  979.0   14.8  444.0   87.4  444.0
2021 266  9 23 1200  -24.5  978.4   16.6  444.0   86.1  444.0
2021 266  9 23 1300  -24.5  978.1   16.0  444.0   85.7  444.0
2021 266  9 23 1400  -25.0  977.9   14.0  444.0   86.1  444.0
2021 266  9 23 1500  -25.0  977.8   13.6  444.0   85.7  444.0
2021 266  9 23 1600  -24.1  977.2   17.0  444.0   85.2  444.0
2021 266  9 23 1700  -25.0  977.1   15.4  444.0   82.6  444.0
2021 266  9 23 1800  -25.5  977.0   13.6  444.0   83.0  444.0
2021 266  9 23 1900  -25.1  977.0   15.6  444.0   81.3  444.0
2021 266  9 23 2000  -24.9  976.8   13.8  444.0   79.1  444.0
2021 266  9 23 2100  -24.4  976.5   14.6  444.0   80.0  444.0
2021 266  9 23 2200  -23.9  976.4   11.3  444.0   76.9  444.0
2021 266  9 23 2300  -24.4  976.1   14.2  444.0   77.8  444.0
2021 267  9 24 0000  -22.6  975.8   14.8  444.0   81.3  444.0
2021 267  9 24 0100  -22.5  975.4   16.2  444.0   80.8  444.0
2021 267  9 24 0200  -23.6  975.2   13.5  444.0   80.0  444.0
2021 267  9 24 0300  -23.5  975.1   12.5  444.0   79.5  444.0
2021 267  9 24 0400  -24.0  974.7   10.9  444.0   80.0  444.0
2021 267  9 24 0500  -24.6  974.5   14.2  444.0   81.7  444.0
2021 267  9 24 0600  -25.1  974.7   12.5  444.0   80.8  444.0
2021 267  9 24 0700  -25.8  974.8   11.5  444.0   83.0  444.0
2021 267  9 24 0800  -26.8  974.9   11.7  444.0   83.0  444.0
2021 267  9 24 0900  -27.6  974.7   13.1  444.0   81.3  444.0
2021 267  9 24 1000  -28.1  975.0   11.5  444.0   80.0  444.0
2021 267  9 24 1100  -27.5  975.0   10.9  444.0   79.5  444.0
2021 267  9 24 1200  -27.2  974.7   14.0  444.0   80.4  444.0
2021 267  9 24 1300  -26.6  974.5   12.3  444.0   78.6  444.0
2021 267  9 24 1400  -26.9  974.9   11.3  444.0   78.6  444.0
2021 267  9 24 1500  -26.8  975.3    9.4  444.0   77.8  444.0
2021 267  9 24 1600  -27.4  975.2    5.5  444.0   75.1  444.0
2021 267  9 24 1700  -28.6  975.3    5.8  444.0   72.5  444.0
2021 267  9 24 1800  -28.1  974.8    8.0  444.0   74.2  444.0
2021 267  9 24 1900  -28.8  974.4    7.0  444.0   70.7  444.0
2021 267  9 24 2000  -28.2  974.2    7.0  444.0   67.6  444.0
2021 267  9 24 2100  -29.5  974.8    5.5  444.0   65.4  444.0
2021 267  9 24 2200  -28.8  974.6    4.1  444.0   65.4  444.0
2021 267  9 24 2300  -27.5  974.3    3.9  444.0   62.8  444.0
2021 268  9 25 0000  -28.1  974.0    3.3  444.0   65.4  444.0
2021 268  9 25 0100  -26.6  973.4    3.7  444.0   60.6  444.0
2021 268  9 25 0200  -25.9  973.3    3.3  444.0   59.7  444.0
2021 268  9 25 0300  -25.9  972.9    2.3  444.0   61.0  444.0
2021 268  9 25 0400  -26.2  972.2    2.7  444.0   61.5  444.0
2021 268  9 25 0500  -26.8  971.8    2.5  444.0   62.8  444.0
2021 268  9 25 0600  -27.5  971.2    1.2  444.0   64.1  444.0
2021 268  9 25 0700  -26.1  970.9    0.8  444.0   67.6  444.0
2021 268  9 25 0800  -28.6  970.5    0.0  444.0   69.8  444.0
2021 268  9 25 0900  -31.0  970.1    0.2  444.0   72.5  444.0
2021 268  9 25 1000  -27.1  969.4    1.0  444.0   77.3  444.0
2021 268  9 25 1100  -28.1  969.0    0.8  444.0   82.2  444.0
2021 268  9 25 1200  -26.1  968.7    0.8  444.0   87.9  444.0
2021 268  9 25 1300  -22.1  968.2    2.7  444.0   88.8  444.0
2021 268  9 25 1400  -22.2  967.8    3.1  444.0   93.6  444.0
2021 268  9 25 1500  -20.8  967.6    3.3  444.0   93.6  444.0
2021 268  9 25 1600  -23.4  967.4    2.5  444.0   88.3  444.0
2021 268  9 25 1700  -19.8  967.2    3.3  444.0   92.3  444.0
2021 268  9 25 1800  -24.6  967.2    2.3  444.0   87.4  444.0
2021 268  9 25 1900  -21.5  967.2    1.9  444.0   91.4  444.0
2021 268  9 25 2000  -22.8  966.9    1.4  444.0   91.4  444.0
2021 268  9 25 2100  -23.9  967.0    1.4  444.0   89.2  444.0
2021 268  9 25 2200  444.0  967.3    1.4  444.0   92.3  444.0
2021 268  9 25 2300  -24.5  967.3    1.4  444.0   89.6  444.0
2021 269  9 26 0000  -24.5  967.6    2.5  444.0   89.6  444.0
2021 269  9 26 0100  -24.0  967.6    2.5  444.0   91.0  444.0
2021 269  9 26 0200  -23.9  967.6    5.5  444.0   87.4  444.0
2021 269  9 26 0300  -24.9  967.8    6.0  444.0   83.9  444.0
2021 269  9 26 0400  -26.9  967.9    4.3  444.0   79.1  444.0
2021 269  9 26 0500  -27.5  967.9    5.8  444.0   80.4  444.0
2021 269  9 26 0600  -27.2  968.2    4.5  444.0   79.1  444.0
2021 269  9 26 0700  -27.4  968.1    5.8  444.0   79.1  444.0
2021 269  9 26 0800  -26.8  968.1    7.6  444.0   82.6  444.0
2021 269  9 26 0900  -26.4  968.1    7.2  444.0   83.9  444.0
2021 269  9 26 1000  -26.6  968.1    6.8  444.0   84.4  444.0
2021 269  9 26 1100  -26.8  968.0    6.6  444.0   83.9  444.0
2021 269  9 26 1200  -26.9  967.9    5.7  444.0   84.4  444.0
2021 269  9 26 1300  -27.0  967.9    7.4  444.0   84.4  444.0
2021 269  9 26 1400  -27.1  967.5   10.1  444.0   84.4  444.0
2021 269  9 26 1500  -27.4  967.7    8.8  444.0   84.4  444.0
2021 269  9 26 1600  -27.9  967.6   11.3  444.0   83.5  444.0
2021 269  9 26 1700  -28.1  967.5    9.9  444.0   83.9  444.0
2021 269  9 26 1800  -28.4  967.8    9.0  444.0   83.5  444.0
2021 269  9 26 1900  -28.4  967.9    9.2  444.0   81.7  444.0
2021 269  9 26 2000  -28.2  968.0    8.8  444.0   80.4  444.0
2021 269  9 26 2100  -28.6  968.2    7.2  444.0   79.1  444.0
2021 269  9 26 2200  -28.1  968.1    8.8  444.0   78.6  444.0
2021 269  9 26 2300  -28.2  968.1    8.2  444.0   78.6  444.0
2021 270  9 27 0000  -28.0  967.8    9.2  444.0   77.3  444.0
2021 270  9 27 0100  -27.4  967.7    8.6  444.0   78.2  444.0
2021 270  9 27 0200  -27.4  967.6    8.2  444.0   76.4  444.0
2021 270  9 27 0300  -27.2  967.5    4.9  444.0   76.4  444.0
2021 270  9 27 0400  -27.2  967.2    7.0  444.0   76.9  444.0
2021 270  9 27 0500  -27.4  967.0    5.7  444.0   78.6  444.0
2021 270  9 27 0600  -27.1  967.1    4.7  444.0   80.4  444.0
2021 270  9 27 0700  -27.0  966.9    4.3  444.0   80.8  444.0
2021 270  9 27 0800  -27.2  966.8    4.3  444.0   80.8  444.0
2021 270  9 27 0900  -27.4  966.7    3.7  444.0   80.8  444.0
2021 270  9 27 1000  -27.5  966.4    4.7  444.0   80.0  444.0
2021 270  9 27 1100  -27.2  966.4    4.3  444.0   79.5  444.0
2021 270  9 27 1200  -27.2  966.3    3.9  444.0   78.6  444.0
2021 270  9 27 1300  -27.5  966.2    2.7  444.0   79.1  444.0
2021 270  9 27 1400  -27.1  966.0    3.3  444.0   78.2  444.0
2021 270  9 27 1500  -26.9  965.7    4.5  444.0   76.9  444.0
2021 270  9 27 1600  -26.8  965.7    2.1  444.0   78.2  444.0
2021 270  9 27 1700  -27.2  965.7    2.1  444.0   79.1  444.0
2021 270  9 27 1800  -27.9  966.0    3.1  444.0   80.0  444.0
2021 270  9 27 1900  -28.2  965.9    3.3  444.0   79.1  444.0
2021 270  9 27 2000  -29.9  965.8    2.5  444.0   74.7  444.0
2021 270  9 27 2100  -31.4  966.1    2.9  444.0   73.8  444.0
2021 270  9 27 2200  -31.5  966.2    4.5  444.0   66.8  444.0
2021 270  9 27 2300  -31.0  966.6    5.5  444.0   64.6  444.0
2021 271  9 28 0000  -31.4  967.3    3.3  444.0   61.9  444.0
2021 271  9 28 0100  -29.9  967.4    6.8  444.0   67.2  444.0
2021 271  9 28 0200  -30.0  968.0    6.8  444.0   70.3  444.0
2021 271  9 28 0300  -30.2  968.2    7.4  444.0   66.3  444.0
2021 271  9 28 0400  -31.1  969.0    6.2  444.0   67.6  444.0
2021 271  9 28 0500  -31.6  969.2    7.8  444.0   70.3  444.0
2021 271  9 28 0600  -34.5  969.6    5.5  444.0   69.8  444.0
2021 271  9 28 0700  -35.0  970.1    5.8  444.0   73.8  444.0
2021 271  9 28 0800  -35.2  970.6    7.6  444.0   74.7  444.0
2021 271  9 28 0900  -35.9  971.3    7.4  444.0   74.2  444.0
2021 271  9 28 1000  -35.8  971.9    5.5  444.0   73.8  444.0
2021 271  9 28 1100  -35.2  972.3    6.0  444.0   74.7  444.0
2021 271  9 28 1200  -35.0  972.9    7.4  444.0   74.7  444.0
2021 271  9 28 1300  -35.9  973.4    6.8  444.0   74.2  444.0
2021 271  9 28 1400  -36.8  973.4    6.0  444.0   72.5  444.0
2021 271  9 28 1500  -38.2  973.9    6.0  444.0   71.6  444.0
2021 271  9 28 1600  -38.9  974.6    5.7  444.0   71.2  444.0
2021 271  9 28 1700  -39.5  974.8    6.0  444.0   69.8  444.0
2021 271  9 28 1800  -39.4  975.3    4.5  444.0   70.3  444.0
2021 271  9 28 1900  -39.9  976.0    4.3  444.0   69.8  444.0
2021 271  9 28 2000  -39.1  976.1    4.5  444.0   70.3  444.0
2021 271  9 28 2100  -38.0  976.9    3.5  444.0   67.2  444.0
2021 271  9 28 2200  -37.6  977.1    3.1  444.0   59.7  444.0
2021 271  9 28 2300  -37.5  977.0    2.7  444.0   60.2  444.0
2021 272  9 29 0000  -36.8  977.5    2.7  444.0   54.9  444.0
2021 272  9 29 0100  -34.6  977.4    1.8  444.0   52.2  444.0
2021 272  9 29 0200  -33.5  977.6    3.1  444.0   57.1  444.0
2021 272  9 29 0300  -33.0  977.4    2.7  444.0   52.7  444.0
2021 272  9 29 0400  -33.4  977.5    2.5  444.0   52.7  444.0
2021 272  9 29 0500  -33.5  977.4    2.1  444.0   56.2  444.0
2021 272  9 29 0600  -34.6  977.4    2.5  444.0   60.2  444.0
2021 272  9 29 0700  -36.6  977.0    2.9  444.0   64.1  444.0
2021 272  9 29 0800  -39.2  976.9    3.1  444.0   67.2  444.0
2021 272  9 29 0900  -39.5  976.9    2.9  444.0   69.0  444.0
2021 272  9 29 1000  -40.1  976.8    3.5  444.0   68.1  444.0
2021 272  9 29 1100  -42.1  976.5    3.3  444.0   66.3  444.0
2021 272  9 29 1200  -41.9  976.2    3.5  444.0   66.3  444.0
2021 272  9 29 1300  -41.1  976.2    3.3  444.0   67.2  444.0
2021 272  9 29 1400  -42.1  975.9    3.3  444.0   65.9  444.0
2021 272  9 29 1500  -39.2  975.5    3.3  444.0   69.4  444.0
2021 272  9 29 1600  -34.5  975.0    2.3  444.0   73.8  444.0
2021 272  9 29 1700  -38.5  975.1    3.1  444.0   71.2  444.0
2021 272  9 29 1800  -36.1  975.1    2.9  444.0   75.1  444.0
2021 272  9 29 1900  -36.2  975.3    2.1  444.0   74.2  444.0
2021 272  9 29 2000  -34.8  975.3    2.1  444.0   73.4  444.0
2021 272  9 29 2100  -32.0  975.2    2.5  444.0   79.1  444.0
2021 272  9 29 2200  -33.0  975.2    3.3  444.0   78.2  444.0
2021 272  9 29 2300  -32.8  975.1    3.3  444.0   79.1  444.0
2021 273  9 30 0000  -34.4  974.8    3.1  444.0   75.6  444.0
2021 273  9 30 0100  -29.0  974.4    1.8  444.0   69.0  444.0
2021 273  9 30 0200  -32.8  974.1    2.7  444.0   61.0  444.0
2021 273  9 30 0300  -32.0  973.8    1.8  444.0   56.6  444.0
2021 273  9 30 0400  -32.4  973.3    2.7  444.0   58.8  444.0
2021 273  9 30 0500  -31.4  972.9    3.1  444.0   65.0  444.0
2021 273  9 30 0600  -28.6  972.2    1.8  444.0   80.8  444.0
2021 273  9 30 0700  -31.0  971.9    2.1  444.0   78.6  444.0
2021 273  9 30 0800  -36.4  971.9    3.1  444.0   73.8  444.0
2021 273  9 30 0900  -32.4  971.5    4.3  444.0   81.7  444.0
2021 273  9 30 1000  -30.0  971.1    5.5  444.0   81.7  444.0
2021 273  9 30 1100  -27.4  970.4    6.8  444.0   83.0  444.0
2021 273  9 30 1200  -25.2  969.6    5.1  444.0   77.8  444.0
2021 273  9 30 1300  -27.5  969.5    3.1  444.0   79.5  444.0
2021 273  9 30 1400  -25.5  968.7    6.6  444.0   78.2  444.0
2021 273  9 30 1500  -23.8  968.0    6.0  444.0   76.0  444.0
2021 273  9 30 1600  -23.4  966.9    6.0  444.0   80.0  444.0
2021 273  9 30 1700  -22.9  966.9    6.2  444.0   87.4  444.0
2021 273  9 30 1800  -22.5  966.4    8.0  444.0   86.1  444.0
2021 273  9 30 1900  -24.0  966.4   11.5  444.0   90.1  444.0
2021 273  9 30 2000  -25.9  966.2   15.6  444.0   84.8  444.0
2021 273  9 30 2100  -29.2  967.2   16.0  444.0   80.0  444.0
2021 273  9 30 2200  -29.4  967.6   13.5  444.0   79.1  444.0
2021 273  9 30 2300  -30.2  967.9   15.4  444.0   76.0  444.0
