Year: 2019  Month: 04  ID: LR2  ARGOS: 21360  Name: Laurie II           
Lat: 77.50S  Lon: 170.79E  Elev:   34m
2019  91  4  1 0000  -35.5  984.6    3.7   13.0   66.3  444.0
2019  91  4  1 0100  -36.2  984.2    3.3   14.0   66.8  444.0
2019  91  4  1 0200  -35.8  983.9    3.1    4.0   64.6  444.0
2019  91  4  1 0300  -37.0  983.4    4.7  353.0   65.9  444.0
2019  91  4  1 0400  -37.0  983.1    4.1  347.0   64.6  444.0
2019  91  4  1 0500  -37.6  982.9    2.3  335.0   66.8  444.0
2019  91  4  1 0600  -38.6  982.6    3.1  349.0   68.1  444.0
2019  91  4  1 0700  -39.1  982.2    2.5  350.0   67.6  444.0
2019  91  4  1 0800  -39.1  982.0    3.5  336.0   69.4  444.0
2019  91  4  1 0900  -38.0  981.5    4.1  332.0   71.2  444.0
2019  91  4  1 1000  -38.1  981.4    3.5  312.0   70.7  444.0
2019  91  4  1 1100  -38.5  981.5    2.9  312.0   70.7  444.0
2019  91  4  1 1200  -37.1  981.3    3.5  322.0   71.6  444.0
2019  91  4  1 1300  -36.5  981.1    3.7  323.0   72.0  444.0
2019  91  4  1 1400  -37.4  980.9    2.9  328.0   71.6  444.0
2019  91  4  1 1500  -37.5  980.7    2.5  349.0   71.2  444.0
2019  91  4  1 1600  -38.6  980.5    3.1    3.0   69.8  444.0
2019  91  4  1 1700  -38.0  980.2    3.3  356.0   70.7  444.0
2019  91  4  1 1800  -37.8  980.1    3.7   13.0   71.2  444.0
2019  91  4  1 1900  -38.0  980.2    4.3   20.0   71.6  444.0
2019  91  4  1 2000  -36.8  980.1    3.9   14.0   72.9  444.0
2019  91  4  1 2100  -35.6  980.1    3.5   20.0   74.2  444.0
2019  91  4  1 2200  -35.0  980.1    4.7   39.0   75.6  444.0
2019  91  4  1 2300  -34.4  979.9    3.9   39.0   76.9  444.0
2019  92  4  2 0000  -33.9  979.6    3.7   31.0   78.2  444.0
2019  92  4  2 0100  -33.4  979.3    2.9   28.0   71.6  444.0
2019  92  4  2 0200  -33.8  978.9    2.3   41.0   69.0  444.0
2019  92  4  2 0300  -34.0  978.7    2.5   35.0   66.3  444.0
2019  92  4  2 0400  -33.4  978.7    3.3   48.0   66.8  444.0
2019  92  4  2 0500  -34.8  978.7    3.9   41.0   65.9  444.0
2019  92  4  2 0600  -35.4  978.8    2.9   60.0   74.7  444.0
2019  92  4  2 0700  -37.9  978.9    3.7   89.0   71.6  444.0
2019  92  4  2 0800  -37.8  979.3    3.1   45.0   71.6  444.0
2019  92  4  2 0900  -36.4  979.2    4.1   44.0   72.9  444.0
2019  92  4  2 1000  -33.1  979.6    3.9   49.0   76.4  444.0
2019  92  4  2 1100  -33.5  979.8    4.1   28.0   75.6  444.0
2019  92  4  2 1200  -31.8  979.5    3.5   25.0   76.9  444.0
2019  92  4  2 1300  -37.5  980.0    3.7   31.0   69.8  444.0
2019  92  4  2 1400  -36.4  980.2    3.5   20.0   72.5  444.0
2019  92  4  2 1500  -34.1  980.3    3.7   17.0   75.1  444.0
2019  92  4  2 1600  -37.1  980.5    2.1    3.0   72.0  444.0
2019  92  4  2 1700  -35.9  980.8    5.5   13.0   73.4  444.0
2019  92  4  2 1800  -34.8  981.0    5.7   14.0   74.7  444.0
2019  92  4  2 1900  -32.9  981.2    5.8   24.0   65.4  444.0
2019  92  4  2 2000  -33.9  981.1    6.2   24.0   68.1  444.0
2019  92  4  2 2100  -35.4  981.7    4.3   39.0   69.4  444.0
2019  92  4  2 2200  -35.8  981.5    4.9   25.0   69.8  444.0
2019  92  4  2 2300  -36.8  982.0    3.3   48.0   67.2  444.0
2019  93  4  3 0000  -36.5  982.0    3.7   32.0   67.2  444.0
2019  93  4  3 0100  -35.6  982.2    2.9   29.0   68.5  444.0
2019  93  4  3 0200  -34.8  981.9    4.1   31.0   66.8  444.0
2019  93  4  3 0300  -35.6  981.7    3.7   25.0   68.1  444.0
2019  93  4  3 0400  -36.5  981.4    3.9   13.0   69.0  444.0
2019  93  4  3 0500  -38.5  981.6    3.1   44.0   70.7  444.0
2019  93  4  3 0600  -39.0  981.6    5.3   36.0   69.8  444.0
2019  93  4  3 0700  -39.9  981.4    5.5   15.0   69.0  444.0
2019  93  4  3 0800  -42.2  981.8    4.5   15.0   65.9  444.0
2019  93  4  3 0900  -42.9  981.9    3.9    7.0   64.6  444.0
2019  93  4  3 1000  -43.9  981.7    3.9    8.0   62.8  444.0
2019  93  4  3 1100  -43.6  981.6    3.9  353.0   64.1  444.0
2019  93  4  3 1200  -41.0  981.2    3.5    3.0   67.2  444.0
2019  93  4  3 1300  -40.2  981.4    3.5  359.0   67.6  444.0
2019  93  4  3 1400  -40.4  980.7    4.5    3.0   68.1  444.0
2019  93  4  3 1500  -39.9  980.6    4.9    7.0   69.0  444.0
2019  93  4  3 1600  -39.9  980.5    5.1   11.0   69.0  444.0
2019  93  4  3 1700  -38.9  980.3    6.0    4.0   69.4  444.0
2019  93  4  3 1800  -38.5  980.1    6.4   17.0   68.5  444.0
2019  93  4  3 1900  -38.9  980.5    5.7   15.0   69.0  444.0
2019  93  4  3 2000  -38.0  980.6    5.5   14.0   66.8  444.0
2019  93  4  3 2100  -38.2  980.8    8.6   20.0   66.3  444.0
2019  93  4  3 2200  -39.1  981.2    6.4   17.0   65.0  444.0
2019  93  4  3 2300  -42.1  981.8    8.8   18.0   63.7  444.0
2019  94  4  4 0000  -42.8  981.9    7.6   24.0   61.5  444.0
2019  94  4  4 0100  -42.1  981.8    8.8   21.0   62.8  444.0
2019  94  4  4 0200  -41.6  981.9    8.8   15.0   60.6  444.0
2019  94  4  4 0300  -44.5  982.0    9.0   27.0   61.0  444.0
2019  94  4  4 0400  -42.4  982.0    8.4   36.0   64.1  444.0
2019  94  4  4 0500  -41.1  982.0    8.8   42.0   65.9  444.0
2019  94  4  4 0600  -38.1  982.0   11.7   48.0   70.3  444.0
2019  94  4  4 0700  -35.5  981.9   11.5   53.0   72.9  444.0
2019  94  4  4 0800  -35.2  981.8   12.9   56.0   73.4  444.0
2019  94  4  4 0900  -35.4  981.7   12.7   52.0   73.4  444.0
2019  94  4  4 1000  -36.0  981.3   14.0   53.0   72.9  444.0
2019  94  4  4 1100  -36.1  980.7   12.7   44.0   72.9  444.0
2019  94  4  4 1200  -36.1  980.8   15.8   52.0   72.9  444.0
2019  94  4  4 1300  -36.2  980.9   13.6   56.0   72.9  444.0
2019  94  4  4 1400  -35.8  981.4   11.1   58.0   73.4  444.0
2019  94  4  4 1500  -34.4  981.5   11.9   65.0   72.0  444.0
2019  94  4  4 1600  -35.1  981.7   10.3   53.0   73.4  444.0
2019  94  4  4 1700  -34.5  981.8   10.3   58.0   73.4  444.0
2019  94  4  4 1800  -34.6  981.7   10.5   53.0   73.8  444.0
2019  94  4  4 1900  -35.0  981.5    9.2   44.0   73.8  444.0
2019  94  4  4 2000  -34.6  981.3    9.2   44.0   72.5  444.0
2019  94  4  4 2100  -36.1  981.1    6.2   44.0   70.3  444.0
2019  94  4  4 2200  -35.2  981.0    5.8   38.0   68.5  444.0
2019  94  4  4 2300  -36.2  980.9    5.1   32.0   64.6  444.0
2019  95  4  5 0000  -36.2  980.7    5.3   38.0   62.4  444.0
2019  95  4  5 0100  -35.8  980.5    5.3   24.0   59.3  444.0
2019  95  4  5 0200  -36.8  980.3    4.3   25.0   59.3  444.0
2019  95  4  5 0300  -37.1  979.7    4.7   14.0   63.7  444.0
2019  95  4  5 0400  -38.4  979.6    4.1   15.0   64.6  444.0
2019  95  4  5 0500  -39.1  979.7    3.7   35.0   68.5  444.0
2019  95  4  5 0600  -40.9  979.7    4.3   41.0   67.2  444.0
2019  95  4  5 0700  -41.2  979.9    4.1   44.0   66.3  444.0
2019  95  4  5 0800  -41.2  979.8    3.1   28.0   67.2  444.0
2019  95  4  5 0900  -40.5  979.9    3.9   13.0   68.1  444.0
2019  95  4  5 1000  -41.2  980.2    3.1   21.0   66.8  444.0
2019  95  4  5 1100  -42.4  980.2    3.7   14.0   65.4  444.0
2019  95  4  5 1200  -43.0  980.0    3.3   46.0   65.0  444.0
2019  95  4  5 1300  -43.6  979.9    3.1   18.0   64.1  444.0
2019  95  4  5 1400  -42.6  980.0    2.9   20.0   65.4  444.0
2019  95  4  5 1500  -42.9  980.2    3.5   11.0   65.0  444.0
2019  95  4  5 1600  -42.6  980.4    3.3    1.0   65.0  444.0
2019  95  4  5 1700  -41.2  980.5    3.1  353.0   65.4  444.0
2019  95  4  5 1800  -38.5  980.4    3.3  336.0   69.4  444.0
2019  95  4  5 1900  -40.6  980.4    2.9  326.0   67.6  444.0
2019  95  4  5 2000  -42.2  980.4    2.9  328.0   65.0  444.0
2019  95  4  5 2100  -40.1  980.5    3.5  316.0   68.5  444.0
2019  95  4  5 2200  -38.2  980.5    3.5  304.0   69.8  444.0
2019  95  4  5 2300  -35.1  980.6    1.9  332.0   74.2  444.0
2019  96  4  6 0000  -32.1  980.6    2.5  336.0   76.9  444.0
2019  96  4  6 0100  -31.4  980.5    2.5  329.0   71.2  444.0
2019  96  4  6 0200  -27.9  980.4    3.3  339.0   82.2  444.0
2019  96  4  6 0300  -35.9  980.6    4.3   21.0   71.6  444.0
2019  96  4  6 0400  -36.8  980.6    3.1    7.0   72.5  444.0
2019  96  4  6 0500  -38.0  981.0    2.5    4.0   71.2  444.0
2019  96  4  6 0600  -31.8  981.1    2.7    1.0   77.8  444.0
2019  96  4  6 0700  -33.2  981.1    2.1  353.0   76.0  444.0
2019  96  4  6 0800  444.0  981.4    1.4   42.0   75.1  444.0
2019  96  4  6 0900  -34.5  981.5    1.8   58.0   76.4  444.0
2019  96  4  6 1000  -34.2  981.6    1.8   28.0   75.6  444.0
2019  96  4  6 1100  -33.9  981.7    2.3   25.0   76.9  444.0
2019  96  4  6 1200  -32.1  981.6    1.8   35.0   78.2  444.0
2019  96  4  6 1300  444.0  981.3    0.4  207.0   83.0  444.0
2019  96  4  6 1400  -28.1  981.1    4.3  143.0   85.2  444.0
2019  96  4  6 1500  -27.1  980.7    5.7  159.0   84.8  444.0
2019  96  4  6 1600  -25.1  980.8    6.2  148.0   81.7  444.0
2019  96  4  6 1700  -24.0  980.5    7.4  146.0   76.4  444.0
2019  96  4  6 1800  -22.9  980.8    5.7  143.0   73.4  444.0
2019  96  4  6 1900  -22.2  981.0    5.7  145.0   79.1  444.0
2019  96  4  6 2000  -22.5  980.7    5.8  134.0   82.6  444.0
2019  96  4  6 2100  -21.6  981.1    5.7  148.0   80.0  444.0
2019  96  4  6 2200  -21.1  981.1    4.1  148.0   86.1  444.0
2019  96  4  6 2300  -20.2  981.4    7.8  139.0   80.4  444.0
2019  97  4  7 0000  -20.2  981.6    6.2  155.0   76.0  444.0
2019  97  4  7 0100  -19.9  981.6    7.0  146.0   72.9  444.0
2019  97  4  7 0200  -19.8  982.4    6.8  145.0   86.1  444.0
2019  97  4  7 0300  -19.6  982.2    5.1  149.0   88.3  444.0
2019  97  4  7 0400  -19.5  983.0    6.2  125.0   88.3  444.0
2019  97  4  7 0500  -18.6  983.0    4.7  136.0   89.2  444.0
2019  97  4  7 0600  -18.9  983.5    4.1  132.0   86.6  444.0
2019  97  4  7 0700  -16.9  984.0    5.7  103.0   89.2  444.0
2019  97  4  7 0800  -18.4  983.9    5.5  138.0   90.1  444.0
2019  97  4  7 0900  -17.1  984.5   10.9   84.0   95.4  444.0
2019  97  4  7 1000  -18.0  984.5    6.0   65.0   94.0  444.0
2019  97  4  7 1100  -18.0  984.9    6.4  118.0   95.8  444.0
2019  97  4  7 1200  -17.9  985.0    5.7  138.0   94.9  444.0
2019  97  4  7 1300  -17.5  984.9    6.2  139.0   91.4  444.0
2019  97  4  7 1400  -17.8  985.5    5.8   46.0   93.6  444.0
2019  97  4  7 1500  -16.5  984.5   10.5   45.0   92.3  444.0
2019  97  4  7 1600  -16.0  985.2   11.7   53.0   97.6  444.0
2019  97  4  7 1700  -16.6  985.7    8.8   44.0   92.3  444.0
2019  97  4  7 1800  -17.9  985.7    7.6   31.0   90.5  444.0
2019  97  4  7 1900  -17.9  985.8   10.7   38.0   87.4  444.0
2019  97  4  7 2000  -17.9  986.8    5.1   79.0   77.3  444.0
2019  97  4  7 2100  -18.6  987.3    7.0   35.0   83.9  444.0
2019  97  4  7 2200  -17.9  988.0    4.1   45.0   90.5  444.0
2019  97  4  7 2300  -17.6  988.4    3.5   48.0   79.1  444.0
2019  98  4  8 0000  -17.8  988.4    1.9   52.0   81.7  444.0
2019  98  4  8 0100  -21.0  988.6    3.9   22.0   70.3  444.0
2019  98  4  8 0200  -21.9  989.0    4.3   38.0   70.7  444.0
2019  98  4  8 0300  -22.0  989.3    4.7   44.0   69.4  444.0
2019  98  4  8 0400  -23.8  989.4    4.1   44.0   73.4  444.0
2019  98  4  8 0500  -25.2  989.9    4.7   21.0   72.5  444.0
2019  98  4  8 0600  -26.4  990.0    3.7   13.0   69.4  444.0
2019  98  4  8 0700  -28.9  990.1    1.9   22.0   69.0  444.0
2019  98  4  8 0800  444.0  990.9    0.8  114.0   71.6  444.0
2019  98  4  8 0900  -26.4  990.4    5.3   13.0   72.9  444.0
2019  98  4  8 1000  -31.0  990.2    5.3   14.0   75.6  444.0
2019  98  4  8 1100  -28.8  990.1    5.3    8.0   74.7  444.0
2019  98  4  8 1200  -27.2  990.1    5.8    4.0   74.7  444.0
2019  98  4  8 1300  -26.9  990.3    5.3    3.0   76.0  444.0
2019  98  4  8 1400  -26.1  990.0   10.1  354.0   75.6  444.0
2019  98  4  8 1500  -26.8  990.1    8.6  360.0   75.1  444.0
2019  98  4  8 1600  -27.0  990.4    8.6   20.0   76.9  444.0
2019  98  4  8 1700  -28.4  990.4   11.5   17.0   77.3  444.0
2019  98  4  8 1800  -29.9  990.8    9.9   25.0   75.1  444.0
2019  98  4  8 1900  -30.2  991.1    6.2   25.0   75.1  444.0
2019  98  4  8 2000  -30.6  991.3    8.0   29.0   73.4  444.0
2019  98  4  8 2100  -32.0  991.3    6.8   25.0   73.4  444.0
2019  98  4  8 2200  -33.6  991.3    6.4   28.0   75.1  444.0
2019  98  4  8 2300  -32.1  991.8    5.8   35.0   77.8  444.0
2019  99  4  9 0000  -31.6  991.6    6.4   41.0   72.9  444.0
2019  99  4  9 0100  -31.1  991.9    8.2   46.0   74.2  444.0
2019  99  4  9 0200  -31.1  992.2    8.4   53.0   72.0  444.0
2019  99  4  9 0300  -31.2  992.1    7.0   39.0   75.1  444.0
2019  99  4  9 0400  -31.6  992.3    6.4   42.0   76.4  444.0
2019  99  4  9 0500  -31.1  992.3    5.5   31.0   76.9  444.0
2019  99  4  9 0600  -31.4  992.3    6.2   41.0   76.9  444.0
2019  99  4  9 0700  -32.6  992.3    5.3   35.0   77.3  444.0
2019  99  4  9 0800  -31.8  992.3    4.9   32.0   79.1  444.0
2019  99  4  9 0900  -31.8  992.4    3.3   14.0   79.1  444.0
2019  99  4  9 1000  -32.2  992.5    3.7   20.0   78.2  444.0
2019  99  4  9 1100  -32.6  992.3    5.3   22.0   77.8  444.0
2019  99  4  9 1200  -32.2  992.4    5.7   32.0   78.2  444.0
2019  99  4  9 1300  -30.2  992.2    7.0   20.0   80.8  444.0
2019  99  4  9 1400  -30.8  992.2    4.5   39.0   80.8  444.0
2019  99  4  9 1500  -30.9  992.0    2.9   36.0   80.0  444.0
2019  99  4  9 1600  -29.4  991.7    2.3   14.0   81.7  444.0
2019  99  4  9 1700  -30.0  991.8    2.3  347.0   80.8  444.0
2019  99  4  9 1800  -30.8  991.6    2.7  342.0   80.0  444.0
2019  99  4  9 1900  -30.0  991.5    1.6  330.0   80.8  444.0
2019  99  4  9 2000  -31.5  991.5    2.5  312.0   79.1  444.0
2019  99  4  9 2100  -31.0  991.4    2.7  329.0   80.0  444.0
2019  99  4  9 2200  -29.9  991.4    3.1  328.0   81.3  444.0
2019  99  4  9 2300  -26.6  991.1    1.6  315.0   75.1  444.0
2019 100  4 10 0000  -28.1  991.2    2.1  333.0   67.2  444.0
2019 100  4 10 0100  -28.2  990.8    2.5  323.0   71.2  444.0
2019 100  4 10 0200  -28.4  990.5    2.3  319.0   72.9  444.0
2019 100  4 10 0300  -28.4  990.2    2.7  330.0   72.9  444.0
2019 100  4 10 0400  -30.0  989.9    3.5  329.0   73.4  444.0
2019 100  4 10 0500  -32.1  989.5    3.1  322.0   78.2  444.0
2019 100  4 10 0600  -33.1  989.2    2.9  321.0   76.9  444.0
2019 100  4 10 0700  -32.4  988.9    3.9  336.0   75.1  444.0
2019 100  4 10 0800  -33.5  988.5    3.5  325.0   71.2  444.0
2019 100  4 10 0900  -34.1  988.2    2.7  321.0   72.0  444.0
2019 100  4 10 1000  -35.6  988.0    3.1  328.0   73.4  444.0
2019 100  4 10 1100  -36.9  987.9    2.5  346.0   70.7  444.0
2019 100  4 10 1200  -36.2  987.3    3.7  335.0   72.9  444.0
2019 100  4 10 1300  -36.8  986.8    4.1  344.0   72.5  444.0
2019 100  4 10 1400  -37.6  986.3    3.9  340.0   71.6  444.0
2019 100  4 10 1500  -38.5  986.0    3.7  342.0   71.2  444.0
2019 100  4 10 1600  -39.0  986.0    2.9  332.0   71.2  444.0
2019 100  4 10 1700  -37.9  985.7    2.7  349.0   70.7  444.0
2019 100  4 10 1800  -41.0  985.5    3.1    4.0   67.6  444.0
2019 100  4 10 1900  -41.0  985.5    3.3  356.0   67.6  444.0
2019 100  4 10 2000  -41.1  985.2    3.7  342.0   67.2  444.0
2019 100  4 10 2100  -41.1  985.1    3.3  356.0   67.2  444.0
2019 100  4 10 2200  -40.4  984.8    2.9  335.0   68.1  444.0
2019 100  4 10 2300  -38.6  985.2    2.3  330.0   74.2  444.0
2019 101  4 11 0000  -37.9  985.0    1.6  344.0   73.8  444.0
2019 101  4 11 0100  -38.5  985.1    1.8   13.0   72.0  444.0
2019 101  4 11 0200  444.0  984.9    1.0  301.0   80.0  444.0
2019 101  4 11 0300  444.0  984.8    0.2  277.0   82.2  444.0
2019 101  4 11 0400  444.0  984.6    0.0    0.0   83.5  444.0
2019 101  4 11 0500  444.0  984.5    0.2  277.0   83.0  444.0
2019 101  4 11 0600  444.0  984.5    0.8  295.0   84.8  444.0
2019 101  4 11 0700  -30.5  984.7    1.9   13.0   82.6  444.0
2019 101  4 11 0800  -30.8  984.7    2.9   28.0   80.4  444.0
2019 101  4 11 0900  -33.8  985.0    2.5   14.0   74.2  444.0
2019 101  4 11 1000  -34.6  985.0    2.5   17.0   75.6  444.0
2019 101  4 11 1100  -34.4  985.1    2.1   14.0   73.4  444.0
2019 101  4 11 1200  -38.9  985.1    2.3  342.0   70.7  444.0
2019 101  4 11 1300  -36.8  985.3    2.7   14.0   73.4  444.0
2019 101  4 11 1400  -38.0  985.3    2.7  356.0   71.6  444.0
2019 101  4 11 1500  -38.0  985.2    2.5  350.0   71.2  444.0
2019 101  4 11 1600  -37.0  985.1    2.1  323.0   72.0  444.0
2019 101  4 11 1700  -34.0  984.8    2.1  332.0   75.1  444.0
2019 101  4 11 1800  -34.6  984.3    1.8  309.0   74.2  444.0
2019 101  4 11 1900  -32.0  984.1    2.9  306.0   77.3  444.0
2019 101  4 11 2000  -31.9  983.9    3.5  306.0   78.6  444.0
2019 101  4 11 2100  -34.1  983.7    3.5  302.0   76.0  444.0
2019 101  4 11 2200  -35.1  983.2    3.1  294.0   75.6  444.0
2019 101  4 11 2300  -31.4  983.0    2.7  315.0   75.1  444.0
2019 102  4 12 0000  -32.6  982.6    2.3  290.0   72.5  444.0
2019 102  4 12 0100  -29.8  982.4    1.6   63.0   81.3  444.0
2019 102  4 12 0200  -30.8  982.1    1.9   22.0   81.3  444.0
2019 102  4 12 0300  -28.9  981.7    2.1   14.0   82.6  444.0
2019 102  4 12 0400  -29.8  981.4    2.3  340.0   81.3  444.0
2019 102  4 12 0500  -28.5  981.0    2.1  346.0   82.2  444.0
2019 102  4 12 0600  -29.9  980.7    1.9  318.0   80.4  444.0
2019 102  4 12 0700  -31.2  980.5    1.8  328.0   79.1  444.0
2019 102  4 12 0800  444.0  980.1    0.6  336.0   79.5  444.0
2019 102  4 12 0900  444.0  980.0    0.6  337.0   80.4  444.0
2019 102  4 12 1000  444.0  979.6    0.8  202.0   85.7  444.0
2019 102  4 12 1100  -24.2  979.0    1.8  160.0   88.8  444.0
2019 102  4 12 1200  -25.2  979.1    1.8  132.0   86.6  444.0
2019 102  4 12 1300  -28.4  978.9    3.3   77.0   83.0  444.0
2019 102  4 12 1400  -26.8  978.7    2.5   38.0   85.2  444.0
2019 102  4 12 1500  -27.0  978.9    2.1   83.0   84.4  444.0
2019 102  4 12 1600  -25.8  978.7    2.9   59.0   85.7  444.0
2019 102  4 12 1700  -24.2  978.4    2.9   67.0   88.3  444.0
2019 102  4 12 1800  -24.1  978.0    3.1   72.0   87.9  444.0
2019 102  4 12 1900  -24.6  978.1    2.1   76.0   87.9  444.0
2019 102  4 12 2000  444.0  977.8    1.2  111.0   87.0  444.0
2019 102  4 12 2100  -22.5  977.2    2.7  146.0   91.8  444.0
2019 102  4 12 2200  -22.0  977.1    3.7  100.0   90.5  444.0
2019 102  4 12 2300  -22.6  977.5    4.3   96.0   89.6  444.0
2019 103  4 13 0000  -21.2  977.2    2.7   98.0   92.3  444.0
2019 103  4 13 0100  -23.9  977.4    3.9   46.0   88.3  444.0
2019 103  4 13 0200  -26.8  977.4    3.9   44.0   85.7  444.0
2019 103  4 13 0300  -28.4  977.1    3.9   53.0   83.9  444.0
2019 103  4 13 0400  -28.2  976.5    6.6   27.0   83.5  444.0
2019 103  4 13 0500  -29.8  976.8    6.2   15.0   82.2  444.0
2019 103  4 13 0600  -30.9  977.2    6.8   25.0   80.4  444.0
2019 103  4 13 0700  -31.6  977.4    5.3   21.0   79.5  444.0
2019 103  4 13 0800  -32.9  977.2    2.7   55.0   78.2  444.0
2019 103  4 13 0900  -31.2  976.8    4.3   49.0   80.0  444.0
2019 103  4 13 1000  -29.0  977.0    3.9   36.0   82.6  444.0
2019 103  4 13 1100  -27.4  977.1    4.3   72.0   83.9  444.0
2019 103  4 13 1200  -28.2  977.2    3.3   69.0   83.5  444.0
2019 103  4 13 1300  -29.0  977.1    4.1   52.0   83.0  444.0
2019 103  4 13 1400  -29.2  976.8    5.5   46.0   82.2  444.0
2019 103  4 13 1500  -30.6  976.9    3.7   49.0   80.8  444.0
2019 103  4 13 1600  -31.4  976.9    2.3   49.0   79.5  444.0
2019 103  4 13 1700  -32.1  976.7    2.7   35.0   78.6  444.0
2019 103  4 13 1800  -33.8  976.4    3.3   22.0   76.4  444.0
2019 103  4 13 1900  -34.6  976.7    3.5    4.0   76.0  444.0
2019 103  4 13 2000  -37.5  976.7    3.7  339.0   72.5  444.0
2019 103  4 13 2100  -39.4  976.7    4.1  326.0   70.3  444.0
2019 103  4 13 2200  -38.1  976.8    4.1  325.0   72.0  444.0
2019 103  4 13 2300  -35.8  977.1    3.9  326.0   75.1  444.0
2019 104  4 14 0000  -36.2  977.4    3.3  315.0   74.2  444.0
2019 104  4 14 0100  -34.8  977.4    4.9  312.0   76.0  444.0
2019 104  4 14 0200  -33.9  977.9    2.9  301.0   77.3  444.0
2019 104  4 14 0300  -33.4  978.1    4.9   20.0   77.3  444.0
2019 104  4 14 0400  -34.6  978.1    5.8   22.0   75.6  444.0
2019 104  4 14 0500  -33.9  978.1    6.2   27.0   76.4  444.0
2019 104  4 14 0600  -34.0  978.7    6.8   14.0   76.0  444.0
2019 104  4 14 0700  -34.5  979.1    5.7   14.0   75.6  444.0
2019 104  4 14 0800  -35.4  979.4    7.6   15.0   75.1  444.0
2019 104  4 14 0900  -31.6  979.9    7.6   11.0   79.1  444.0
2019 104  4 14 1000  -32.1  980.9    7.2   24.0   78.6  444.0
2019 104  4 14 1100  -32.4  981.5    8.4   15.0   78.6  444.0
2019 104  4 14 1200  -32.1  982.7    7.8   17.0   78.2  444.0
2019 104  4 14 1300  -32.1  983.0    6.4   20.0   78.6  444.0
2019 104  4 14 1400  -32.1  983.3    6.2   21.0   79.1  444.0
2019 104  4 14 1500  -32.1  983.7    4.7   27.0   78.6  444.0
2019 104  4 14 1600  -32.0  984.4    3.9   14.0   78.6  444.0
2019 104  4 14 1700  -32.1  984.7    4.1   14.0   78.6  444.0
2019 104  4 14 1800  -31.5  985.0    3.7   13.0   79.1  444.0
2019 104  4 14 1900  -32.6  985.1    3.5   25.0   77.8  444.0
2019 104  4 14 2000  -32.9  985.4    4.5   46.0   78.6  444.0
2019 104  4 14 2100  -33.4  986.1    4.7   41.0   77.3  444.0
2019 104  4 14 2200  -34.0  986.7    1.9   27.0   75.6  444.0
2019 104  4 14 2300  -35.9  986.4    3.5   59.0   75.6  444.0
2019 105  4 15 0000  -35.2  986.7    3.3   82.0   75.6  444.0
2019 105  4 15 0100  -32.6  986.6    3.1   91.0   78.6  444.0
2019 105  4 15 0200  -25.5  986.8    5.5  129.0   86.6  444.0
2019 105  4 15 0300  -29.8  987.1    3.3   70.0   81.7  444.0
2019 105  4 15 0400  -28.6  987.3    3.9   69.0   82.6  444.0
2019 105  4 15 0500  -27.5  987.1    2.7   97.0   83.5  444.0
2019 105  4 15 0600  -25.6  986.9    4.5  122.0   86.1  444.0
2019 105  4 15 0700  -24.1  987.0    3.7   83.0   87.0  444.0
2019 105  4 15 0800  -22.4  987.5    7.2  125.0   89.6  444.0
2019 105  4 15 0900  -22.9  987.2    5.7   66.0   88.3  444.0
2019 105  4 15 1000  -23.1  987.1    9.2   28.0   89.2  444.0
2019 105  4 15 1100  -25.8  988.4    3.7   36.0   85.7  444.0
2019 105  4 15 1200  -28.1  988.9    8.4   39.0   82.2  444.0
2019 105  4 15 1300  -30.4  988.6    6.4   25.0   80.8  444.0
2019 105  4 15 1400  -31.6  987.9   12.3   17.0   79.5  444.0
2019 105  4 15 1500  -31.9  987.7    8.6   10.0   79.5  444.0
2019 105  4 15 1600  -32.4  987.6    8.8    7.0   78.6  444.0
2019 105  4 15 1700  -31.8  987.5    6.8   10.0   80.8  444.0
2019 105  4 15 1800  -29.8  987.6    3.7   14.0   81.3  444.0
2019 105  4 15 1900  -25.6  987.2    5.5   15.0   87.9  444.0
2019 105  4 15 2000  -23.9  987.0    1.9   70.0   87.9  444.0
2019 105  4 15 2100  -21.5  986.0    6.0  145.0   91.4  444.0
2019 105  4 15 2200  -20.0  986.1    5.1   59.0   94.0  444.0
2019 105  4 15 2300  -21.9  985.1   14.6   18.0   91.0  444.0
2019 106  4 16 0000  -22.9  985.7   10.3   17.0   88.8  444.0
2019 106  4 16 0100  -21.1  985.3   11.9   28.0   91.4  444.0
2019 106  4 16 0200  -20.1  985.2   12.7   31.0   91.0  444.0
2019 106  4 16 0300  -20.8  985.4    9.6   35.0   90.1  444.0
2019 106  4 16 0400  -20.4  985.7    8.4   80.0   87.0  444.0
2019 106  4 16 0500  -20.1  986.0    8.0   83.0   89.6  444.0
2019 106  4 16 0600  -19.9  986.0    8.6   90.0   89.6  444.0
2019 106  4 16 0700  -20.1  985.8   10.9   82.0   89.6  444.0
2019 106  4 16 0800  -22.8  986.1    6.0   65.0   87.0  444.0
2019 106  4 16 0900  -21.4  987.2    7.8   90.0   84.8  444.0
2019 106  4 16 1000  -21.5  987.1    7.4  119.0   86.6  444.0
2019 106  4 16 1100  -22.0  986.9   13.1  105.0   89.2  444.0
2019 106  4 16 1200  -21.9  986.9   12.9  104.0   91.0  444.0
2019 106  4 16 1300  -21.9  987.6   11.1  101.0   83.9  444.0
2019 106  4 16 1400  -19.9  987.5   10.3   97.0   84.4  444.0
2019 106  4 16 1500  -19.0  987.7    9.9  101.0   85.2  444.0
2019 106  4 16 1600  -19.2  988.2   11.7   98.0   90.5  444.0
2019 106  4 16 1700  -22.8  988.6   13.1   97.0   86.1  444.0
2019 106  4 16 1800  -24.6  989.2   11.3   87.0   85.7  444.0
2019 106  4 16 1900  -24.2  990.3    9.6   93.0   87.4  444.0
2019 106  4 16 2000  -29.5  991.2   10.1   60.0   81.7  444.0
2019 106  4 16 2100  -31.9  992.2    4.5   63.0   78.2  444.0
2019 106  4 16 2200  -32.8  992.5    3.1  111.0   77.3  444.0
2019 106  4 16 2300  -32.4  992.0    4.9   27.0   77.3  444.0
2019 107  4 17 0000  -31.8  992.2    0.2  193.0   78.6  444.0
2019 107  4 17 0100  -29.8  992.8    0.6  170.0   81.7  444.0
2019 107  4 17 0200  444.0  992.5    1.0   74.0   79.1  444.0
2019 107  4 17 0300  -23.8  991.9    1.8  207.0   76.9  444.0
2019 107  4 17 0400  -24.5  992.1    2.1   39.0   79.1  444.0
2019 107  4 17 0500  444.0  991.9    0.8   15.0   82.6  444.0
2019 107  4 17 0600  -21.2  991.9    2.1  164.0   90.5  444.0
2019 107  4 17 0700  -22.0  991.6    2.5  128.0   90.1  444.0
2019 107  4 17 0800  -24.1  991.9    4.9  126.0   87.9  444.0
2019 107  4 17 0900  -21.6  992.0    9.0   94.0   93.6  444.0
2019 107  4 17 1000  -18.5  992.1   12.5   98.0   88.8  444.0
2019 107  4 17 1100  -18.4  991.9   14.2   94.0   87.0  444.0
2019 107  4 17 1200  -19.2  991.6    9.4   90.0   90.1  444.0
2019 107  4 17 1300  -21.6  991.6    4.7   72.0   90.1  444.0
2019 107  4 17 1400  -22.2  991.4    5.1   74.0   87.4  444.0
2019 107  4 17 1500  -19.0  990.9   11.5   87.0   94.9  444.0
2019 107  4 17 1600  -18.6  990.3   10.9   86.0   93.2  444.0
2019 107  4 17 1700  -17.9  989.4   10.9   90.0   95.4  444.0
2019 107  4 17 1800  -16.9  989.1   11.9   74.0   96.2  444.0
2019 107  4 17 1900  -16.4  989.2    9.4   97.0   97.1  444.0
2019 107  4 17 2000  -14.8  988.3   10.9  115.0   98.0  444.0
2019 107  4 17 2100  -13.4  987.6   10.7  101.0   98.4  444.0
2019 107  4 17 2200  -13.8  987.0   14.6  103.0   98.4  444.0
2019 107  4 17 2300  -13.9  986.5    9.8  107.0   96.7  444.0
2019 108  4 18 0000  -12.8  985.6   13.1  105.0   96.7  444.0
2019 108  4 18 0100  -12.8  984.8   12.3  114.0   99.8  444.0
2019 108  4 18 0200  -12.1  984.0   11.5  115.0  444.0  444.0
2019 108  4 18 0300  -12.1  983.2   19.3  108.0  444.0  444.0
2019 108  4 18 0400  -12.8  983.1   15.2   98.0   99.3  444.0
2019 108  4 18 0500  -13.0  981.9   10.3  100.0  444.0  444.0
2019 108  4 18 0600  -11.8  980.7    9.2  117.0   98.9  444.0
2019 108  4 18 0700  -10.4  979.6   12.1  122.0   98.9  444.0
2019 108  4 18 0800  -14.0  979.8   13.6   90.0   98.9  444.0
2019 108  4 18 0900  -13.6  979.8   16.6   91.0   98.9  444.0
2019 108  4 18 1000  -13.2  979.2   17.5   97.0   98.4  444.0
2019 108  4 18 1100  -13.8  978.5   17.2  100.0   96.2  444.0
2019 108  4 18 1200  -15.8  978.8   15.4  101.0   95.8  444.0
2019 108  4 18 1300  -15.6  978.3   17.0  111.0   95.8  444.0
2019 108  4 18 1400  -16.9  977.7   18.7  100.0   94.9  444.0
2019 108  4 18 1500  -15.1  976.9   18.9   98.0   95.8  444.0
2019 108  4 18 1600  -15.4  977.4   14.2   91.0   91.8  444.0
2019 108  4 18 1700  -17.4  976.7    8.4   80.0   91.0  444.0
2019 108  4 18 1800  -17.5  975.9   10.9   77.0   91.8  444.0
2019 108  4 18 1900  -14.2  975.6   14.0   94.0   87.4  444.0
2019 108  4 18 2000  -14.1  975.3   16.4  104.0   95.8  444.0
2019 108  4 18 2100  -12.6  975.2   10.7   93.0   94.0  444.0
2019 108  4 18 2200  -10.8  974.1   13.1  104.0   94.9  444.0
2019 108  4 18 2300  -12.5  974.0   10.3   93.0   89.6  444.0
2019 109  4 19 0000  -14.0  973.2    8.6   96.0   87.4  444.0
2019 109  4 19 0100  -15.4  973.3   11.5   84.0   83.0  444.0
2019 109  4 19 0200  -15.5  972.4   10.3   79.0   83.0  444.0
2019 109  4 19 0300  -14.8  972.3    8.0  143.0   83.9  444.0
2019 109  4 19 0400  -13.2  971.4    3.9  142.0   82.2  444.0
2019 109  4 19 0500  -11.4  970.6    4.7   97.0   69.0  444.0
2019 109  4 19 0600  -12.1  969.2   12.9   87.0   73.4  444.0
2019 109  4 19 0700  -12.1  969.0   13.6  100.0   92.7  444.0
2019 109  4 19 0800  -12.0  968.0   15.6  105.0   92.3  444.0
2019 109  4 19 0900  -11.9  967.7   16.8  108.0   91.8  444.0
2019 109  4 19 1000  -12.1  967.0   15.4   97.0   89.2  444.0
2019 109  4 19 1100  -12.6  966.9   21.1   91.0   91.4  444.0
2019 109  4 19 1200  -13.1  967.0   17.7  103.0   92.7  444.0
2019 109  4 19 1300  -13.2  967.3   18.3   97.0   92.3  444.0
2019 109  4 19 1400  -13.1  966.7   21.6   97.0   90.1  444.0
2019 109  4 19 1500  -13.1  967.1   18.3   98.0   91.8  444.0
2019 109  4 19 1600  -13.5  965.9   19.5   94.0   94.9  444.0
2019 109  4 19 1700  -13.6  966.3   19.5   90.0   93.6  444.0
2019 109  4 19 1800  -13.2  966.3   23.2   89.0   94.0  444.0
2019 109  4 19 1900  -13.6  966.9   20.5  101.0   96.2  444.0
2019 109  4 19 2000  -13.6  967.1   26.3   86.0   96.7  444.0
2019 109  4 19 2100  -14.4  967.7   17.9   96.0   96.7  444.0
2019 109  4 19 2200  -16.1  968.2   18.7   91.0   95.8  444.0
2019 109  4 19 2300  -18.4  969.2   20.1   74.0   91.8  444.0
2019 110  4 20 0000  -21.4  969.7   17.2   69.0   89.6  444.0
2019 110  4 20 0100  -19.8  970.5   19.3   77.0   92.7  444.0
2019 110  4 20 0200  -20.4  972.4   17.0   87.0   91.4  444.0
2019 110  4 20 0300  -21.0  973.2   17.9   79.0   91.4  444.0
2019 110  4 20 0400  -24.6  976.1   17.0   73.0   86.6  444.0
2019 110  4 20 0500  -26.9  978.0   18.7   76.0   83.9  444.0
2019 110  4 20 0600  -26.9  979.7   16.8   83.0   84.8  444.0
2019 110  4 20 0700  -24.4  980.5   17.5   91.0   87.4  444.0
2019 110  4 20 0800  -21.4  981.5   16.2   91.0   91.0  444.0
2019 110  4 20 0900  -19.2  982.1   16.6   96.0   93.6  444.0
2019 110  4 20 1000  -17.1  981.9   18.5   97.0   95.8  444.0
2019 110  4 20 1100  -16.1  982.3   17.7   93.0   94.9  444.0
2019 110  4 20 1200  -16.1  982.4   18.7   97.0   95.4  444.0
2019 110  4 20 1300  -16.0  983.8   17.4   86.0   93.2  444.0
2019 110  4 20 1400  -17.4  984.9   16.0   89.0   87.4  444.0
2019 110  4 20 1500  -18.6  984.8   18.7   76.0   91.4  444.0
2019 110  4 20 1600  -18.4  985.6   17.7   84.0   87.4  444.0
2019 110  4 20 1700  -19.1  986.1   14.2   86.0   88.3  444.0
2019 110  4 20 1800  -19.1  987.0   15.4   96.0   89.2  444.0
2019 110  4 20 1900  -18.4  987.5   14.0   84.0   88.3  444.0
2019 110  4 20 2000  -18.5  988.5   11.3   84.0   87.9  444.0
2019 110  4 20 2100  -18.0  988.6   16.6   84.0   82.6  444.0
2019 110  4 20 2200  -17.5  988.2   18.3   98.0   79.5  444.0
2019 110  4 20 2300  -18.1  988.3   18.3   93.0   77.8  444.0
2019 111  4 21 0000  -17.9  988.9   14.8   96.0   77.3  444.0
2019 111  4 21 0100  -18.5  989.4   16.2   98.0   77.8  444.0
2019 111  4 21 0200  -17.8  988.2   18.1   86.0   76.9  444.0
2019 111  4 21 0300  -17.4  988.0   17.9   84.0   75.1  444.0
2019 111  4 21 0400  -18.2  988.1   15.6   79.0   76.0  444.0
2019 111  4 21 0500  -18.2  988.8   13.8   96.0   74.7  444.0
2019 111  4 21 0600  -18.4  989.2   14.6   98.0   68.5  444.0
2019 111  4 21 0700  -19.1  989.0   15.0   83.0   69.4  444.0
2019 111  4 21 0800  -19.8  988.7   12.9  100.0   71.6  444.0
2019 111  4 21 0900  -20.8  988.6   13.5  104.0   73.8  444.0
2019 111  4 21 1000  -21.9  989.0    9.4  108.0   75.6  444.0
2019 111  4 21 1100  -22.4  988.6    9.6  104.0   76.4  444.0
2019 111  4 21 1200  -22.8  988.5   12.5  100.0   75.6  444.0
2019 111  4 21 1300  -23.4  988.7   10.5  103.0   79.1  444.0
2019 111  4 21 1400  -23.5  988.3    9.9   93.0   73.4  444.0
2019 111  4 21 1500  -24.6  988.1   10.3  100.0   75.1  444.0
2019 111  4 21 1600  -25.1  987.8   10.1  103.0   75.6  444.0
2019 111  4 21 1700  -26.1  988.0    9.4  103.0   76.0  444.0
2019 111  4 21 1800  -25.6  987.6    9.2  107.0   73.4  444.0
2019 111  4 21 1900  -25.9  987.7    8.8  114.0   71.6  444.0
2019 111  4 21 2000  -25.8  987.2   10.7  111.0   70.3  444.0
2019 111  4 21 2100  -26.2  987.0    9.4  105.0   72.9  444.0
2019 111  4 21 2200  -26.8  987.1    7.0  107.0   75.1  444.0
2019 111  4 21 2300  -26.6  986.8    6.2  104.0   73.4  444.0
2019 112  4 22 0000  -27.1  986.8    6.4   94.0   71.2  444.0
2019 112  4 22 0100  -27.6  986.5    6.2   91.0   73.4  444.0
2019 112  4 22 0200  -28.6  986.4    6.0   98.0   78.6  444.0
2019 112  4 22 0300  -28.2  986.3    6.0  111.0   74.7  444.0
2019 112  4 22 0400  -29.0  985.8    5.3   74.0   73.8  444.0
2019 112  4 22 0500  -30.6  985.5    4.5  105.0   75.1  444.0
2019 112  4 22 0600  -30.4  985.2    6.0   94.0   79.1  444.0
2019 112  4 22 0700  -27.4  985.0    6.4   83.0   73.4  444.0
2019 112  4 22 0800  -26.8  984.3    8.4   73.0   77.3  444.0
2019 112  4 22 0900  -26.6  984.1    6.0   86.0   78.2  444.0
2019 112  4 22 1000  -26.0  983.8    5.5   97.0   79.5  444.0
2019 112  4 22 1100  -25.5  983.5    4.5  104.0   81.3  444.0
2019 112  4 22 1200  -25.5  983.1    3.5   86.0   83.5  444.0
2019 112  4 22 1300  -25.5  982.4    4.9   76.0   82.2  444.0
2019 112  4 22 1400  -27.0  981.8    3.9  105.0   83.0  444.0
2019 112  4 22 1500  -28.2  981.0    3.1  132.0   83.0  444.0
2019 112  4 22 1600  -26.5  980.9    4.1  111.0   85.7  444.0
2019 112  4 22 1700  -26.4  980.2    3.9  135.0   85.7  444.0
2019 112  4 22 1800  -27.0  979.6    4.7  124.0   84.4  444.0
2019 112  4 22 1900  -25.1  979.1    4.7  114.0   87.0  444.0
2019 112  4 22 2000  -26.1  978.4    4.3  112.0   86.1  444.0
2019 112  4 22 2100  -25.0  978.1    4.5  131.0   87.9  444.0
2019 112  4 22 2200  -24.1  977.6    4.5  110.0   89.2  444.0
2019 112  4 22 2300  -24.6  976.9    4.5  121.0   87.0  444.0
2019 113  4 23 0000  -23.6  976.6    4.3  108.0   89.6  444.0
2019 113  4 23 0100  -23.4  975.6    3.9  132.0   83.5  444.0
2019 113  4 23 0200  -23.6  975.1    3.5  124.0   71.6  444.0
2019 113  4 23 0300  -25.8  974.2    4.3  105.0   74.7  444.0
2019 113  4 23 0400  -25.0  973.6    3.7  125.0   79.1  444.0
2019 113  4 23 0500  -23.5  972.7    5.1  135.0   76.0  444.0
2019 113  4 23 0600  -22.1  971.8    4.1  143.0   90.5  444.0
2019 113  4 23 0700  -23.5  971.2    4.7  138.0   88.3  444.0
2019 113  4 23 0800  -23.5  970.5    4.1  142.0   88.8  444.0
2019 113  4 23 0900  -21.9  969.5    4.9  134.0   90.1  444.0
2019 113  4 23 1000  -23.8  968.7    2.5  139.0   87.9  444.0
2019 113  4 23 1100  -21.4  968.1    4.7  167.0   90.5  444.0
2019 113  4 23 1200  -22.0  967.5    2.9  149.0   89.6  444.0
2019 113  4 23 1300  -16.8  966.7    7.8  111.0   81.3  444.0
2019 113  4 23 1400  -11.2  965.7   19.5  105.0   61.0  444.0
2019 113  4 23 1500  -12.4  964.5   19.1  112.0   99.8  444.0
2019 113  4 23 1600  -11.8  963.4   21.4  104.0  444.0  444.0
2019 113  4 23 1700  -12.4  963.4   21.3  107.0   99.3  444.0
2019 113  4 23 1800  -13.5  963.7   19.5  101.0   98.0  444.0
2019 113  4 23 1900  -12.6  963.7   20.3  104.0   99.3  444.0
2019 113  4 23 2000  -12.9  963.3   23.0  100.0   99.8  444.0
2019 113  4 23 2100  -13.1  963.0   21.8  104.0   99.3  444.0
2019 113  4 23 2200  -13.5  963.1   24.0  101.0   98.4  444.0
2019 113  4 23 2300  -13.8  963.8   24.2  103.0   98.9  444.0
2019 114  4 24 0000  -14.1  963.8   22.6  101.0   98.4  444.0
2019 114  4 24 0100  -14.1  963.8   21.8   97.0   97.1  444.0
2019 114  4 24 0200  -14.1  963.6   22.6  100.0   97.6  444.0
2019 114  4 24 0300  -14.1  963.4   20.5  104.0   97.6  444.0
2019 114  4 24 0400  -13.9  963.3   25.9   94.0   98.0  444.0
2019 114  4 24 0500  -14.1  963.3   25.0  101.0   99.3  444.0
2019 114  4 24 0600  -14.1  963.2   27.3  104.0   97.1  444.0
2019 114  4 24 0700  -14.8  964.0   24.4   94.0   96.2  444.0
2019 114  4 24 0800  -15.5  964.0   24.4   91.0   96.7  444.0
2019 114  4 24 0900  -16.2  964.0   28.3   98.0   96.2  444.0
2019 114  4 24 1000  -16.5  966.1   19.9   94.0   96.2  444.0
2019 114  4 24 1100  -16.9  967.2   25.0   96.0   96.2  444.0
2019 114  4 24 1200  -17.2  967.3   23.2   91.0   93.6  444.0
2019 114  4 24 1300  -16.9  968.1   19.9   94.0   94.0  444.0
2019 114  4 24 1400  -17.1  968.6   23.2   90.0   92.7  444.0
2019 114  4 24 1500  -17.4  968.7   22.8  104.0   92.3  444.0
2019 114  4 24 1600  -17.6  969.8   22.8  100.0   90.1  444.0
2019 114  4 24 1700  -17.5  970.9   21.1  100.0   87.9  444.0
2019 114  4 24 1800  -17.6  971.2   18.7   98.0   86.1  444.0
2019 114  4 24 1900  -18.1  971.5   18.9   97.0   88.3  444.0
2019 114  4 24 2000  -17.6  970.7   21.4   94.0   88.3  444.0
2019 114  4 24 2100  -17.4  970.7   20.1  105.0   88.8  444.0
2019 114  4 24 2200  -17.4  971.3   23.2   97.0   85.7  444.0
2019 114  4 24 2300  -17.1  971.8   18.5   94.0   80.0  444.0
2019 115  4 25 0000  -17.4  971.3   18.7   82.0   73.8  444.0
2019 115  4 25 0100  -18.6  971.7   16.2   86.0   81.3  444.0
2019 115  4 25 0200  -18.5  971.4   19.3   80.0   83.0  444.0
2019 115  4 25 0300  -19.0  972.7   16.2   89.0   82.2  444.0
2019 115  4 25 0400  -18.9  972.8   17.9  103.0   82.2  444.0
2019 115  4 25 0500  -18.9  972.8   18.3   97.0   81.3  444.0
2019 115  4 25 0600  -19.0  972.4   21.1   98.0   81.3  444.0
2019 115  4 25 0700  -18.8  973.8   16.6   94.0   76.4  444.0
2019 115  4 25 0800  -16.9  973.9   15.0   96.0   69.8  444.0
2019 115  4 25 0900  -17.9  974.4   15.8   89.0   69.4  444.0
2019 115  4 25 1000  -17.8  974.9   19.7   94.0   72.5  444.0
2019 115  4 25 1100  -19.5  975.7   18.3   96.0   76.0  444.0
2019 115  4 25 1200  -19.6  976.0   13.8  100.0   70.7  444.0
2019 115  4 25 1300  -20.4  976.6   16.0   94.0   74.2  444.0
2019 115  4 25 1400  -21.2  976.8   14.6   96.0   74.7  444.0
2019 115  4 25 1500  -21.0  976.6   12.5   96.0   72.9  444.0
2019 115  4 25 1600  -20.0  977.0   12.3   98.0   69.8  444.0
2019 115  4 25 1700  -19.2  977.1   13.3  101.0   67.6  444.0
2019 115  4 25 1800  -19.2  976.8   16.6   83.0   70.3  444.0
2019 115  4 25 1900  -21.9  977.6   13.1   76.0   72.5  444.0
2019 115  4 25 2000  -21.2  978.4   12.9   93.0   73.8  444.0
2019 115  4 25 2100  -22.2  979.2   10.3   93.0   76.0  444.0
2019 115  4 25 2200  -22.8  980.0    9.6   84.0   73.8  444.0
2019 115  4 25 2300  -23.8  980.5    6.8   91.0   76.4  444.0
2019 116  4 26 0000  -23.9  980.1   11.7   74.0   74.7  444.0
2019 116  4 26 0100  -23.4  979.8   14.4   80.0   67.6  444.0
2019 116  4 26 0200  -24.4  979.7   13.3   63.0   69.0  444.0
2019 116  4 26 0300  -25.5  979.9   13.1   66.0   72.0  444.0
2019 116  4 26 0400  -23.2  980.5   17.0   87.0   75.1  444.0
2019 116  4 26 0500  -25.1  981.3   16.2   76.0   80.0  444.0
2019 116  4 26 0600  -26.2  983.0    7.4   82.0   81.3  444.0
2019 116  4 26 0700  -26.6  983.4    9.0   77.0   82.6  444.0
2019 116  4 26 0800  -26.8  983.5   11.7   79.0   82.6  444.0
2019 116  4 26 0900  -26.6  983.8   12.1   79.0   83.5  444.0
2019 116  4 26 1000  -27.5  984.0   11.9   80.0   82.6  444.0
2019 116  4 26 1100  -25.2  984.6   11.7   84.0   85.2  444.0
2019 116  4 26 1200  -24.5  985.4   14.0   84.0   83.5  444.0
2019 116  4 26 1300  -25.0  985.9    9.6   72.0   78.2  444.0
2019 116  4 26 1400  -25.8  986.0    6.2   83.0   77.8  444.0
2019 116  4 26 1500  -24.4  986.1    7.2  100.0   79.1  444.0
2019 116  4 26 1600  -24.4  986.4    6.6   97.0   77.8  444.0
2019 116  4 26 1700  -23.9  986.6    6.0  110.0   75.6  444.0
2019 116  4 26 1800  -23.5  986.7    6.2  118.0   72.9  444.0
2019 116  4 26 1900  -23.5  986.8    4.5  111.0   74.7  444.0
2019 116  4 26 2000  -23.4  986.7    5.1   80.0   72.9  444.0
2019 116  4 26 2100  -23.5  986.7    4.7   56.0   76.4  444.0
2019 116  4 26 2200  -23.8  987.3    5.8   46.0   74.7  444.0
2019 116  4 26 2300  -23.9  987.5    3.3   62.0   75.6  444.0
2019 117  4 27 0000  -23.4  987.8    2.7   58.0   72.9  444.0
2019 117  4 27 0100  -22.9  988.1    4.1   53.0   69.0  444.0
2019 117  4 27 0200  -22.9  988.2    3.5   67.0   71.2  444.0
2019 117  4 27 0300  -23.4  988.2    3.1   53.0   73.8  444.0
2019 117  4 27 0400  -23.4  988.5    2.9   51.0   74.2  444.0
2019 117  4 27 0500  -23.8  988.7    3.7   41.0   72.9  444.0
2019 117  4 27 0600  -23.9  988.9    3.3   52.0   75.6  444.0
2019 117  4 27 0700  -23.8  989.1    3.5   55.0   74.7  444.0
2019 117  4 27 0800  -23.8  989.2    3.7   49.0   72.5  444.0
2019 117  4 27 0900  -23.5  989.2    3.1   53.0   72.0  444.0
2019 117  4 27 1000  -23.8  989.2    2.9   46.0   71.2  444.0
2019 117  4 27 1100  -25.2  989.4    2.5   45.0   73.8  444.0
2019 117  4 27 1200  -25.8  989.4    1.9   29.0   76.9  444.0
2019 117  4 27 1300  -24.9  989.6    1.4   21.0   72.5  444.0
2019 117  4 27 1400  -24.9  989.4    1.9   45.0   74.2  444.0
2019 117  4 27 1500  -25.0  989.2    2.3   49.0   76.0  444.0
2019 117  4 27 1600  -24.8  989.4    4.3   49.0   70.3  444.0
2019 117  4 27 1700  -25.0  989.4    2.9   41.0   72.0  444.0
2019 117  4 27 1800  -25.6  989.1    2.5   41.0   75.6  444.0
2019 117  4 27 1900  -25.8  989.2    1.8   48.0   76.0  444.0
2019 117  4 27 2000  -25.5  989.0    2.5   45.0   74.2  444.0
2019 117  4 27 2100  -25.2  989.0    1.9   51.0   76.0  444.0
2019 117  4 27 2200  -25.2  989.3    2.3   56.0   77.3  444.0
2019 117  4 27 2300  -25.2  989.0    2.7   80.0   79.1  444.0
2019 118  4 28 0000  -25.5  988.6    3.1   94.0   79.5  444.0
2019 118  4 28 0100  -27.6  988.5    1.9   91.0   78.6  444.0
2019 118  4 28 0200  -27.2  988.5    2.1   94.0   80.4  444.0
2019 118  4 28 0300  -25.9  988.1    3.7  118.0   83.5  444.0
2019 118  4 28 0400  -25.8  988.0    3.7  125.0   83.5  444.0
2019 118  4 28 0500  -25.5  988.1    3.7  145.0   85.7  444.0
2019 118  4 28 0600  -25.9  987.7    3.1  142.0   84.8  444.0
2019 118  4 28 0700  -25.5  987.6    2.7  128.0   87.4  444.0
2019 118  4 28 0800  -22.8  987.3    4.1  138.0   90.1  444.0
2019 118  4 28 0900  -24.5  987.1    3.7  118.0   88.3  444.0
2019 118  4 28 1000  -23.1  987.0    5.5  111.0   89.2  444.0
2019 118  4 28 1100  -24.6  987.5    9.9   82.0   87.4  444.0
2019 118  4 28 1200  -25.6  987.5    9.9   84.0   86.1  444.0
2019 118  4 28 1300  -25.6  988.0   11.1   94.0   86.1  444.0
2019 118  4 28 1400  -25.6  987.6   11.5   86.0   86.6  444.0
2019 118  4 28 1500  -24.2  986.6   10.9   77.0   87.9  444.0
2019 118  4 28 1600  -23.9  986.7   15.0   74.0   87.9  444.0
2019 118  4 28 1700  -22.9  987.7   19.3   91.0   86.6  444.0
2019 118  4 28 1800  -24.0  988.6   14.2   90.0   85.2  444.0
2019 118  4 28 1900  -24.0  988.7   10.1   77.0   84.4  444.0
2019 118  4 28 2000  -23.6  989.2   10.3   79.0   86.1  444.0
2019 118  4 28 2100  -23.4  989.0    7.4   63.0   88.3  444.0
2019 118  4 28 2200  -20.9  989.0   11.1   76.0   90.1  444.0
2019 118  4 28 2300  -21.9  989.2   10.3   60.0   89.2  444.0
2019 119  4 29 0000  -22.0  990.1   10.7   80.0   87.9  444.0
2019 119  4 29 0100  -22.9  990.4    8.8   93.0   86.1  444.0
2019 119  4 29 0200  -24.5  990.4    8.6   90.0   86.1  444.0
2019 119  4 29 0300  -26.2  990.0    7.6   89.0   85.7  444.0
2019 119  4 29 0400  -27.2  990.3    5.5  107.0   83.5  444.0
2019 119  4 29 0500  -28.0  990.3    5.1  100.0   80.8  444.0
2019 119  4 29 0600  -28.4  990.5    4.3  121.0   80.8  444.0
2019 119  4 29 0700  -28.1  990.6    3.9  122.0   78.6  444.0
2019 119  4 29 0800  -26.2  990.2    4.9  132.0   70.7  444.0
2019 119  4 29 0900  -25.1  990.1    6.0  126.0   69.4  444.0
2019 119  4 29 1000  -25.9  989.9    4.9  110.0   70.7  444.0
2019 119  4 29 1100  -25.5  989.9    5.1   94.0   69.0  444.0
2019 119  4 29 1200  -26.4  989.5    3.7   80.0   69.0  444.0
2019 119  4 29 1300  -27.4  989.1    4.7   76.0   70.3  444.0
2019 119  4 29 1400  -28.6  988.8    3.1   70.0   69.0  444.0
2019 119  4 29 1500  -28.2  988.5    3.9   70.0   70.3  444.0
2019 119  4 29 1600  -29.9  988.2    3.7   89.0   75.1  444.0
2019 119  4 29 1700  -30.5  988.1    4.3  105.0   75.6  444.0
2019 119  4 29 1800  -30.5  988.1    4.3  129.0   79.1  444.0
2019 119  4 29 1900  -30.4  987.7    5.8  126.0   75.6  444.0
2019 119  4 29 2000  -29.1  987.5    8.0  105.0   74.2  444.0
2019 119  4 29 2100  -30.0  987.8    4.7  121.0   73.4  444.0
2019 119  4 29 2200  -29.0  987.8    4.1  108.0   71.2  444.0
2019 119  4 29 2300  -30.9  987.5    6.4   96.0   75.1  444.0
2019 120  4 30 0000  -31.0  987.7    4.5  103.0   75.6  444.0
2019 120  4 30 0100  -31.4  987.3    4.1  100.0   75.1  444.0
2019 120  4 30 0200  -31.4  987.3    5.3   96.0   76.0  444.0
2019 120  4 30 0300  -32.0  986.9    3.9   98.0   78.2  444.0
2019 120  4 30 0400  -32.4  987.0    5.7   90.0   77.8  444.0
2019 120  4 30 0500  -32.9  986.9    5.5   90.0   77.8  444.0
2019 120  4 30 0600  -32.8  986.8    5.3   89.0   77.8  444.0
2019 120  4 30 0700  -33.0  986.7    4.7   90.0   77.3  444.0
2019 120  4 30 0800  -32.9  986.3    4.7   94.0   77.8  444.0
2019 120  4 30 0900  -33.1  985.9    4.9   83.0   77.3  444.0
2019 120  4 30 1000  -34.2  985.8    5.5   49.0   76.4  444.0
2019 120  4 30 1100  -35.1  985.3    3.5   65.0   74.7  444.0
2019 120  4 30 1200  -33.5  984.6    4.7   51.0   77.3  444.0
2019 120  4 30 1300  -33.9  984.5    4.1   49.0   76.4  444.0
2019 120  4 30 1400  -33.2  984.3    4.5   52.0   76.9  444.0
2019 120  4 30 1500  -33.2  983.8    3.1   72.0   76.9  444.0
2019 120  4 30 1600  -33.5  983.5    2.5   70.0   76.4  444.0
2019 120  4 30 1700  -33.8  983.0    1.8   91.0   76.4  444.0
2019 120  4 30 1800  -33.9  982.2    2.7  101.0   76.4  444.0
2019 120  4 30 1900  -34.4  982.0    2.7  101.0   75.6  444.0
2019 120  4 30 2000  -35.6  982.4    2.5  118.0   75.6  444.0
2019 120  4 30 2100  -34.5  982.1    2.3  121.0   76.0  444.0
2019 120  4 30 2200  -34.5  982.2    1.8  114.0   75.1  444.0
2019 120  4 30 2300  -34.8  982.1    2.7   94.0   75.1  444.0
