Year: 2022  Month: 04  ID: LR2  ARGOS: 21360  Name: Laurie II         
Lat: 77.43S  Lon: 170.75E  Elev:   34m                                
2022  91  4  1 0000  -21.5  975.4   17.2  444.0   90.5  444.0
2022  91  4  1 0100  -22.6  975.1   12.1  444.0   88.3  444.0
2022  91  4  1 0200  -23.2  975.0   14.2  444.0   87.0  444.0
2022  91  4  1 0300  -22.8  974.6   12.3  444.0   87.4  444.0
2022  91  4  1 0400  -22.9  974.6   12.9  444.0   86.6  444.0
2022  91  4  1 0500  -24.6  974.5   11.1  444.0   85.2  444.0
2022  91  4  1 0600  -22.8  973.8   10.5  444.0   86.1  444.0
2022  91  4  1 0700  -24.6  973.4   11.5  444.0   85.2  444.0
2022  91  4  1 0800  -26.5  972.9   11.1  444.0   84.4  444.0
2022  91  4  1 0900  -27.1  972.7   12.3  444.0   84.4  444.0
2022  91  4  1 1000  -27.6  973.1   12.1  444.0   84.8  444.0
2022  91  4  1 1100  -27.2  972.9   13.8  444.0   83.9  444.0
2022  91  4  1 1200  -27.5  972.7   14.6  444.0   83.9  444.0
2022  91  4  1 1300  -27.2  972.5   13.6  444.0   83.9  444.0
2022  91  4  1 1400  -26.4  972.1   14.0  444.0   84.4  444.0
2022  91  4  1 1500  -25.2  972.3   11.3  444.0   83.9  444.0
2022  91  4  1 1600  -24.2  972.1   14.0  444.0   85.7  444.0
2022  91  4  1 1700  -23.6  972.3   12.5  444.0   85.2  444.0
2022  91  4  1 1800  -23.1  972.8   12.5  444.0   84.4  444.0
2022  91  4  1 1900  -25.5  972.6   12.3  444.0   83.0  444.0
2022  91  4  1 2000  -25.5  972.4   11.3  444.0   84.4  444.0
2022  91  4  1 2100  -25.8  973.0    9.8  444.0   82.2  444.0
2022  91  4  1 2200  -24.5  972.4   12.5  444.0   82.6  444.0
2022  91  4  1 2300  -24.4  972.6   11.1  444.0   81.3  444.0
2022  92  4  2 0000  -23.8  972.6   13.3  444.0   81.3  444.0
2022  92  4  2 0100  -24.9  973.2   12.5  444.0   78.6  444.0
2022  92  4  2 0200  -26.2  973.7   10.7  444.0   80.0  444.0
2022  92  4  2 0300  -25.5  973.5   10.1  444.0   81.7  444.0
2022  92  4  2 0400  -25.9  973.8   12.1  444.0   83.0  444.0
2022  92  4  2 0500  -26.8  974.0   10.3  444.0   82.6  444.0
2022  92  4  2 0600  -26.9  973.9    8.6  444.0   82.6  444.0
2022  92  4  2 0700  -26.4  974.3    8.6  444.0   80.8  444.0
2022  92  4  2 0800  -25.8  974.6    8.2  444.0   82.2  444.0
2022  92  4  2 0900  -24.8  974.9    6.8  444.0   82.6  444.0
2022  92  4  2 1000  -25.9  975.0    6.2  444.0   82.2  444.0
2022  92  4  2 1100  -26.4  975.2    3.5  444.0   81.7  444.0
2022  92  4  2 1200  -27.5  975.0    3.9  444.0   83.0  444.0
2022  92  4  2 1300  -29.0  975.5    3.5  444.0   79.5  444.0
2022  92  4  2 1400  -28.8  975.9    3.5  444.0   82.2  444.0
2022  92  4  2 1500  -28.6  976.4    2.7  444.0   83.0  444.0
2022  92  4  2 1600  -27.6  976.7    2.7  444.0   84.4  444.0
2022  92  4  2 1700  -28.6  977.3    3.3  444.0   80.0  444.0
2022  92  4  2 1800  -26.2  977.8    4.1  444.0   77.3  444.0
2022  92  4  2 1900  -25.6  978.2    3.9  444.0   71.2  444.0
2022  92  4  2 2000  -28.1  978.9    3.3  444.0   76.0  444.0
2022  92  4  2 2100  -25.8  979.5    3.7  444.0   77.8  444.0
2022  92  4  2 2200  -24.1  979.7    4.5  444.0   79.1  444.0
2022  92  4  2 2300  -23.9  980.2    2.9  444.0   79.5  444.0
2022  93  4  3 0000  -21.2  980.3    8.8  444.0   89.2  444.0
2022  93  4  3 0100  -19.2  980.5   10.7  444.0   91.4  444.0
2022  93  4  3 0200  -19.5  980.9   10.7  444.0   91.8  444.0
2022  93  4  3 0300  -20.4  981.0   14.4  444.0   91.0  444.0
2022  93  4  3 0400  -22.5  981.9   12.5  444.0   88.3  444.0
2022  93  4  3 0500  -25.8  982.5   16.6  444.0   86.1  444.0
2022  93  4  3 0600  -27.0  983.0   15.6  444.0   84.8  444.0
2022  93  4  3 0700  -29.0  984.1   14.0  444.0   83.0  444.0
2022  93  4  3 0800  -28.1  985.0   13.6  444.0   83.9  444.0
2022  93  4  3 0900  -27.5  985.1   21.3  444.0   85.2  444.0
2022  93  4  3 1000  -26.6  986.0   15.6  444.0   86.1  444.0
2022  93  4  3 1100  -26.2  986.2   18.3  444.0   86.1  444.0
2022  93  4  3 1200  -25.0  986.5   20.3  444.0   87.9  444.0
2022  93  4  3 1300  -24.5  986.6   22.2  444.0   87.9  444.0
2022  93  4  3 1400  -23.9  986.7   21.3  444.0   88.8  444.0
2022  93  4  3 1500  -24.1  986.1   24.4  444.0   88.3  444.0
2022  93  4  3 1600  -24.0  987.1   21.6  444.0   88.8  444.0
2022  93  4  3 1700  -24.0  987.0   21.8  444.0   88.8  444.0
2022  93  4  3 1800  -23.1  987.4   20.1  444.0   90.1  444.0
2022  93  4  3 1900  -22.1  987.8   21.6  444.0   91.0  444.0
2022  93  4  3 2000  -21.4  987.8   22.2  444.0   91.4  444.0
2022  93  4  3 2100  -20.8  987.6   25.3  444.0   92.3  444.0
2022  93  4  3 2200  -20.8  987.9   22.6  444.0   92.3  444.0
2022  93  4  3 2300  -21.5  988.2   24.4  444.0   91.0  444.0
2022  94  4  4 0000  -21.1  988.8   23.6  444.0   92.3  444.0
2022  94  4  4 0100  -20.9  988.6   21.6  444.0   91.8  444.0
2022  94  4  4 0200  -19.6  988.2   23.0  444.0   94.0  444.0
2022  94  4  4 0300  -19.6  988.9   26.3  444.0   93.2  444.0
2022  94  4  4 0400  -20.5  989.5   25.5  444.0   92.7  444.0
2022  94  4  4 0500  -21.0  990.5   21.1  444.0   91.8  444.0
2022  94  4  4 0600  -21.9  991.3   21.4  444.0   91.8  444.0
2022  94  4  4 0700  -19.8  992.1   23.0  444.0   93.6  444.0
2022  94  4  4 0800  -17.5  992.1   25.5  444.0   95.8  444.0
2022  94  4  4 0900  -17.8  993.1   21.8  444.0   94.9  444.0
2022  94  4  4 1000  -19.5  993.9   18.1  444.0   93.6  444.0
2022  94  4  4 1100  -20.2  994.1   21.3  444.0   92.3  444.0
2022  94  4  4 1200  -20.0  995.1   16.4  444.0   93.2  444.0
2022  94  4  4 1300  -19.6  995.5   18.3  444.0   93.2  444.0
2022  94  4  4 1400  -19.8  996.4   15.4  444.0   93.2  444.0
2022  94  4  4 1500  -18.9  996.6   16.2  444.0   94.9  444.0
2022  94  4  4 1600  -17.8  996.3   15.4  444.0   95.8  444.0
2022  94  4  4 1700  -17.1  996.5   17.0  444.0   95.8  444.0
2022  94  4  4 1800  -17.4  996.5   18.1  444.0   95.8  444.0
2022  94  4  4 1900  -17.4  996.9   13.6  444.0   95.4  444.0
2022  94  4  4 2000  -17.6  996.9   12.5  444.0   95.4  444.0
2022  94  4  4 2100  -17.9  997.0   12.9  444.0   94.0  444.0
2022  94  4  4 2200  -18.4  996.8   10.5  444.0   92.3  444.0
2022  94  4  4 2300  -18.9  997.0   10.9  444.0   91.0  444.0
2022  95  4  5 0000  -19.2  997.0    9.9  444.0   88.8  444.0
2022  95  4  5 0100  -19.0  997.1    9.9  444.0   87.9  444.0
2022  95  4  5 0200  -19.1  997.1    8.6  444.0   86.6  444.0
2022  95  4  5 0300  -20.0  997.2    7.0  444.0   86.1  444.0
2022  95  4  5 0400  -20.1  996.7    7.6  444.0   86.1  444.0
2022  95  4  5 0500  -19.8  996.4    7.6  444.0   87.0  444.0
2022  95  4  5 0600  -20.8  996.5    6.2  444.0   85.7  444.0
2022  95  4  5 0700  -21.9  996.4    4.9  444.0   82.6  444.0
2022  95  4  5 0800  -24.4  996.2    5.1  444.0   82.2  444.0
2022  95  4  5 0900  -24.4  996.1  444.0  444.0   82.2  444.0
2022  95  4  5 1000  -25.1  995.9  444.0  444.0   84.4  444.0
2022  95  4  5 1100  -26.6  995.7  444.0  444.0   85.2  444.0
2022  95  4  5 1200  -25.9  995.5  444.0  444.0   86.6  444.0
2022  95  4  5 1300  -26.1  995.2  444.0  444.0   86.6  444.0
2022  95  4  5 1400  -25.1  994.8  444.0  444.0   82.2  444.0
2022  95  4  5 1500  -25.5  994.9  444.0  444.0   80.4  444.0
2022  95  4  5 1600  -27.1  995.0  444.0  444.0   80.0  444.0
2022  95  4  5 1700  -28.4  994.8  444.0  444.0   80.8  444.0
2022  95  4  5 1800  -28.6  995.1  444.0  444.0   83.5  444.0
2022  95  4  5 1900  -28.4  995.1  444.0  444.0   83.9  444.0
2022  95  4  5 2000  -28.6  995.0  444.0  444.0   83.5  444.0
2022  95  4  5 2100  -27.4  994.8  444.0  444.0   86.1  444.0
2022  95  4  5 2200  -24.2  994.9  444.0  444.0   88.3  444.0
2022  95  4  5 2300  -22.5  994.7  444.0  444.0   82.6  444.0
2022  96  4  6 0000  -22.0  994.7    6.0  444.0   83.9  444.0
2022  96  4  6 0100  -21.9  994.5    9.2  444.0   83.0  444.0
2022  96  4  6 0200  -21.6  994.8    8.6  444.0   84.8  444.0
2022  96  4  6 0300  -22.5  994.3    8.4  444.0   80.4  444.0
2022  96  4  6 0400  -22.1  994.4    8.2  444.0   87.0  444.0
2022  96  4  6 0500  -22.9  994.6   10.5  444.0   84.8  444.0
2022  96  4  6 0600  -24.6  994.8    8.8  444.0   83.9  444.0
2022  96  4  6 0700  -25.2  994.9    9.9  444.0   83.5  444.0
2022  96  4  6 0800  -26.1  994.9   10.1  444.0   83.9  444.0
2022  96  4  6 0900  -27.1  994.9    9.4  444.0   82.6  444.0
2022  96  4  6 1000  -27.6  994.9    7.8  444.0   81.3  444.0
2022  96  4  6 1100  -28.0  995.3    7.6  444.0   81.7  444.0
2022  96  4  6 1200  -27.2  995.3    7.2  444.0   83.0  444.0
2022  96  4  6 1300  -27.2  995.4    7.6  444.0   82.2  444.0
2022  96  4  6 1400  -27.0  995.4    8.6  444.0   82.6  444.0
2022  96  4  6 1500  -26.1  995.3   10.5  444.0   82.2  444.0
2022  96  4  6 1600  -26.1  994.8   10.5  444.0   80.0  444.0
2022  96  4  6 1700  -26.4  994.7    9.8  444.0   79.5  444.0
2022  96  4  6 1800  -26.4  994.6    7.8  444.0   80.4  444.0
2022  96  4  6 1900  -25.8  994.1    9.8  444.0   79.5  444.0
2022  96  4  6 2000  -26.2  994.0   10.3  444.0   82.6  444.0
2022  96  4  6 2100  -26.6  994.0    7.6  444.0   82.6  444.0
2022  96  4  6 2200  -25.6  993.7    8.8  444.0   77.3  444.0
2022  96  4  6 2300  -25.2  993.4    6.8  444.0   76.9  444.0
2022  97  4  7 0000  -25.0  993.1    7.4  444.0   80.8  444.0
2022  97  4  7 0100  -24.8  992.6    7.4  444.0   81.3  444.0
2022  97  4  7 0200  -24.2  992.0    8.2  444.0   82.2  444.0
2022  97  4  7 0300  -24.2  991.2   10.1  444.0   83.5  444.0
2022  97  4  7 0400  -24.5  991.3    7.8  444.0   84.8  444.0
2022  97  4  7 0500  -24.2  990.7    7.2  444.0   84.4  444.0
2022  97  4  7 0600  -24.0  990.3    7.2  444.0   86.1  444.0
2022  97  4  7 0700  -23.9  989.7    5.8  444.0   87.4  444.0
2022  97  4  7 0800  -23.6  989.5    5.1  444.0   87.0  444.0
2022  97  4  7 0900  -23.6  989.1    3.9  444.0   87.9  444.0
2022  97  4  7 1000  -24.0  988.6    4.3  444.0   87.0  444.0
2022  97  4  7 1100  -24.4  988.2    3.7  444.0   87.4  444.0
2022  97  4  7 1200  -24.4  987.8    2.9  444.0   88.8  444.0
2022  97  4  7 1300  -24.0  987.4    2.5  444.0   88.8  444.0
2022  97  4  7 1400  -23.4  986.8    2.9  444.0   89.6  444.0
2022  97  4  7 1500  -24.2  986.2    2.5  444.0   87.9  444.0
2022  97  4  7 1600  -23.1  985.8    3.9  444.0   90.5  444.0
2022  97  4  7 1700  -22.8  985.5    4.1  444.0   89.6  444.0
2022  97  4  7 1800  -22.1  984.9    3.7  444.0   91.4  444.0
2022  97  4  7 1900  -21.9  984.9    4.3  444.0   91.8  444.0
2022  97  4  7 2000  -20.6  984.3    2.1  444.0   91.8  444.0
2022  97  4  7 2100  -22.0  984.0    3.1  444.0   91.0  444.0
2022  97  4  7 2200  -19.5  983.7    2.9  444.0   94.9  444.0
2022  97  4  7 2300  -17.9  983.0    3.5  444.0   95.8  444.0
2022  98  4  8 0000  -17.1  982.4    5.7  444.0   97.1  444.0
2022  98  4  8 0100  -16.6  982.1    5.1  444.0   93.6  444.0
2022  98  4  8 0200  -16.5  981.7    3.3  444.0   91.4  444.0
2022  98  4  8 0300  -16.5  981.1    5.5  444.0   95.8  444.0
2022  98  4  8 0400  -15.0  981.1    6.6  444.0   87.4  444.0
2022  98  4  8 0500  -17.9  980.5    8.8  444.0   82.2  444.0
2022  98  4  8 0600  -18.4  980.5    6.2  444.0   83.9  444.0
2022  98  4  8 0700  -17.5  980.2    5.5  444.0   85.2  444.0
2022  98  4  8 0800  -17.4  979.8    3.3  444.0   83.9  444.0
2022  98  4  8 0900  -17.1  979.2    1.6  444.0   88.8  444.0
2022  98  4  8 1000  -17.8  978.8    2.9  444.0   92.3  444.0
2022  98  4  8 1100  -18.6  978.3    1.8  444.0   93.6  444.0
2022  98  4  8 1200  -17.8  978.3    2.9  444.0   95.8  444.0
2022  98  4  8 1300  -17.4  977.8    2.3  444.0   94.5  444.0
2022  98  4  8 1400  -18.4  977.7    4.9  444.0   92.3  444.0
2022  98  4  8 1500  -19.1  977.2    1.2  444.0   93.2  444.0
2022  98  4  8 1600  -17.5  976.8    3.3  444.0   95.8  444.0
2022  98  4  8 1700  -18.6  976.6    1.4  444.0   93.2  444.0
2022  98  4  8 1800  -18.9  976.6    1.2  444.0   93.6  444.0
2022  98  4  8 1900  -18.9  975.8    1.2  444.0   93.2  444.0
2022  98  4  8 2000  -16.6  975.5    4.3  444.0   94.0  444.0
2022  98  4  8 2100  -16.6  975.5    5.3  444.0   93.6  444.0
2022  98  4  8 2200  -16.5  975.5    5.7  444.0   94.0  444.0
2022  98  4  8 2300  -16.5  975.2    6.2  444.0   93.2  444.0
2022  99  4  9 0000  -16.2  975.2    5.8  444.0   92.3  444.0
2022  99  4  9 0100  -16.5  975.0    8.0  444.0   89.6  444.0
2022  99  4  9 0200  -16.0  974.5    7.4  444.0   92.7  444.0
2022  99  4  9 0300  -16.1  973.9    7.0  444.0   93.6  444.0
2022  99  4  9 0400  -16.5  973.9    8.0  444.0   92.3  444.0
2022  99  4  9 0500  -17.0  973.7    8.4  444.0   93.6  444.0
2022  99  4  9 0600  -17.8  973.6    7.4  444.0   94.0  444.0
2022  99  4  9 0700  -17.2  973.6    9.2  444.0   92.7  444.0
2022  99  4  9 0800  -17.6  973.2    9.8  444.0   93.2  444.0
2022  99  4  9 0900  -17.4  972.7   12.1  444.0   93.2  444.0
2022  99  4  9 1000  -17.6  972.7   10.5  444.0   92.3  444.0
2022  99  4  9 1100  -17.9  972.9    8.6  444.0   92.3  444.0
2022  99  4  9 1200  -18.1  972.7    9.9  444.0   92.3  444.0
2022  99  4  9 1300  -17.8  972.8    9.2  444.0   92.3  444.0
2022  99  4  9 1400  -17.6  972.3   10.9  444.0   93.2  444.0
2022  99  4  9 1500  -18.1  972.5    9.0  444.0   92.3  444.0
2022  99  4  9 1600  -17.9  972.1    9.0  444.0   92.7  444.0
2022  99  4  9 1700  -17.8  972.5    6.6  444.0   94.9  444.0
2022  99  4  9 1800  -17.2  972.9    8.6  444.0   97.1  444.0
2022  99  4  9 1900  -16.9  973.4    6.8  444.0   96.2  444.0
2022  99  4  9 2000  -17.9  973.8    6.6  444.0   96.7  444.0
2022  99  4  9 2100  -16.6  973.6    6.8  444.0   95.8  444.0
2022  99  4  9 2200  -16.9  973.8    7.4  444.0   94.9  444.0
2022  99  4  9 2300  -16.6  974.1    6.6  444.0   93.6  444.0
2022 100  4 10 0000  -16.5  974.1    9.2  444.0   93.2  444.0
2022 100  4 10 0100  -16.5  974.6    7.8  444.0   91.8  444.0
2022 100  4 10 0200  -16.2  974.9    8.0  444.0   89.2  444.0
2022 100  4 10 0300  -16.1  974.8    9.2  444.0   91.8  444.0
2022 100  4 10 0400  -16.9  976.1    6.4  444.0   87.4  444.0
2022 100  4 10 0500  -17.1  976.6    6.4  444.0   89.2  444.0
2022 100  4 10 0600  -16.1  977.3    4.5  444.0   87.4  444.0
2022 100  4 10 0700  -16.0  977.9    4.7  444.0   85.7  444.0
2022 100  4 10 0800  -15.6  978.4    4.3  444.0   85.7  444.0
2022 100  4 10 0900  -16.0  978.7    2.9  444.0   86.1  444.0
2022 100  4 10 1000  -15.9  978.7    3.7  444.0   88.3  444.0
2022 100  4 10 1100  -15.5  978.8    3.9  444.0   86.1  444.0
2022 100  4 10 1200  -15.9  978.7    5.1  444.0   87.0  444.0
2022 100  4 10 1300  -16.2  978.9    2.9  444.0   96.7  444.0
2022 100  4 10 1400  -14.9  978.8    4.3  444.0   92.7  444.0
2022 100  4 10 1500  -15.1  978.4    3.7  444.0   94.0  444.0
2022 100  4 10 1600  -16.0  977.8    3.7  444.0   94.9  444.0
2022 100  4 10 1700  -16.5  977.7    4.9  444.0   94.9  444.0
2022 100  4 10 1800  -16.8  977.5    2.7  444.0   89.6  444.0
2022 100  4 10 1900  -17.4  977.4    2.1  444.0   96.7  444.0
2022 100  4 10 2000  -16.1  977.4    1.8  444.0   99.3  444.0
2022 100  4 10 2100  -14.8  977.1    3.3  444.0   90.5  444.0
2022 100  4 10 2200  -16.5  976.9    2.9  444.0   96.7  444.0
2022 100  4 10 2300  -16.0  976.9    2.9  444.0   95.8  444.0
2022 101  4 11 0000  -15.4  976.6    3.5  444.0   95.8  444.0
2022 101  4 11 0100  -14.1  976.3    2.9  444.0   99.3  444.0
2022 101  4 11 0200  -15.5  976.0    2.1  444.0   98.9  444.0
2022 101  4 11 0300  -14.8  975.9    1.8  444.0   99.8  444.0
2022 101  4 11 0400  -18.4  975.8    2.3  444.0   95.8  444.0
2022 101  4 11 0500  -18.9  975.6    2.3  444.0   94.9  444.0
2022 101  4 11 0600  -18.1  975.9    1.8  444.0   95.4  444.0
2022 101  4 11 0700  -17.2  976.0    1.6  444.0   97.1  444.0
2022 101  4 11 0800  -16.8  975.8    1.2  444.0   97.1  444.0
2022 101  4 11 0900  -16.4  976.0    1.2  444.0   98.0  444.0
2022 101  4 11 1000  -20.1  976.3    3.3  444.0   93.6  444.0
2022 101  4 11 1100  -18.9  976.5    3.7  444.0   94.9  444.0
2022 101  4 11 1200  -19.8  976.7    5.8  444.0   94.0  444.0
2022 101  4 11 1300  -19.5  977.2    4.7  444.0   94.0  444.0
2022 101  4 11 1400  -19.1  977.6    5.3  444.0   94.0  444.0
2022 101  4 11 1500  -19.5  977.9    5.7  444.0   94.0  444.0
2022 101  4 11 1600  -21.0  978.6    6.4  444.0   92.7  444.0
2022 101  4 11 1700  -21.5  979.1    7.6  444.0   92.3  444.0
2022 101  4 11 1800  -21.6  979.4    9.4  444.0   91.4  444.0
2022 101  4 11 1900  -22.0  980.1    9.4  444.0   91.4  444.0
2022 101  4 11 2000  -22.6  980.7    8.0  444.0   91.0  444.0
2022 101  4 11 2100  -23.5  981.3    9.0  444.0   89.6  444.0
2022 101  4 11 2200  -24.9  981.8    7.6  444.0   88.8  444.0
2022 101  4 11 2300  -25.8  982.4    8.2  444.0   87.4  444.0
2022 102  4 12 0000  -25.9  982.7    7.8  444.0   87.4  444.0
2022 102  4 12 0100  -25.9  982.9    7.8  444.0   87.0  444.0
2022 102  4 12 0200  -26.2  983.1    8.6  444.0   87.0  444.0
2022 102  4 12 0300  -28.0  983.6    6.0  444.0   83.9  444.0
2022 102  4 12 0400  -28.8  983.9    5.7  444.0   83.5  444.0
2022 102  4 12 0500  -28.8  984.2    5.5  444.0   83.9  444.0
2022 102  4 12 0600  -28.1  984.4    6.8  444.0   84.4  444.0
2022 102  4 12 0700  -28.2  984.7    6.6  444.0   83.5  444.0
2022 102  4 12 0800  -28.4  984.7    5.3  444.0   83.5  444.0
2022 102  4 12 0900  -29.6  985.0    5.5  444.0   82.2  444.0
2022 102  4 12 1000  -29.9  985.0    5.3  444.0   82.2  444.0
2022 102  4 12 1100  -30.0  985.2    5.3  444.0   81.7  444.0
2022 102  4 12 1200  -30.9  985.3    4.5  444.0   80.4  444.0
2022 102  4 12 1300  -31.1  985.1    5.3  444.0   80.0  444.0
2022 102  4 12 1400  -31.0  985.0    5.7  444.0   80.8  444.0
2022 102  4 12 1500  -29.9  984.9    6.6  444.0   82.2  444.0
2022 102  4 12 1600  -30.2  985.0    5.5  444.0   81.3  444.0
2022 102  4 12 1700  -30.5  985.2    5.3  444.0   80.4  444.0
2022 102  4 12 1800  -31.4  985.3    5.1  444.0   79.5  444.0
2022 102  4 12 1900  -32.0  985.5    5.7  444.0   78.6  444.0
2022 102  4 12 2000  -32.2  985.4    6.0  444.0   78.6  444.0
2022 102  4 12 2100  -32.4  985.3    5.8  444.0   79.1  444.0
2022 102  4 12 2200  -32.4  985.5    6.0  444.0   79.1  444.0
2022 102  4 12 2300  -32.1  985.7    6.2  444.0   78.2  444.0
2022 103  4 13 0000  -32.4  985.5    6.0  444.0   77.8  444.0
2022 103  4 13 0100  -31.5  985.4    7.4  444.0   77.8  444.0
2022 103  4 13 0200  -31.5  985.4    7.6  444.0   77.8  444.0
2022 103  4 13 0300  -31.8  985.6    6.6  444.0   78.6  444.0
2022 103  4 13 0400  -31.5  985.6    7.8  444.0   79.1  444.0
2022 103  4 13 0500  -30.6  985.7    9.6  444.0   80.0  444.0
2022 103  4 13 0600  -30.4  985.6    8.0  444.0   80.0  444.0
2022 103  4 13 0700  -30.4  985.5    8.0  444.0   80.8  444.0
2022 103  4 13 0800  -29.6  985.7    9.8  444.0   81.7  444.0
2022 103  4 13 0900  -29.2  986.0    9.0  444.0   81.7  444.0
2022 103  4 13 1000  -28.2  985.9    8.4  444.0   82.6  444.0
2022 103  4 13 1100  -27.4  985.8   11.3  444.0   83.5  444.0
2022 103  4 13 1200  -26.8  985.8   12.3  444.0   84.8  444.0
2022 103  4 13 1300  -26.1  986.0   15.2  444.0   86.6  444.0
2022 103  4 13 1400  -26.2  986.3   13.1  444.0   85.7  444.0
2022 103  4 13 1500  -26.5  986.4   11.3  444.0   85.7  444.0
2022 103  4 13 1600  -25.5  986.6   13.3  444.0   87.4  444.0
2022 103  4 13 1700  -25.0  986.5   13.3  444.0   87.4  444.0
2022 103  4 13 1800  -24.9  986.5   12.9  444.0   87.4  444.0
2022 103  4 13 1900  -24.4  986.8   14.6  444.0   88.3  444.0
2022 103  4 13 2000  -24.5  986.6   14.6  444.0   87.9  444.0
2022 103  4 13 2100  -24.5  986.7   13.1  444.0   88.3  444.0
2022 103  4 13 2200  -24.5  987.0   12.9  444.0   87.9  444.0
2022 103  4 13 2300  -24.8  986.8   14.0  444.0   87.0  444.0
2022 104  4 14 0000  -25.1  986.9   14.8  444.0   86.6  444.0
2022 104  4 14 0100  -25.6  986.6   15.4  444.0   86.1  444.0
2022 104  4 14 0200  -25.5  986.5   16.4  444.0   86.6  444.0
2022 104  4 14 0300  -25.1  987.1   14.8  444.0   87.0  444.0
2022 104  4 14 0400  -25.5  987.1   14.4  444.0   86.6  444.0
2022 104  4 14 0500  -25.5  986.9   14.0  444.0   86.6  444.0
2022 104  4 14 0600  -25.0  986.6   16.4  444.0   87.0  444.0
2022 104  4 14 0700  -24.5  986.2   13.1  444.0   87.4  444.0
2022 104  4 14 0800  -24.4  986.3   13.6  444.0   87.9  444.0
2022 104  4 14 0900  -24.6  986.4   15.4  444.0   88.3  444.0
2022 104  4 14 1000  -25.2  985.8   12.3  444.0   87.0  444.0
2022 104  4 14 1100  -25.5  985.6   14.4  444.0   87.0  444.0
2022 104  4 14 1200  -25.8  985.7   14.2  444.0   86.1  444.0
2022 104  4 14 1300  -25.9  985.4   14.2  444.0   86.1  444.0
2022 104  4 14 1400  -25.8  985.2   13.8  444.0   86.1  444.0
2022 104  4 14 1500  -25.6  985.2   12.9  444.0   86.1  444.0
2022 104  4 14 1600  -25.5  985.1   12.7  444.0   86.6  444.0
2022 104  4 14 1700  -25.8  984.7   10.9  444.0   86.1  444.0
2022 104  4 14 1800  -26.2  984.6    8.8  444.0   84.8  444.0
2022 104  4 14 1900  -27.9  984.4    8.4  444.0   83.0  444.0
2022 104  4 14 2000  -27.2  984.3    7.6  444.0   84.4  444.0
2022 104  4 14 2100  -26.8  984.0   10.5  444.0   83.9  444.0
2022 104  4 14 2200  -27.2  983.9    9.4  444.0   82.6  444.0
2022 104  4 14 2300  -28.2  983.9   10.5  444.0   81.7  444.0
2022 105  4 15 0000  -28.2  983.8   10.3  444.0   80.8  444.0
2022 105  4 15 0100  -28.2  983.7    9.9  444.0   79.1  444.0
2022 105  4 15 0200  -29.1  983.4    9.9  444.0   78.6  444.0
2022 105  4 15 0300  -30.4  983.1    9.4  444.0   78.2  444.0
2022 105  4 15 0400  -30.4  983.0    9.9  444.0   78.6  444.0
2022 105  4 15 0500  -30.5  982.8    9.4  444.0   79.5  444.0
2022 105  4 15 0600  -30.9  982.3    9.6  444.0   79.5  444.0
2022 105  4 15 0700  -31.1  981.7    9.0  444.0   80.4  444.0
2022 105  4 15 0800  -30.6  981.5   12.1  444.0   81.7  444.0
2022 105  4 15 0900  -29.5  981.2    9.8  444.0   81.7  444.0
2022 105  4 15 1000  -29.4  981.1   10.1  444.0   82.2  444.0
2022 105  4 15 1100  -29.0  980.9    9.9  444.0   81.7  444.0
2022 105  4 15 1200  -29.1  980.5   10.1  444.0   81.7  444.0
2022 105  4 15 1300  -29.0  980.1    8.8  444.0   82.6  444.0
2022 105  4 15 1400  -29.1  979.7    9.8  444.0   81.7  444.0
2022 105  4 15 1500  -29.1  979.7   12.3  444.0   81.7  444.0
2022 105  4 15 1600  -29.2  979.3   10.3  444.0   82.6  444.0
2022 105  4 15 1700  -29.2  979.0   10.3  444.0   82.6  444.0
2022 105  4 15 1800  -29.2  978.7   11.3  444.0   82.2  444.0
2022 105  4 15 1900  -29.0  978.6   12.9  444.0   82.6  444.0
2022 105  4 15 2000  -29.0  978.1   14.6  444.0   82.6  444.0
2022 105  4 15 2100  -29.2  978.1   11.7  444.0   82.6  444.0
2022 105  4 15 2200  -29.5  978.0   16.2  444.0   82.6  444.0
2022 105  4 15 2300  -28.9  977.7   14.6  444.0   82.6  444.0
2022 106  4 16 0000  -29.1  977.6   14.8  444.0   82.2  444.0
2022 106  4 16 0100  -28.2  977.6   19.3  444.0   83.0  444.0
2022 106  4 16 0200  -28.4  978.1   17.9  444.0   83.0  444.0
2022 106  4 16 0300  -28.8  978.6   14.6  444.0   83.0  444.0
2022 106  4 16 0400  -28.2  978.1   16.4  444.0   83.5  444.0
2022 106  4 16 0500  -28.2  978.2   15.8  444.0   83.9  444.0
2022 106  4 16 0600  -27.9  978.0   16.2  444.0   84.4  444.0
2022 106  4 16 0700  -27.9  978.4   17.4  444.0   84.4  444.0
2022 106  4 16 0800  -28.2  978.0   17.7  444.0   83.9  444.0
2022 106  4 16 0900  -27.9  978.1   16.4  444.0   83.9  444.0
2022 106  4 16 1000  -28.2  979.0   16.2  444.0   84.4  444.0
2022 106  4 16 1100  -28.1  979.2   15.0  444.0   84.4  444.0
2022 106  4 16 1200  -27.6  979.1   18.5  444.0   84.8  444.0
2022 106  4 16 1300  -28.0  979.3   17.9  444.0   84.4  444.0
2022 106  4 16 1400  -27.5  979.6   16.0  444.0   84.8  444.0
2022 106  4 16 1500  -26.9  979.2   17.5  444.0   85.2  444.0
2022 106  4 16 1600  -25.9  979.8   14.0  444.0   86.6  444.0
2022 106  4 16 1700  -25.5  980.3   17.2  444.0   86.6  444.0
2022 106  4 16 1800  -25.0  980.6   14.2  444.0   87.4  444.0
2022 106  4 16 1900  -24.5  980.3   14.6  444.0   87.9  444.0
2022 106  4 16 2000  -24.1  980.6   12.3  444.0   87.4  444.0
2022 106  4 16 2100  -24.1  980.9    9.0  444.0   87.0  444.0
2022 106  4 16 2200  -23.8  981.2   11.7  444.0   87.4  444.0
2022 106  4 16 2300  -24.6  981.2    8.8  444.0   86.6  444.0
2022 107  4 17 0000  -25.9  982.1    5.5  444.0   86.1  444.0
2022 107  4 17 0100  -25.0  982.4    4.7  444.0   85.7  444.0
2022 107  4 17 0200  -24.5  982.8    7.8  444.0   87.9  444.0
2022 107  4 17 0300  -26.1  983.5    4.7  444.0   85.7  444.0
2022 107  4 17 0400  -26.4  983.8    7.6  444.0   85.7  444.0
2022 107  4 17 0500  -25.9  983.8    9.9  444.0   87.0  444.0
2022 107  4 17 0600  -26.8  984.6    5.1  444.0   83.0  444.0
2022 107  4 17 0700  -26.2  985.1    7.6  444.0   86.1  444.0
2022 107  4 17 0800  -26.6  985.6    6.0  444.0   85.7  444.0
2022 107  4 17 0900  -27.9  985.9    4.1  444.0   84.4  444.0
2022 107  4 17 1000  -29.1  986.4    3.3  444.0   83.5  444.0
2022 107  4 17 1100  -28.0  986.3    3.7  444.0   84.8  444.0
2022 107  4 17 1200  -29.5  986.1    2.7  444.0   81.7  444.0
2022 107  4 17 1300  -29.8  986.2    1.9  444.0   83.0  444.0
2022 107  4 17 1400  -29.4  986.3    1.6  444.0   82.2  444.0
2022 107  4 17 1500  -25.1  986.4    2.9  444.0   87.4  444.0
2022 107  4 17 1600  -24.0  986.1    3.3  444.0   88.3  444.0
2022 107  4 17 1700  -25.6  986.1    3.3  444.0   86.6  444.0
2022 107  4 17 1800  -24.9  985.9    4.1  444.0   87.4  444.0
2022 107  4 17 1900  -28.0  986.2    3.1  444.0   84.8  444.0
2022 107  4 17 2000  -26.6  986.1    2.5  444.0   85.2  444.0
2022 107  4 17 2100  -26.9  986.2    3.3  444.0   85.7  444.0
2022 107  4 17 2200  -26.6  985.9    3.1  444.0   85.2  444.0
2022 107  4 17 2300  -27.2  985.9    2.5  444.0   84.4  444.0
2022 108  4 18 0000  -28.2  986.1    1.8  444.0   84.4  444.0
2022 108  4 18 0100  -27.0  985.8    3.1  444.0   85.7  444.0
2022 108  4 18 0200  -28.1  985.6    1.8  444.0   83.5  444.0
2022 108  4 18 0300  -27.6  985.4    1.9  444.0   82.2  444.0
2022 108  4 18 0400  -29.9  985.4    2.5  444.0   80.8  444.0
2022 108  4 18 0500  -28.5  985.3    1.0  444.0   83.0  444.0
2022 108  4 18 0600  -28.5  985.2    1.2  444.0   83.0  444.0
2022 108  4 18 0700  -28.1  985.4    1.9  444.0   85.7  444.0
2022 108  4 18 0800  -24.9  985.5    2.3  444.0   86.6  444.0
2022 108  4 18 0900  -25.0  985.4    1.8  444.0   87.9  444.0
2022 108  4 18 1000  -25.0  985.1    1.8  444.0   87.0  444.0
2022 108  4 18 1100  -25.9  985.0    1.8  444.0   86.1  444.0
2022 108  4 18 1200  -25.1  985.0    1.4  444.0   87.4  444.0
2022 108  4 18 1300  -25.0  985.0    1.6  444.0   87.0  444.0
2022 108  4 18 1400  -25.8  984.7    0.4  444.0   86.6  444.0
2022 108  4 18 1500  -26.0  984.1    1.4  444.0   85.7  444.0
2022 108  4 18 1600  -26.9  984.0    2.5  444.0   85.2  444.0
2022 108  4 18 1700  -24.2  983.7    2.1  444.0   87.4  444.0
2022 108  4 18 1800  -23.4  983.4    1.6  444.0   89.2  444.0
2022 108  4 18 1900  -25.5  983.4    1.2  444.0   87.0  444.0
2022 108  4 18 2000  -24.6  982.9    0.8  444.0   88.8  444.0
2022 108  4 18 2100  -23.4  982.6    0.0  444.0   88.8  444.0
2022 108  4 18 2200  -23.4  982.3    0.8  444.0   89.2  444.0
2022 108  4 18 2300  -22.5  982.1    0.8  444.0   90.1  444.0
2022 109  4 19 0000  -25.8  982.1    2.3  444.0   85.2  444.0
2022 109  4 19 0100  -29.2  981.9    2.1  444.0   82.6  444.0
2022 109  4 19 0200  -31.5  981.9    2.1  444.0   79.1  444.0
2022 109  4 19 0300  -33.9  981.7    2.3  444.0   77.3  444.0
2022 109  4 19 0400  -35.0  981.7    2.3  444.0   76.4  444.0
2022 109  4 19 0500  -33.8  982.0    3.5  444.0   77.8  444.0
2022 109  4 19 0600  -33.2  982.2    4.3  444.0   78.2  444.0
2022 109  4 19 0700  -34.0  982.5    4.3  444.0   77.3  444.0
2022 109  4 19 0800  -34.1  982.5    4.1  444.0   77.3  444.0
2022 109  4 19 0900  -34.6  982.6    3.9  444.0   76.4  444.0
2022 109  4 19 1000  -35.6  982.8    2.7  444.0   74.7  444.0
2022 109  4 19 1100  -35.2  982.9    2.7  444.0   75.6  444.0
2022 109  4 19 1200  -34.2  982.6    3.5  444.0   76.4  444.0
2022 109  4 19 1300  -33.9  982.5    3.1  444.0   76.9  444.0
2022 109  4 19 1400  -33.4  982.3    3.1  444.0   78.2  444.0
2022 109  4 19 1500  -32.4  982.2    2.7  444.0   78.6  444.0
2022 109  4 19 1600  -32.6  981.7    3.7  444.0   78.2  444.0
2022 109  4 19 1700  -33.2  981.4    4.9  444.0   77.8  444.0
2022 109  4 19 1800  -32.9  981.0    5.5  444.0   77.8  444.0
2022 109  4 19 1900  -32.6  980.9    5.1  444.0   79.1  444.0
2022 109  4 19 2000  -32.9  981.3    4.1  444.0   78.2  444.0
2022 109  4 19 2100  -33.8  981.2    3.1  444.0   77.3  444.0
2022 109  4 19 2200  -34.4  981.3    2.9  444.0   76.4  444.0
2022 109  4 19 2300  -33.5  981.6    3.1  444.0   77.3  444.0
2022 110  4 20 0000  -33.4  981.9    2.3  444.0   77.8  444.0
2022 110  4 20 0100  -34.4  981.9    2.1  444.0   76.4  444.0
2022 110  4 20 0200  -35.1  981.9    2.1  444.0   75.1  444.0
2022 110  4 20 0300  -31.0  981.8    3.1  444.0   80.4  444.0
2022 110  4 20 0400  -30.8  982.1    1.4  444.0   77.3  444.0
2022 110  4 20 0500  -33.1  982.1    1.6  444.0   77.3  444.0
2022 110  4 20 0600  -30.8  982.0    2.3  444.0   80.4  444.0
2022 110  4 20 0700  -30.9  982.0    2.1  444.0   79.5  444.0
2022 110  4 20 0800  -31.8  981.9    0.4  444.0   78.2  444.0
2022 110  4 20 0900  -31.5  982.2    0.0  444.0   80.0  444.0
2022 110  4 20 1000  -28.4  982.4    1.2  444.0   82.2  444.0
2022 110  4 20 1100  -28.2  982.3    2.7  444.0   83.0  444.0
2022 110  4 20 1200  -28.0  982.1    2.3  444.0   83.0  444.0
2022 110  4 20 1300  -28.1  981.6    2.9  444.0   83.5  444.0
2022 110  4 20 1400  -29.6  981.2    2.3  444.0   81.7  444.0
2022 110  4 20 1500  -30.5  980.8    2.7  444.0   80.8  444.0
2022 110  4 20 1600  -29.5  980.7    2.5  444.0   82.6  444.0
2022 110  4 20 1700  -29.4  980.3    2.9  444.0   83.5  444.0
2022 110  4 20 1800  -28.8  980.0    2.7  444.0   83.0  444.0
2022 110  4 20 1900  -27.2  979.8    2.3  444.0   84.4  444.0
2022 110  4 20 2000  -28.1  979.3    2.3  444.0   83.5  444.0
2022 110  4 20 2100  -28.4  979.0    1.8  444.0   83.5  444.0
2022 110  4 20 2200  -28.4  978.6    1.8  444.0   83.5  444.0
2022 110  4 20 2300  -27.0  978.5    1.2  444.0   83.9  444.0
2022 111  4 21 0000  -26.1  978.2    1.4  444.0   85.2  444.0
2022 111  4 21 0100  -25.9  977.7    1.9  444.0   86.6  444.0
2022 111  4 21 0200  -25.5  977.2    1.9  444.0   87.4  444.0
2022 111  4 21 0300  -26.0  976.6    1.9  444.0   86.6  444.0
2022 111  4 21 0400  -27.6  976.3    1.0  444.0   83.9  444.0
2022 111  4 21 0500  -28.8  976.2    1.8  444.0   82.6  444.0
2022 111  4 21 0600  -28.8  976.0    1.2  444.0   83.0  444.0
2022 111  4 21 0700  -28.2  975.5    1.4  444.0   83.9  444.0
2022 111  4 21 0800  -27.4  975.3    0.0  444.0   84.8  444.0
2022 111  4 21 0900  -26.9  975.4    0.4  444.0   85.7  444.0
2022 111  4 21 1000  -26.9  975.2    2.1  444.0   85.7  444.0
2022 111  4 21 1100  -26.4  974.9    1.8  444.0   85.7  444.0
2022 111  4 21 1200  -26.5  975.0    1.8  444.0   86.1  444.0
2022 111  4 21 1300  -27.0  975.1    1.0  444.0   84.8  444.0
2022 111  4 21 1400  -25.9  975.0    0.6  444.0   86.6  444.0
2022 111  4 21 1500  -26.2  975.1    0.0  444.0   86.1  444.0
2022 111  4 21 1600  -25.5  975.5    0.0  444.0   86.6  444.0
2022 111  4 21 1700  -25.6  976.0    0.6  444.0   86.6  444.0
2022 111  4 21 1800  -26.0  976.4    1.0  444.0   86.6  444.0
2022 111  4 21 1900  -25.9  977.0    1.6  444.0   86.1  444.0
2022 111  4 21 2000  -27.0  977.8    4.7  444.0   84.8  444.0
2022 111  4 21 2100  -32.0  978.8    3.5  444.0   80.4  444.0
2022 111  4 21 2200  -38.6  979.5    6.0  444.0   72.5  444.0
2022 111  4 21 2300  -36.1  980.6    4.3  444.0   75.6  444.0
2022 112  4 22 0000  -31.1  981.0    8.6  444.0   80.0  444.0
2022 112  4 22 0100  -32.4  981.5    6.4  444.0   79.5  444.0
2022 112  4 22 0200  -34.8  981.8    5.1  444.0   76.0  444.0
2022 112  4 22 0300  -36.2  982.1    4.1  444.0   74.2  444.0
2022 112  4 22 0400  -38.0  982.6    4.3  444.0   72.5  444.0
2022 112  4 22 0500  -37.5  983.0    6.4  444.0   72.9  444.0
2022 112  4 22 0600  -37.6  983.4    6.0  444.0   72.9  444.0
2022 112  4 22 0700  -37.5  983.5    5.8  444.0   72.9  444.0
2022 112  4 22 0800  -37.9  984.0    6.2  444.0   72.0  444.0
2022 112  4 22 0900  -37.9  984.5    5.5  444.0   72.0  444.0
2022 112  4 22 1000  -37.8  984.4    6.4  444.0   72.5  444.0
2022 112  4 22 1100  -38.1  984.6    6.6  444.0   71.6  444.0
2022 112  4 22 1200  -39.0  985.1    5.8  444.0   70.3  444.0
2022 112  4 22 1300  -39.8  985.3    5.5  444.0   69.8  444.0
2022 112  4 22 1400  -40.0  985.6    6.0  444.0   69.4  444.0
2022 112  4 22 1500  -39.5  985.7    5.3  444.0   69.8  444.0
2022 112  4 22 1600  -39.4  986.2    6.0  444.0   70.3  444.0
2022 112  4 22 1700  -39.1  986.5    6.6  444.0   70.7  444.0
2022 112  4 22 1800  -38.9  986.9    7.2  444.0   70.7  444.0
2022 112  4 22 1900  -38.8  987.1    6.8  444.0   70.7  444.0
2022 112  4 22 2000  -38.2  987.6    6.6  444.0   71.2  444.0
2022 112  4 22 2100  -39.5  987.9    6.0  444.0   69.4  444.0
2022 112  4 22 2200  -39.4  988.6    6.4  444.0   69.8  444.0
2022 112  4 22 2300  -38.6  989.0    7.2  444.0   71.6  444.0
2022 113  4 23 0000  -38.1  989.1    6.6  444.0   71.6  444.0
2022 113  4 23 0100  -38.9  989.3    5.5  444.0   71.2  444.0
2022 113  4 23 0200  -39.1  989.4    4.7  444.0   70.3  444.0
2022 113  4 23 0300  -39.5  989.4    3.9  444.0   69.8  444.0
2022 113  4 23 0400  -39.9  989.6    5.1  444.0   69.8  444.0
2022 113  4 23 0500  -37.9  989.8    5.5  444.0   71.6  444.0
2022 113  4 23 0600  -37.5  990.0    6.0  444.0   72.0  444.0
2022 113  4 23 0700  -37.4  989.8    6.2  444.0   72.5  444.0
2022 113  4 23 0800  -37.8  989.9    6.4  444.0   72.0  444.0
2022 113  4 23 0900  -37.8  989.9    5.1  444.0   72.0  444.0
2022 113  4 23 1000  -38.2  989.9    4.5  444.0   70.7  444.0
2022 113  4 23 1100  -38.9  990.0    4.3  444.0   70.3  444.0
2022 113  4 23 1200  -39.1  990.0    3.7  444.0   70.3  444.0
2022 113  4 23 1300  -41.0  989.7    2.7  444.0   68.1  444.0
2022 113  4 23 1400  -42.1  989.2    3.9  444.0   66.8  444.0
2022 113  4 23 1500  -43.0  989.0    3.5  444.0   69.0  444.0
2022 113  4 23 1600  -43.1  988.9    0.0  444.0   65.4  444.0
2022 113  4 23 1700  -43.9  988.6  444.0  444.0   64.6  444.0
2022 113  4 23 1800  -42.8  988.4  444.0  444.0   66.3  444.0
2022 113  4 23 1900  -41.9  988.1  444.0  444.0   66.8  444.0
2022 113  4 23 2000  -41.0  988.1  444.0  444.0   69.0  444.0
2022 113  4 23 2100  -36.4  987.6  444.0  444.0   72.9  444.0
2022 113  4 23 2200  -34.5  987.1  444.0  444.0   74.7  444.0
2022 113  4 23 2300  -34.5  986.7  444.0  444.0   75.1  444.0
2022 114  4 24 0000  -33.8  986.3  444.0  444.0   76.4  444.0
2022 114  4 24 0100  -31.0  985.7  444.0  444.0   78.6  444.0
2022 114  4 24 0200  -31.6  985.5  444.0  444.0   77.8  444.0
2022 114  4 24 0300  -36.2  984.9  444.0  444.0   73.4  444.0
2022 114  4 24 0400  -38.6  984.6  444.0  444.0   70.7  444.0
2022 114  4 24 0500  -38.6  984.5  444.0  444.0   71.2  444.0
2022 114  4 24 0600  -38.9  984.0  444.0  444.0   70.7  444.0
2022 114  4 24 0700  -38.9  983.6  444.0  444.0   70.3  444.0
2022 114  4 24 0800  -40.9  983.0    4.7  444.0   69.0  444.0
2022 114  4 24 0900  -32.9  983.1   10.9  444.0   78.2  444.0
2022 114  4 24 1000  -32.0  983.2    9.4  444.0   78.6  444.0
2022 114  4 24 1100  -33.0  983.0    8.2  444.0   78.2  444.0
2022 114  4 24 1200  -32.8  982.5    8.6  444.0   77.8  444.0
2022 114  4 24 1300  -28.4  981.7   13.8  444.0   83.9  444.0
2022 114  4 24 1400  -26.1  981.4   13.3  444.0   86.1  444.0
2022 114  4 24 1500  -28.9  981.2   14.8  444.0   82.6  444.0
2022 114  4 24 1600  -29.2  980.9   16.2  444.0   82.6  444.0
2022 114  4 24 1700  -29.8  981.2   15.4  444.0   81.7  444.0
2022 114  4 24 1800  -29.4  981.6   12.9  444.0   82.6  444.0
2022 114  4 24 1900  -28.8  981.6   14.6  444.0   83.0  444.0
2022 114  4 24 2000  -28.1  981.3   15.0  444.0   83.9  444.0
2022 114  4 24 2100  -28.1  981.4   16.0  444.0   84.4  444.0
2022 114  4 24 2200  -27.9  981.3   15.0  444.0   85.2  444.0
2022 114  4 24 2300  -26.1  980.9   19.3  444.0   86.1  444.0
2022 115  4 25 0000  -26.6  981.3   15.8  444.0   85.7  444.0
2022 115  4 25 0100  -28.1  981.4   16.2  444.0   83.5  444.0
2022 115  4 25 0200  -28.1  980.6   17.4  444.0   83.9  444.0
2022 115  4 25 0300  -27.4  980.8   15.2  444.0   84.8  444.0
2022 115  4 25 0400  -27.4  980.6   19.3  444.0   84.8  444.0
2022 115  4 25 0500  -28.2  981.8   17.5  444.0   83.9  444.0
2022 115  4 25 0600  -28.6  982.1   14.4  444.0   82.2  444.0
2022 115  4 25 0700  -30.2  981.3   12.5  444.0   80.4  444.0
2022 115  4 25 0800  -31.5  981.1   10.3  444.0   80.0  444.0
2022 115  4 25 0900  -31.5  980.7    9.4  444.0   79.5  444.0
2022 115  4 25 1000  -31.0  980.8   10.3  444.0   80.4  444.0
2022 115  4 25 1100  -28.8  981.1   12.3  444.0   83.9  444.0
2022 115  4 25 1200  -29.6  980.9    8.8  444.0   80.8  444.0
2022 115  4 25 1300  -28.8  980.7    7.0  444.0   80.8  444.0
2022 115  4 25 1400  -29.8  980.7    8.4  444.0   78.2  444.0
2022 115  4 25 1500  -25.2  980.2   10.7  444.0   83.0  444.0
2022 115  4 25 1600  -25.1  980.4   14.0  444.0   83.9  444.0
2022 115  4 25 1700  -26.8  980.8   15.0  444.0   83.0  444.0
2022 115  4 25 1800  -27.0  980.8   13.8  444.0   82.6  444.0
2022 115  4 25 1900  -27.0  981.6   12.3  444.0   82.6  444.0
2022 115  4 25 2000  -25.5  981.4   10.9  444.0   82.2  444.0
2022 115  4 25 2100  -24.9  981.2   11.5  444.0   80.8  444.0
2022 115  4 25 2200  -25.5  981.7    7.6  444.0   79.1  444.0
2022 115  4 25 2300  -28.5  981.8    5.7  444.0   77.3  444.0
2022 116  4 26 0000  -31.4  981.9    6.2  444.0   76.0  444.0
2022 116  4 26 0100  -32.8  982.5    6.0  444.0   75.6  444.0
2022 116  4 26 0200  -32.9  982.8    6.6  444.0   74.7  444.0
2022 116  4 26 0300  -34.6  983.3    5.1  444.0   73.4  444.0
2022 116  4 26 0400  -35.8  983.5    5.1  444.0   74.2  444.0
2022 116  4 26 0500  -35.4  984.0    4.7  444.0   73.4  444.0
2022 116  4 26 0600  -33.8  984.1    5.1  444.0   71.6  444.0
2022 116  4 26 0700  -33.2  984.1    5.7  444.0   72.0  444.0
2022 116  4 26 0800  -34.0  984.3    3.9  444.0   72.9  444.0
2022 116  4 26 0900  -33.2  984.2    4.7  444.0   72.9  444.0
2022 116  4 26 1000  -31.5  983.9    4.7  444.0   71.2  444.0
2022 116  4 26 1100  -31.5  983.9    4.3  444.0   71.2  444.0
2022 116  4 26 1200  -32.4  984.3    3.7  444.0   69.8  444.0
2022 116  4 26 1300  -30.8  984.8    4.9  444.0   70.7  444.0
2022 116  4 26 1400  -32.6  984.6    2.7  444.0   72.9  444.0
2022 116  4 26 1500  -30.4  984.3    2.5  444.0   75.6  444.0
2022 116  4 26 1600  -27.2  984.1    3.9  444.0   79.1  444.0
2022 116  4 26 1700  -29.5  983.8    4.5  444.0   81.7  444.0
2022 116  4 26 1800  -31.2  983.8    3.1  444.0   79.5  444.0
2022 116  4 26 1900  -33.2  983.8    2.5  444.0   77.3  444.0
2022 116  4 26 2000  -31.6  983.8    2.5  444.0   80.8  444.0
2022 116  4 26 2100  -25.5  983.8    3.1  444.0   85.2  444.0
2022 116  4 26 2200  -28.1  983.6    2.9  444.0   83.0  444.0
2022 116  4 26 2300  -29.9  983.5    1.6  444.0   82.2  444.0
2022 117  4 27 0000  -32.4  983.4    1.9  444.0   77.3  444.0
2022 117  4 27 0100  -30.9  983.4    2.1  444.0   81.7  444.0
2022 117  4 27 0200  -26.6  982.8    3.7  444.0   86.1  444.0
2022 117  4 27 0300  -25.8  982.5    1.8  444.0   85.7  444.0
2022 117  4 27 0400  -26.9  982.5    1.4  444.0   84.8  444.0
2022 117  4 27 0500  -26.4  981.8    2.7  444.0   86.1  444.0
2022 117  4 27 0600  -23.9  981.9    3.3  444.0   88.3  444.0
2022 117  4 27 0700  -22.6  981.7    4.9  444.0   89.6  444.0
2022 117  4 27 0800  -22.6  981.9    5.5  444.0   90.1  444.0
2022 117  4 27 0900  -22.0  981.7    2.7  444.0   91.4  444.0
2022 117  4 27 1000  -21.6  981.8    4.5  444.0   91.4  444.0
2022 117  4 27 1100  -20.0  981.9    4.9  444.0   92.3  444.0
2022 117  4 27 1200  -16.6  981.3   11.5  444.0   96.7  444.0
2022 117  4 27 1300  -17.1  982.4    7.6  444.0   95.8  444.0
2022 117  4 27 1400  -20.8  982.3   10.3  444.0   92.3  444.0
2022 117  4 27 1500  -21.4  982.1   14.6  444.0   92.3  444.0
2022 117  4 27 1600  -21.9  982.9   13.3  444.0   91.8  444.0
2022 117  4 27 1700  -21.5  983.3   12.5  444.0   91.4  444.0
2022 117  4 27 1800  -21.4  983.4   16.6  444.0   91.8  444.0
2022 117  4 27 1900  -21.5  984.1   13.8  444.0   91.8  444.0
2022 117  4 27 2000  -20.6  984.7   17.0  444.0   92.7  444.0
2022 117  4 27 2100  -20.4  985.3   11.9  444.0   93.6  444.0
2022 117  4 27 2200  -18.9  985.8   13.5  444.0   94.5  444.0
2022 117  4 27 2300  -19.8  986.1   10.1  444.0   93.6  444.0
2022 118  4 28 0000  -18.4  986.3    9.8  444.0   94.9  444.0
2022 118  4 28 0100  -17.9  986.2   13.5  444.0   95.8  444.0
2022 118  4 28 0200  -19.0  986.5   11.9  444.0   94.9  444.0
2022 118  4 28 0300  -18.6  986.3   13.6  444.0   95.4  444.0
2022 118  4 28 0400  -17.8  986.0   18.1  444.0   95.8  444.0
2022 118  4 28 0500  -17.8  985.5   15.4  444.0   95.4  444.0
2022 118  4 28 0600  -18.4  985.5   15.6  444.0   95.4  444.0
2022 118  4 28 0700  -18.5  985.7   15.0  444.0   94.9  444.0
2022 118  4 28 0800  -19.1  985.5   13.1  444.0   94.9  444.0
2022 118  4 28 0900  -19.2  985.4   11.7  444.0   93.6  444.0
2022 118  4 28 1000  -19.8  985.4   10.7  444.0   94.0  444.0
2022 118  4 28 1100  -20.1  985.0   11.7  444.0   93.6  444.0
2022 118  4 28 1200  -21.0  983.8   13.3  444.0   91.8  444.0
2022 118  4 28 1300  -21.6  983.3   12.5  444.0   91.4  444.0
2022 118  4 28 1400  -22.8  984.2    7.8  444.0   90.1  444.0
2022 118  4 28 1500  -23.6  983.7    5.8  444.0   87.0  444.0
2022 118  4 28 1600  -24.6  982.9    7.0  444.0   88.8  444.0
2022 118  4 28 1700  -24.6  982.7    7.2  444.0   87.4  444.0
2022 118  4 28 1800  -25.5  982.3    6.4  444.0   85.7  444.0
2022 118  4 28 1900  -26.1  981.8    5.3  444.0   83.5  444.0
2022 118  4 28 2000  -26.4  981.1    3.7  444.0   81.7  444.0
2022 118  4 28 2100  -27.0  980.2    2.9  444.0   81.7  444.0
2022 118  4 28 2200  -26.6  979.4    1.6  444.0   84.4  444.0
2022 118  4 28 2300  -25.8  978.7    1.6  444.0   83.9  444.0
2022 119  4 29 0000  -26.1  977.9    0.0  444.0   80.8  444.0
2022 119  4 29 0100  -30.5  976.9    0.0  444.0   81.3  444.0
2022 119  4 29 0200  -28.4  976.2    3.7  444.0   83.0  444.0
2022 119  4 29 0300  -27.9  975.6    2.3  444.0   84.4  444.0
2022 119  4 29 0400  -27.9  975.0  444.0  444.0   83.5  444.0
2022 119  4 29 0500  -25.2  974.6  444.0  444.0   87.9  444.0
2022 119  4 29 0600  -23.8  974.4  444.0  444.0   87.9  444.0
2022 119  4 29 0700  -23.4  973.9  444.0  444.0   88.8  444.0
2022 119  4 29 0800  -25.2  973.6  444.0  444.0   85.7  444.0
2022 119  4 29 0900  -26.1  973.1  444.0  444.0   86.1  444.0
2022 119  4 29 1000  -31.5  973.2  444.0  444.0   80.0  444.0
2022 119  4 29 1100  -32.9  972.9  444.0  444.0   79.1  444.0
2022 119  4 29 1200  -30.4  972.8  444.0  444.0   81.7  444.0
2022 119  4 29 1300  -30.6  972.8  444.0  444.0   82.2  444.0
2022 119  4 29 1400  -29.4  972.8  444.0  444.0   82.6  444.0
2022 119  4 29 1500  -28.5  972.4  444.0  444.0   83.9  444.0
2022 119  4 29 1600  -28.5  972.1  444.0  444.0   83.9  444.0
2022 119  4 29 1700  -27.4  972.1  444.0  444.0   85.2  444.0
2022 119  4 29 1800  -27.2  972.8  444.0  444.0   84.8  444.0
2022 119  4 29 1900  -25.6  972.6  444.0  444.0   87.0  444.0
2022 119  4 29 2000  -24.2  972.8  444.0  444.0   87.9  444.0
2022 119  4 29 2100  -26.9  973.3  444.0  444.0   85.2  444.0
2022 119  4 29 2200  -28.1  973.9  444.0  444.0   84.8  444.0
2022 119  4 29 2300  -28.0  974.1  444.0  444.0   83.5  444.0
2022 120  4 30 0000  -29.1  975.1  444.0  444.0   83.0  444.0
2022 120  4 30 0100  -27.4  975.7  444.0  444.0   84.8  444.0
2022 120  4 30 0200  -26.4  976.3  444.0  444.0   86.1  444.0
2022 120  4 30 0300  -30.4  977.0  444.0  444.0   81.3  444.0
2022 120  4 30 0400  -29.6  977.4  444.0  444.0   83.9  444.0
2022 120  4 30 0500  -29.1  978.3  444.0  444.0   83.5  444.0
2022 120  4 30 0600  -26.8  979.2  444.0  444.0   85.2  444.0
2022 120  4 30 0700  -22.4  980.3  444.0  444.0   89.6  444.0
2022 120  4 30 0800  -28.4  981.0  444.0  444.0   84.4  444.0
2022 120  4 30 0900  -23.8  981.5    0.2  444.0   89.2  444.0
2022 120  4 30 1000  -25.1  981.3    0.0  444.0   87.0  444.0
2022 120  4 30 1100  -25.0  981.7    0.2  444.0   87.9  444.0
2022 120  4 30 1200  -23.4  982.6    3.3  444.0   91.0  444.0
2022 120  4 30 1300  -20.9  982.7    0.0  444.0   91.8  444.0
2022 120  4 30 1400  -21.0  982.6    2.5  444.0   93.2  444.0
2022 120  4 30 1500  -20.4  982.5    5.8  444.0   94.0  444.0
2022 120  4 30 1600  -18.4  982.3    6.2  444.0   94.5  444.0
2022 120  4 30 1700  -17.5  982.5    6.8  444.0   95.8  444.0
2022 120  4 30 1800  -17.5  982.9    4.3  444.0   95.4  444.0
2022 120  4 30 1900  -17.8  982.9    6.0  444.0   95.4  444.0
2022 120  4 30 2000  -19.0  983.4    3.1  444.0   94.0  444.0
2022 120  4 30 2100  -21.0  983.5    3.7  444.0   91.8  444.0
2022 120  4 30 2200  -22.5  982.9    5.5  444.0   91.0  444.0
2022 120  4 30 2300  -22.4  982.3    7.4  444.0   91.4  444.0
