Year: 2017  Month: 09  ID: LR2  ARGOS: 21360  Name: Laurie II           
Lat: 77.50S  Lon: 170.79E  Elev:   34m
2017 244  9  1 0000  -36.1  965.9    2.9  224.0   69.0  444.0
2017 244  9  1 0100  -33.6  965.1    2.3  207.0   68.5  444.0
2017 244  9  1 0200  -35.1  964.2    2.3  229.0   69.4  444.0
2017 244  9  1 0300  -35.4  963.5    2.1  231.0   66.8  444.0
2017 244  9  1 0400  -33.4  962.7    3.7  263.0   63.2  444.0
2017 244  9  1 0500  -33.2  961.9    3.1  238.0   61.5  444.0
2017 244  9  1 0600  -33.4  961.3    3.9  245.0   60.6  444.0
2017 244  9  1 0700  -33.4  960.5    4.7  270.0   64.1  444.0
2017 244  9  1 0800  -32.4  959.8    4.7  263.0   74.7  444.0
2017 244  9  1 0900  -32.1  959.4    2.7  284.0   77.8  444.0
2017 244  9  1 1000  -30.9  958.8    4.1  260.0   80.0  444.0
2017 244  9  1 1100  -29.9  958.3    3.9  266.0   80.8  444.0
2017 244  9  1 1200  -28.4  958.3    3.7  273.0   75.1  444.0
2017 244  9  1 1300  -28.8  957.8    4.5  273.0   79.5  444.0
2017 244  9  1 1400  -28.2  957.3    4.7  252.0   82.2  444.0
2017 244  9  1 1500  -27.4  956.4    7.0  267.0   81.3  444.0
2017 244  9  1 1600  -24.6  955.3   14.0  236.0   77.3  444.0
2017 244  9  1 1700  -23.8  954.9   18.1  238.0   88.3  444.0
2017 244  9  1 1800  -23.6  954.7   22.8  225.0   89.2  444.0
2017 244  9  1 1900  -22.5  955.8   20.1  233.0   89.6  444.0
2017 244  9  1 2000  -22.1  956.9   18.3  229.0   90.5  444.0
2017 244  9  1 2100  -22.0  957.8   17.7  226.0   90.5  444.0
2017 244  9  1 2200  -21.9  958.1   18.7  222.0   89.6  444.0
2017 244  9  1 2300  -21.9  958.6   16.0  224.0   90.1  444.0
2017 245  9  2 0000  -21.0  959.0   12.3  226.0   90.5  444.0
2017 245  9  2 0100  -20.4  958.4   15.0  221.0   91.8  444.0
2017 245  9  2 0200  -20.9  958.6   16.6  232.0   90.5  444.0
2017 245  9  2 0300  -20.2  958.1   13.8  239.0   91.0  444.0
2017 245  9  2 0400  -19.8  956.5   16.6  224.0   91.0  444.0
2017 245  9  2 0500  -21.2  957.0   12.1  201.0   83.9  444.0
2017 245  9  2 0600  -24.2  957.7   16.2  204.0   87.4  444.0
2017 245  9  2 0700  -23.9  958.0   14.6  232.0   88.3  444.0
2017 245  9  2 0800  -20.6  957.8   17.0  231.0   92.3  444.0
2017 245  9  2 0900  -19.9  958.9   15.4  239.0   91.0  444.0
2017 245  9  2 1000  -20.1  958.9   19.5  232.0   91.8  444.0
2017 245  9  2 1100  -19.9  959.7   16.8  233.0   92.3  444.0
2017 245  9  2 1200  -20.2  960.8   23.8  229.0   92.7  444.0
2017 245  9  2 1300  -20.1  962.0   17.7  228.0   92.3  444.0
2017 245  9  2 1400  -20.1  962.5   21.4  228.0   91.8  444.0
2017 245  9  2 1500  -20.2  964.1   17.4  224.0   92.3  444.0
2017 245  9  2 1600  -21.0  964.7   16.8  229.0   91.4  444.0
2017 245  9  2 1700  -23.1  967.2   16.8  215.0   88.8  444.0
2017 245  9  2 1800  -23.5  968.9   16.6  216.0   87.9  444.0
2017 245  9  2 1900  -25.2  971.3   14.0  209.0   86.6  444.0
2017 245  9  2 2000  -26.1  972.0   12.3  190.0   86.6  444.0
2017 245  9  2 2100  -25.9  972.4   11.7  219.0   86.1  444.0
2017 245  9  2 2200  -26.1  973.2   10.3  221.0   86.1  444.0
2017 245  9  2 2300  -24.5  974.2   11.3  232.0   86.6  444.0
2017 246  9  3 0000  -24.2  974.6    8.8  235.0   85.7  444.0
2017 246  9  3 0100  -24.8  975.4    7.2  207.0   83.9  444.0
2017 246  9  3 0200  -23.5  975.8   11.3  228.0   86.6  444.0
2017 246  9  3 0300  -24.5  976.5   11.9  229.0   85.2  444.0
2017 246  9  3 0400  -24.8  977.3    9.8  224.0   84.4  444.0
2017 246  9  3 0500  -25.6  977.8    9.4  214.0   85.2  444.0
2017 246  9  3 0600  -25.8  978.5   12.7  205.0   85.2  444.0
2017 246  9  3 0700  -26.6  979.3    9.6  211.0   85.7  444.0
2017 246  9  3 0800  -26.4  979.8    6.6  221.0   85.7  444.0
2017 246  9  3 0900  -26.9  979.6    6.0  170.0   83.9  444.0
2017 246  9  3 1000  -27.5  980.0    7.2  174.0   84.4  444.0
2017 246  9  3 1100  -24.6  980.0   11.5  194.0   88.3  444.0
2017 246  9  3 1200  -24.6  981.5    6.0  233.0   87.9  444.0
2017 246  9  3 1300  -22.1  981.7   12.5  239.0   90.5  444.0
2017 246  9  3 1400  -21.6  981.4   16.2  225.0   91.4  444.0
2017 246  9  3 1500  -21.9  982.3    8.0  214.0   90.5  444.0
2017 246  9  3 1600  -21.1  982.4    9.0  250.0   88.8  444.0
2017 246  9  3 1700  -20.4  982.9    9.9  238.0   90.5  444.0
2017 246  9  3 1800  -22.4  983.4   11.5  207.0   89.6  444.0
2017 246  9  3 1900  -22.4  983.6   11.3  216.0   88.8  444.0
2017 246  9  3 2000  -22.9  983.0   14.8  211.0   89.2  444.0
2017 246  9  3 2100  -23.1  984.1   13.6  218.0   89.6  444.0
2017 246  9  3 2200  -22.4  984.6   12.9  221.0   89.2  444.0
2017 246  9  3 2300  -21.9  985.0    8.6  218.0   90.5  444.0
2017 247  9  4 0000  -21.9  985.1    6.0  229.0   89.2  444.0
2017 247  9  4 0100  -21.5  985.0   11.7  208.0   90.1  444.0
2017 247  9  4 0200  -21.6  985.0   13.5  209.0   90.1  444.0
2017 247  9  4 0300  -22.0  985.4    9.9  226.0   90.1  444.0
2017 247  9  4 0400  -21.4  985.4   10.9  212.0   90.1  444.0
2017 247  9  4 0500  -23.2  985.6   14.8  214.0   88.3  444.0
2017 247  9  4 0600  -23.9  986.4   12.9  212.0   88.3  444.0
2017 247  9  4 0700  -23.4  986.5   10.1  229.0   88.8  444.0
2017 247  9  4 0800  -22.9  986.5    7.2  233.0   84.4  444.0
2017 247  9  4 0900  -21.5  986.4    9.2  243.0   81.7  444.0
2017 247  9  4 1000  -20.9  986.6    8.0  239.0   78.2  444.0
2017 247  9  4 1100  -26.0  986.6   10.3  191.0   80.0  444.0
2017 247  9  4 1200  -25.2  987.1    9.4  201.0   80.4  444.0
2017 247  9  4 1300  -24.5  986.9    6.6  218.0   75.1  444.0
2017 247  9  4 1400  -27.4  987.4    7.8  195.0   79.5  444.0
2017 247  9  4 1500  -29.2  987.4    8.6  181.0   76.9  444.0
2017 247  9  4 1600  -30.5  987.7    6.0  240.0   75.6  444.0
2017 247  9  4 1700  -31.2  987.6    7.4  212.0   76.4  444.0
2017 247  9  4 1800  -31.4  987.5    7.4  283.0   74.2  444.0
2017 247  9  4 1900  -31.8  987.1    5.8  209.0   73.8  444.0
2017 247  9  4 2000  -32.0  987.0    5.3  233.0   73.8  444.0
2017 247  9  4 2100  -32.4  986.7    5.1  205.0   70.7  444.0
2017 247  9  4 2200  -32.8  986.5    3.5  184.0   68.5  444.0
2017 247  9  4 2300  -33.0  986.2    3.1  214.0   66.3  444.0
2017 248  9  5 0000  -32.4  985.4    6.6  221.0   66.3  444.0
2017 248  9  5 0100  -31.1  985.0  444.0  444.0   66.3  444.0
2017 248  9  5 0200  444.0  984.0  444.0  444.0   65.4  444.0
2017 248  9  5 0300  444.0  983.5  444.0  444.0   66.3  444.0
2017 248  9  5 0400  444.0  982.8  444.0  444.0   68.5  444.0
2017 248  9  5 0500  -31.4  982.2  444.0  444.0   75.1  444.0
2017 248  9  5 0600  -31.6  981.9  444.0  444.0   76.9  444.0
2017 248  9  5 0700  -31.5  981.4  444.0  444.0   75.6  444.0
2017 248  9  5 0800  -37.4  981.0  444.0  444.0   72.5  444.0
2017 248  9  5 0900  -38.8  980.8  444.0  444.0   70.7  444.0
2017 248  9  5 1000  -39.2  980.8  444.0  444.0   70.3  444.0
2017 248  9  5 1100  -40.1  980.5  444.0  444.0   69.0  444.0
2017 248  9  5 1200  -38.1  980.5  444.0  444.0   72.0  444.0
2017 248  9  5 1300  -35.5  980.1  444.0  444.0   74.2  444.0
2017 248  9  5 1400  -35.1  979.8  444.0  444.0   75.1  444.0
2017 248  9  5 1500  -34.4  979.7  444.0  444.0   76.0  444.0
2017 248  9  5 1600  -34.8  980.1  444.0  444.0   75.6  444.0
2017 248  9  5 1700  -35.4  980.4  444.0  444.0   74.2  444.0
2017 248  9  5 1800  -35.2  980.6  444.0  444.0   74.7  444.0
2017 248  9  5 1900  -35.4  981.1  444.0  444.0   74.7  444.0
2017 248  9  5 2000  -35.8  981.6  444.0  444.0   74.7  444.0
2017 248  9  5 2100  -35.5  982.4  444.0  444.0   74.7  444.0
2017 248  9  5 2200  -35.8  982.9  444.0  444.0   74.7  444.0
2017 248  9  5 2300  -35.8  983.7  444.0  444.0   75.1  444.0
2017 249  9  6 0000  -35.9  984.3  444.0  444.0   74.7  444.0
2017 249  9  6 0100  -35.5  985.0  444.0  444.0   75.6  444.0
2017 249  9  6 0200  -35.6  985.4  444.0  444.0   74.7  444.0
2017 249  9  6 0300  -36.1  986.0  444.0  444.0   73.4  444.0
2017 249  9  6 0400  -36.2  986.8  444.0  444.0   73.8  444.0
2017 249  9  6 0500  -36.8  987.4  444.0  444.0   72.9  444.0
2017 249  9  6 0600  -38.1  988.1  444.0  444.0   71.2  444.0
2017 249  9  6 0700  -41.4  988.7  444.0  444.0   67.2  444.0
2017 249  9  6 0800  -42.1  989.4  444.0  444.0   66.8  444.0
2017 249  9  6 0900  -39.9  990.2  444.0  444.0   69.0  444.0
2017 249  9  6 1000  -38.6  990.4  444.0  444.0   70.3  444.0
2017 249  9  6 1100  -37.5  990.5  444.0  444.0   71.2  444.0
2017 249  9  6 1200  -34.8  990.6  444.0  444.0   75.1  444.0
2017 249  9  6 1300  -30.9  990.4  444.0  444.0   82.6  444.0
2017 249  9  6 1400  -32.4  990.3  444.0  444.0   78.6  444.0
2017 249  9  6 1500  -31.8  990.2  444.0  444.0   78.2  444.0
2017 249  9  6 1600  -29.9  990.0  444.0  444.0   80.0  444.0
2017 249  9  6 1700  -32.1  990.1  444.0  444.0   77.8  444.0
2017 249  9  6 1800  -31.1  989.4  444.0  444.0   82.2  444.0
2017 249  9  6 1900  -30.5  988.6  444.0  444.0   80.0  444.0
2017 249  9  6 2000  -26.4  987.7    4.5  325.0   85.2  444.0
2017 249  9  6 2100  -25.2  986.4    6.6  330.0   84.8  444.0
2017 249  9  6 2200  -24.9  986.2    5.5  328.0   83.0  444.0
2017 249  9  6 2300  -23.5  985.2    7.2  335.0   79.5  444.0
2017 250  9  7 0000  -23.2  984.6    7.6  316.0   77.8  444.0
2017 250  9  7 0100  -22.6  984.4    5.3  329.0   76.4  444.0
2017 250  9  7 0200  -23.2  983.9    5.8  330.0   76.4  444.0
2017 250  9  7 0300  -23.9  984.5    3.3  329.0   72.5  444.0
2017 250  9  7 0400  -24.5  984.6    4.9  328.0   82.2  444.0
2017 250  9  7 0500  -25.9  985.7    3.1  128.0   84.4  444.0
2017 250  9  7 0600  -33.2  986.8    0.0    0.0   77.8  444.0
2017 250  9  7 0700  -32.0  988.6    2.5  128.0   79.5  444.0
2017 250  9  7 0800  -31.5  989.8    0.0    0.0   80.8  444.0
2017 250  9  7 0900  -34.6  990.3    3.5  212.0   72.9  444.0
2017 250  9  7 1000  -32.2  991.2    7.4  188.0   78.6  444.0
2017 250  9  7 1100  -30.4  991.5   14.0  207.0   80.8  444.0
2017 250  9  7 1200  -28.4  992.8   13.1  179.0   83.0  444.0
2017 250  9  7 1300  -30.6  994.1    8.0  225.0   80.4  444.0
2017 250  9  7 1400  -30.6  995.0    6.2  215.0   80.4  444.0
2017 250  9  7 1500  -30.9  995.3    6.8  240.0   80.8  444.0
2017 250  9  7 1600  -30.4  995.9    6.6  229.0   80.4  444.0
2017 250  9  7 1700  -32.0  995.9    3.9  243.0   78.6  444.0
2017 250  9  7 1800  -32.4  996.0    4.3  242.0   77.8  444.0
2017 250  9  7 1900  -33.0  995.7    4.1  257.0   78.2  444.0
2017 250  9  7 2000  -28.4  995.1    0.6  273.0   84.8  444.0
2017 250  9  7 2100  -29.4  994.2    4.1  103.0   80.0  444.0
2017 250  9  7 2200  -32.2  993.8    0.0    0.0   78.6  444.0
2017 250  9  7 2300  -33.5  993.3    0.0    0.0   73.4  444.0
2017 251  9  8 0000  444.0  992.6    0.0    0.0   80.8  444.0
2017 251  9  8 0100  -33.2  991.9    0.0    0.0   68.1  444.0
2017 251  9  8 0200  -30.4  990.9    3.7   42.0   80.4  444.0
2017 251  9  8 0300  -26.2  990.0    1.6  332.0   81.3  444.0
2017 251  9  8 0400  -26.4  989.1    4.3  329.0   84.8  444.0
2017 251  9  8 0500  -26.4  987.8    4.9  343.0   87.4  444.0
2017 251  9  8 0600  -24.8  987.2    2.9  291.0   86.1  444.0
2017 251  9  8 0700  -28.0  986.0    2.3  302.0   85.7  444.0
2017 251  9  8 0800  -26.9  985.0    1.8  305.0   85.7  444.0
2017 251  9  8 0900  -26.8  983.8    2.9  326.0   87.4  444.0
2017 251  9  8 1000  -26.2  982.8    3.9  344.0   87.4  444.0
2017 251  9  8 1100  -26.1  982.3    2.7  344.0   87.4  444.0
2017 251  9  8 1200  -25.9  981.6    1.8  359.0   85.7  444.0
2017 251  9  8 1300  -24.5  981.2    1.6  335.0   89.2  444.0
2017 251  9  8 1400  -30.2  981.3    1.4  198.0   81.7  444.0
2017 251  9  8 1500  -29.1  980.7    0.2  198.0   82.2  444.0
2017 251  9  8 1600  -28.5  980.8    0.0    0.0   82.6  444.0
2017 251  9  8 1700  -36.5  981.1    0.0    0.0   73.4  444.0
2017 251  9  8 1800  -36.8  981.2    0.0    0.0   73.8  444.0
2017 251  9  8 1900  -37.8  981.7    0.0    0.0   72.0  444.0
2017 251  9  8 2000  -38.9  982.0    0.8  172.0   71.2  444.0
2017 251  9  8 2100  -38.4  982.0    3.1  194.0   71.2  444.0
2017 251  9  8 2200  -38.2  982.4    1.8   96.0   72.5  444.0
2017 251  9  8 2300  -35.8  982.5  444.0  444.0   77.8  444.0
2017 252  9  9 0000  444.0  982.4  444.0  444.0   84.8  444.0
2017 252  9  9 0100  444.0  982.5  444.0  444.0   87.0  444.0
2017 252  9  9 0200  444.0  982.1  444.0  444.0   90.5  444.0
2017 252  9  9 0300  -33.4  982.1  444.0  444.0   78.2  444.0
2017 252  9  9 0400  -33.5  982.2  444.0  444.0   77.3  444.0
2017 252  9  9 0500  -33.8  982.2  444.0  444.0   77.3  444.0
2017 252  9  9 0600  -32.0  982.6  444.0  444.0   78.6  444.0
2017 252  9  9 0700  -30.5  982.6  444.0  444.0   80.0  444.0
2017 252  9  9 0800  -29.2  982.5  444.0  444.0   81.3  444.0
2017 252  9  9 0900  -30.5  982.4  444.0  444.0   85.7  444.0
2017 252  9  9 1000  -24.5  982.1  444.0  444.0   87.4  444.0
2017 252  9  9 1100  -24.0  982.4  444.0  444.0   88.3  444.0
2017 252  9  9 1200  -26.8  982.5  444.0  444.0   83.9  444.0
2017 252  9  9 1300  -29.1  982.6  444.0  444.0   81.7  444.0
2017 252  9  9 1400  -30.6  982.7  444.0  444.0   81.7  444.0
2017 252  9  9 1500  -25.0  982.9  444.0  444.0   85.7  444.0
2017 252  9  9 1600  -24.6  983.4  444.0  444.0   87.0  444.0
2017 252  9  9 1700  -26.1  983.6  444.0  444.0   86.1  444.0
2017 252  9  9 1800  -26.8  983.7  444.0  444.0   83.9  444.0
2017 252  9  9 1900  -27.0  984.0  444.0  444.0   85.2  444.0
2017 252  9  9 2000  -27.5  984.4  444.0  444.0   83.5  444.0
2017 252  9  9 2100  -26.4  984.4  444.0  444.0   84.8  444.0
2017 252  9  9 2200  -23.8  984.8  444.0  444.0   89.6  444.0
2017 252  9  9 2300  -24.2  984.8  444.0  444.0   91.0  444.0
2017 253  9 10 0000  -23.6  984.9  444.0  444.0   91.8  444.0
2017 253  9 10 0100  444.0  985.0  444.0  444.0   92.7  444.0
2017 253  9 10 0200  444.0  984.9  444.0  444.0   92.7  444.0
2017 253  9 10 0300  -23.4  985.1  444.0  444.0   93.2  444.0
2017 253  9 10 0400  -22.6  985.0  444.0  444.0   88.8  444.0
2017 253  9 10 0500  -23.9  984.9  444.0  444.0   88.8  444.0
2017 253  9 10 0600  -23.9  984.7  444.0  444.0   87.9  444.0
2017 253  9 10 0700  -28.1  984.9  444.0  444.0   83.0  444.0
2017 253  9 10 0800  -27.4  984.7  444.0  444.0   83.9  444.0
2017 253  9 10 0900  -28.8  984.9  444.0  444.0   83.9  444.0
2017 253  9 10 1000  -27.0  985.0  444.0  444.0   85.2  444.0
2017 253  9 10 1100  -27.4  985.2  444.0  444.0   84.4  444.0
2017 253  9 10 1200  -25.5  985.2  444.0  444.0   85.2  444.0
2017 253  9 10 1300  -26.1  984.4  444.0  444.0   85.2  444.0
2017 253  9 10 1400  -25.5  984.1  444.0  444.0   86.1  444.0
2017 253  9 10 1500  -25.8  983.9  444.0  444.0   87.0  444.0
2017 253  9 10 1600  -26.1  983.6  444.0  444.0   86.1  444.0
2017 253  9 10 1700  -26.1  983.4  444.0  444.0   86.1  444.0
2017 253  9 10 1800  -25.1  982.7  444.0  444.0   86.6  444.0
2017 253  9 10 1900  -26.9  982.3  444.0  444.0   82.6  444.0
2017 253  9 10 2000  -26.9  982.0  444.0  444.0   84.4  444.0
2017 253  9 10 2100  -29.4  981.0  444.0  444.0   83.0  444.0
2017 253  9 10 2200  -28.0  981.1  444.0  444.0   84.4  444.0
2017 253  9 10 2300  -26.6  981.2  444.0  444.0   86.6  444.0
2017 254  9 11 0000  -25.6  980.6  444.0  444.0   87.4  444.0
2017 254  9 11 0100  -25.1  980.2  444.0  444.0   87.4  444.0
2017 254  9 11 0200  -25.0  979.7  444.0  444.0   87.9  444.0
2017 254  9 11 0300  -24.9  978.6    6.2  160.0   87.9  444.0
2017 254  9 11 0400  -24.5  978.1    7.6  172.0   87.9  444.0
2017 254  9 11 0500  -26.1  977.3   10.5  201.0   86.6  444.0
2017 254  9 11 0600  -28.0  977.0   13.6  193.0   84.4  444.0
2017 254  9 11 0700  -29.8  975.6   14.2  193.0   82.2  444.0
2017 254  9 11 0800  -30.4  975.0   17.2  179.0   81.3  444.0
2017 254  9 11 0900  -30.5  975.2   14.6  201.0   81.3  444.0
2017 254  9 11 1000  -29.8  974.5   18.5  202.0   81.7  444.0
2017 254  9 11 1100  -30.0  973.8   14.8  187.0   81.3  444.0
2017 254  9 11 1200  -30.6  973.1   17.2  198.0   80.4  444.0
2017 254  9 11 1300  -32.1  973.5   17.0  194.0   79.1  444.0
2017 254  9 11 1400  -33.4  974.0   14.8  187.0   77.3  444.0
2017 254  9 11 1500  -33.9  974.1   17.5  193.0   77.3  444.0
2017 254  9 11 1600  -32.9  974.8   14.4  198.0   78.2  444.0
2017 254  9 11 1700  -32.2  974.6   17.0  209.0   78.2  444.0
2017 254  9 11 1800  -32.4  975.0   13.6  186.0   78.2  444.0
2017 254  9 11 1900  -32.6  975.5   13.3  190.0   78.2  444.0
2017 254  9 11 2000  -32.4  975.6   13.6  188.0   78.6  444.0
2017 254  9 11 2100  -32.6  977.0   12.1  190.0   78.6  444.0
2017 254  9 11 2200  -32.1  977.6    9.4  195.0   79.1  444.0
2017 254  9 11 2300  -31.5  977.7    9.4  188.0   79.1  444.0
2017 255  9 12 0000  -31.6  978.0    4.3  221.0   78.2  444.0
2017 255  9 12 0100  -32.1  978.2    0.0    0.0   77.8  444.0
2017 255  9 12 0200  -29.0  978.9    8.4  209.0   82.6  444.0
2017 255  9 12 0300  -29.4  979.4    6.6  207.0   80.0  444.0
2017 255  9 12 0400  -29.6  979.3    1.0  225.0   80.0  444.0
2017 255  9 12 0500  -28.9  979.5    1.9  235.0   81.3  444.0
2017 255  9 12 0600  -26.2  979.2    5.8  328.0   86.1  444.0
2017 255  9 12 0700  -26.6  979.1    5.3  314.0   84.8  444.0
2017 255  9 12 0800  -26.4  979.7    3.5  294.0   85.2  444.0
2017 255  9 12 0900  -27.2  980.2    1.6  250.0   83.9  444.0
2017 255  9 12 1000  -28.0  980.1    4.3  297.0   83.5  444.0
2017 255  9 12 1100  -28.8  980.2    2.3  298.0   82.2  444.0
2017 255  9 12 1200  -29.4  980.7    3.3  302.0   82.6  444.0
2017 255  9 12 1300  -28.4  980.8    4.5  299.0   82.2  444.0
2017 255  9 12 1400  -28.8  980.7    4.5  305.0   83.9  444.0
2017 255  9 12 1500  -29.1  980.6    3.7  315.0   83.5  444.0
2017 255  9 12 1600  -27.0  981.0    2.9  292.0   84.4  444.0
2017 255  9 12 1700  -27.0  981.0    2.7  298.0   84.8  444.0
2017 255  9 12 1800  -29.6  980.9    2.9  315.0   81.3  444.0
2017 255  9 12 1900  -29.4  980.7    3.9  328.0   82.6  444.0
2017 255  9 12 2000  -29.0  981.1    2.9  323.0   83.0  444.0
2017 255  9 12 2100  -28.8  981.5    2.7  316.0   83.5  444.0
2017 255  9 12 2200  -27.4  982.0  444.0  444.0   85.7  444.0
2017 255  9 12 2300  -29.0  982.2  444.0  444.0   85.2  444.0
2017 256  9 13 0000  -27.6  982.5  444.0  444.0   86.6  444.0
2017 256  9 13 0100  -27.4  982.7  444.0  444.0   87.4  444.0
2017 256  9 13 0200  -31.4  983.3  444.0  444.0   83.5  444.0
2017 256  9 13 0300  -27.6  983.6  444.0  444.0   87.0  444.0
2017 256  9 13 0400  -23.9  984.0  444.0  444.0   88.3  444.0
2017 256  9 13 0500  -23.9  984.0  444.0  444.0   84.8  444.0
2017 256  9 13 0600  -30.2  984.2  444.0  444.0   80.8  444.0
2017 256  9 13 0700  -29.1  984.2  444.0  444.0   82.2  444.0
2017 256  9 13 0800  -28.1  984.5  444.0  444.0   82.6  444.0
2017 256  9 13 0900  -28.1  984.7  444.0  444.0   77.3  444.0
2017 256  9 13 1000  -31.6  984.9  444.0  444.0   80.8  444.0
2017 256  9 13 1100  -27.4  984.9  444.0  444.0   83.9  444.0
2017 256  9 13 1200  -28.0  985.2  444.0  444.0   83.5  444.0
2017 256  9 13 1300  -29.9  985.1  444.0  444.0   82.2  444.0
2017 256  9 13 1400  -29.4  984.8  444.0  444.0   81.7  444.0
2017 256  9 13 1500  -28.8  984.6  444.0  444.0   83.0  444.0
2017 256  9 13 1600  -28.2  984.4  444.0  444.0   86.6  444.0
2017 256  9 13 1700  -26.5  984.2  444.0  444.0   85.7  444.0
2017 256  9 13 1800  -27.5  984.1  444.0  444.0   84.4  444.0
2017 256  9 13 1900  -28.6  984.7  444.0  444.0   81.7  444.0
2017 256  9 13 2000  -26.1  984.4  444.0  444.0   86.1  444.0
2017 256  9 13 2100  -28.2  984.5  444.0  444.0   83.5  444.0
2017 256  9 13 2200  -27.2  984.4  444.0  444.0   84.8  444.0
2017 256  9 13 2300  -28.5  984.4  444.0  444.0   83.0  444.0
2017 257  9 14 0000  -29.8  984.2  444.0  444.0   84.4  444.0
2017 257  9 14 0100  444.0  984.1  444.0  444.0   85.7  444.0
2017 257  9 14 0200  444.0  983.8  444.0  444.0   85.2  444.0
2017 257  9 14 0300  -35.1  983.1  444.0  444.0   76.0  444.0
2017 257  9 14 0400  -34.2  982.3  444.0  444.0   77.8  444.0
2017 257  9 14 0500  -33.9  981.7  444.0  444.0   76.9  444.0
2017 257  9 14 0600  -33.9  981.3  444.0  444.0   77.3  444.0
2017 257  9 14 0700  -31.4  980.7  444.0  444.0   80.0  444.0
2017 257  9 14 0800  -29.4  980.2  444.0  444.0   81.7  444.0
2017 257  9 14 0900  -29.1  979.5  444.0  444.0   82.2  444.0
2017 257  9 14 1000  -29.0  979.4  444.0  444.0   82.2  444.0
2017 257  9 14 1100  -29.0  979.1  444.0  444.0   82.2  444.0
2017 257  9 14 1200  -29.1  979.2  444.0  444.0   82.2  444.0
2017 257  9 14 1300  -29.1  979.3  444.0  444.0   82.2  444.0
2017 257  9 14 1400  -29.1  979.3  444.0  444.0   82.2  444.0
2017 257  9 14 1500  -29.5  979.3  444.0  444.0   81.7  444.0
2017 257  9 14 1600  -29.8  979.8  444.0  444.0   81.7  444.0
2017 257  9 14 1700  -28.5  980.1  444.0  444.0   83.5  444.0
2017 257  9 14 1800  -28.6  980.6  444.0  444.0   83.0  444.0
2017 257  9 14 1900  -28.8  981.4  444.0  444.0   83.0  444.0
2017 257  9 14 2000  -29.0  982.5  444.0  444.0   82.6  444.0
2017 257  9 14 2100  -28.8  983.4  444.0  444.0   82.6  444.0
2017 257  9 14 2200  -28.4  984.4  444.0  444.0   83.0  444.0
2017 257  9 14 2300  -27.4  985.2  444.0  444.0   83.5  444.0
2017 258  9 15 0000  -28.6  986.4  444.0  444.0   80.8  444.0
2017 258  9 15 0100  -29.8  987.4  444.0  444.0   80.4  444.0
2017 258  9 15 0200  -28.8  988.4  444.0  444.0   80.4  444.0
2017 258  9 15 0300  -29.2  989.0  444.0  444.0   81.7  444.0
2017 258  9 15 0400  -30.4  989.6  444.0  444.0   81.3  444.0
2017 258  9 15 0500  -31.1  990.1  444.0  444.0   80.4  444.0
2017 258  9 15 0600  -31.5  990.4  444.0  444.0   79.5  444.0
2017 258  9 15 0700  -31.0  990.7  444.0  444.0   80.4  444.0
2017 258  9 15 0800  -31.1  990.9  444.0  444.0   80.0  444.0
2017 258  9 15 0900  -32.1  991.4  444.0  444.0   78.6  444.0
2017 258  9 15 1000  -33.5  991.8  444.0  444.0   76.4  444.0
2017 258  9 15 1100  -36.8  991.8  444.0  444.0   73.4  444.0
2017 258  9 15 1200  -37.4  992.0  444.0  444.0   72.5  444.0
2017 258  9 15 1300  -38.6  991.5  444.0  444.0   70.7  444.0
2017 258  9 15 1400  -38.4  991.2  444.0  444.0   71.2  444.0
2017 258  9 15 1500  -40.9  991.3  444.0  444.0   68.1  444.0
2017 258  9 15 1600  -42.1  991.2  444.0  444.0   67.6  444.0
2017 258  9 15 1700  -42.5  991.0  444.0  444.0   66.3  444.0
2017 258  9 15 1800  -42.9  990.7  444.0  444.0   65.9  444.0
2017 258  9 15 1900  -44.1  990.7  444.0  444.0   64.1  444.0
2017 258  9 15 2000  -43.4  990.6  444.0  444.0   65.4  444.0
2017 258  9 15 2100  -43.5  990.5  444.0  444.0   65.4  444.0
2017 258  9 15 2200  -43.2  989.9  444.0  444.0   66.3  444.0
2017 258  9 15 2300  -43.2  989.8  444.0  444.0   66.3  444.0
2017 259  9 16 0000  -41.6  989.6  444.0  444.0   68.5  444.0
2017 259  9 16 0100  -41.0  989.6  444.0  444.0   68.5  444.0
2017 259  9 16 0200  -42.4  989.2  444.0  444.0   66.3  444.0
2017 259  9 16 0300  -42.4  989.1  444.0  444.0   66.8  444.0
2017 259  9 16 0400  -42.4  988.9  444.0  444.0   66.8  444.0
2017 259  9 16 0500  -42.8  989.0  444.0  444.0   65.9  444.0
2017 259  9 16 0600  -43.4  988.7  444.0  444.0   65.0  444.0
2017 259  9 16 0700  -44.8  989.0  444.0  444.0   63.2  444.0
2017 259  9 16 0800  -44.6  989.2  444.0  444.0   63.2  444.0
2017 259  9 16 0900  -44.1  989.1  444.0  444.0   64.1  444.0
2017 259  9 16 1000  -44.6  989.2  444.0  444.0   63.2  444.0
2017 259  9 16 1100  -45.5  989.1  444.0  444.0   62.4  444.0
2017 259  9 16 1200  -46.5  989.4  444.0  444.0   61.0  444.0
2017 259  9 16 1300  -47.4  989.4  444.0  444.0   60.2  444.0
2017 259  9 16 1400  -45.2  989.4  444.0  444.0   62.4  444.0
2017 259  9 16 1500  -44.5  989.5  444.0  444.0   62.8  444.0
2017 259  9 16 1600  -44.8  990.0  444.0  444.0   62.8  444.0
2017 259  9 16 1700  -46.6  990.2  444.0  444.0   60.2  444.0
2017 259  9 16 1800  -47.2  990.4  444.0  444.0   59.7  444.0
2017 259  9 16 1900  -47.2  990.7  444.0  444.0   59.7  444.0
2017 259  9 16 2000  -45.2  990.7  444.0  444.0   62.4  444.0
2017 259  9 16 2100  -45.1  991.0  444.0  444.0   63.2  444.0
2017 259  9 16 2200  -45.5  991.3  444.0  444.0   63.2  444.0
2017 259  9 16 2300  -45.9  991.3  444.0  444.0   63.2  444.0
2017 260  9 17 0000  -46.2  991.3  444.0  444.0   62.8  444.0
2017 260  9 17 0100  -46.5  991.0  444.0  444.0   62.8  444.0
2017 260  9 17 0200  -45.9  990.7  444.0  444.0   62.8  444.0
2017 260  9 17 0300  -46.2  990.5    6.4  194.0   61.0  444.0
2017 260  9 17 0400  -46.1  990.8    8.6  191.0   61.0  444.0
2017 260  9 17 0500  -44.8  991.3    8.0  201.0   62.4  444.0
2017 260  9 17 0600  -44.2  991.4    6.6  200.0   62.8  444.0
2017 260  9 17 0700  -44.6  991.4    7.2  187.0   62.8  444.0
2017 260  9 17 0800  -45.6  991.7    8.0  179.0   61.9  444.0
2017 260  9 17 0900  -45.2  991.3    6.8  159.0   61.9  444.0
2017 260  9 17 1000  -45.8  991.6    3.7  177.0   61.0  444.0
2017 260  9 17 1100  -47.2  991.4    4.1  172.0   59.7  444.0
2017 260  9 17 1200  -48.4  991.6    2.3  246.0   58.4  444.0
2017 260  9 17 1300  -48.9  991.4    2.3  224.0   57.5  444.0
2017 260  9 17 1400  -49.4  991.4    1.6  233.0   57.1  444.0
2017 260  9 17 1500  -49.0  990.9    2.3  239.0   57.1  444.0
2017 260  9 17 1600  -49.0  990.6    2.3  186.0   57.5  444.0
2017 260  9 17 1700  -46.9  990.4    1.6  186.0   59.7  444.0
2017 260  9 17 1800  -48.6  989.8    1.4  136.0   57.5  444.0
2017 260  9 17 1900  -47.4  989.0    0.0    0.0   58.8  444.0
2017 260  9 17 2000  -47.8  988.5    1.8  294.0   59.3  444.0
2017 260  9 17 2100  -44.5  987.7  444.0  444.0   65.0  444.0
2017 260  9 17 2200  -46.2  987.3  444.0  444.0   62.4  444.0
2017 260  9 17 2300  -45.2  986.4  444.0  444.0   62.8  444.0
2017 261  9 18 0000  -44.5  985.9  444.0  444.0   64.1  444.0
2017 261  9 18 0100  -38.8  985.4  444.0  444.0   71.2  444.0
2017 261  9 18 0200  -37.8  984.6  444.0  444.0   72.0  444.0
2017 261  9 18 0300  -35.1  983.2  444.0  444.0   75.6  444.0
2017 261  9 18 0400  -33.2  983.1  444.0  444.0   74.2  444.0
2017 261  9 18 0500  -37.9  982.8  444.0  444.0   72.0  444.0
2017 261  9 18 0600  -37.6  982.6  444.0  444.0   72.0  444.0
2017 261  9 18 0700  -37.6  982.5  444.0  444.0   72.0  444.0
2017 261  9 18 0800  -38.9  981.6  444.0  444.0   69.8  444.0
2017 261  9 18 0900  -40.4  981.5  444.0  444.0   68.1  444.0
2017 261  9 18 1000  -42.6  981.5  444.0  444.0   65.9  444.0
2017 261  9 18 1100  -43.2  981.2  444.0  444.0   65.0  444.0
2017 261  9 18 1200  -41.0  981.6  444.0  444.0   66.8  444.0
2017 261  9 18 1300  -45.2  981.6  444.0  444.0   62.4  444.0
2017 261  9 18 1400  -44.0  981.8  444.0  444.0   64.6  444.0
2017 261  9 18 1500  -36.6  981.8  444.0  444.0   72.0  444.0
2017 261  9 18 1600  -33.1  981.3  444.0  444.0   76.4  444.0
2017 261  9 18 1700  -33.2  981.4  444.0  444.0   76.0  444.0
2017 261  9 18 1800  -31.8  981.2  444.0  444.0   78.6  444.0
2017 261  9 18 1900  -30.6  980.9  444.0  444.0   81.7  444.0
2017 261  9 18 2000  -29.4  981.2  444.0  444.0   80.8  444.0
2017 261  9 18 2100  -30.4  980.8  444.0  444.0   83.0  444.0
2017 261  9 18 2200  -31.4  980.5    3.5  335.0   81.3  444.0
2017 261  9 18 2300  -32.0  981.1    0.0    0.0   80.8  444.0
2017 262  9 19 0000  -33.8  981.2  444.0  444.0   77.8  444.0
2017 262  9 19 0100  -30.2  980.8  444.0  444.0   80.8  444.0
2017 262  9 19 0200  -29.0  980.6  444.0  444.0   78.2  444.0
2017 262  9 19 0300  -29.0  980.4  444.0  444.0   78.2  444.0
2017 262  9 19 0400  -30.8  980.9  444.0  444.0   76.0  444.0
2017 262  9 19 0500  -37.4  981.2  444.0  444.0   69.8  444.0
2017 262  9 19 0600  -39.8  981.8  444.0  444.0   69.8  444.0
2017 262  9 19 0700  -37.4  982.2  444.0  444.0   72.9  444.0
2017 262  9 19 0800  -39.9  982.1  444.0  444.0   69.4  444.0
2017 262  9 19 0900  -40.4  982.3  444.0  444.0   68.5  444.0
2017 262  9 19 1000  -38.8  982.3  444.0  444.0   72.0  444.0
2017 262  9 19 1100  -35.2  982.8  444.0  444.0   73.8  444.0
2017 262  9 19 1200  -37.1  982.3  444.0  444.0   72.0  444.0
2017 262  9 19 1300  -35.1  982.3  444.0  444.0   74.2  444.0
2017 262  9 19 1400  -36.2  982.2  444.0  444.0   73.4  444.0
2017 262  9 19 1500  -34.1  982.2  444.0  444.0   76.0  444.0
2017 262  9 19 1600  -34.6  982.0  444.0  444.0   74.7  444.0
2017 262  9 19 1700  -35.8  981.7  444.0  444.0   73.4  444.0
2017 262  9 19 1800  -33.6  981.3  444.0  444.0   76.9  444.0
2017 262  9 19 1900  -34.5  980.7  444.0  444.0   76.0  444.0
2017 262  9 19 2000  -37.4  980.5  444.0  444.0   72.9  444.0
2017 262  9 19 2100  -38.9  980.3  444.0  444.0   70.7  444.0
2017 262  9 19 2200  -38.2  979.8  444.0  444.0   73.4  444.0
2017 262  9 19 2300  -37.6  979.3  444.0  444.0   74.7  444.0
2017 263  9 20 0000  -37.1  978.9  444.0  444.0   74.7  444.0
2017 263  9 20 0100  -36.4  978.4  444.0  444.0   74.2  444.0
2017 263  9 20 0200  -37.0  977.7  444.0  444.0   71.2  444.0
2017 263  9 20 0300  -37.6  977.1  444.0  444.0   69.4  444.0
2017 263  9 20 0400  -38.9  976.5  444.0  444.0   68.5  444.0
2017 263  9 20 0500  -39.8  975.7  444.0  444.0   68.5  444.0
2017 263  9 20 0600  -39.5  974.9  444.0  444.0   69.8  444.0
2017 263  9 20 0700  -39.9  974.4  444.0  444.0   69.4  444.0
2017 263  9 20 0800  -41.2  974.0  444.0  444.0   67.6  444.0
2017 263  9 20 0900  -41.0  973.2  444.0  444.0   68.1  444.0
2017 263  9 20 1000  -40.4  972.8  444.0  444.0   68.5  444.0
2017 263  9 20 1100  -40.9  972.5  444.0  444.0   68.1  444.0
2017 263  9 20 1200  -41.0  972.6  444.0  444.0   67.2  444.0
2017 263  9 20 1300  -43.2  972.7  444.0  444.0   65.4  444.0
2017 263  9 20 1400  -41.5  972.5  444.0  444.0   66.8  444.0
2017 263  9 20 1500  -40.5  972.7  444.0  444.0   68.1  444.0
2017 263  9 20 1600  -40.9  972.5  444.0  444.0   68.1  444.0
2017 263  9 20 1700  -41.1  972.9  444.0  444.0   67.2  444.0
2017 263  9 20 1800  -39.5  972.8  444.0  444.0   69.4  444.0
2017 263  9 20 1900  -43.4  972.9  444.0  444.0   65.0  444.0
2017 263  9 20 2000  -44.1  972.8  444.0  444.0   64.6  444.0
2017 263  9 20 2100  -40.6  972.8  444.0  444.0   68.5  444.0
2017 263  9 20 2200  -38.0  973.1  444.0  444.0   72.0  444.0
2017 263  9 20 2300  -38.2  973.4  444.0  444.0   70.3  444.0
2017 264  9 21 0000  -37.9  974.0  444.0  444.0   68.1  444.0
2017 264  9 21 0100  -37.8  974.1  444.0  444.0   67.6  444.0
2017 264  9 21 0200  -38.4  974.3  444.0  444.0   66.3  444.0
2017 264  9 21 0300  -37.1  974.5  444.0  444.0   69.0  444.0
2017 264  9 21 0400  -37.0  974.7  444.0  444.0   69.0  444.0
2017 264  9 21 0500  -38.1  974.7  444.0  444.0   67.2  444.0
2017 264  9 21 0600  -39.2  974.8  444.0  444.0   67.2  444.0
2017 264  9 21 0700  -40.9  974.6  444.0  444.0   67.6  444.0
2017 264  9 21 0800  -42.1  974.8  444.0  444.0   66.8  444.0
2017 264  9 21 0900  -40.5  974.7  444.0  444.0   68.1  444.0
2017 264  9 21 1000  -42.1  974.6  444.0  444.0   65.9  444.0
2017 264  9 21 1100  -42.2  975.4  444.0  444.0   67.2  444.0
2017 264  9 21 1200  -40.4  975.1  444.0  444.0   68.5  444.0
2017 264  9 21 1300  -39.8  975.0  444.0  444.0   69.4  444.0
2017 264  9 21 1400  -42.1  974.8  444.0  444.0   65.9  444.0
2017 264  9 21 1500  -40.4  974.7  444.0  444.0   68.1  444.0
2017 264  9 21 1600  -41.9  974.8  444.0  444.0   65.4  444.0
2017 264  9 21 1700  -41.4  975.1  444.0  444.0   68.1  444.0
2017 264  9 21 1800  -37.6  975.2  444.0  444.0   71.2  444.0
2017 264  9 21 1900  -38.6  975.4  444.0  444.0   70.7  444.0
2017 264  9 21 2000  -36.9  975.3  444.0  444.0   72.9  444.0
2017 264  9 21 2100  -36.8  975.2  444.0  444.0   72.9  444.0
2017 264  9 21 2200  -36.2  975.3  444.0  444.0   73.8  444.0
2017 264  9 21 2300  444.0  974.9  444.0  444.0   72.5  444.0
2017 265  9 22 0000  444.0  974.5  444.0  444.0   72.0  444.0
2017 265  9 22 0100  -36.5  974.6  444.0  444.0   69.8  444.0
2017 265  9 22 0200  -36.5  974.7  444.0  444.0   67.2  444.0
2017 265  9 22 0300  -36.1  974.9  444.0  444.0   66.3  444.0
2017 265  9 22 0400  -37.6  974.4  444.0  444.0   65.4  444.0
2017 265  9 22 0500  -37.6  974.2  444.0  444.0   67.2  444.0
2017 265  9 22 0600  -39.8  974.2  444.0  444.0   70.3  444.0
2017 265  9 22 0700  -39.1  974.1  444.0  444.0   70.3  444.0
2017 265  9 22 0800  -40.2  974.0  444.0  444.0   67.6  444.0
2017 265  9 22 0900  -39.4  973.7  444.0  444.0   69.4  444.0
2017 265  9 22 1000  -38.6  973.9  444.0  444.0   70.7  444.0
2017 265  9 22 1100  -37.9  973.9  444.0  444.0   69.8  444.0
2017 265  9 22 1200  -37.1  974.0  444.0  444.0   70.7  444.0
2017 265  9 22 1300  -38.1  974.0  444.0  444.0   69.8  444.0
2017 265  9 22 1400  -36.1  973.4  444.0  444.0   72.5  444.0
2017 265  9 22 1500  -39.1  972.7  444.0  444.0   69.8  444.0
2017 265  9 22 1600  -35.2  972.2  444.0  444.0   73.4  444.0
2017 265  9 22 1700  -34.4  971.6  444.0  444.0   75.1  444.0
2017 265  9 22 1800  -35.0  971.0  444.0  444.0   74.2  444.0
2017 265  9 22 1900  -38.1  970.8  444.0  444.0   70.7  444.0
2017 265  9 22 2000  -37.8  970.5  444.0  444.0   72.5  444.0
2017 265  9 22 2100  -36.4  970.3  444.0  444.0   72.9  444.0
2017 265  9 22 2200  -32.6  970.2  444.0  444.0   77.8  444.0
2017 265  9 22 2300  -33.8  969.5  444.0  444.0   77.8  444.0
2017 266  9 23 0000  -35.2  969.1  444.0  444.0   75.1  444.0
2017 266  9 23 0100  -35.6  968.5  444.0  444.0   72.5  444.0
2017 266  9 23 0200  -35.6  968.0  444.0  444.0   71.6  444.0
2017 266  9 23 0300  -33.2  967.4  444.0  444.0   71.2  444.0
2017 266  9 23 0400  -37.0  967.0  444.0  444.0   68.5  444.0
2017 266  9 23 0500  -37.4  966.4  444.0  444.0   72.5  444.0
2017 266  9 23 0600  -32.4  965.7  444.0  444.0   76.9  444.0
2017 266  9 23 0700  -32.0  965.5  444.0  444.0   77.3  444.0
2017 266  9 23 0800  -35.2  965.3  444.0  444.0   73.8  444.0
2017 266  9 23 0900  -38.8  964.9  444.0  444.0   69.4  444.0
2017 266  9 23 1000  -35.9  964.4  444.0  444.0   74.7  444.0
2017 266  9 23 1100  -36.6  964.6  444.0  444.0   72.9  444.0
2017 266  9 23 1200  -37.4  964.6  444.0  444.0   72.5  444.0
2017 266  9 23 1300  -38.1  964.4  444.0  444.0   71.6  444.0
2017 266  9 23 1400  -43.9  964.7  444.0  444.0   62.4  444.0
2017 266  9 23 1500  -38.6  964.6  444.0  444.0   70.7  444.0
2017 266  9 23 1600  -38.1  964.6  444.0  444.0   70.7  444.0
2017 266  9 23 1700  -37.5  964.5  444.0  444.0   71.6  444.0
2017 266  9 23 1800  -37.9  964.0  444.0  444.0   71.2  444.0
2017 266  9 23 1900  -33.4  964.5  444.0  444.0   76.4  444.0
2017 266  9 23 2000  -31.5  964.9  444.0  444.0   78.2  444.0
2017 266  9 23 2100  -31.6  965.1  444.0  444.0   80.8  444.0
2017 266  9 23 2200  -33.6  965.1  444.0  444.0   76.9  444.0
2017 266  9 23 2300  -33.5  965.4  444.0  444.0   81.3  444.0
2017 267  9 24 0000  -31.0  965.5  444.0  444.0   79.1  444.0
2017 267  9 24 0100  444.0  965.5  444.0  444.0   74.7  444.0
2017 267  9 24 0200  444.0  965.4  444.0  444.0   76.4  444.0
2017 267  9 24 0300  -36.5  965.3  444.0  444.0   63.2  444.0
2017 267  9 24 0400  -38.6  965.3  444.0  444.0   65.0  444.0
2017 267  9 24 0500  -33.1  965.3  444.0  444.0   71.2  444.0
2017 267  9 24 0600  -34.8  965.3  444.0  444.0   73.4  444.0
2017 267  9 24 0700  -37.5  965.2  444.0  444.0   72.5  444.0
2017 267  9 24 0800  -41.8  965.4  444.0  444.0   65.0  444.0
2017 267  9 24 0900  -40.9  965.6  444.0  444.0   68.1  444.0
2017 267  9 24 1000  -44.0  966.0  444.0  444.0   62.8  444.0
2017 267  9 24 1100  -46.2  966.2  444.0  444.0   61.9  444.0
2017 267  9 24 1200  -43.2  966.4  444.0  444.0   65.0  444.0
2017 267  9 24 1300  -45.1  966.1  444.0  444.0   63.2  444.0
2017 267  9 24 1400  -43.8  966.2  444.0  444.0   65.4  444.0
2017 267  9 24 1500  -43.6  966.5  444.0  444.0   63.7  444.0
2017 267  9 24 1600  -43.1  966.8  444.0  444.0   65.4  444.0
2017 267  9 24 1700  -44.0  966.8  444.0  444.0   64.1  444.0
2017 267  9 24 1800  -42.1  966.9  444.0  444.0   66.3  444.0
2017 267  9 24 1900  -39.8  967.0  444.0  444.0   68.1  444.0
2017 267  9 24 2000  -41.2  967.3  444.0  444.0   66.3  444.0
2017 267  9 24 2100  -37.9  968.0  444.0  444.0   72.0  444.0
2017 267  9 24 2200  -37.5  968.8  444.0  444.0   68.1  444.0
2017 267  9 24 2300  -39.5  968.7  444.0  444.0   67.6  444.0
2017 268  9 25 0000  -38.9  968.9  444.0  444.0   65.4  444.0
2017 268  9 25 0100  -38.1  969.4  444.0  444.0   62.4  444.0
2017 268  9 25 0200  -37.1  969.5  444.0  444.0   62.8  444.0
2017 268  9 25 0300  -36.2  969.5  444.0  444.0   63.2  444.0
2017 268  9 25 0400  -37.0  969.5  444.0  444.0   64.1  444.0
2017 268  9 25 0500  -37.6  969.7  444.0  444.0   65.0  444.0
2017 268  9 25 0600  -40.6  969.9  444.0  444.0   64.6  444.0
2017 268  9 25 0700  -39.9  970.0  444.0  444.0   67.2  444.0
2017 268  9 25 0800  -39.1  970.7  444.0  444.0   67.2  444.0
2017 268  9 25 0900  -38.6  970.9  444.0  444.0   68.5  444.0
2017 268  9 25 1000  -38.1  971.0  444.0  444.0   68.5  444.0
2017 268  9 25 1100  -37.4  971.1  444.0  444.0   69.4  444.0
2017 268  9 25 1200  -38.0  971.3  444.0  444.0   69.8  444.0
2017 268  9 25 1300  -38.0  971.6  444.0  444.0   69.4  444.0
2017 268  9 25 1400  -36.8  971.6  444.0  444.0   72.0  444.0
2017 268  9 25 1500  -35.9  971.8  444.0  444.0   72.9  444.0
2017 268  9 25 1600  -35.6  972.3  444.0  444.0   72.9  444.0
2017 268  9 25 1700  -35.9  972.8  444.0  444.0   73.8  444.0
2017 268  9 25 1800  -35.0  973.6  444.0  444.0   74.7  444.0
2017 268  9 25 1900  -34.6  974.6  444.0  444.0   75.6  444.0
2017 268  9 25 2000  -34.0  975.0  444.0  444.0   74.2  444.0
2017 268  9 25 2100  -34.0  975.3  444.0  444.0   73.4  444.0
2017 268  9 25 2200  -34.0  976.3  444.0  444.0   70.7  444.0
2017 268  9 25 2300  -34.6  977.0  444.0  444.0   69.4  444.0
2017 269  9 26 0000  -34.1  977.6  444.0  444.0   69.0  444.0
2017 269  9 26 0100  -32.1  977.9  444.0  444.0   73.4  444.0
2017 269  9 26 0200  -31.4  977.8  444.0  444.0   73.4  444.0
2017 269  9 26 0300  -31.2  977.3  444.0  444.0   74.2  444.0
2017 269  9 26 0400  -31.6  976.9  444.0  444.0   73.8  444.0
2017 269  9 26 0500  -33.0  976.7  444.0  444.0   73.8  444.0
2017 269  9 26 0600  -33.5  977.8  444.0  444.0   72.0  444.0
2017 269  9 26 0700  -33.4  977.6  444.0  444.0   77.8  444.0
2017 269  9 26 0800  -34.2  977.3  444.0  444.0   75.6  444.0
2017 269  9 26 0900  -33.5  976.7  444.0  444.0   75.6  444.0
2017 269  9 26 1000  -35.0  976.6  444.0  444.0   75.6  444.0
2017 269  9 26 1100  -34.8  976.3  444.0  444.0   76.0  444.0
2017 269  9 26 1200  -35.6  975.4    3.5  262.0   73.8  444.0
2017 269  9 26 1300  -34.0  975.3    3.5  253.0   76.0  444.0
2017 269  9 26 1400  -32.4  974.4    3.1  262.0   78.6  444.0
2017 269  9 26 1500  -37.9  973.9    2.3  253.0   71.2  444.0
2017 269  9 26 1600  -37.9  973.1    3.3  254.0   72.5  444.0
2017 269  9 26 1700  -33.8  973.1    1.2  253.0   75.6  444.0
2017 269  9 26 1800  -36.4  972.5    3.7  253.0   75.1  444.0
2017 269  9 26 1900  -35.0  972.1    4.3  263.0   75.1  444.0
2017 269  9 26 2000  -32.0  972.0    5.1  256.0   78.2  444.0
2017 269  9 26 2100  -31.4  971.9    5.3  260.0   78.6  444.0
2017 269  9 26 2200  -33.0  971.8    4.1  253.0   67.2  444.0
2017 269  9 26 2300  -33.1  971.8    4.1  249.0   66.3  444.0
2017 270  9 27 0000  -32.1  971.8    3.9  236.0   66.8  444.0
2017 270  9 27 0100  -32.4  971.4    4.1  256.0   62.4  444.0
2017 270  9 27 0200  -33.8  971.4    3.5  247.0   63.2  444.0
2017 270  9 27 0300  -32.1  971.5    5.3  253.0   64.6  444.0
2017 270  9 27 0400  -31.5  971.4    6.0  260.0   65.9  444.0
2017 270  9 27 0500  -32.4  971.6    4.5  267.0   66.8  444.0
2017 270  9 27 0600  -32.2  971.6    4.9  246.0   66.8  444.0
2017 270  9 27 0700  -36.9  971.3    3.1  266.0   69.4  444.0
2017 270  9 27 0800  -36.9  971.4    4.5  254.0   69.8  444.0
2017 270  9 27 0900  -34.1  971.4    5.1  260.0   67.6  444.0
2017 270  9 27 1000  -32.2  971.9    4.7  215.0   69.8  444.0
2017 270  9 27 1100  -32.6  971.7    3.7  228.0   66.3  444.0
2017 270  9 27 1200  -32.2  972.2    2.1  191.0   65.4  444.0
2017 270  9 27 1300  -31.5  972.3    2.5  239.0   58.4  444.0
2017 270  9 27 1400  -32.9  972.3    2.5  187.0   60.2  444.0
2017 270  9 27 1500  -29.2  972.3    2.9  233.0   60.2  444.0
2017 270  9 27 1600  -28.0  972.1    2.3  267.0   62.4  444.0
2017 270  9 27 1700  -27.1  972.1    3.3  301.0   69.8  444.0
2017 270  9 27 1800  -32.0  971.9    4.1  306.0   78.2  444.0
2017 270  9 27 1900  -30.9  972.0    3.9  314.0   78.6  444.0
2017 270  9 27 2000  -30.2  972.2    3.5  309.0   79.5  444.0
2017 270  9 27 2100  -28.6  972.6    2.7  276.0   72.9  444.0
2017 270  9 27 2200  -29.2  972.9    3.7  252.0   64.1  444.0
2017 270  9 27 2300  -31.9  973.3    3.5  249.0   57.5  444.0
2017 271  9 28 0000  -34.4  973.5    2.7  246.0   57.1  444.0
2017 271  9 28 0100  -34.1  973.7    3.3  229.0   55.3  444.0
2017 271  9 28 0200  -33.2  974.0    1.8  253.0   52.7  444.0
2017 271  9 28 0300  -32.1  974.3    1.2  264.0   52.7  444.0
2017 271  9 28 0400  -30.5  974.6    3.5  242.0   54.9  444.0
2017 271  9 28 0500  -31.4  974.8    3.3  233.0   53.1  444.0
2017 271  9 28 0600  -29.8  975.1    2.3  247.0   57.5  444.0
2017 271  9 28 0700  -32.1  975.2    3.3  209.0   55.3  444.0
2017 271  9 28 0800  -36.8  975.2    3.9  218.0   60.6  444.0
2017 271  9 28 0900  -38.6  975.5    5.5  202.0   63.7  444.0
2017 271  9 28 1000  -40.2  976.3    3.3  198.0   65.0  444.0
2017 271  9 28 1100  -40.2  976.3    3.9  195.0   67.2  444.0
2017 271  9 28 1200  -40.4  976.5    3.7  191.0   67.2  444.0
2017 271  9 28 1300  -40.0  976.7    4.9  187.0   68.1  444.0
2017 271  9 28 1400  -40.9  977.0    3.7  174.0   66.8  444.0
2017 271  9 28 1500  -40.9  977.7    4.3  195.0   66.8  444.0
2017 271  9 28 1600  -41.1  978.0    5.3  173.0   66.3  444.0
2017 271  9 28 1700  -40.9  978.9    5.5  184.0   66.3  444.0
2017 271  9 28 1800  -40.9  979.7    5.3  183.0   67.2  444.0
2017 271  9 28 1900  -41.8  980.4    3.7  204.0   66.3  444.0
2017 271  9 28 2000  -40.9  981.1    3.9  211.0   62.8  444.0
2017 271  9 28 2100  -40.0  981.4    3.9  224.0   56.6  444.0
2017 271  9 28 2200  -37.5  982.2    3.1  224.0   55.3  444.0
2017 271  9 28 2300  -36.2  982.8    3.7  231.0   52.7  444.0
2017 272  9 29 0000  -35.4  983.2    4.1  201.0   54.0  444.0
2017 272  9 29 0100  -33.0  983.7    5.7  211.0   54.4  444.0
2017 272  9 29 0200  -32.6  984.5    2.9  249.0   56.2  444.0
2017 272  9 29 0300  -33.0  984.4    3.9  249.0   57.1  444.0
2017 272  9 29 0400  -34.1  984.5    2.9  243.0   64.1  444.0
2017 272  9 29 0500  -33.5  984.6    3.3  242.0   67.6  444.0
2017 272  9 29 0600  -34.1  984.9    3.1  231.0   70.3  444.0
2017 272  9 29 0700  -34.8  985.1    3.5  243.0   72.0  444.0
2017 272  9 29 0800  -35.0  985.1    2.7  216.0   71.2  444.0
2017 272  9 29 0900  -35.4  984.7    3.1  224.0   70.3  444.0
2017 272  9 29 1000  -37.6  984.5    4.3  254.0   68.5  444.0
2017 272  9 29 1100  -38.6  983.7    5.3  243.0   72.0  444.0
2017 272  9 29 1200  -38.5  982.9    5.8  239.0   70.3  444.0
2017 272  9 29 1300  -37.4  981.9    7.8  238.0   68.1  444.0
2017 272  9 29 1400  -38.5  982.2    6.8  184.0   67.2  444.0
2017 272  9 29 1500  -39.4  982.0    6.2  215.0   68.5  444.0
2017 272  9 29 1600  -37.0  981.9    6.2  229.0   68.5  444.0
2017 272  9 29 1700  -36.1  981.2    7.8  173.0   69.8  444.0
2017 272  9 29 1800  -36.1  980.8   10.3  174.0   71.2  444.0
2017 272  9 29 1900  -37.1  980.6    9.0  172.0   69.4  444.0
2017 272  9 29 2000  -37.0  980.4   12.3  166.0   69.8  444.0
2017 272  9 29 2100  -40.0  980.7   12.9  167.0   65.0  444.0
2017 272  9 29 2200  -41.5  980.6   10.1  157.0   61.5  444.0
2017 272  9 29 2300  -40.2  980.3    9.4  170.0   61.5  444.0
2017 273  9 30 0000  -40.0  979.2   11.5  149.0   62.8  444.0
2017 273  9 30 0100  -38.8  978.9   11.7  155.0   62.8  444.0
2017 273  9 30 0200  -38.0  978.7   12.1  160.0   65.0  444.0
2017 273  9 30 0300  -37.1  979.2    9.9  169.0   61.5  444.0
2017 273  9 30 0400  -37.0  978.2    6.6  180.0   63.7  444.0
2017 273  9 30 0500  -36.1  978.9    3.7  243.0   68.1  444.0
2017 273  9 30 0600  -35.1  977.9    2.1  252.0   68.1  444.0
2017 273  9 30 0700  -33.2  976.6    1.0  226.0   68.1  444.0
2017 273  9 30 0800  -33.5  975.1    2.5  285.0   75.1  444.0
2017 273  9 30 0900  -34.1  973.5    5.1  311.0   77.3  444.0
2017 273  9 30 1000  -32.1  972.5    4.3  308.0   77.8  444.0
2017 273  9 30 1100  -31.5  970.5    6.0  315.0   79.1  444.0
2017 273  9 30 1200  -30.2  968.5    7.8  336.0   80.8  444.0
2017 273  9 30 1300  -30.5  967.1    7.6  316.0   80.8  444.0
2017 273  9 30 1400  -31.0  966.1    3.5  333.0   79.1  444.0
2017 273  9 30 1500  -32.0  964.7    3.5  328.0   78.6  444.0
2017 273  9 30 1600  -28.5  963.2    5.5  336.0   83.5  444.0
2017 273  9 30 1700  -27.0  962.2    5.8  336.0   84.4  444.0
2017 273  9 30 1800  -27.9  961.4    3.5  319.0   83.9  444.0
2017 273  9 30 1900  -28.0  961.7    3.5  254.0   83.5  444.0
2017 273  9 30 2000  -26.9  960.1    4.1  329.0   84.8  444.0
2017 273  9 30 2100  -24.6  959.6    6.6  343.0   86.6  444.0
2017 273  9 30 2200  -22.6  960.0    4.3  306.0   81.7  444.0
2017 273  9 30 2300  -20.2  960.4   12.5  239.0   86.6  444.0
