Year: 2020  Month: 06  ID: LR2  ARGOS: 21360  Name: Laurie II           
Lat: 77.50S  Lon: 170.79E  Elev:   34m
2020 153  6  1 0000  -15.9  959.8    4.1  274.0   98.0  444.0
2020 153  6  1 0100  -17.5  959.4    4.3  274.0   96.7  444.0
2020 153  6  1 0200  -16.6  958.7    6.6  274.0   98.0  444.0
2020 153  6  1 0300  -16.9  958.8    5.5  274.0   96.7  444.0
2020 153  6  1 0400  -16.9  958.7    5.3  274.0   96.2  444.0
2020 153  6  1 0500  -16.4  959.1    4.7  274.0   98.0  444.0
2020 153  6  1 0600  -16.1  959.6    3.7  274.0   97.6  444.0
2020 153  6  1 0700  -17.4  960.4    4.3  274.0   97.1  444.0
2020 153  6  1 0800  -15.2  960.7    7.2  274.0   98.4  444.0
2020 153  6  1 0900  -16.6  960.9   14.8  274.0   97.1  444.0
2020 153  6  1 1000  -16.8  962.7   11.5  274.0   97.1  444.0
2020 153  6  1 1100  -16.2  963.8   12.9  274.0   97.1  444.0
2020 153  6  1 1200  -19.0  965.2   13.1  274.0   94.5  444.0
2020 153  6  1 1300  -19.8  967.1   19.1  274.0   93.6  444.0
2020 153  6  1 1400  -20.9  967.5   19.7  274.0   92.3  444.0
2020 153  6  1 1500  -24.2  970.8   23.2  274.0   89.2  444.0
2020 153  6  1 1600  -22.8  972.3   19.7  274.0   91.0  444.0
2020 153  6  1 1700  -21.9  973.3   15.4  274.0   91.4  444.0
2020 153  6  1 1800  -21.5  973.7   16.8  274.0   91.8  444.0
2020 153  6  1 1900  -21.9  975.0   17.7  274.0   91.4  444.0
2020 153  6  1 2000  -21.9  975.8   15.2  274.0   91.4  444.0
2020 153  6  1 2100  -21.6  976.5   12.3  274.0   91.4  444.0
2020 153  6  1 2200  -20.4  977.2   13.1  273.0   92.7  444.0
2020 153  6  1 2300  -19.9  977.3   13.8  274.0   93.6  444.0
2020 154  6  2 0000  -19.6  977.7   14.8  274.0   93.6  444.0
2020 154  6  2 0100  -19.6  978.3   13.1  274.0   94.0  444.0
2020 154  6  2 0200  -19.1  978.6   13.8  274.0   93.6  444.0
2020 154  6  2 0300  -20.0  978.4   13.3  274.0   94.5  444.0
2020 154  6  2 0400  -21.4  978.7    7.6  274.0   91.8  444.0
2020 154  6  2 0500  -21.2  978.4   11.9  274.0   91.8  444.0
2020 154  6  2 0600  -21.9  978.2   13.5  274.0   91.0  444.0
2020 154  6  2 0700  -22.1  978.5   15.4  274.0   90.5  444.0
2020 154  6  2 0800  -22.5  979.2   13.5  273.0   90.5  444.0
2020 154  6  2 0900  -23.1  979.5    8.4  274.0   89.6  444.0
2020 154  6  2 1000  -23.1  979.5    8.8  274.0   89.6  444.0
2020 154  6  2 1100  -23.1  979.9   10.9  274.0   90.1  444.0
2020 154  6  2 1200  -23.1  980.0    7.2  274.0   89.6  444.0
2020 154  6  2 1300  -23.4  979.9    5.8  274.0   89.2  444.0
2020 154  6  2 1400  -25.2  980.0    3.3  274.0   87.4  444.0
2020 154  6  2 1500  -26.8  980.0    3.7  274.0   86.6  444.0
2020 154  6  2 1600  -26.1  979.9    4.1  273.0   86.1  444.0
2020 154  6  2 1700  -25.9  979.5    3.1  274.0   86.1  444.0
2020 154  6  2 1800  -26.8  979.3    1.2  274.0   85.2  444.0
2020 154  6  2 1900  -28.1  979.1    1.2  274.0   83.9  444.0
2020 154  6  2 2000  -28.5  979.2    2.1  274.0   86.1  444.0
2020 154  6  2 2100  -23.2  979.2    3.5  274.0   88.3  444.0
2020 154  6  2 2200  -22.5  979.0    3.7  274.0   91.0  444.0
2020 154  6  2 2300  -21.9  978.7    3.7  274.0   93.2  444.0
2020 155  6  3 0000  -21.4  978.8    3.9  274.0   93.6  444.0
2020 155  6  3 0100  -22.6  979.0    3.1  274.0   89.6  444.0
2020 155  6  3 0200  -21.9  979.0    2.5  274.0   89.6  444.0
2020 155  6  3 0300  -23.5  979.0    3.3  274.0   89.6  444.0
2020 155  6  3 0400  -24.2  979.0    0.0    0.0   87.9  444.0
2020 155  6  3 0500  -24.0  979.2    3.7  274.0   87.9  444.0
2020 155  6  3 0600  -24.5  979.6    3.5  274.0   87.4  444.0
2020 155  6  3 0700  -24.0  979.8    4.9  274.0   90.1  444.0
2020 155  6  3 0800  -23.5  979.9    3.9  274.0   88.8  444.0
2020 155  6  3 0900  -23.6  980.1    4.1  274.0   89.2  444.0
2020 155  6  3 1000  -23.5  980.3    4.1  274.0   89.2  444.0
2020 155  6  3 1100  -24.2  980.6    3.7  274.0   90.1  444.0
2020 155  6  3 1200  -23.9  981.2    3.1  274.0   90.1  444.0
2020 155  6  3 1300  -22.2  981.5    2.7  274.0   91.0  444.0
2020 155  6  3 1400  -21.4  981.7    1.9  274.0   91.4  444.0
2020 155  6  3 1500  -22.2  981.9    1.4  274.0   91.4  444.0
2020 155  6  3 1600  -21.9  982.3    1.8  274.0   91.4  444.0
2020 155  6  3 1700  -20.5  982.6    1.6  274.0   92.3  444.0
2020 155  6  3 1800  -25.5  983.2    3.5  274.0   86.6  444.0
2020 155  6  3 1900  -26.1  983.3    5.3  274.0   86.6  444.0
2020 155  6  3 2000  -26.8  983.5    3.1  274.0   85.7  444.0
2020 155  6  3 2100  -26.4  983.9    6.4  274.0   86.1  444.0
2020 155  6  3 2200  -27.0  984.4    5.7  274.0   85.7  444.0
2020 155  6  3 2300  -28.4  985.2    3.3  274.0   83.9  444.0
2020 156  6  4 0000  -29.6  985.6    4.3  274.0   82.2  444.0
2020 156  6  4 0100  -30.2  985.8    3.7  274.0   82.2  444.0
2020 156  6  4 0200  -30.5  986.1    2.9  274.0   81.7  444.0
2020 156  6  4 0300  -30.2  986.4    3.1  274.0   81.7  444.0
2020 156  6  4 0400  -29.8  985.9    2.5  274.0   82.2  444.0
2020 156  6  4 0500  -29.8  986.1    4.1  274.0   82.2  444.0
2020 156  6  4 0600  -29.8  985.9    4.9  274.0   82.6  444.0
2020 156  6  4 0700  -29.5  986.1    3.5  274.0   82.2  444.0
2020 156  6  4 0800  -28.6  986.1    2.9  274.0   83.5  444.0
2020 156  6  4 0900  -27.5  986.1    3.9  274.0   84.8  444.0
2020 156  6  4 1000  -27.6  985.8    4.5  274.0   84.4  444.0
2020 156  6  4 1100  -27.5  985.9    3.1  274.0   84.8  444.0
2020 156  6  4 1200  -28.0  985.6    3.5  274.0   83.9  444.0
2020 156  6  4 1300  -28.2  985.4    3.1  274.0   83.5  444.0
2020 156  6  4 1400  -29.4  985.4    4.9  274.0   83.0  444.0
2020 156  6  4 1500  -29.8  984.4    3.9  274.0   82.2  444.0
2020 156  6  4 1600  -30.0  984.1    1.9  274.0   82.2  444.0
2020 156  6  4 1700  -30.6  983.9    2.1  274.0   80.8  444.0
2020 156  6  4 1800  -31.0  983.1    3.1  274.0   80.0  444.0
2020 156  6  4 1900  -31.5  982.2    3.1  274.0   80.8  444.0
2020 156  6  4 2000  -32.8  981.5    2.7  274.0   79.5  444.0
2020 156  6  4 2100  -32.1  981.1    2.5  274.0   79.1  444.0
2020 156  6  4 2200  -31.6  980.7    1.8  274.0   79.1  444.0
2020 156  6  4 2300  -32.0  980.1    1.8  274.0   78.6  444.0
2020 157  6  5 0000  -32.5  979.4    2.7  274.0   78.6  444.0
2020 157  6  5 0100  -31.2  978.5    3.5  274.0   82.2  444.0
2020 157  6  5 0200  -32.4  977.8    2.3  274.0   78.2  444.0
2020 157  6  5 0300  -29.8  977.0    0.6  274.0   82.6  444.0
2020 157  6  5 0400  -25.8  976.4    2.9  274.0   86.1  444.0
2020 157  6  5 0500  -25.2  975.7    3.1  274.0   87.4  444.0
2020 157  6  5 0600  -24.4  975.0    3.3  274.0   89.2  444.0
2020 157  6  5 0700  -24.0  974.5    1.6  274.0   88.3  444.0
2020 157  6  5 0800  -24.6  974.1    1.0  274.0   87.9  444.0
2020 157  6  5 0900  -24.2  973.6    1.4  274.0   87.9  444.0
2020 157  6  5 1000  -25.8  972.8    2.5  274.0   86.6  444.0
2020 157  6  5 1100  -24.5  972.5    1.9  274.0   88.8  444.0
2020 157  6  5 1200  -26.0  972.0    1.4  274.0   86.6  444.0
2020 157  6  5 1300  -25.9  971.2    2.7  274.0   87.0  444.0
2020 157  6  5 1400  -27.0  970.4    2.3  274.0   84.8  444.0
2020 157  6  5 1500  -26.9  969.9    2.1  274.0   85.2  444.0
2020 157  6  5 1600  -25.8  969.6    2.1  274.0   87.0  444.0
2020 157  6  5 1700  -24.4  969.2    2.3  274.0   88.3  444.0
2020 157  6  5 1800  -25.1  968.5    1.8  274.0   87.4  444.0
2020 157  6  5 1900  -25.0  968.0    1.8  274.0   88.3  444.0
2020 157  6  5 2000  -24.6  967.5    1.9  274.0   87.9  444.0
2020 157  6  5 2100  -23.8  967.2    2.7  274.0   89.6  444.0
2020 157  6  5 2200  -22.9  966.7    3.7  274.0   90.5  444.0
2020 157  6  5 2300  -22.6  966.8    2.3  274.0   90.5  444.0
2020 158  6  6 0000  -25.2  966.7    2.7  273.0   87.4  444.0
2020 158  6  6 0100  -26.2  967.2    3.5  274.0   86.6  444.0
2020 158  6  6 0200  -28.1  967.9    8.2  274.0   83.0  444.0
2020 158  6  6 0300  -32.1  967.8   12.3  274.0   79.1  444.0
2020 158  6  6 0400  -34.5  968.1   10.1  274.0   77.3  444.0
2020 158  6  6 0500  -34.6  968.3    9.6  274.0   76.4  444.0
2020 158  6  6 0600  -35.2  968.5    9.4  274.0   76.4  444.0
2020 158  6  6 0700  -35.2  968.5    9.6  274.0   75.6  444.0
2020 158  6  6 0800  -35.8  969.4    7.4  274.0   74.7  444.0
2020 158  6  6 0900  -35.2  970.2    5.7  274.0   75.6  444.0
2020 158  6  6 1000  -34.6  970.3    5.7  274.0   76.4  444.0
2020 158  6  6 1100  -32.6  970.6    3.9  274.0   78.2  444.0
2020 158  6  6 1200  -32.0  968.8    0.6  274.0   80.0  444.0
2020 158  6  6 1300  -28.4  969.0    4.5  274.0   83.5  444.0
2020 158  6  6 1400  -30.4  968.8    8.2  274.0   80.8  444.0
2020 158  6  6 1500  -31.4  966.9   12.1  274.0   80.0  444.0
2020 158  6  6 1600  -32.4  967.7    8.4  274.0   78.6  444.0
2020 158  6  6 1700  -31.4  967.2   10.5  274.0   81.3  444.0
2020 158  6  6 1800  -27.4  966.1   15.6  274.0   85.2  444.0
2020 158  6  6 1900  -26.6  967.3    6.6  274.0   85.7  444.0
2020 158  6  6 2000  -28.5  966.1    7.6  274.0   83.5  444.0
2020 158  6  6 2100  -27.2  966.8    9.9  274.0   85.2  444.0
2020 158  6  6 2200  -31.6  967.7   16.6  274.0   80.0  444.0
2020 158  6  6 2300  -34.4  969.1   14.8  274.0   76.9  444.0
2020 159  6  7 0000  -37.0  969.5   19.3  274.0   73.4  444.0
2020 159  6  7 0100  -40.9  970.2   16.0  274.0   69.0  444.0
2020 159  6  7 0200  -40.1  971.4   13.8  274.0   70.3  444.0
2020 159  6  7 0300  -38.6  971.6   15.4  274.0   72.0  444.0
2020 159  6  7 0400  -36.6  972.3   13.6  274.0   74.2  444.0
2020 159  6  7 0500  -35.1  972.9   14.0  274.0   75.6  444.0
2020 159  6  7 0600  -34.0  973.5   17.4  273.0   76.4  444.0
2020 159  6  7 0700  -34.8  974.2   12.5  274.0   76.0  444.0
2020 159  6  7 0800  -33.1  974.6   13.5  274.0   77.8  444.0
2020 159  6  7 0900  -34.1  975.9   12.1  273.0   76.9  444.0
2020 159  6  7 1000  -34.1  975.9   13.6  274.0   76.9  444.0
2020 159  6  7 1100  -33.9  976.7   14.0  274.0   77.3  444.0
2020 159  6  7 1200  -35.2  977.5   12.7  274.0   75.1  444.0
2020 159  6  7 1300  -36.1  977.8    9.9  274.0   74.2  444.0
2020 159  6  7 1400  -36.1  977.9   11.1  274.0   74.2  444.0
2020 159  6  7 1500  -35.8  978.7    8.8  274.0   75.1  444.0
2020 159  6  7 1600  -35.1  978.5    9.9  274.0   76.0  444.0
2020 159  6  7 1700  -35.4  978.3   12.9  274.0   75.1  444.0
2020 159  6  7 1800  -35.8  978.4   13.3  274.0   74.7  444.0
2020 159  6  7 1900  -35.6  978.9   10.3  274.0   75.1  444.0
2020 159  6  7 2000  -35.1  979.1   10.5  274.0   75.6  444.0
2020 159  6  7 2100  -35.2  979.6    7.6  274.0   75.6  444.0
2020 159  6  7 2200  -35.8  979.6    7.4  274.0   74.7  444.0
2020 159  6  7 2300  -36.6  979.6    7.8  274.0   72.9  444.0
2020 160  6  8 0000  -38.4  979.1    6.6  274.0   71.6  444.0
2020 160  6  8 0100  -38.1  979.2    6.2  274.0   72.0  444.0
2020 160  6  8 0200  -38.6  978.9    6.0  274.0   71.2  444.0
2020 160  6  8 0300  -39.9  978.4    3.9  274.0   69.4  444.0
2020 160  6  8 0400  -41.2  978.3    3.9  274.0   68.1  444.0
2020 160  6  8 0500  -41.9  978.4    4.9  274.0   67.2  444.0
2020 160  6  8 0600  -41.0  978.2    3.7  274.0   68.5  444.0
2020 160  6  8 0700  -41.4  977.7    3.3  274.0   68.1  444.0
2020 160  6  8 0800  -42.4  977.1    2.9  274.0   66.3  444.0
2020 160  6  8 0900  -42.9  977.0    3.1  274.0   65.4  444.0
2020 160  6  8 1000  -41.2  976.4    4.5  274.0   67.6  444.0
2020 160  6  8 1100  -43.0  976.8    2.7  274.0   65.4  444.0
2020 160  6  8 1200  -43.9  976.0    1.9  274.0   64.1  444.0
2020 160  6  8 1300  -43.9  975.6    2.9  274.0   64.6  444.0
2020 160  6  8 1400  -43.9  975.8    3.1  274.0   64.6  444.0
2020 160  6  8 1500  -43.6  975.4    2.7  274.0   64.6  444.0
2020 160  6  8 1600  -43.0  975.2    2.1  274.0   64.6  444.0
2020 160  6  8 1700  -42.5  975.2    2.9  274.0   65.4  444.0
2020 160  6  8 1800  -42.9  975.4    2.9  274.0   65.4  444.0
2020 160  6  8 1900  -41.9  975.4    2.5  274.0   66.3  444.0
2020 160  6  8 2000  -41.9  975.5    3.7  274.0   66.3  444.0
2020 160  6  8 2100  -43.4  975.8    2.1  263.0   65.0  444.0
2020 160  6  8 2200  -44.0  976.1    2.5  274.0   64.1  444.0
2020 160  6  8 2300  -44.5  976.5    2.9  274.0   64.1  444.0
2020 161  6  9 0000  -44.1  976.4    2.5  274.0   64.1  444.0
2020 161  6  9 0100  -44.8  976.5    4.5  274.0   63.2  444.0
2020 161  6  9 0200  -44.5  976.6    5.8  274.0   63.2  444.0
2020 161  6  9 0300  -41.8  976.9    5.5  274.0   66.8  444.0
2020 161  6  9 0400  -37.5  976.8   10.3  274.0   73.4  444.0
2020 161  6  9 0500  -36.9  976.5   15.6  274.0   72.0  444.0
2020 161  6  9 0600  -35.0  976.3   15.6  274.0   75.1  444.0
2020 161  6  9 0700  -35.0  977.2   12.5  274.0   74.7  444.0
2020 161  6  9 0800  -35.0  976.5   11.3  273.0   75.1  444.0
2020 161  6  9 0900  -34.8  976.1   14.8  274.0   75.6  444.0
2020 161  6  9 1000  -34.5  976.0   15.2  274.0   76.0  444.0
2020 161  6  9 1100  -35.6  976.2   12.9  274.0   74.2  444.0
2020 161  6  9 1200  -34.8  975.6   17.7  273.0   75.6  444.0
2020 161  6  9 1300  -34.0  975.5   14.4  274.0   76.9  444.0
2020 161  6  9 1400  -30.4  975.1   12.9  274.0   81.7  444.0
2020 161  6  9 1500  -26.6  974.5   14.0  274.0   86.1  444.0
2020 161  6  9 1600  -26.9  974.4   12.1  274.0   85.2  444.0
2020 161  6  9 1700  -22.2  973.7   13.6  274.0   90.5  444.0
2020 161  6  9 1800  -22.0  972.7   11.7  273.0   90.5  444.0
2020 161  6  9 1900  -19.9  972.1   19.3  274.0   90.1  444.0
2020 161  6  9 2000  -23.5  971.5   18.3  274.0   89.2  444.0
2020 161  6  9 2100  -23.2  971.4   22.4  274.0   89.6  444.0
2020 161  6  9 2200  -23.6  970.9   20.1  274.0   89.2  444.0
2020 161  6  9 2300  -22.6  971.0   17.9  274.0   90.1  444.0
2020 162  6 10 0000  -23.2  971.3   14.6  274.0   90.1  444.0
2020 162  6 10 0100  -22.2  970.8   17.2  274.0   90.5  444.0
2020 162  6 10 0200  -22.8  970.6   15.4  274.0   90.1  444.0
2020 162  6 10 0300  -22.9  970.2   16.2  274.0   90.1  444.0
2020 162  6 10 0400  -23.4  969.8   15.6  274.0   89.2  444.0
2020 162  6 10 0500  -23.9  970.2   15.4  274.0   88.8  444.0
2020 162  6 10 0600  -23.8  970.0   16.2  274.0   89.2  444.0
2020 162  6 10 0700  -25.1  969.8   17.2  274.0   87.4  444.0
2020 162  6 10 0800  -26.2  969.6   19.1  274.0   87.0  444.0
2020 162  6 10 0900  -26.9  970.1   16.8  274.0   85.7  444.0
2020 162  6 10 1000  -27.5  970.0   17.9  274.0   84.8  444.0
2020 162  6 10 1100  -27.9  970.7   14.2  274.0   84.8  444.0
2020 162  6 10 1200  -26.4  971.1   15.2  274.0   86.6  444.0
2020 162  6 10 1300  -26.2  971.7   14.0  274.0   86.1  444.0
2020 162  6 10 1400  -25.2  971.2   15.4  274.0   87.0  444.0
2020 162  6 10 1500  -24.5  970.5   15.4  274.0   87.4  444.0
2020 162  6 10 1600  -24.2  970.6   15.4  274.0   86.6  444.0
2020 162  6 10 1700  -25.9  971.7   14.0  274.0   84.8  444.0
2020 162  6 10 1800  -26.6  971.4   11.1  274.0   83.5  444.0
2020 162  6 10 1900  -28.5  971.3   12.7  274.0   82.6  444.0
2020 162  6 10 2000  -29.5  971.7    9.8  274.0   81.7  444.0
2020 162  6 10 2100  -29.6  971.9    9.2  274.0   81.3  444.0
2020 162  6 10 2200  -32.0  972.3    8.6  274.0   78.2  444.0
2020 162  6 10 2300  -33.8  972.8    7.4  274.0   77.3  444.0
2020 163  6 11 0000  -33.4  973.3    8.2  274.0   77.8  444.0
2020 163  6 11 0100  -33.2  973.2    9.0  274.0   77.3  444.0
2020 163  6 11 0200  -32.6  972.9   10.1  274.0   78.6  444.0
2020 163  6 11 0300  -32.1  972.8    9.6  274.0   79.1  444.0
2020 163  6 11 0400  -32.0  972.6    8.8  274.0   78.6  444.0
2020 163  6 11 0500  -32.0  972.3    9.6  274.0   81.3  444.0
2020 163  6 11 0600  -31.1  972.1    6.8  274.0   79.5  444.0
2020 163  6 11 0700  -31.1  972.1    6.8  273.0   79.5  444.0
2020 163  6 11 0800  -32.0  971.6    9.0  274.0   79.1  444.0
2020 163  6 11 0900  -33.9  971.5    6.4  274.0   77.3  444.0
2020 163  6 11 1000  -33.0  971.4    5.1  274.0   77.3  444.0
2020 163  6 11 1100  -34.6  971.5    4.7  274.0   76.0  444.0
2020 163  6 11 1200  -35.2  971.3    3.3  274.0   75.6  444.0
2020 163  6 11 1300  -35.8  970.8    4.1  274.0   74.2  444.0
2020 163  6 11 1400  -35.8  970.7    4.7  274.0   75.1  444.0
2020 163  6 11 1500  -36.1  970.8    3.5  274.0   75.1  444.0
2020 163  6 11 1600  -35.2  970.9    4.5  274.0   75.1  444.0
2020 163  6 11 1700  -35.4  971.0    3.3  274.0   75.1  444.0
2020 163  6 11 1800  -35.8  970.7    4.1  274.0   74.7  444.0
2020 163  6 11 1900  -35.1  970.5    3.3  274.0   74.2  444.0
2020 163  6 11 2000  -35.8  970.6    4.1  274.0   73.8  444.0
2020 163  6 11 2100  -36.2  970.7    3.1  274.0   73.8  444.0
2020 163  6 11 2200  -37.8  971.0    2.3  274.0   72.0  444.0
2020 163  6 11 2300  -38.1  971.4    2.3  274.0   72.0  444.0
2020 164  6 12 0000  -38.0  971.9  444.0  444.0   72.0  444.0
2020 164  6 12 0100  -39.1  972.2  444.0  444.0   70.3  444.0
2020 164  6 12 0200  -41.1  972.7  444.0  444.0   68.5  444.0
2020 164  6 12 0300  -41.1  973.3  444.0  444.0   68.5  444.0
2020 164  6 12 0400  -40.5  973.8  444.0  444.0   69.0  444.0
2020 164  6 12 0500  -39.8  974.2  444.0  444.0   70.3  444.0
2020 164  6 12 0600  -40.0  974.8  444.0  444.0   69.4  444.0
2020 164  6 12 0700  -40.4  974.9  444.0  444.0   69.0  444.0
2020 164  6 12 0800  -40.0  975.3  444.0  444.0   69.0  444.0
2020 164  6 12 0900  -40.2  976.0  444.0  444.0   68.5  444.0
2020 164  6 12 1000  -40.5  976.7  444.0  444.0   69.0  444.0
2020 164  6 12 1100  -38.9  976.8  444.0  444.0   70.7  444.0
2020 164  6 12 1200  -40.6  977.3  444.0  444.0   69.0  444.0
2020 164  6 12 1300  -35.8  977.7  444.0  444.0   75.6  444.0
2020 164  6 12 1400  -36.9  978.2  444.0  444.0   72.5  444.0
2020 164  6 12 1500  -37.4  978.7  444.0  444.0   72.9  444.0
2020 164  6 12 1600  -34.6  979.6  444.0  444.0   74.2  444.0
2020 164  6 12 1700  -36.8  980.0  444.0  444.0   74.2  444.0
2020 164  6 12 1800  -35.6  980.2  444.0  444.0   72.9  444.0
2020 164  6 12 1900  -34.6  980.9  444.0  444.0   74.7  444.0
2020 164  6 12 2000  -35.2  981.9  444.0  444.0   74.2  444.0
2020 164  6 12 2100  -34.1  982.3  444.0  444.0   75.1  444.0
2020 164  6 12 2200  -29.2  983.1  444.0  444.0   80.8  444.0
2020 164  6 12 2300  -30.9  983.8  444.0  444.0   79.5  444.0
2020 165  6 13 0000  -31.8  984.4  444.0  444.0   78.6  444.0
2020 165  6 13 0100  -32.0  984.6  444.0  444.0   78.6  444.0
2020 165  6 13 0200  -32.1  985.1  444.0  444.0   78.6  444.0
2020 165  6 13 0300  -33.0  985.6  444.0  444.0   77.8  444.0
2020 165  6 13 0400  -31.6  986.1  444.0  444.0   78.6  444.0
2020 165  6 13 0500  -27.9  986.7  444.0  444.0   83.0  444.0
2020 165  6 13 0600  -29.0  987.3  444.0  444.0   82.6  444.0
2020 165  6 13 0700  -33.4  987.9  444.0  444.0   76.9  444.0
2020 165  6 13 0800  -33.0  988.6  444.0  444.0   78.2  444.0
2020 165  6 13 0900  -32.8  988.9  444.0  444.0   78.2  444.0
2020 165  6 13 1000  -33.8  989.4  444.0  444.0   77.3  444.0
2020 165  6 13 1100  -34.0  989.8  444.0  444.0   76.0  444.0
2020 165  6 13 1200  -33.9  989.7  444.0  444.0   76.9  444.0
2020 165  6 13 1300  -33.1  989.9  444.0  444.0   78.6  444.0
2020 165  6 13 1400  -30.5  990.4  444.0  444.0   78.2  444.0
2020 165  6 13 1500  -35.4  990.1  444.0  444.0   75.1  444.0
2020 165  6 13 1600  -32.0  990.1  444.0  444.0   81.7  444.0
2020 165  6 13 1700  -30.5  990.6  444.0  444.0   79.5  444.0
2020 165  6 13 1800  -32.1  990.7  444.0  444.0   78.2  444.0
2020 165  6 13 1900  -28.0  990.8  444.0  444.0   83.5  444.0
2020 165  6 13 2000  -31.4  990.7  444.0  444.0   79.5  444.0
2020 165  6 13 2100  -33.0  990.4  444.0  444.0   77.8  444.0
2020 165  6 13 2200  -33.1  990.4  444.0  444.0   77.3  444.0
2020 165  6 13 2300  -31.8  990.4  444.0  444.0   79.1  444.0
2020 166  6 14 0000  -33.9  990.2  444.0  444.0   76.9  444.0
2020 166  6 14 0100  -34.5  989.8  444.0  444.0   76.0  444.0
2020 166  6 14 0200  -32.9  989.8  444.0  444.0   79.5  444.0
2020 166  6 14 0300  -36.4  989.4  444.0  444.0   73.4  444.0
2020 166  6 14 0400  -37.9  989.0  444.0  444.0   72.5  444.0
2020 166  6 14 0500  -37.8  988.5  444.0  444.0   72.0  444.0
2020 166  6 14 0600  -38.2  988.6  444.0  444.0   71.6  444.0
2020 166  6 14 0700  -37.8  988.4  444.0  444.0   72.0  444.0
2020 166  6 14 0800  -38.1  988.1  444.0  444.0   72.0  444.0
2020 166  6 14 0900  -37.8  988.1  444.0  444.0   71.6  444.0
2020 166  6 14 1000  -38.0  987.9  444.0  444.0   72.0  444.0
2020 166  6 14 1100  -37.4  987.8  444.0  444.0   72.0  444.0
2020 166  6 14 1200  -38.4  988.0  444.0  444.0   71.6  444.0
2020 166  6 14 1300  -38.6  987.8  444.0  444.0   70.7  444.0
2020 166  6 14 1400  -39.4  987.3    7.2  274.0   70.3  444.0
2020 166  6 14 1500  -38.5  987.5    6.4  274.0   71.6  444.0
2020 166  6 14 1600  -37.8  987.9    7.0  274.0   72.0  444.0
2020 166  6 14 1700  -37.1  987.6    9.8  274.0   72.9  444.0
2020 166  6 14 1800  -36.8  987.4    9.8  274.0   73.4  444.0
2020 166  6 14 1900  -36.9  987.3    9.2  274.0   73.4  444.0
2020 166  6 14 2000  -37.0  987.5    9.9  274.0   72.9  444.0
2020 166  6 14 2100  -37.8  988.0    8.6  274.0   72.0  444.0
2020 166  6 14 2200  -37.6  988.0   10.5  274.0   72.0  444.0
2020 166  6 14 2300  -37.6  987.8    9.0  274.0   72.5  444.0
2020 167  6 15 0000  -36.4  987.6   10.3  274.0   73.4  444.0
2020 167  6 15 0100  -36.8  987.5   10.7  274.0   72.9  444.0
2020 167  6 15 0200  -36.9  988.1    9.6  274.0   72.9  444.0
2020 167  6 15 0300  -36.8  988.1    9.2  274.0   73.4  444.0
2020 167  6 15 0400  -36.2  988.2    9.9  274.0   73.8  444.0
2020 167  6 15 0500  -36.6  988.4    8.8  274.0   73.4  444.0
2020 167  6 15 0600  -36.5  988.1    9.4  274.0   73.4  444.0
2020 167  6 15 0700  -36.2  988.3    8.2  274.0   73.4  444.0
2020 167  6 15 0800  -36.5  988.4    8.4  274.0   73.4  444.0
2020 167  6 15 0900  -37.5  988.4    6.4  274.0   72.0  444.0
2020 167  6 15 1000  -38.5  988.3    6.8  274.0   71.2  444.0
2020 167  6 15 1100  -37.8  988.3    6.6  274.0   72.0  444.0
2020 167  6 15 1200  -38.5  988.5    6.4  274.0   71.2  444.0
2020 167  6 15 1300  -38.8  988.7    5.7  274.0   70.7  444.0
2020 167  6 15 1400  -39.9  988.6    5.1  274.0   69.4  444.0
2020 167  6 15 1500  -39.8  988.6    4.7  274.0   69.8  444.0
2020 167  6 15 1600  -39.8  988.3    4.7  274.0   69.8  444.0
2020 167  6 15 1700  -39.5  988.2    4.1  274.0   69.4  444.0
2020 167  6 15 1800  -39.1  987.7    4.7  274.0   70.7  444.0
2020 167  6 15 1900  -38.1  987.5    4.7  274.0   70.7  444.0
2020 167  6 15 2000  -37.9  987.1    4.1  274.0   70.7  444.0
2020 167  6 15 2100  -33.0  986.6    4.1  274.0   77.3  444.0
2020 167  6 15 2200  -36.9  986.3    2.3  274.0   73.4  444.0
2020 167  6 15 2300  -32.6  986.0    3.7  274.0   76.9  444.0
2020 168  6 16 0000  -33.8  985.2    4.7  274.0   76.4  444.0
2020 168  6 16 0100  -35.2  984.5    3.9  274.0   74.2  444.0
2020 168  6 16 0200  -34.6  984.2    3.7  274.0   75.6  444.0
2020 168  6 16 0300  -34.5  983.7    3.3  274.0   75.6  444.0
2020 168  6 16 0400  -36.1  983.2    4.5  274.0   73.8  444.0
2020 168  6 16 0500  -36.1  982.6    3.1  274.0   73.8  444.0
2020 168  6 16 0600  -35.5  981.9    1.9   94.0   74.7  444.0
2020 168  6 16 0700  -32.8  981.4    2.1  274.0   78.6  444.0
2020 168  6 16 0800  -29.1  981.1    4.3  274.0   81.3  444.0
2020 168  6 16 0900  -34.0  980.8    1.8  274.0   77.8  444.0
2020 168  6 16 1000  -34.8  980.5  444.0  444.0   75.6  444.0
2020 168  6 16 1100  -35.1  980.1  444.0  444.0   76.0  444.0
2020 168  6 16 1200  -37.6  979.8  444.0  444.0   72.9  444.0
2020 168  6 16 1300  -42.2  979.4  444.0  444.0   67.2  444.0
2020 168  6 16 1400  -42.6  979.5  444.0  444.0   66.3  444.0
2020 168  6 16 1500  -44.1  979.3  444.0  444.0   64.6  444.0
2020 168  6 16 1600  -46.0  979.0  444.0  444.0   62.4  444.0
2020 168  6 16 1700  -45.1  979.3  444.0  444.0   63.2  444.0
2020 168  6 16 1800  -45.1  979.0  444.0  444.0   63.2  444.0
2020 168  6 16 1900  -46.0  979.1  444.0  444.0   61.9  444.0
2020 168  6 16 2000  -46.0  979.1  444.0  444.0   61.9  444.0
2020 168  6 16 2100  -46.1  978.9  444.0  444.0   62.4  444.0
2020 168  6 16 2200  -45.6  978.9  444.0  444.0   61.9  444.0
2020 168  6 16 2300  -44.0  979.4  444.0  444.0   62.8  444.0
2020 169  6 17 0000  -45.6  979.3  444.0  444.0   61.9  444.0
2020 169  6 17 0100  -46.0  979.4  444.0  444.0   61.5  444.0
2020 169  6 17 0200  -46.2  979.2  444.0  444.0   61.5  444.0
2020 169  6 17 0300  -46.5  978.7    3.9  274.0   61.0  444.0
2020 169  6 17 0400  -46.6  978.9    4.5  274.0   60.6  444.0
2020 169  6 17 0500  -45.9  978.5    4.7  274.0   61.9  444.0
2020 169  6 17 0600  -46.0  978.2    4.5  274.0   61.5  444.0
2020 169  6 17 0700  -44.8  977.5    5.7  274.0   62.8  444.0
2020 169  6 17 0800  -45.6  977.8    4.9  274.0   62.4  444.0
2020 169  6 17 0900  -45.5  977.4    5.5  274.0   62.4  444.0
2020 169  6 17 1000  -45.8  977.5    4.9  274.0   61.9  444.0
2020 169  6 17 1100  -45.8  977.2    5.1  274.0   61.9  444.0
2020 169  6 17 1200  -44.5  977.1    6.2  274.0   63.2  444.0
2020 169  6 17 1300  -43.5  977.0    5.1  274.0   64.1  444.0
2020 169  6 17 1400  -43.5  976.9    5.8  274.0   64.6  444.0
2020 169  6 17 1500  -43.4  977.1    5.7  274.0   64.1  444.0
2020 169  6 17 1600  -42.5  977.3    5.5  274.0   65.4  444.0
2020 169  6 17 1700  -42.8  977.4    4.7  274.0   65.0  444.0
2020 169  6 17 1800  -43.0  977.3    4.9  274.0   65.0  444.0
2020 169  6 17 1900  -44.0  977.5    3.7  274.0   64.1  444.0
2020 169  6 17 2000  -43.4  977.8    2.9  274.0   65.0  444.0
2020 169  6 17 2100  -42.2  977.9    2.9  274.0   65.4  444.0
2020 169  6 17 2200  -44.1  978.0    2.7  274.0   63.7  444.0
2020 169  6 17 2300  -44.6  978.0    1.0  274.0   61.9  444.0
2020 170  6 18 0000  -43.0  978.5    1.6  274.0   64.6  444.0
2020 170  6 18 0100  -41.5  978.5    1.2  274.0   65.4  444.0
2020 170  6 18 0200  -41.8  978.3    1.6  274.0   65.4  444.0
2020 170  6 18 0300  -41.9  977.7    2.5  274.0   66.3  444.0
2020 170  6 18 0400  -36.8  977.5    1.6  274.0   72.9  444.0
2020 170  6 18 0500  -35.1  977.4    0.0    0.0   73.8  444.0
2020 170  6 18 0600  -35.2  977.3    0.0    0.0   73.8  444.0
2020 170  6 18 0700  -33.9  977.3    1.4  274.0   75.1  444.0
2020 170  6 18 0800  -38.2  977.2    1.6  274.0   69.0  444.0
2020 170  6 18 0900  -38.8  977.1    1.4  274.0   69.4  444.0
2020 170  6 18 1000  -40.0  977.3    0.6  274.0   68.5  444.0
2020 170  6 18 1100  -39.8  977.6    0.8  274.0   69.8  444.0
2020 170  6 18 1200  -39.8  977.3    1.4  274.0   69.4  444.0
2020 170  6 18 1300  -38.9  977.3    6.4  274.0   70.7  444.0
2020 170  6 18 1400  -40.0  977.3    5.8  274.0   69.0  444.0
2020 170  6 18 1500  -38.1  976.7    7.8  274.0   72.9  444.0
2020 170  6 18 1600  -38.2  976.6    6.0  274.0   70.3  444.0
2020 170  6 18 1700  -39.8  976.7    5.1  274.0   69.4  444.0
2020 170  6 18 1800  -41.2  976.4    5.5  274.0   67.6  444.0
2020 170  6 18 1900  -43.5  976.1    6.4  274.0   65.0  444.0
2020 170  6 18 2000  -44.8  976.1    4.7  274.0   63.7  444.0
2020 170  6 18 2100  -46.0  975.9    6.4  271.0   61.9  444.0
2020 170  6 18 2200  -48.1  975.8    6.6  274.0   59.7  444.0
2020 170  6 18 2300  -49.6  975.8    6.2  273.0   57.5  444.0
2020 171  6 19 0000  -50.5  975.5    7.4  267.0   56.6  444.0
2020 171  6 19 0100  -50.9  975.9    5.3  274.0   56.2  444.0
2020 171  6 19 0200  -51.0  975.6    6.6  273.0   56.2  444.0
2020 171  6 19 0300  -51.0  975.4    5.1  274.0   56.2  444.0
2020 171  6 19 0400  -50.5  974.6    6.2  273.0   56.2  444.0
2020 171  6 19 0500  -49.9  974.1    5.1  274.0   57.1  444.0
2020 171  6 19 0600  -50.5  974.0    3.5  274.0   56.2  444.0
2020 171  6 19 0700  -49.0  973.9    3.9  274.0   57.5  444.0
2020 171  6 19 0800  -48.0  974.0    3.1  274.0   58.8  444.0
2020 171  6 19 0900  -47.5  973.9    3.3  274.0   59.7  444.0
2020 171  6 19 1000  -47.5  973.7    1.6  274.0   59.3  444.0
2020 171  6 19 1100  -48.5  973.4    0.0    0.0   58.0  444.0
2020 171  6 19 1200  -48.9  973.3    0.4  274.0   57.5  444.0
2020 171  6 19 1300  -46.2  973.0    2.9  274.0   58.8  444.0
2020 171  6 19 1400  -45.6  972.7    2.5  274.0   66.8  444.0
2020 171  6 19 1500  -44.5  972.2    2.1  274.0   63.7  444.0
2020 171  6 19 1600  -36.2  971.7    1.8  274.0   71.2  444.0
2020 171  6 19 1700  -36.9  971.0    4.1  274.0   72.9  444.0
2020 171  6 19 1800  -39.4  970.2    3.7  274.0   68.5  444.0
2020 171  6 19 1900  -41.5  969.5    4.3  274.0   69.4  444.0
2020 171  6 19 2000  -31.6  968.8    7.0  274.0   78.6  444.0
2020 171  6 19 2100  -29.4  967.1    9.0  274.0   81.3  444.0
2020 171  6 19 2200  -29.1  967.6    8.4  273.0   81.7  444.0
2020 171  6 19 2300  -29.9  967.2   14.6  274.0   81.7  444.0
2020 172  6 20 0000  -29.0  966.0   14.2  274.0   83.5  444.0
2020 172  6 20 0100  -30.4  966.2   16.6  274.0   80.8  444.0
2020 172  6 20 0200  -34.4  967.0   20.7  274.0   76.0  444.0
2020 172  6 20 0300  -36.1  967.0   19.7  274.0   74.7  444.0
2020 172  6 20 0400  -37.5  967.9   19.5  274.0   72.5  444.0
2020 172  6 20 0500  -36.5  968.4   14.8  274.0   74.7  444.0
2020 172  6 20 0600  -36.4  968.2   16.2  274.0   73.8  444.0
2020 172  6 20 0700  -35.6  968.9   16.6  274.0   75.1  444.0
2020 172  6 20 0800  -34.6  968.8   15.2  274.0   76.0  444.0
2020 172  6 20 0900  -34.8  967.7   10.7  274.0   76.0  444.0
2020 172  6 20 1000  -30.6  966.7   14.4  274.0   80.4  444.0
2020 172  6 20 1100  -29.8  966.6   14.0  274.0   81.7  444.0
2020 172  6 20 1200  -29.4  966.9   19.3  274.0   82.2  444.0
2020 172  6 20 1300  -28.8  966.3   16.6  274.0   83.0  444.0
2020 172  6 20 1400  -28.0  966.6   17.0  274.0   83.9  444.0
2020 172  6 20 1500  -26.8  966.6   19.3  273.0   84.8  444.0
2020 172  6 20 1600  -26.9  966.2   14.6  274.0   84.8  444.0
2020 172  6 20 1700  -25.8  965.6   16.4  274.0   87.0  444.0
2020 172  6 20 1800  -24.4  965.8   13.8  274.0   87.9  444.0
2020 172  6 20 1900  -22.2  965.2   14.6  274.0   90.5  444.0
2020 172  6 20 2000  -21.6  965.3   15.6  274.0   91.4  444.0
2020 172  6 20 2100  -20.8  964.1   14.6  274.0   92.7  444.0
2020 172  6 20 2200  -20.1  963.8   13.1  274.0   92.7  444.0
2020 172  6 20 2300  -19.2  963.3   16.6  274.0   93.6  444.0
2020 173  6 21 0000  -18.4  962.7   11.7  274.0   93.6  444.0
2020 173  6 21 0100  -18.5  962.0   13.3  273.0   94.0  444.0
2020 173  6 21 0200  -19.0  961.4   21.1  274.0   94.0  444.0
2020 173  6 21 0300  -17.6  960.4   15.8  274.0   95.8  444.0
2020 173  6 21 0400  -16.9  959.6   18.1  274.0   95.8  444.0
2020 173  6 21 0500  -17.5  959.4   21.3  274.0   95.8  444.0
2020 173  6 21 0600  -17.8  959.2   18.5  273.0   95.4  444.0
2020 173  6 21 0700  -18.6  960.0   20.5  274.0   94.9  444.0
2020 173  6 21 0800  -18.8  961.0   14.2  274.0   94.0  444.0
2020 173  6 21 0900  -18.6  962.0   15.4  274.0   94.9  444.0
2020 173  6 21 1000  -18.4  962.0   13.8  274.0   94.9  444.0
2020 173  6 21 1100  -17.8  962.5   14.0  274.0   95.4  444.0
2020 173  6 21 1200  -17.2  961.9   14.8  274.0   96.7  444.0
2020 173  6 21 1300  -17.8  961.6   15.4  274.0   95.4  444.0
2020 173  6 21 1400  -17.8  960.3   18.9  274.0   94.9  444.0
2020 173  6 21 1500  -19.0  959.4   20.1  274.0   94.0  444.0
2020 173  6 21 1600  -18.8  961.1   15.8  274.0   94.0  444.0
2020 173  6 21 1700  -18.0  961.6   15.0  274.0   92.7  444.0
2020 173  6 21 1800  -18.5  961.6   13.1  274.0   91.4  444.0
2020 173  6 21 1900  -19.9  961.6   11.3  273.0   92.3  444.0
2020 173  6 21 2000  -20.1  961.5   12.1  274.0   90.1  444.0
2020 173  6 21 2100  -19.8  961.5   14.2  274.0   89.2  444.0
2020 173  6 21 2200  -19.2  961.9   10.3  273.0   88.8  444.0
2020 173  6 21 2300  -19.0  961.4    9.6  274.0   88.8  444.0
2020 174  6 22 0000  -17.8  960.9   11.3  274.0   87.9  444.0
2020 174  6 22 0100  -17.1  960.8   15.0  274.0   94.5  444.0
2020 174  6 22 0200  -17.1  960.8   13.6  274.0   96.2  444.0
2020 174  6 22 0300  -17.1  960.9   19.9  274.0   96.7  444.0
2020 174  6 22 0400  -17.9  961.8   18.1  274.0   94.9  444.0
2020 174  6 22 0500  -18.1  962.4   15.0  274.0   94.9  444.0
2020 174  6 22 0600  -19.0  962.4    9.9  274.0   94.0  444.0
2020 174  6 22 0700  -19.8  961.8   12.3  274.0   93.2  444.0
2020 174  6 22 0800  -20.8  962.1   11.3  274.0   92.3  444.0
2020 174  6 22 0900  -22.2  963.0    8.4  274.0   90.5  444.0
2020 174  6 22 1000  -21.5  962.9   10.7  274.0   91.4  444.0
2020 174  6 22 1100  -20.9  963.5    9.8  274.0   92.3  444.0
2020 174  6 22 1200  -20.4  964.5    9.4  274.0   91.0  444.0
2020 174  6 22 1300  -18.6  964.4   12.1  274.0   95.8  444.0
2020 174  6 22 1400  -17.2  963.9   15.2  274.0   96.2  444.0
2020 174  6 22 1500  -16.5  963.7   17.7  274.0   97.1  444.0
2020 174  6 22 1600  -15.6  963.9   14.0  274.0   98.0  444.0
2020 174  6 22 1700  -15.0  963.4   18.7  273.0   98.0  444.0
2020 174  6 22 1800  -16.8  963.6   18.5  274.0   96.2  444.0
2020 174  6 22 1900  -18.6  963.7   23.6  273.0   94.9  444.0
2020 174  6 22 2000  -20.8  964.7   24.8  273.0   92.3  444.0
2020 174  6 22 2100  -24.4  965.9   20.3  274.0   87.9  444.0
2020 174  6 22 2200  -22.9  965.6   21.3  274.0   90.5  444.0
2020 174  6 22 2300  -19.5  965.2   17.7  274.0   94.5  444.0
2020 175  6 23 0000  -17.1  962.9   22.2  274.0   96.7  444.0
2020 175  6 23 0100  -14.9  962.2   18.7  274.0   98.9  444.0
2020 175  6 23 0200  -14.1  961.2   18.3  273.0   99.8  444.0
2020 175  6 23 0300  -12.9  960.6   19.7  274.0  444.0  444.0
2020 175  6 23 0400  -14.2  960.4   16.4  274.0   99.3  444.0
2020 175  6 23 0500  -14.2  959.8   17.0  274.0   99.8  444.0
2020 175  6 23 0600  -15.4  960.1   15.6  274.0   97.6  444.0
2020 175  6 23 0700  -16.1  960.5   14.8  274.0   98.0  444.0
2020 175  6 23 0800  -17.2  961.5   18.1  274.0   95.8  444.0
2020 175  6 23 0900  -18.2  963.1   14.4  274.0   94.9  444.0
2020 175  6 23 1000  -18.4  964.4   13.5  274.0   94.9  444.0
2020 175  6 23 1100  -17.5  965.4   13.3  274.0   95.4  444.0
2020 175  6 23 1200  -16.5  965.7   14.6  274.0   96.7  444.0
2020 175  6 23 1300  -15.0  965.0   14.8  274.0   98.9  444.0
2020 175  6 23 1400  -15.5  964.6   17.0  274.0   97.6  444.0
2020 175  6 23 1500  -16.8  965.3   17.2  274.0   95.8  444.0
2020 175  6 23 1600  -18.0  966.2   18.3  274.0   95.8  444.0
2020 175  6 23 1700  -17.2  966.4   18.5  274.0   96.2  444.0
2020 175  6 23 1800  -16.8  966.8   23.0  274.0   96.7  444.0
2020 175  6 23 1900  -16.1  968.3   17.9  274.0   97.6  444.0
2020 175  6 23 2000  -17.2  967.6   28.3  273.0   96.7  444.0
2020 175  6 23 2100  -18.2  966.9   22.8  274.0   94.9  444.0
2020 175  6 23 2200  -21.1  970.8   27.1  274.0   91.8  444.0
2020 175  6 23 2300  -25.5  971.8   28.9  274.0   87.4  444.0
2020 176  6 24 0000  -27.2  977.1   21.8  274.0   85.2  444.0
2020 176  6 24 0100  -28.0  979.5   18.7  274.0   84.4  444.0
2020 176  6 24 0200  -28.0  980.2   15.8  274.0   84.8  444.0
2020 176  6 24 0300  -27.6  981.4   11.7  274.0   85.2  444.0
2020 176  6 24 0400  -27.0  981.5   12.1  274.0   86.1  444.0
2020 176  6 24 0500  -26.4  981.8   10.9  274.0   86.1  444.0
2020 176  6 24 0600  -26.1  981.5   13.1  274.0   86.1  444.0
2020 176  6 24 0700  -26.4  982.1    8.8  274.0   85.2  444.0
2020 176  6 24 0800  -28.1  982.1   15.8  274.0   82.6  444.0
2020 176  6 24 0900  -28.5  983.6   15.2  274.0   83.5  444.0
2020 176  6 24 1000  -28.4  984.7    9.4  274.0   83.5  444.0
2020 176  6 24 1100  -29.2  985.3   10.7  274.0   82.2  444.0
2020 176  6 24 1200  -29.5  985.9    9.9  274.0   81.7  444.0
2020 176  6 24 1300  -30.6  986.5    9.4  274.0   81.3  444.0
2020 176  6 24 1400  -30.2  987.1    6.8  274.0   82.2  444.0
2020 176  6 24 1500  -28.2  987.1   10.9  274.0   83.9  444.0
2020 176  6 24 1600  -27.6  988.3   10.1  274.0   84.8  444.0
2020 176  6 24 1700  -28.2  989.1    8.8  274.0   83.9  444.0
2020 176  6 24 1800  -29.0  989.6    5.5  273.0   83.0  444.0
2020 176  6 24 1900  -27.5  989.7    7.0  274.0   84.8  444.0
2020 176  6 24 2000  -27.9  989.8    6.0  274.0   83.9  444.0
2020 176  6 24 2100  -28.5  989.5    2.1  274.0   83.0  444.0
2020 176  6 24 2200  -28.5  989.2    0.0    0.0   83.5  444.0
2020 176  6 24 2300  -28.6  989.4    0.0    0.0   83.5  444.0
2020 177  6 25 0000  -27.2  989.1   15.6  274.0   84.4  444.0
2020 177  6 25 0100  -28.2  989.2    9.6  274.0   83.0  444.0
2020 177  6 25 0200  -27.4  989.1   15.6  274.0   83.9  444.0
2020 177  6 25 0300  -30.6  989.9   15.2  274.0   80.8  444.0
2020 177  6 25 0400  -33.9  990.4   15.2  274.0   76.9  444.0
2020 177  6 25 0500  -34.6  990.3   12.3  274.0   76.4  444.0
2020 177  6 25 0600  -34.0  989.9   10.7  274.0   77.3  444.0
2020 177  6 25 0700  -34.2  989.5    9.2  274.0   76.9  444.0
2020 177  6 25 0800  -33.2  989.3    7.2  274.0   78.6  444.0
2020 177  6 25 0900  -32.4  988.6    6.6  274.0   79.5  444.0
2020 177  6 25 1000  -30.9  988.6    9.4  274.0   81.3  444.0
2020 177  6 25 1100  -29.2  988.3   10.3  274.0   83.5  444.0
2020 177  6 25 1200  -26.9  988.0   12.7  273.0   84.4  444.0
2020 177  6 25 1300  -28.6  987.4   11.9  274.0   82.6  444.0
2020 177  6 25 1400  -28.6  986.7   15.2  274.0   83.0  444.0
2020 177  6 25 1500  -26.6  987.2   13.6  274.0   83.5  444.0
2020 177  6 25 1600  -26.2  987.1    9.4  274.0   80.0  444.0
2020 177  6 25 1700  -26.4  986.7    6.6  274.0   77.3  444.0
2020 177  6 25 1800  -28.4  986.0    6.4  274.0   80.8  444.0
2020 177  6 25 1900  -26.9  985.7    6.2  274.0   79.1  444.0
2020 177  6 25 2000  -20.6  985.1   12.3  274.0   85.7  444.0
2020 177  6 25 2100  -20.0  984.3   12.5  274.0   84.8  444.0
2020 177  6 25 2200  -19.6  983.4   11.5  274.0   86.6  444.0
2020 177  6 25 2300  -18.9  983.4   13.8  274.0   88.8  444.0
2020 178  6 26 0000  -20.2  983.6   15.2  274.0   85.7  444.0
2020 178  6 26 0100  -21.1  984.4   13.5  274.0   91.0  444.0
2020 178  6 26 0200  -19.5  984.3   19.1  274.0   93.6  444.0
2020 178  6 26 0300  -19.5  984.6   16.6  274.0   93.2  444.0
2020 178  6 26 0400  -20.8  982.8   21.1  273.0   92.3  444.0
2020 178  6 26 0500  -20.4  985.2   20.9  274.0   92.7  444.0
2020 178  6 26 0600  -20.8  985.6   20.5  273.0   91.8  444.0
2020 178  6 26 0700  -21.5  985.9   21.8  274.0   91.4  444.0
2020 178  6 26 0800  -21.1  987.5   16.4  274.0   91.4  444.0
2020 178  6 26 0900  -20.8  987.8   18.3  274.0   91.8  444.0
2020 178  6 26 1000  -20.4  986.8   12.9  273.0   92.3  444.0
2020 178  6 26 1100  -20.1  985.2   16.2  274.0   93.2  444.0
2020 178  6 26 1200  -19.6  984.3   20.3  274.0   93.2  444.0
2020 178  6 26 1300  -18.5  983.0   17.0  274.0   94.9  444.0
2020 178  6 26 1400  -16.5  982.2   22.0  274.0   96.7  444.0
2020 178  6 26 1500  -15.5  980.9   14.8  274.0   98.0  444.0
2020 178  6 26 1600  -13.1  979.2   17.5  274.0  444.0  444.0
2020 178  6 26 1700  -12.1  979.4   14.6  274.0  444.0  444.0
2020 178  6 26 1800  -11.8  979.0   13.5  274.0  444.0  444.0
2020 178  6 26 1900  -12.4  977.4   24.6  273.0   98.9  444.0
2020 178  6 26 2000  -13.5  978.4   22.0  274.0  444.0  444.0
2020 178  6 26 2100  -12.4  978.6   21.6  274.0  444.0  444.0
2020 178  6 26 2200  -12.4  979.1   16.4  273.0  444.0  444.0
2020 178  6 26 2300  -11.8  979.5   21.4  274.0  444.0  444.0
2020 179  6 27 0000  -10.9  979.8   21.4  274.0  444.0  444.0
2020 179  6 27 0100  -10.8  980.0   22.4  274.0  444.0  444.0
2020 179  6 27 0200  -10.4  980.5   25.5  274.0  444.0  444.0
2020 179  6 27 0300  -10.6  981.1   24.6  274.0  444.0  444.0
2020 179  6 27 0400  -10.5  982.0   22.4  274.0  444.0  444.0
2020 179  6 27 0500  -11.1  981.9   22.4  274.0  444.0  444.0
2020 179  6 27 0600  -11.6  984.2   25.2  273.0  444.0  444.0
2020 179  6 27 0700  -11.8  986.0   21.3  274.0  444.0  444.0
2020 179  6 27 0800  -11.8  986.4   21.6  274.0  444.0  444.0
2020 179  6 27 0900  -12.0  988.0   16.6  274.0  444.0  444.0
2020 179  6 27 1000  -13.9  989.1   19.7  274.0   98.4  444.0
2020 179  6 27 1100  -18.4  991.3   20.7  274.0   95.4  444.0
2020 179  6 27 1200  -19.9  992.3   23.6  273.0   93.2  444.0
2020 179  6 27 1300  -21.2  993.4   20.3  273.0   91.4  444.0
2020 179  6 27 1400  -21.2  995.1   22.0  274.0   91.8  444.0
2020 179  6 27 1500  -21.2  995.3   19.5  274.0   92.3  444.0
2020 179  6 27 1600  -21.2  996.5   16.2  274.0   91.4  444.0
2020 179  6 27 1700  -21.6  997.1   15.2  274.0   91.0  444.0
2020 179  6 27 1800  -22.4  997.1   15.4  274.0   90.5  444.0
2020 179  6 27 1900  -22.9  997.0   13.3  274.0   89.6  444.0
2020 179  6 27 2000  -22.9  996.5   13.1  274.0   89.2  444.0
2020 179  6 27 2100  -23.6  995.8   10.5  274.0   86.6  444.0
2020 179  6 27 2200  -24.2  995.0    8.0  274.0   83.5  444.0
2020 179  6 27 2300  -25.0  994.5    7.6  274.0   82.6  444.0
2020 180  6 28 0000  -25.1  992.9    7.0  274.0   81.7  444.0
2020 180  6 28 0100  -25.1  991.8    4.9  273.0   83.0  444.0
2020 180  6 28 0200  -24.8  990.9    3.3  274.0   83.9  444.0
2020 180  6 28 0300  -23.8  989.7    1.8  274.0   83.0  444.0
2020 180  6 28 0400  -23.5  988.6    0.0    0.0   84.4  444.0
2020 180  6 28 0500  -23.1  987.1    0.0    0.0   83.5  444.0
2020 180  6 28 0600  -20.4  985.7    0.0    0.0   95.4  444.0
2020 180  6 28 0700  -24.5  984.9    3.3  274.0   84.8  444.0
2020 180  6 28 0800  -26.2  984.6    3.5  274.0   83.0  444.0
2020 180  6 28 0900  -28.1  984.4    3.5  274.0   83.5  444.0
2020 180  6 28 1000  -29.0  984.0    4.1  274.0   83.5  444.0
2020 180  6 28 1100  -29.5  983.9    3.9  274.0   83.0  444.0
2020 180  6 28 1200  -28.4  983.7    2.9  274.0   84.4  444.0
2020 180  6 28 1300  -27.2  983.8    3.7  274.0   85.7  444.0
2020 180  6 28 1400  -25.9  984.2    3.7  274.0   87.0  444.0
2020 180  6 28 1500  -25.6  984.4    4.9  274.0   87.4  444.0
2020 180  6 28 1600  -25.2  984.9    4.5  274.0   87.9  444.0
2020 180  6 28 1700  -27.5  986.2    6.0  274.0   85.2  444.0
2020 180  6 28 1800  -30.5  986.6    2.3  274.0   81.7  444.0
2020 180  6 28 1900  -31.6  986.6    1.9  274.0   80.4  444.0
2020 180  6 28 2000  -30.4  987.3    4.1  274.0   81.7  444.0
2020 180  6 28 2100  -17.8  986.9   19.9  274.0   96.2  444.0
2020 180  6 28 2200  -16.5  988.3   19.5  274.0   97.1  444.0
2020 180  6 28 2300  -17.1  989.4   20.1  274.0   97.6  444.0
2020 181  6 29 0000  -18.4  990.5   20.5  274.0   95.4  444.0
2020 181  6 29 0100  -18.9  991.5   23.6  274.0   94.9  444.0
2020 181  6 29 0200  -19.2  991.4   25.0  273.0   94.0  444.0
2020 181  6 29 0300  -19.1  994.2   20.3  273.0   94.5  444.0
2020 181  6 29 0400  -19.8  997.6   20.5  274.0   94.0  444.0
2020 181  6 29 0500  -21.1  999.7   17.4  229.0   91.4  444.0
2020 181  6 29 0600  -23.9 1001.4   20.5  274.0   89.2  444.0
2020 181  6 29 0700  -24.9 1002.5   21.4  274.0   87.9  444.0
2020 181  6 29 0800  -25.1 1003.7   18.5  273.0   87.0  444.0
2020 181  6 29 0900  -25.9 1005.1   17.9  273.0   86.6  444.0
2020 181  6 29 1000  -25.2 1005.8   14.0  274.0   87.4  444.0
2020 181  6 29 1100  -24.2 1007.1   13.3  274.0   88.3  444.0
2020 181  6 29 1200  -23.5 1007.6   11.7  273.0   89.6  444.0
2020 181  6 29 1300  -21.9 1007.5   10.1  274.0   91.4  444.0
2020 181  6 29 1400  -22.1 1007.5    9.6  274.0   91.4  444.0
2020 181  6 29 1500  -21.4 1007.3    9.0  274.0   91.8  444.0
2020 181  6 29 1600  -21.6 1006.6    8.2  274.0   89.6  444.0
2020 181  6 29 1700  -22.6 1006.6    6.6  274.0   91.0  444.0
2020 181  6 29 1800  -21.9 1005.5    8.8  274.0   91.8  444.0
2020 181  6 29 1900  -22.4 1005.5    8.4  274.0   89.2  444.0
2020 181  6 29 2000  -23.4 1005.6    8.2  273.0   88.8  444.0
2020 181  6 29 2100  -23.5 1005.5    6.8  274.0   89.2  444.0
2020 181  6 29 2200  -22.6 1005.3    5.5  274.0   90.1  444.0
2020 181  6 29 2300  -22.9 1005.5    7.0  274.0   89.2  444.0
2020 182  6 30 0000  -23.2 1005.6    7.4  274.0   89.6  444.0
2020 182  6 30 0100  -24.2 1005.4    6.6  274.0   88.3  444.0
2020 182  6 30 0200  -26.5 1004.9    5.8  274.0   86.1  444.0
2020 182  6 30 0300  -27.2 1004.3    6.2  274.0   85.7  444.0
2020 182  6 30 0400  -28.1 1004.8    7.0  274.0   84.8  444.0
2020 182  6 30 0500  -28.2 1004.2    9.8  274.0   83.5  444.0
2020 182  6 30 0600  -28.2 1003.7    9.2  274.0   84.4  444.0
2020 182  6 30 0700  -27.6 1003.2    9.8  274.0   84.4  444.0
2020 182  6 30 0800  -28.2 1003.4    8.4  274.0   84.4  444.0
2020 182  6 30 0900  -28.6 1002.8    8.4  274.0   83.5  444.0
2020 182  6 30 1000  -28.4 1002.3    9.9  274.0   83.9  444.0
2020 182  6 30 1100  -28.2 1002.0    7.6  274.0   83.9  444.0
2020 182  6 30 1200  -29.5 1001.1   10.7  274.0   82.2  444.0
2020 182  6 30 1300  -30.5 1000.8   10.1  274.0   81.7  444.0
2020 182  6 30 1400  -29.6 1000.0   11.3  274.0   83.0  444.0
2020 182  6 30 1500  -29.1 1000.5    9.9  274.0   83.5  444.0
2020 182  6 30 1600  -28.2  999.5    8.2  274.0   83.9  444.0
2020 182  6 30 1700  -27.4  999.0    5.7  274.0   83.0  444.0
2020 182  6 30 1800  -25.1  998.3    5.1  274.0   83.5  444.0
2020 182  6 30 1900  -23.9  997.5    2.5  274.0   82.6  444.0
2020 182  6 30 2000  -22.9  996.9    6.0  274.0   81.3  444.0
2020 182  6 30 2100  -20.2  996.1    4.3  274.0   90.5  444.0
2020 182  6 30 2200  -22.5  995.6    4.1  274.0   89.6  444.0
2020 182  6 30 2300  -22.1  994.7    4.5  273.0   86.6  444.0
