Year: 2024  Month: 12  ID: LR2  ARGOS: 21360  Name: Laurie II           
Lat: 77.43S  Lon: 170.75E  Elev:   34m
2024 336 12  1 0000  -12.6  974.8   11.9  195.0   73.4  444.0
2024 336 12  1 0100  -12.0  974.7   12.7  184.0   75.1  444.0
2024 336 12  1 0200  -12.0  975.0   12.5  200.0   68.1  444.0
2024 336 12  1 0300  -12.0  975.4   12.9  202.0   71.6  444.0
2024 336 12  1 0400  -12.6  975.5   15.2  198.0   73.4  444.0
2024 336 12  1 0500  -13.2  975.3   16.8  202.0   77.8  444.0
2024 336 12  1 0600  -13.6  975.9   15.2  209.0   84.4  444.0
2024 336 12  1 0700  -13.0  976.1   13.1  205.0   82.2  444.0
2024 336 12  1 0800  -12.8  976.0   12.9  211.0   83.9  444.0
2024 336 12  1 0900  -12.1  975.9   13.6  215.0   78.6  444.0
2024 336 12  1 1000  -10.9  976.3   13.8  209.0   83.0  444.0
2024 336 12  1 1100  -10.0  976.7   11.3  204.0   89.6  444.0
2024 336 12  1 1200  -10.0  977.0   12.5  198.0   94.9  444.0
2024 336 12  1 1300   -9.6  977.2   13.1  200.0   98.0  444.0
2024 336 12  1 1400  -10.0  976.7   15.4  209.0   98.0  444.0
2024 336 12  1 1500  -10.0  976.9   18.1  209.0   97.6  444.0
2024 336 12  1 1600   -9.6  977.6   16.4  207.0   98.4  444.0
2024 336 12  1 1700   -9.0  977.2   18.9  211.0   98.9  444.0
2024 336 12  1 1800   -8.2  977.0   21.8  205.0   96.7  444.0
2024 336 12  1 1900   -8.8  977.2   22.2  201.0   94.0  444.0
2024 336 12  1 2000   -8.4  978.2   19.9  200.0   92.7  444.0
2024 336 12  1 2100   -8.2  978.6   22.8  205.0   91.8  444.0
2024 336 12  1 2200   -8.2  979.1   20.1  208.0   90.5  444.0
2024 336 12  1 2300   -7.8  979.4   20.7  208.0   90.1  444.0
2024 337 12  2 0000   -7.4  979.6   20.5  214.0   89.2  444.0
2024 337 12  2 0100   -7.1  979.6   20.5  215.0   88.8  444.0
2024 337 12  2 0200   -7.4  980.4   19.7  211.0   91.8  444.0
2024 337 12  2 0300   -7.1  980.7   20.7  215.0   90.1  444.0
2024 337 12  2 0400   -7.1  980.9   18.9  216.0   90.1  444.0
2024 337 12  2 0500   -6.9  981.2   21.3  211.0   88.8  444.0
2024 337 12  2 0600   -6.8  981.6   21.1  205.0   87.9  444.0
2024 337 12  2 0700   -6.5  982.6   18.3  218.0   86.1  444.0
2024 337 12  2 0800   -6.4  982.9   16.2  209.0   84.8  444.0
2024 337 12  2 0900   -6.6  982.6   14.4  197.0   83.5  444.0
2024 337 12  2 1000   -6.6  982.0   18.5  198.0   83.0  444.0
2024 337 12  2 1100   -7.0  981.6   17.5  202.0   85.7  444.0
2024 337 12  2 1200   -7.1  981.0   18.9  202.0   83.9  444.0
2024 337 12  2 1300   -7.1  980.4   19.5  202.0   85.7  444.0
2024 337 12  2 1400   -7.6  980.0   28.7  207.0   91.4  444.0
2024 337 12  2 1500   -7.8  981.4   19.3  205.0   90.5  444.0
2024 337 12  2 1600   -7.9  982.1   18.7  204.0   92.3  444.0
2024 337 12  2 1700   -7.9  982.6   21.6  204.0   93.6  444.0
2024 337 12  2 1800   -7.8  982.9   24.6  204.0   92.3  444.0
2024 337 12  2 1900   -7.8  983.8   24.4  208.0   92.3  444.0
2024 337 12  2 2000   -7.1  984.7   17.4  202.0   83.9  444.0
2024 337 12  2 2100   -6.9  985.5   19.7  211.0   80.8  444.0
2024 337 12  2 2200   -6.5  985.8   20.5  205.0   77.3  444.0
2024 337 12  2 2300   -6.5  986.1   19.1  215.0   78.2  444.0
2024 338 12  3 0000   -6.8  986.2   17.9  205.0   88.3  444.0
2024 338 12  3 0100   -7.1  986.5   20.1  212.0   90.5  444.0
2024 338 12  3 0200   -7.1  986.7   15.8  205.0   90.1  444.0
2024 338 12  3 0300   -7.0  987.2   20.1  208.0   93.2  444.0
2024 338 12  3 0400   -7.0  987.0   18.3  211.0   94.5  444.0
2024 338 12  3 0500   -7.0  987.7   17.5  208.0   93.6  444.0
2024 338 12  3 0600   -7.2  988.2   18.9  191.0   92.7  444.0
2024 338 12  3 0700   -7.1  987.7   19.7  201.0   83.0  444.0
2024 338 12  3 0800   -6.9  988.7   10.7  193.0   83.0  444.0
2024 338 12  3 0900   -6.5  989.0   14.0  190.0   79.1  444.0
2024 338 12  3 1000   -7.2  989.5   14.2  205.0   86.1  444.0
2024 338 12  3 1100   -7.0  989.3   15.6  197.0   81.3  444.0
2024 338 12  3 1200   -7.4  989.2   11.5  207.0   81.3  444.0
2024 338 12  3 1300   -7.1  989.2   14.0  205.0   80.0  444.0
2024 338 12  3 1400   -7.1  989.2   13.5  205.0   79.5  444.0
2024 338 12  3 1500   -7.1  988.9   16.6  207.0   80.0  444.0
2024 338 12  3 1600   -7.4  988.9   15.6  211.0   83.0  444.0
2024 338 12  3 1700   -7.4  989.1   15.6  209.0   80.8  444.0
2024 338 12  3 1800   -6.9  989.3   16.2  205.0   77.3  444.0
2024 338 12  3 1900   -6.9  989.4   12.9  208.0   75.6  444.0
2024 338 12  3 2000   -6.8  989.4   14.2  211.0   74.2  444.0
2024 338 12  3 2100   -6.5  989.7   14.6  197.0   70.3  444.0
2024 338 12  3 2200   -5.9  989.3   14.4  205.0   67.2  444.0
2024 338 12  3 2300   -6.1  989.0   13.1  211.0   69.4  444.0
2024 339 12  4 0000   -6.1  988.9   13.5  207.0   69.8  444.0
2024 339 12  4 0100   -5.6  989.4   15.4  209.0   66.3  444.0
2024 339 12  4 0200   -5.5  990.0   12.9  195.0   64.6  444.0
2024 339 12  4 0300   -5.0  989.5   10.9  202.0   61.9  444.0
2024 339 12  4 0400   -4.9  989.4   12.3  202.0   59.7  444.0
2024 339 12  4 0500   -4.8  989.3   10.7  209.0   57.1  444.0
2024 339 12  4 0600   -5.0  989.4    9.2  212.0   59.7  444.0
2024 339 12  4 0700   -5.5  989.5    6.4  228.0   64.6  444.0
2024 339 12  4 0800   -7.0  989.3    8.2  225.0   78.2  444.0
2024 339 12  4 0900   -7.2  989.2   10.1  211.0   76.9  444.0
2024 339 12  4 1000   -7.4  988.6    8.0  219.0   72.5  444.0
2024 339 12  4 1100   -7.4  988.6   11.5  216.0   72.5  444.0
2024 339 12  4 1200   -7.8  988.5   10.5  204.0   69.0  444.0
2024 339 12  4 1300   -8.5  987.5   13.1  216.0   76.9  444.0
2024 339 12  4 1400   -7.6  987.3   15.2  219.0   74.7  444.0
2024 339 12  4 1500   -6.6  987.7   11.5  218.0   72.9  444.0
2024 339 12  4 1600   -5.8  987.4   11.5  218.0   69.0  444.0
2024 339 12  4 1700   -5.8  987.2   13.6  214.0   68.1  444.0
2024 339 12  4 1800   -6.0  986.8   15.6  219.0   70.3  444.0
2024 339 12  4 1900   -5.6  986.5   16.0  202.0   69.0  444.0
2024 339 12  4 2000   -6.0  986.1   13.5  219.0   73.8  444.0
2024 339 12  4 2100   -6.4  986.4   13.5  218.0   75.6  444.0
2024 339 12  4 2200   -6.4  986.5   15.8  202.0   73.4  444.0
2024 339 12  4 2300   -6.0  986.2   14.4  201.0   69.8  444.0
2024 340 12  5 0000   -5.2  985.8   12.5  207.0   62.4  444.0
2024 340 12  5 0100   -5.2  986.0   14.2  198.0   66.3  444.0
2024 340 12  5 0200   -5.9  985.9   11.5  194.0   65.0  444.0
2024 340 12  5 0300   -5.9  985.3   14.6  195.0   69.0  444.0
2024 340 12  5 0400   -5.2  985.0   12.7  205.0   67.2  444.0
2024 340 12  5 0500   -5.6  984.8   11.3  205.0   68.5  444.0
2024 340 12  5 0600   -6.2  985.0   15.0  205.0   72.5  444.0
2024 340 12  5 0700   -5.9  985.2   13.8  195.0   64.6  444.0
2024 340 12  5 0800   -7.4  985.2   10.9  198.0   76.9  444.0
2024 340 12  5 0900   -7.2  984.4   12.9  211.0   82.2  444.0
2024 340 12  5 1000   -7.0  983.3   10.9  209.0   80.4  444.0
2024 340 12  5 1100   -6.6  983.4   14.2  218.0   81.7  444.0
2024 340 12  5 1200   -6.1  982.9   11.5  215.0   76.0  444.0
2024 340 12  5 1300   -6.6  982.3   12.3  219.0   77.3  444.0
2024 340 12  5 1400   -6.6  981.7   13.1  226.0   74.7  444.0
2024 340 12  5 1500   -6.6  981.3   13.6  209.0   77.8  444.0
2024 340 12  5 1600   -6.5  980.8   14.0  224.0   79.1  444.0
2024 340 12  5 1700   -6.6  980.2   15.8  219.0   88.3  444.0
2024 340 12  5 1800   -6.1  979.6   13.1  216.0   96.7  444.0
2024 340 12  5 1900   -7.0  979.5   16.6  212.0   96.7  444.0
2024 340 12  5 2000   -7.9  979.9   16.0  201.0   91.8  444.0
2024 340 12  5 2100   -7.6  980.0   13.1  202.0   89.2  444.0
2024 340 12  5 2200   -5.8  980.0   12.7  193.0   90.5  444.0
2024 340 12  5 2300   -5.0  979.3   14.4  202.0   88.3  444.0
2024 341 12  6 0000   -4.8  978.9   16.6  226.0   88.8  444.0
2024 341 12  6 0100   -4.8  978.7   11.3  222.0   89.2  444.0
2024 341 12  6 0200   -4.5  978.0   11.3  198.0   83.5  444.0
2024 341 12  6 0300   -4.2  977.8   10.1  204.0   80.0  444.0
2024 341 12  6 0400   -4.0  976.9    7.0  200.0   73.4  444.0
2024 341 12  6 0500   -3.6  976.0    7.2  205.0   63.7  444.0
2024 341 12  6 0600   -2.9  975.4    6.8  231.0   65.9  444.0
2024 341 12  6 0700   -2.6  974.7    5.3  246.0   77.3  444.0
2024 341 12  6 0800   -3.5  973.3    5.5  238.0   76.4  444.0
2024 341 12  6 0900   -3.6  971.8   13.1  224.0   91.8  444.0
2024 341 12  6 1000   -4.4  970.8   15.4  214.0  444.0  444.0
2024 341 12  6 1100   -3.8  970.5   18.3  218.0  444.0  444.0
2024 341 12  6 1200   -4.1  969.7   16.6  222.0  444.0  444.0
2024 341 12  6 1300   -4.5  969.1   19.7  214.0  444.0  444.0
2024 341 12  6 1400   -4.6  969.4   14.6  209.0  444.0  444.0
2024 341 12  6 1500   -4.8  968.9   19.1  214.0  444.0  444.0
2024 341 12  6 1600   -4.8  969.5   14.2  204.0  444.0  444.0
2024 341 12  6 1700   -5.2  969.9   11.7  194.0  444.0  444.0
2024 341 12  6 1800   -6.0  970.9   16.2  198.0   98.4  444.0
2024 341 12  6 1900   -6.0  972.1   15.6  195.0   98.4  444.0
2024 341 12  6 2000   -5.4  973.2   10.7  191.0   93.2  444.0
2024 341 12  6 2100   -5.5  974.6   11.9  191.0   90.5  444.0
2024 341 12  6 2200   -5.0  976.0    9.8  186.0   84.4  444.0
2024 341 12  6 2300   -5.0  976.8   11.9  187.0   84.8  444.0
2024 342 12  7 0000   -5.5  977.8   12.1  187.0   85.7  444.0
2024 342 12  7 0100   -5.6  978.2   10.9  193.0   81.7  444.0
2024 342 12  7 0200   -5.9  978.2   10.1  174.0   83.9  444.0
2024 342 12  7 0300   -5.2  978.5   10.9  198.0   71.2  444.0
2024 342 12  7 0400   -5.9  978.4    9.9  183.0   77.8  444.0
2024 342 12  7 0500   -5.6  978.2    5.8  194.0   82.6  444.0
2024 342 12  7 0600   -3.8  977.8    7.6  197.0   72.0  444.0
2024 342 12  7 0700   -3.1  977.0    6.4  212.0   83.0  444.0
2024 342 12  7 0800   -3.1  976.5   11.3  238.0   97.1  444.0
2024 342 12  7 0900   -3.6  976.2    9.8  215.0   97.6  444.0
2024 342 12  7 1000   -4.1  975.9    8.4  198.0   99.3  444.0
2024 342 12  7 1100   -3.5  975.1   10.1  221.0  444.0  444.0
2024 342 12  7 1200   -3.8  974.6   13.5  212.0  444.0  444.0
2024 342 12  7 1300   -3.8  974.4   10.7  205.0  444.0  444.0
2024 342 12  7 1400   -3.6  973.9   10.5  208.0  444.0  444.0
2024 342 12  7 1500   -3.5  973.8   12.5  209.0  444.0  444.0
2024 342 12  7 1600   -4.1  973.4   14.6  208.0  444.0  444.0
2024 342 12  7 1700   -4.1  973.8   11.3  211.0  444.0  444.0
2024 342 12  7 1800   -3.8  973.3   13.8  211.0   95.4  444.0
2024 342 12  7 1900   -3.8  973.7   15.2  201.0   91.8  444.0
2024 342 12  7 2000   -4.0  973.5   16.4  200.0   87.4  444.0
2024 342 12  7 2100   -3.5  973.7   14.2  201.0   78.2  444.0
2024 342 12  7 2200   -3.6  973.6   15.0  202.0   77.8  444.0
2024 342 12  7 2300   -4.0  974.4   12.1  201.0   76.0  444.0
2024 343 12  8 0000   -3.8  975.0   14.2  197.0   74.7  444.0
2024 343 12  8 0100   -3.5  974.7   15.0  194.0   71.6  444.0
2024 343 12  8 0200   -3.2  974.6    8.8  200.0   76.0  444.0
2024 343 12  8 0300   -3.0  974.8   15.2  194.0   75.1  444.0
2024 343 12  8 0400   -2.9  975.1   15.4  195.0   78.2  444.0
2024 343 12  8 0500   -3.1  975.0   15.8  204.0   80.8  444.0
2024 343 12  8 0600   -3.5  975.0   16.4  195.0   85.7  444.0
2024 343 12  8 0700   -4.0  975.7   14.8  201.0   91.4  444.0
2024 343 12  8 0800   -4.4  976.2   14.6  201.0   96.2  444.0
2024 343 12  8 0900   -4.1  976.7   13.6  198.0   96.7  444.0
2024 343 12  8 1000   -4.2  977.8   12.9  202.0   98.9  444.0
2024 343 12  8 1100   -4.5  978.3   13.8  202.0  444.0  444.0
2024 343 12  8 1200   -5.5  979.6   12.9  204.0   99.8  444.0
2024 343 12  8 1300   -4.6  980.2    9.0  200.0   99.8  444.0
2024 343 12  8 1400   -4.6  980.6    9.8  200.0   95.8  444.0
2024 343 12  8 1500   -5.0  980.8   11.3  200.0   96.2  444.0
2024 343 12  8 1600   -4.4  981.4   10.7  198.0   87.0  444.0
2024 343 12  8 1700   -5.2  982.1   12.7  191.0   92.7  444.0
2024 343 12  8 1800   -5.2  982.8   13.6  197.0   96.7  444.0
2024 343 12  8 1900   -5.4  983.3   15.4  200.0   93.2  444.0
2024 343 12  8 2000   -5.0  984.0   14.2  209.0   91.0  444.0
2024 343 12  8 2100   -4.1  985.0   14.4  207.0   82.2  444.0
2024 343 12  8 2200   -3.8  985.5   12.9  209.0   80.0  444.0
2024 343 12  8 2300   -3.5  986.1    9.0  214.0   82.2  444.0
2024 344 12  9 0000   -4.0  986.5    9.9  209.0   86.6  444.0
2024 344 12  9 0100   -3.1  986.8   13.3  211.0   86.6  444.0
2024 344 12  9 0200   -3.5  987.7   10.3  211.0   86.1  444.0
2024 344 12  9 0300   -4.2  988.8   12.3  204.0   84.8  444.0
2024 344 12  9 0400   -4.2  989.4    9.9  219.0   89.6  444.0
2024 344 12  9 0500   -3.5  989.8    9.6  211.0   87.4  444.0
2024 344 12  9 0600   -5.0  990.8    9.4  197.0   93.6  444.0
2024 344 12  9 0700   -4.9  991.5    9.6  211.0   91.0  444.0
2024 344 12  9 0800   -4.9  991.3    8.8  219.0   99.3  444.0
2024 344 12  9 0900   -4.6  991.3   15.4  216.0  444.0  444.0
2024 344 12  9 1000   -4.5  993.1    7.8  195.0  444.0  444.0
2024 344 12  9 1100   -5.2  993.9    7.8  184.0  444.0  444.0
2024 344 12  9 1200   -5.2  994.4    7.8  194.0  444.0  444.0
2024 344 12  9 1300   -5.0  995.0    9.4  194.0  444.0  444.0
2024 344 12  9 1400   -4.9  995.1    8.8  188.0  444.0  444.0
2024 344 12  9 1500   -4.8  995.4    8.4  197.0  444.0  444.0
2024 344 12  9 1600   -4.8  995.7    6.8  204.0  444.0  444.0
2024 344 12  9 1700   -4.8  996.3    7.0  193.0   99.3  444.0
2024 344 12  9 1800   -4.8  996.8    7.0  179.0   92.3  444.0
2024 344 12  9 1900   -4.6  997.2    6.4  179.0   90.1  444.0
2024 344 12  9 2000   -4.1  997.5    8.4  198.0   87.4  444.0
2024 344 12  9 2100   -3.8  997.5    7.8  187.0   83.5  444.0
2024 344 12  9 2200   -3.4  997.7    7.4  190.0   74.2  444.0
2024 344 12  9 2300   -2.9  997.8    6.6  205.0   72.5  444.0
2024 345 12 10 0000   -2.5  997.7    7.2  201.0   68.5  444.0
2024 345 12 10 0100   -2.9  997.4    5.8  201.0   68.5  444.0
2024 345 12 10 0200   -2.0  997.2    5.1  187.0   63.7  444.0
2024 345 12 10 0300   -2.6  996.8    4.7  176.0   73.4  444.0
2024 345 12 10 0400   -1.4  996.7    2.1  187.0   66.3  444.0
2024 345 12 10 0500   -0.8  996.3    2.9  216.0   59.3  444.0
2024 345 12 10 0600   -0.2  996.1    1.8  186.0   56.2  444.0
2024 345 12 10 0700   -0.5  995.6    1.4  150.0   61.9  444.0
2024 345 12 10 0800   -2.2  995.4    1.2  149.0   70.3  444.0
2024 345 12 10 0900   -1.8  995.1    1.0  131.0   64.1  444.0
2024 345 12 10 1000   -3.0  994.8    1.6   14.0   87.0  444.0
2024 345 12 10 1100   -3.2  994.6    1.2   76.0   90.5  444.0
2024 345 12 10 1200   -4.0  994.3    2.5   20.0   94.0  444.0
2024 345 12 10 1300   -3.8  993.9    2.5  325.0   92.3  444.0
2024 345 12 10 1400   -4.1  993.6    2.9  329.0   94.0  444.0
2024 345 12 10 1500   -4.1  993.2    2.5  337.0   93.6  444.0
2024 345 12 10 1600   -3.8  993.1    2.7  298.0   91.0  444.0
2024 345 12 10 1700   -3.6  992.8    3.3  298.0   90.1  444.0
2024 345 12 10 1800   -3.2  992.9    2.5  305.0   87.0  444.0
2024 345 12 10 1900   -2.6  992.9    3.1  298.0   80.8  444.0
2024 345 12 10 2000   -1.9  992.9    2.5  302.0   82.6  444.0
2024 345 12 10 2100   -1.9  992.9    4.1  299.0   81.7  444.0
2024 345 12 10 2200   -1.4  993.2    2.1  231.0   62.8  444.0
2024 345 12 10 2300   -1.6  993.3    2.3  271.0   44.3  444.0
2024 346 12 11 0000    0.5  993.2    1.8  221.0   44.8  444.0
2024 346 12 11 0100   -0.8  993.1    1.9  266.0   45.2  444.0
2024 346 12 11 0200  444.0  992.9    1.6  316.0   47.8  444.0
2024 346 12 11 0300   -0.1  992.8    2.9  309.0   62.8  444.0
2024 346 12 11 0400   -0.2  992.7    2.9  308.0   68.5  444.0
2024 346 12 11 0500   -1.4  992.8    2.1  294.0   67.2  444.0
2024 346 12 11 0600   -2.2  992.8    2.5  304.0   67.2  444.0
2024 346 12 11 0700   -2.6  992.6    2.9  325.0   76.0  444.0
2024 346 12 11 0800   -2.6  992.7    1.8  314.0   73.8  444.0
2024 346 12 11 0900   -2.6  992.7    1.9  306.0   77.8  444.0
2024 346 12 11 1000   -3.6  992.7    2.7  318.0   83.9  444.0
2024 346 12 11 1100   -3.9  992.9    3.5  301.0   76.0  444.0
2024 346 12 11 1200   -3.5  992.7    1.9  326.0   80.0  444.0
2024 346 12 11 1300   -3.6  992.5    1.2  312.0   84.4  444.0
2024 346 12 11 1400   -3.8  992.4    3.5  354.0   83.0  444.0
2024 346 12 11 1500   -3.6  992.4    2.7  357.0   83.9  444.0
2024 346 12 11 1600   -3.5  992.3    4.1  342.0   81.3  444.0
2024 346 12 11 1700   -3.2  992.6    1.8  218.0   76.4  444.0
2024 346 12 11 1800   -2.6  992.8    1.8  180.0   62.4  444.0
2024 346 12 11 1900  444.0  993.2    1.0  103.0   51.8  444.0
2024 346 12 11 2000   -1.9  993.2    3.3   29.0   71.6  444.0
2024 346 12 11 2100   -0.5  993.3    2.5   41.0   76.4  444.0
2024 346 12 11 2200    1.5  993.5    2.3  339.0   57.5  444.0
2024 346 12 11 2300    0.0  993.8    1.6    6.0   59.3  444.0
2024 347 12 12 0000    2.4  993.9    1.0  337.0   56.2  444.0
2024 347 12 12 0100    4.1  994.0    2.3   14.0   61.0  444.0
2024 347 12 12 0200    0.0  994.0    1.9   46.0   65.9  444.0
2024 347 12 12 0300  444.0  994.0    1.0   65.0   56.6  444.0
2024 347 12 12 0400  444.0  994.1    0.8   83.0   60.6  444.0
2024 347 12 12 0500   -0.8  994.2    1.4  119.0   46.1  444.0
2024 347 12 12 0600   -4.4  994.3    6.4  131.0   78.6  444.0
2024 347 12 12 0700   -5.5  994.8    5.7  134.0   81.3  444.0
2024 347 12 12 0800   -5.6  995.0    5.8  131.0   82.2  444.0
2024 347 12 12 0900   -6.0  995.3    5.5  142.0   83.5  444.0
2024 347 12 12 1000   -6.8  995.6    6.0  141.0   83.0  444.0
2024 347 12 12 1100   -6.9  996.1    4.7  159.0   82.6  444.0
2024 347 12 12 1200   -7.2  996.3    5.8  159.0   84.4  444.0
2024 347 12 12 1300   -8.6  996.5    4.5  167.0   87.4  444.0
2024 347 12 12 1400   -9.0  996.6    3.7  149.0   85.2  444.0
2024 347 12 12 1500   -8.8  996.6    2.3  180.0   77.3  444.0
2024 347 12 12 1600   -9.6  996.8    2.9  170.0   75.1  444.0
2024 347 12 12 1700   -7.1  996.8    2.7  169.0   66.8  444.0
2024 347 12 12 1800   -7.0  996.7    2.7  186.0   65.4  444.0
2024 347 12 12 1900   -5.8  996.8    2.3  180.0   61.9  444.0
2024 347 12 12 2000   -5.0  997.1    4.5  195.0   62.4  444.0
2024 347 12 12 2100   -4.1  997.6    6.4  188.0   64.6  444.0
2024 347 12 12 2200   -3.5  997.8    6.2  198.0   65.4  444.0
2024 347 12 12 2300   -2.9  997.7    4.9  198.0   60.6  444.0
2024 348 12 13 0000   -2.2  997.8    4.5  194.0   56.6  444.0
2024 348 12 13 0100   -0.9  997.8    2.7  202.0   47.0  444.0
2024 348 12 13 0200   -2.2  997.7    4.5  252.0   73.4  444.0
2024 348 12 13 0300   -0.9  997.8    4.7  269.0   55.8  444.0
2024 348 12 13 0400   -0.5  997.6    4.3  269.0   53.1  444.0
2024 348 12 13 0500   -0.8  997.4    4.5  254.0   63.2  444.0
2024 348 12 13 0600   -1.4  997.3    4.7  277.0   58.0  444.0
2024 348 12 13 0700   -2.5  997.5    3.3  253.0   75.6  444.0
2024 348 12 13 0800   -3.5  997.5    3.9  263.0   79.5  444.0
2024 348 12 13 0900   -3.4  997.5    1.6  259.0   71.6  444.0
2024 348 12 13 1000   -2.9  997.4    2.5  283.0   71.6  444.0
2024 348 12 13 1100   -4.9  997.4    2.7  212.0   86.6  444.0
2024 348 12 13 1200   -5.2  997.6    2.5  253.0   83.9  444.0
2024 348 12 13 1300   -6.8  997.3    3.1  226.0   78.6  444.0
2024 348 12 13 1400   -7.6  996.9    7.4  194.0   84.4  444.0
2024 348 12 13 1500   -7.4  997.1    6.4  198.0   82.2  444.0
2024 348 12 13 1600   -7.2  997.0    6.6  209.0   78.6  444.0
2024 348 12 13 1700   -5.4  996.8    9.8  212.0   80.0  444.0
2024 348 12 13 1800   -4.5  997.0    8.0  202.0   76.4  444.0
2024 348 12 13 1900   -3.6  997.4    7.4  194.0   73.4  444.0
2024 348 12 13 2000   -3.1  997.3    7.4  202.0   69.4  444.0
2024 348 12 13 2100   -2.9  997.2    9.4  193.0   68.5  444.0
2024 348 12 13 2200   -2.4  997.0    4.5  197.0   61.0  444.0
2024 348 12 13 2300   -2.2  996.9    4.9  202.0   54.4  444.0
2024 349 12 14 0000   -2.2  996.7    4.5  183.0   53.6  444.0
2024 349 12 14 0100   -0.5  996.3    3.5  200.0   43.9  444.0
2024 349 12 14 0200    0.6  996.1    3.7  204.0   41.2  444.0
2024 349 12 14 0300    0.6  995.7    4.3  211.0   41.7  444.0
2024 349 12 14 0400   -3.1  995.4    9.9  214.0   70.7  444.0
2024 349 12 14 0500   -3.2  995.4    8.4  194.0   71.2  444.0
2024 349 12 14 0600   -4.1  994.9    7.0  188.0   81.7  444.0
2024 349 12 14 0700   -6.0  994.9    9.8  184.0   82.2  444.0
2024 349 12 14 0800   -7.6  994.6   11.3  180.0   84.4  444.0
2024 349 12 14 0900   -8.5  994.6   10.9  173.0   90.1  444.0
2024 349 12 14 1000  -10.0  994.6   12.1  181.0   91.4  444.0
2024 349 12 14 1100   -9.8  994.6   15.0  174.0   93.2  444.0
2024 349 12 14 1200   -9.5  994.8   11.9  181.0   89.2  444.0
2024 349 12 14 1300   -9.8  994.8    9.0  176.0   90.5  444.0
2024 349 12 14 1400  -10.0  994.4   10.9  176.0   92.7  444.0
2024 349 12 14 1500  -10.0  994.1   12.9  173.0   92.3  444.0
2024 349 12 14 1600   -9.8  994.3   11.1  176.0   87.0  444.0
2024 349 12 14 1700   -9.4  994.5    9.8  180.0   84.4  444.0
2024 349 12 14 1800   -9.8  994.6   12.1  170.0   84.8  444.0
2024 349 12 14 1900   -9.5  994.9   11.3  176.0   78.2  444.0
2024 349 12 14 2000   -9.5  994.7   10.7  181.0   74.7  444.0
2024 349 12 14 2100   -9.1  994.8   10.9  186.0   76.4  444.0
2024 349 12 14 2200  -10.1  994.5   13.5  181.0   85.2  444.0
2024 349 12 14 2300   -9.4  994.7   12.1  173.0   73.4  444.0
2024 350 12 15 0000   -9.0  994.9   10.9  187.0   71.6  444.0
2024 350 12 15 0100   -8.5  994.6   12.7  181.0   70.3  444.0
2024 350 12 15 0200   -8.5  994.3   13.5  193.0   70.3  444.0
2024 350 12 15 0300   -9.0  994.1   11.5  193.0   77.8  444.0
2024 350 12 15 0400   -9.4  994.0   12.3  195.0   83.0  444.0
2024 350 12 15 0500   -9.4  993.9   13.6  195.0   85.2  444.0
2024 350 12 15 0600   -9.2  994.0   13.8  205.0   87.9  444.0
2024 350 12 15 0700   -9.4  993.9   11.9  204.0   89.6  444.0
2024 350 12 15 0800   -9.4  993.9   10.3  195.0   93.2  444.0
2024 350 12 15 0900   -9.6  994.0   10.1  195.0   94.0  444.0
2024 350 12 15 1000   -9.6  994.0   12.3  197.0   95.8  444.0
2024 350 12 15 1100   -9.6  994.2    8.0  190.0   94.0  444.0
2024 350 12 15 1200   -9.8  994.0    8.6  183.0   93.6  444.0
2024 350 12 15 1300  -10.2  993.9    5.8  193.0   89.2  444.0
2024 350 12 15 1400  -10.8  993.3    4.7  212.0   87.0  444.0
2024 350 12 15 1500  -10.2  992.9    8.8  176.0   91.4  444.0
2024 350 12 15 1600  -10.6  992.9    8.0  174.0   91.0  444.0
2024 350 12 15 1700   -8.5  993.1    5.7  193.0   70.7  444.0
2024 350 12 15 1800   -9.8  993.2    7.0  187.0   75.1  444.0
2024 350 12 15 1900   -9.4  993.0    8.4  198.0   75.1  444.0
2024 350 12 15 2000   -9.6  992.3    7.8  179.0   76.9  444.0
2024 350 12 15 2100   -8.9  991.8    6.0  195.0   69.8  444.0
2024 350 12 15 2200   -8.2  991.8    6.4  193.0   65.0  444.0
2024 350 12 15 2300   -7.9  991.5    5.8  201.0   64.1  444.0
2024 351 12 16 0000   -6.6  991.1    3.9  211.0   55.3  444.0
2024 351 12 16 0100   -5.5  990.5    4.3  207.0   50.9  444.0
2024 351 12 16 0200   -6.5  989.7    4.1  253.0   61.5  444.0
2024 351 12 16 0300   -6.2  989.2    3.7  270.0   49.6  444.0
2024 351 12 16 0400   -4.6  988.7    3.5  222.0   61.5  444.0
2024 351 12 16 0500   -5.4  988.6    3.9  195.0   62.8  444.0
2024 351 12 16 0600   -5.0  988.3    2.9  195.0   60.2  444.0
2024 351 12 16 0700   -6.5  987.6    2.9  187.0   71.2  444.0
2024 351 12 16 0800   -7.4  987.5    4.7  187.0   78.2  444.0
2024 351 12 16 0900   -8.0  987.1    3.5  207.0   80.8  444.0
2024 351 12 16 1000   -8.4  986.8    3.5  271.0   84.8  444.0
2024 351 12 16 1100   -8.5  986.5    2.3  225.0   88.8  444.0
2024 351 12 16 1200   -8.2  985.9    2.1  280.0   80.4  444.0
2024 351 12 16 1300   -7.9  985.3    3.3  287.0   89.2  444.0
2024 351 12 16 1400   -6.1  984.4    5.1  295.0   98.9  444.0
2024 351 12 16 1500   -5.9  984.1    6.6  280.0   98.9  444.0
2024 351 12 16 1600   -5.9  983.9    5.5  281.0   94.5  444.0
2024 351 12 16 1700   -5.5  983.8    7.8  215.0   90.1  444.0
2024 351 12 16 1800   -6.4  983.5    8.2  188.0   87.0  444.0
2024 351 12 16 1900   -5.8  983.5   10.1  194.0   80.0  444.0
2024 351 12 16 2000   -6.5  983.7   11.7  194.0   87.9  444.0
2024 351 12 16 2100   -6.5  983.7   13.6  208.0   86.6  444.0
2024 351 12 16 2200   -5.9  983.6   11.7  211.0   85.2  444.0
2024 351 12 16 2300   -5.5  983.5   11.3  197.0   86.6  444.0
2024 352 12 17 0000   -6.0  983.8   14.0  202.0   85.7  444.0
2024 352 12 17 0100   -6.5  983.8   14.4  204.0   86.6  444.0
2024 352 12 17 0200   -6.1  983.9   12.9  212.0   87.4  444.0
2024 352 12 17 0300   -6.1  984.0   12.7  204.0   88.8  444.0
2024 352 12 17 0400   -5.6  984.5   10.7  207.0   87.4  444.0
2024 352 12 17 0500   -4.9  984.4   10.5  208.0   87.0  444.0
2024 352 12 17 0600   -4.1  984.7   10.9  214.0   83.0  444.0
2024 352 12 17 0700   -3.8  984.6    9.9  222.0   84.8  444.0
2024 352 12 17 0800   -3.8  984.9    8.4  225.0   89.6  444.0
2024 352 12 17 0900   -3.5  984.9    8.0  218.0   87.4  444.0
2024 352 12 17 1000   -3.6  985.1    8.8  226.0   91.8  444.0
2024 352 12 17 1100   -3.6  985.6    7.2  221.0   95.8  444.0
2024 352 12 17 1200   -3.1  985.6    6.6  226.0   90.1  444.0
2024 352 12 17 1300   -4.1  985.9    4.3  274.0   92.3  444.0
2024 352 12 17 1400   -3.6  985.8    4.5  281.0   90.5  444.0
2024 352 12 17 1500   -3.1  985.9    2.5  292.0   82.6  444.0
2024 352 12 17 1600   -1.8  985.6    1.9  306.0   88.8  444.0
2024 352 12 17 1700   -2.0  985.7    2.5  333.0   87.9  444.0
2024 352 12 17 1800   -1.4  985.7    2.5  346.0   84.4  444.0
2024 352 12 17 1900    1.5  985.8    1.6  333.0   81.7  444.0
2024 352 12 17 2000  444.0  985.8    0.6  353.0   61.0  444.0
2024 352 12 17 2100    1.8  985.6    1.8  339.0   71.2  444.0
2024 352 12 17 2200    2.9  985.8    1.8  330.0   71.2  444.0
2024 352 12 17 2300    0.6  985.7    2.7  306.0   68.5  444.0
2024 353 12 18 0000    1.1  985.6    3.5  318.0   73.8  444.0
2024 353 12 18 0100    0.9  985.5    3.1  322.0   76.4  444.0
2024 353 12 18 0200    1.9  985.2    2.9  326.0   71.2  444.0
2024 353 12 18 0300    0.4  984.7    3.9  347.0   65.9  444.0
2024 353 12 18 0400    1.0  984.6    3.1    4.0   64.6  444.0
2024 353 12 18 0500    1.1  984.3    3.1    7.0   70.3  444.0
2024 353 12 18 0600    0.4  983.9    3.7  323.0   79.5  444.0
2024 353 12 18 0700    0.4  983.5    2.9  316.0   77.8  444.0
2024 353 12 18 0800   -1.2  983.3    2.9  337.0   80.0  444.0
2024 353 12 18 0900   -1.9  983.0    2.3  318.0   85.2  444.0
2024 353 12 18 1000   -4.8  982.8    2.1  314.0   96.2  444.0
2024 353 12 18 1100   -5.4  982.7    2.7  240.0   91.8  444.0
2024 353 12 18 1200   -4.9  982.7    2.5  252.0   94.9  444.0
2024 353 12 18 1300   -4.6  982.5    4.7  246.0   94.9  444.0
2024 353 12 18 1400   -6.0  982.3    5.5  197.0   95.8  444.0
2024 353 12 18 1500   -7.2  982.3    4.3  186.0   98.9  444.0
2024 353 12 18 1600   -6.8  982.5    3.1  205.0   82.2  444.0
2024 353 12 18 1700   -6.0  983.0    2.3  164.0   84.8  444.0
2024 353 12 18 1800   -3.8  983.1    1.8  153.0   65.9  444.0
2024 353 12 18 1900  444.0  983.4    0.6  191.0   39.9  444.0
2024 353 12 18 2000    0.5  983.7    0.6  259.0   62.4  444.0
2024 353 12 18 2100   -0.6  983.9    1.8  309.0   75.6  444.0
2024 353 12 18 2200   -1.9  984.2    3.3  274.0   56.6  444.0
2024 353 12 18 2300    0.1  984.3    3.3  301.0   69.4  444.0
2024 354 12 19 0000   -0.5  984.5    3.5  298.0   72.0  444.0
2024 354 12 19 0100  444.0  444.0  444.0  444.0  444.0  444.0
2024 354 12 19 0200  444.0  444.0  444.0  444.0  444.0  444.0
2024 354 12 19 0300  444.0  444.0  444.0  444.0  444.0  444.0
2024 354 12 19 0400  444.0  444.0  444.0  444.0  444.0  444.0
2024 354 12 19 0500  444.0  444.0  444.0  444.0  444.0  444.0
2024 354 12 19 0600  444.0  444.0  444.0  444.0  444.0  444.0
2024 354 12 19 0700  444.0  444.0  444.0  444.0  444.0  444.0
2024 354 12 19 0800  444.0  444.0  444.0  444.0  444.0  444.0
2024 354 12 19 0900  444.0  444.0  444.0  444.0  444.0  444.0
2024 354 12 19 1000  444.0  444.0  444.0  444.0  444.0  444.0
2024 354 12 19 1100  444.0  444.0  444.0  444.0  444.0  444.0
2024 354 12 19 1200  444.0  444.0  444.0  444.0  444.0  444.0
2024 354 12 19 1300  444.0  444.0  444.0  444.0  444.0  444.0
2024 354 12 19 1400  444.0  444.0  444.0  444.0  444.0  444.0
2024 354 12 19 1500  444.0  444.0  444.0  444.0  444.0  444.0
2024 354 12 19 1600  444.0  444.0  444.0  444.0  444.0  444.0
2024 354 12 19 1700  444.0  444.0  444.0  444.0  444.0  444.0
2024 354 12 19 1800  444.0  444.0  444.0  444.0  444.0  444.0
2024 354 12 19 1900  444.0  444.0  444.0  444.0  444.0  444.0
2024 354 12 19 2000  444.0  444.0  444.0  444.0  444.0  444.0
2024 354 12 19 2100  444.0  444.0  444.0  444.0  444.0  444.0
2024 354 12 19 2200  444.0  444.0  444.0  444.0  444.0  444.0
2024 354 12 19 2300  444.0  444.0  444.0  444.0  444.0  444.0
2024 355 12 20 0000  444.0  444.0  444.0  444.0  444.0  444.0
2024 355 12 20 0100  444.0  444.0  444.0  444.0  444.0  444.0
2024 355 12 20 0200  444.0  444.0  444.0  444.0  444.0  444.0
2024 355 12 20 0300  444.0  444.0  444.0  444.0  444.0  444.0
2024 355 12 20 0400  444.0  444.0  444.0  444.0  444.0  444.0
2024 355 12 20 0500  444.0  444.0  444.0  444.0  444.0  444.0
2024 355 12 20 0600  444.0  444.0  444.0  444.0  444.0  444.0
2024 355 12 20 0700  444.0  444.0  444.0  444.0  444.0  444.0
2024 355 12 20 0800  444.0  444.0  444.0  444.0  444.0  444.0
2024 355 12 20 0900  444.0  444.0  444.0  444.0  444.0  444.0
2024 355 12 20 1000  444.0  444.0  444.0  444.0  444.0  444.0
2024 355 12 20 1100  444.0  444.0  444.0  444.0  444.0  444.0
2024 355 12 20 1200  444.0  444.0  444.0  444.0  444.0  444.0
2024 355 12 20 1300  444.0  444.0  444.0  444.0  444.0  444.0
2024 355 12 20 1400  444.0  444.0  444.0  444.0  444.0  444.0
2024 355 12 20 1500  444.0  444.0  444.0  444.0  444.0  444.0
2024 355 12 20 1600  444.0  444.0  444.0  444.0  444.0  444.0
2024 355 12 20 1700  444.0  444.0  444.0  444.0  444.0  444.0
2024 355 12 20 1800  444.0  444.0  444.0  444.0  444.0  444.0
2024 355 12 20 1900  444.0  444.0  444.0  444.0  444.0  444.0
2024 355 12 20 2000  444.0  444.0  444.0  444.0  444.0  444.0
2024 355 12 20 2100  444.0  444.0  444.0  444.0  444.0  444.0
2024 355 12 20 2200  444.0  444.0  444.0  444.0  444.0  444.0
2024 355 12 20 2300  444.0  444.0  444.0  444.0  444.0  444.0
2024 356 12 21 0000  444.0  444.0  444.0  444.0  444.0  444.0
2024 356 12 21 0100  444.0  444.0  444.0  444.0  444.0  444.0
2024 356 12 21 0200  444.0  444.0  444.0  444.0  444.0  444.0
2024 356 12 21 0300  444.0  444.0  444.0  444.0  444.0  444.0
2024 356 12 21 0400  444.0  444.0  444.0  444.0  444.0  444.0
2024 356 12 21 0500  444.0  444.0  444.0  444.0  444.0  444.0
2024 356 12 21 0600  444.0  444.0  444.0  444.0  444.0  444.0
2024 356 12 21 0700  444.0  444.0  444.0  444.0  444.0  444.0
2024 356 12 21 0800  444.0  444.0  444.0  444.0  444.0  444.0
2024 356 12 21 0900  444.0  444.0  444.0  444.0  444.0  444.0
2024 356 12 21 1000  444.0  444.0  444.0  444.0  444.0  444.0
2024 356 12 21 1100  444.0  444.0  444.0  444.0  444.0  444.0
2024 356 12 21 1200  444.0  444.0  444.0  444.0  444.0  444.0
2024 356 12 21 1300  444.0  444.0  444.0  444.0  444.0  444.0
2024 356 12 21 1400  444.0  444.0  444.0  444.0  444.0  444.0
2024 356 12 21 1500  444.0  444.0  444.0  444.0  444.0  444.0
2024 356 12 21 1600  444.0  444.0  444.0  444.0  444.0  444.0
2024 356 12 21 1700  444.0  444.0  444.0  444.0  444.0  444.0
2024 356 12 21 1800  444.0  444.0  444.0  444.0  444.0  444.0
2024 356 12 21 1900  444.0  444.0  444.0  444.0  444.0  444.0
2024 356 12 21 2000  444.0  444.0  444.0  444.0  444.0  444.0
2024 356 12 21 2100  444.0  444.0  444.0  444.0  444.0  444.0
2024 356 12 21 2200  444.0  444.0  444.0  444.0  444.0  444.0
2024 356 12 21 2300  444.0  444.0  444.0  444.0  444.0  444.0
2024 357 12 22 0000  444.0  444.0  444.0  444.0  444.0  444.0
2024 357 12 22 0100  444.0  444.0  444.0  444.0  444.0  444.0
2024 357 12 22 0200  444.0  444.0  444.0  444.0  444.0  444.0
2024 357 12 22 0300  444.0  444.0  444.0  444.0  444.0  444.0
2024 357 12 22 0400  444.0  444.0  444.0  444.0  444.0  444.0
2024 357 12 22 0500  444.0  444.0  444.0  444.0  444.0  444.0
2024 357 12 22 0600  444.0  444.0  444.0  444.0  444.0  444.0
2024 357 12 22 0700  444.0  444.0  444.0  444.0  444.0  444.0
2024 357 12 22 0800  444.0  444.0  444.0  444.0  444.0  444.0
2024 357 12 22 0900  444.0  444.0  444.0  444.0  444.0  444.0
2024 357 12 22 1000  444.0  444.0  444.0  444.0  444.0  444.0
2024 357 12 22 1100  444.0  444.0  444.0  444.0  444.0  444.0
2024 357 12 22 1200  444.0  444.0  444.0  444.0  444.0  444.0
2024 357 12 22 1300  444.0  444.0  444.0  444.0  444.0  444.0
2024 357 12 22 1400  444.0  444.0  444.0  444.0  444.0  444.0
2024 357 12 22 1500  444.0  444.0  444.0  444.0  444.0  444.0
2024 357 12 22 1600  444.0  444.0  444.0  444.0  444.0  444.0
2024 357 12 22 1700  444.0  444.0  444.0  444.0  444.0  444.0
2024 357 12 22 1800  444.0  444.0  444.0  444.0  444.0  444.0
2024 357 12 22 1900  444.0  444.0  444.0  444.0  444.0  444.0
2024 357 12 22 2000  444.0  444.0  444.0  444.0  444.0  444.0
2024 357 12 22 2100  444.0  444.0  444.0  444.0  444.0  444.0
2024 357 12 22 2200  444.0  444.0  444.0  444.0  444.0  444.0
2024 357 12 22 2300  444.0  444.0  444.0  444.0  444.0  444.0
2024 358 12 23 0000  444.0  444.0  444.0  444.0  444.0  444.0
2024 358 12 23 0100  444.0  444.0  444.0  444.0  444.0  444.0
2024 358 12 23 0200  444.0  444.0  444.0  444.0  444.0  444.0
2024 358 12 23 0300  444.0  444.0  444.0  444.0  444.0  444.0
2024 358 12 23 0400  444.0  444.0  444.0  444.0  444.0  444.0
2024 358 12 23 0500  444.0  444.0  444.0  444.0  444.0  444.0
2024 358 12 23 0600  444.0  444.0  444.0  444.0  444.0  444.0
2024 358 12 23 0700  444.0  444.0  444.0  444.0  444.0  444.0
2024 358 12 23 0800  444.0  444.0  444.0  444.0  444.0  444.0
2024 358 12 23 0900  444.0  444.0  444.0  444.0  444.0  444.0
2024 358 12 23 1000  444.0  444.0  444.0  444.0  444.0  444.0
2024 358 12 23 1100  444.0  444.0  444.0  444.0  444.0  444.0
2024 358 12 23 1200  444.0  444.0  444.0  444.0  444.0  444.0
2024 358 12 23 1300  444.0  444.0  444.0  444.0  444.0  444.0
2024 358 12 23 1400  444.0  444.0  444.0  444.0  444.0  444.0
2024 358 12 23 1500  444.0  444.0  444.0  444.0  444.0  444.0
2024 358 12 23 1600  444.0  444.0  444.0  444.0  444.0  444.0
2024 358 12 23 1700  444.0  444.0  444.0  444.0  444.0  444.0
2024 358 12 23 1800  444.0  444.0  444.0  444.0  444.0  444.0
2024 358 12 23 1900  444.0  444.0  444.0  444.0  444.0  444.0
2024 358 12 23 2000  444.0  444.0  444.0  444.0  444.0  444.0
2024 358 12 23 2100  444.0  444.0  444.0  444.0  444.0  444.0
2024 358 12 23 2200  444.0  444.0  444.0  444.0  444.0  444.0
2024 358 12 23 2300  444.0  444.0  444.0  444.0  444.0  444.0
2024 359 12 24 0000  444.0  444.0  444.0  444.0  444.0  444.0
2024 359 12 24 0100  444.0  444.0  444.0  444.0  444.0  444.0
2024 359 12 24 0200  444.0  444.0  444.0  444.0  444.0  444.0
2024 359 12 24 0300  444.0  444.0  444.0  444.0  444.0  444.0
2024 359 12 24 0400  444.0  444.0  444.0  444.0  444.0  444.0
2024 359 12 24 0500  444.0  444.0  444.0  444.0  444.0  444.0
2024 359 12 24 0600  444.0  444.0  444.0  444.0  444.0  444.0
2024 359 12 24 0700  444.0  444.0  444.0  444.0  444.0  444.0
2024 359 12 24 0800  444.0  444.0  444.0  444.0  444.0  444.0
2024 359 12 24 0900  444.0  444.0  444.0  444.0  444.0  444.0
2024 359 12 24 1000  444.0  444.0  444.0  444.0  444.0  444.0
2024 359 12 24 1100  444.0  444.0  444.0  444.0  444.0  444.0
2024 359 12 24 1200  444.0  444.0  444.0  444.0  444.0  444.0
2024 359 12 24 1300  444.0  444.0  444.0  444.0  444.0  444.0
2024 359 12 24 1400  444.0  444.0  444.0  444.0  444.0  444.0
2024 359 12 24 1500  444.0  444.0  444.0  444.0  444.0  444.0
2024 359 12 24 1600  444.0  444.0  444.0  444.0  444.0  444.0
2024 359 12 24 1700  444.0  444.0  444.0  444.0  444.0  444.0
2024 359 12 24 1800  444.0  444.0  444.0  444.0  444.0  444.0
2024 359 12 24 1900  444.0  444.0  444.0  444.0  444.0  444.0
2024 359 12 24 2000  444.0  444.0  444.0  444.0  444.0  444.0
2024 359 12 24 2100  444.0  444.0  444.0  444.0  444.0  444.0
2024 359 12 24 2200  444.0  444.0  444.0  444.0  444.0  444.0
2024 359 12 24 2300  444.0  444.0  444.0  444.0  444.0  444.0
2024 360 12 25 0000  444.0  444.0  444.0  444.0  444.0  444.0
2024 360 12 25 0100  444.0  444.0  444.0  444.0  444.0  444.0
2024 360 12 25 0200  444.0  444.0  444.0  444.0  444.0  444.0
2024 360 12 25 0300  444.0  444.0  444.0  444.0  444.0  444.0
2024 360 12 25 0400  444.0  444.0  444.0  444.0  444.0  444.0
2024 360 12 25 0500  444.0  444.0  444.0  444.0  444.0  444.0
2024 360 12 25 0600  444.0  444.0  444.0  444.0  444.0  444.0
2024 360 12 25 0700  444.0  444.0  444.0  444.0  444.0  444.0
2024 360 12 25 0800  444.0  444.0  444.0  444.0  444.0  444.0
2024 360 12 25 0900  444.0  444.0  444.0  444.0  444.0  444.0
2024 360 12 25 1000  444.0  444.0  444.0  444.0  444.0  444.0
2024 360 12 25 1100  444.0  444.0  444.0  444.0  444.0  444.0
2024 360 12 25 1200  444.0  444.0  444.0  444.0  444.0  444.0
2024 360 12 25 1300  444.0  444.0  444.0  444.0  444.0  444.0
2024 360 12 25 1400  444.0  444.0  444.0  444.0  444.0  444.0
2024 360 12 25 1500  444.0  444.0  444.0  444.0  444.0  444.0
2024 360 12 25 1600  444.0  444.0  444.0  444.0  444.0  444.0
2024 360 12 25 1700  444.0  444.0  444.0  444.0  444.0  444.0
2024 360 12 25 1800  444.0  444.0  444.0  444.0  444.0  444.0
2024 360 12 25 1900  444.0  444.0  444.0  444.0  444.0  444.0
2024 360 12 25 2000  444.0  444.0  444.0  444.0  444.0  444.0
2024 360 12 25 2100  444.0  444.0  444.0  444.0  444.0  444.0
2024 360 12 25 2200  444.0  444.0  444.0  444.0  444.0  444.0
2024 360 12 25 2300  444.0  444.0  444.0  444.0  444.0  444.0
2024 361 12 26 0000  444.0  444.0  444.0  444.0  444.0  444.0
2024 361 12 26 0100  444.0  444.0  444.0  444.0  444.0  444.0
2024 361 12 26 0200  444.0  444.0  444.0  444.0  444.0  444.0
2024 361 12 26 0300  444.0  444.0  444.0  444.0  444.0  444.0
2024 361 12 26 0400  444.0  444.0  444.0  444.0  444.0  444.0
2024 361 12 26 0500  444.0  444.0  444.0  444.0  444.0  444.0
2024 361 12 26 0600  444.0  444.0  444.0  444.0  444.0  444.0
2024 361 12 26 0700  444.0  444.0  444.0  444.0  444.0  444.0
2024 361 12 26 0800  444.0  444.0  444.0  444.0  444.0  444.0
2024 361 12 26 0900  444.0  444.0  444.0  444.0  444.0  444.0
2024 361 12 26 1000  444.0  444.0  444.0  444.0  444.0  444.0
2024 361 12 26 1100  444.0  444.0  444.0  444.0  444.0  444.0
2024 361 12 26 1200  444.0  444.0  444.0  444.0  444.0  444.0
2024 361 12 26 1300  444.0  444.0  444.0  444.0  444.0  444.0
2024 361 12 26 1400  444.0  444.0  444.0  444.0  444.0  444.0
2024 361 12 26 1500  444.0  444.0  444.0  444.0  444.0  444.0
2024 361 12 26 1600  444.0  444.0  444.0  444.0  444.0  444.0
2024 361 12 26 1700  444.0  444.0  444.0  444.0  444.0  444.0
2024 361 12 26 1800  444.0  444.0  444.0  444.0  444.0  444.0
2024 361 12 26 1900  444.0  444.0  444.0  444.0  444.0  444.0
2024 361 12 26 2000  444.0  444.0  444.0  444.0  444.0  444.0
2024 361 12 26 2100  444.0  444.0  444.0  444.0  444.0  444.0
2024 361 12 26 2200  444.0  444.0  444.0  444.0  444.0  444.0
2024 361 12 26 2300  444.0  444.0  444.0  444.0  444.0  444.0
2024 362 12 27 0000  444.0  444.0  444.0  444.0  444.0  444.0
2024 362 12 27 0100  444.0  444.0  444.0  444.0  444.0  444.0
2024 362 12 27 0200  444.0  444.0  444.0  444.0  444.0  444.0
2024 362 12 27 0300  444.0  444.0  444.0  444.0  444.0  444.0
2024 362 12 27 0400  444.0  444.0  444.0  444.0  444.0  444.0
2024 362 12 27 0500  444.0  444.0  444.0  444.0  444.0  444.0
2024 362 12 27 0600  444.0  444.0  444.0  444.0  444.0  444.0
2024 362 12 27 0700  444.0  444.0  444.0  444.0  444.0  444.0
2024 362 12 27 0800  444.0  444.0  444.0  444.0  444.0  444.0
2024 362 12 27 0900  444.0  444.0  444.0  444.0  444.0  444.0
2024 362 12 27 1000  444.0  444.0  444.0  444.0  444.0  444.0
2024 362 12 27 1100  444.0  444.0  444.0  444.0  444.0  444.0
2024 362 12 27 1200  444.0  444.0  444.0  444.0  444.0  444.0
2024 362 12 27 1300  444.0  444.0  444.0  444.0  444.0  444.0
2024 362 12 27 1400  444.0  444.0  444.0  444.0  444.0  444.0
2024 362 12 27 1500  444.0  444.0  444.0  444.0  444.0  444.0
2024 362 12 27 1600  444.0  444.0  444.0  444.0  444.0  444.0
2024 362 12 27 1700  444.0  444.0  444.0  444.0  444.0  444.0
2024 362 12 27 1800  444.0  444.0  444.0  444.0  444.0  444.0
2024 362 12 27 1900  444.0  444.0  444.0  444.0  444.0  444.0
2024 362 12 27 2000  444.0  444.0  444.0  444.0  444.0  444.0
2024 362 12 27 2100  444.0  444.0  444.0  444.0  444.0  444.0
2024 362 12 27 2200  444.0  444.0  444.0  444.0  444.0  444.0
2024 362 12 27 2300  444.0  444.0  444.0  444.0  444.0  444.0
2024 363 12 28 0000  444.0  444.0  444.0  444.0  444.0  444.0
2024 363 12 28 0100  444.0  444.0  444.0  444.0  444.0  444.0
2024 363 12 28 0200  444.0  444.0  444.0  444.0  444.0  444.0
2024 363 12 28 0300  444.0  444.0  444.0  444.0  444.0  444.0
2024 363 12 28 0400  444.0  444.0  444.0  444.0  444.0  444.0
2024 363 12 28 0500  444.0  444.0  444.0  444.0  444.0  444.0
2024 363 12 28 0600  444.0  444.0  444.0  444.0  444.0  444.0
2024 363 12 28 0700  444.0  444.0  444.0  444.0  444.0  444.0
2024 363 12 28 0800  444.0  444.0  444.0  444.0  444.0  444.0
2024 363 12 28 0900  444.0  444.0  444.0  444.0  444.0  444.0
2024 363 12 28 1000  444.0  444.0  444.0  444.0  444.0  444.0
2024 363 12 28 1100  444.0  444.0  444.0  444.0  444.0  444.0
2024 363 12 28 1200  444.0  444.0  444.0  444.0  444.0  444.0
2024 363 12 28 1300  444.0  444.0  444.0  444.0  444.0  444.0
2024 363 12 28 1400  444.0  444.0  444.0  444.0  444.0  444.0
2024 363 12 28 1500  444.0  444.0  444.0  444.0  444.0  444.0
2024 363 12 28 1600  444.0  444.0  444.0  444.0  444.0  444.0
2024 363 12 28 1700  444.0  444.0  444.0  444.0  444.0  444.0
2024 363 12 28 1800  444.0  444.0  444.0  444.0  444.0  444.0
2024 363 12 28 1900  444.0  444.0  444.0  444.0  444.0  444.0
2024 363 12 28 2000  444.0  444.0  444.0  444.0  444.0  444.0
2024 363 12 28 2100  444.0  444.0  444.0  444.0  444.0  444.0
2024 363 12 28 2200  444.0  444.0  444.0  444.0  444.0  444.0
2024 363 12 28 2300  444.0  444.0  444.0  444.0  444.0  444.0
2024 364 12 29 0000  444.0  444.0  444.0  444.0  444.0  444.0
2024 364 12 29 0100  444.0  444.0  444.0  444.0  444.0  444.0
2024 364 12 29 0200  444.0  444.0  444.0  444.0  444.0  444.0
2024 364 12 29 0300  444.0  444.0  444.0  444.0  444.0  444.0
2024 364 12 29 0400  444.0  444.0  444.0  444.0  444.0  444.0
2024 364 12 29 0500  444.0  444.0  444.0  444.0  444.0  444.0
2024 364 12 29 0600  444.0  444.0  444.0  444.0  444.0  444.0
2024 364 12 29 0700  444.0  444.0  444.0  444.0  444.0  444.0
2024 364 12 29 0800  444.0  444.0  444.0  444.0  444.0  444.0
2024 364 12 29 0900  444.0  444.0  444.0  444.0  444.0  444.0
2024 364 12 29 1000  444.0  444.0  444.0  444.0  444.0  444.0
2024 364 12 29 1100  444.0  444.0  444.0  444.0  444.0  444.0
2024 364 12 29 1200  444.0  444.0  444.0  444.0  444.0  444.0
2024 364 12 29 1300  444.0  444.0  444.0  444.0  444.0  444.0
2024 364 12 29 1400  444.0  444.0  444.0  444.0  444.0  444.0
2024 364 12 29 1500  444.0  444.0  444.0  444.0  444.0  444.0
2024 364 12 29 1600  444.0  444.0  444.0  444.0  444.0  444.0
2024 364 12 29 1700  444.0  444.0  444.0  444.0  444.0  444.0
2024 364 12 29 1800  444.0  444.0  444.0  444.0  444.0  444.0
2024 364 12 29 1900  444.0  444.0  444.0  444.0  444.0  444.0
2024 364 12 29 2000  444.0  444.0  444.0  444.0  444.0  444.0
2024 364 12 29 2100  444.0  444.0  444.0  444.0  444.0  444.0
2024 364 12 29 2200  444.0  444.0  444.0  444.0  444.0  444.0
2024 364 12 29 2300  444.0  444.0  444.0  444.0  444.0  444.0
2024 365 12 30 0000  444.0  444.0  444.0  444.0  444.0  444.0
2024 365 12 30 0100  444.0  444.0  444.0  444.0  444.0  444.0
2024 365 12 30 0200  444.0  444.0  444.0  444.0  444.0  444.0
2024 365 12 30 0300  444.0  444.0  444.0  444.0  444.0  444.0
2024 365 12 30 0400  444.0  444.0  444.0  444.0  444.0  444.0
2024 365 12 30 0500  444.0  444.0  444.0  444.0  444.0  444.0
2024 365 12 30 0600  444.0  444.0  444.0  444.0  444.0  444.0
2024 365 12 30 0700  444.0  444.0  444.0  444.0  444.0  444.0
2024 365 12 30 0800  444.0  444.0  444.0  444.0  444.0  444.0
2024 365 12 30 0900  444.0  444.0  444.0  444.0  444.0  444.0
2024 365 12 30 1000  444.0  444.0  444.0  444.0  444.0  444.0
2024 365 12 30 1100  444.0  444.0  444.0  444.0  444.0  444.0
2024 365 12 30 1200  444.0  444.0  444.0  444.0  444.0  444.0
2024 365 12 30 1300  444.0  444.0  444.0  444.0  444.0  444.0
2024 365 12 30 1400  444.0  444.0  444.0  444.0  444.0  444.0
2024 365 12 30 1500  444.0  444.0  444.0  444.0  444.0  444.0
2024 365 12 30 1600  444.0  444.0  444.0  444.0  444.0  444.0
2024 365 12 30 1700  444.0  444.0  444.0  444.0  444.0  444.0
2024 365 12 30 1800  444.0  444.0  444.0  444.0  444.0  444.0
2024 365 12 30 1900  444.0  444.0  444.0  444.0  444.0  444.0
2024 365 12 30 2000  444.0  444.0  444.0  444.0  444.0  444.0
2024 365 12 30 2100  444.0  444.0  444.0  444.0  444.0  444.0
2024 365 12 30 2200  444.0  444.0  444.0  444.0  444.0  444.0
2024 365 12 30 2300  444.0  444.0  444.0  444.0  444.0  444.0
2024 366 12 31 0000  444.0  444.0  444.0  444.0  444.0  444.0
2024 366 12 31 0100  444.0  444.0  444.0  444.0  444.0  444.0
2024 366 12 31 0200  444.0  444.0  444.0  444.0  444.0  444.0
2024 366 12 31 0300  444.0  444.0  444.0  444.0  444.0  444.0
2024 366 12 31 0400  444.0  444.0  444.0  444.0  444.0  444.0
2024 366 12 31 0500  444.0  444.0  444.0  444.0  444.0  444.0
2024 366 12 31 0600  444.0  444.0  444.0  444.0  444.0  444.0
2024 366 12 31 0700  444.0  444.0  444.0  444.0  444.0  444.0
2024 366 12 31 0800  444.0  444.0  444.0  444.0  444.0  444.0
2024 366 12 31 0900  444.0  444.0  444.0  444.0  444.0  444.0
2024 366 12 31 1000  444.0  444.0  444.0  444.0  444.0  444.0
2024 366 12 31 1100  444.0  444.0  444.0  444.0  444.0  444.0
2024 366 12 31 1200  444.0  444.0  444.0  444.0  444.0  444.0
2024 366 12 31 1300  444.0  444.0  444.0  444.0  444.0  444.0
2024 366 12 31 1400  444.0  444.0  444.0  444.0  444.0  444.0
2024 366 12 31 1500  444.0  444.0  444.0  444.0  444.0  444.0
2024 366 12 31 1600  444.0  444.0  444.0  444.0  444.0  444.0
2024 366 12 31 1700  444.0  444.0  444.0  444.0  444.0  444.0
2024 366 12 31 1800  444.0  444.0  444.0  444.0  444.0  444.0
2024 366 12 31 1900  444.0  444.0  444.0  444.0  444.0  444.0
2024 366 12 31 2000  444.0  444.0  444.0  444.0  444.0  444.0
2024 366 12 31 2100  444.0  444.0  444.0  444.0  444.0  444.0
2024 366 12 31 2200  444.0  444.0  444.0  444.0  444.0  444.0
2024 366 12 31 2300  444.0  444.0  444.0  444.0  444.0  444.0
