Year: 2021  Month: 12  ID: GIL  ARGOS:  8911  Name: Gill                
Lat: 79.88S  Lon: 178.57W  Elev:   53m
2021 335 12  1 0000  -11.1  978.1    3.2  228.0   67.0  444.0
2021 335 12  1 0100  -10.7  978.0    3.4  238.0   68.0  444.0
2021 335 12  1 0200  -10.3  977.8    2.8  242.0   67.0  444.0
2021 335 12  1 0300  -10.7  977.5    2.4  234.0   66.0  444.0
2021 335 12  1 0400  -10.6  977.2    2.1  243.0   68.2  444.0
2021 335 12  1 0500  -11.8  977.1    2.5  256.0   81.0  444.0
2021 335 12  1 0600  -12.6  977.0    3.7  245.0   80.4  444.0
2021 335 12  1 0700  -13.2  976.9    2.8  252.0   80.0  444.0
2021 335 12  1 0800  -14.1  976.7    3.0  252.0   80.0  444.0
2021 335 12  1 0900  -14.5  976.6    3.2  245.0   82.0  444.0
2021 335 12  1 1000  -14.1  976.4    2.9  236.0   84.0  444.0
2021 335 12  1 1100  -13.0  976.2    2.6  228.0   81.9  444.0
2021 335 12  1 1200  -13.2  976.0    3.6  231.0   86.0  444.0
2021 335 12  1 1300  -15.2  975.9    3.5  238.0   82.0  444.0
2021 335 12  1 1400  -14.7  975.7    3.3  226.0   82.0  444.0
2021 335 12  1 1500  -14.7  975.5    3.4  238.0   82.0  444.0
2021 335 12  1 1600  -14.9  975.3    3.0  244.0   79.8  444.0
2021 335 12  1 1700  -14.2  975.3    2.5  235.0   78.0  444.0
2021 335 12  1 1800  -13.3  975.3    2.6  241.0   77.0  444.0
2021 335 12  1 1900  -13.4  975.1    2.8  243.0   75.0  444.0
2021 335 12  1 2000  -12.8  975.0    2.7  240.0   74.0  444.0
2021 335 12  1 2100  -12.0  974.9    4.0  248.0   75.2  444.0
2021 335 12  1 2200  -10.9  974.8    3.1  244.0   76.0  444.0
2021 335 12  1 2300  -10.0  974.7    3.2  256.0   75.0  444.0
2021 336 12  2 0000   -9.6  974.4    3.4  263.0   76.0  444.0
2021 336 12  2 0100   -9.2  974.3    4.2  253.0   76.0  444.0
2021 336 12  2 0200   -9.1  974.0    4.2  262.0   76.2  444.0
2021 336 12  2 0300   -8.5  973.7    4.3  238.0   81.0  444.0
2021 336 12  2 0400   -8.2  973.5    5.2  241.0   79.0  444.0
2021 336 12  2 0500   -8.6  973.4    4.7  252.0   79.0  444.0
2021 336 12  2 0600   -9.2  973.1    4.8  264.0   79.6  444.0
2021 336 12  2 0700  -11.1  972.8    4.1  262.0   87.0  444.0
2021 336 12  2 0800   -9.0  972.5    5.5  241.0   86.0  444.0
2021 336 12  2 0900   -9.0  972.2    6.6  248.0   82.5  444.0
2021 336 12  2 1000  -10.5  972.0    6.1  265.0   84.9  444.0
2021 336 12  2 1100   -8.8  972.0    5.3  251.0   80.0  444.0
2021 336 12  2 1200  -10.9  971.7    4.4  257.0   81.0  444.0
2021 336 12  2 1300  -10.1  971.5    5.1  246.0   80.0  444.0
2021 336 12  2 1400   -9.1  971.3    4.9  260.0   81.0  444.0
2021 336 12  2 1500  -10.1  971.0    5.9  258.0   80.7  444.0
2021 336 12  2 1600  -10.8  970.9    5.2  261.0   79.7  444.0
2021 336 12  2 1700  -11.1  970.7    5.3  252.0   84.0  444.0
2021 336 12  2 1800  -10.2  970.8    3.4  248.0   79.0  444.0
2021 336 12  2 1900  -10.0  970.6    4.0  265.0   78.5  444.0
2021 336 12  2 2000  -10.0  970.5    4.0  265.0   78.0  444.0
2021 336 12  2 2100  -10.3  970.6    4.0  243.0   77.0  444.0
2021 336 12  2 2200  -10.9  970.6    4.3  234.0   80.0  444.0
2021 336 12  2 2300  -10.8  970.7    4.1  225.0   78.0  444.0
2021 337 12  3 0000  -10.8  970.6    4.6  222.0   79.9  444.0
2021 337 12  3 0100  -11.0  970.7    5.0  228.0   77.0  444.0
2021 337 12  3 0200  -10.7  970.7    4.7  223.0   77.0  444.0
2021 337 12  3 0300  -10.6  970.7    5.4  222.0   77.0  444.0
2021 337 12  3 0400  -10.2  971.0    4.7  222.0   77.0  444.0
2021 337 12  3 0500  -10.0  971.1    3.5  232.0   77.3  444.0
2021 337 12  3 0600  -10.5  971.4    3.2  241.0   78.0  444.0
2021 337 12  3 0700  -10.9  971.5    3.5  234.0   78.4  444.0
2021 337 12  3 0800  -12.1  971.5    3.1  243.0   79.0  444.0
2021 337 12  3 0900  -13.0  971.7    2.9  248.0   80.0  444.0
2021 337 12  3 1000  -13.6  971.8    3.6  231.0   81.0  444.0
2021 337 12  3 1100  -14.4  972.0    3.5  237.0   80.0  444.0
2021 337 12  3 1200  -15.6  972.3    3.2  246.0   81.0  444.0
2021 337 12  3 1300  -16.2  972.5    3.1  232.0   79.0  444.0
2021 337 12  3 1400  -17.0  972.6    2.7  244.0   78.0  444.0
2021 337 12  3 1500  -16.4  972.8    2.6  226.0   77.0  444.0
2021 337 12  3 1600  -16.2  973.0    2.4  230.0   76.0  444.0
2021 337 12  3 1700  -16.2  973.2    2.5  233.0   75.0  444.0
2021 337 12  3 1800  -15.8  973.5    2.6  245.0   74.0  444.0
2021 337 12  3 1900  -14.9  973.7    2.5  226.0   73.2  444.0
2021 337 12  3 2000  -14.4  973.7    2.7  205.0   72.0  444.0
2021 337 12  3 2100  -13.3  973.8    2.0  243.0   72.0  444.0
2021 337 12  3 2200  -12.9  973.9    2.7  222.0   71.0  444.0
2021 337 12  3 2300  -12.0  973.9    2.1  202.0   71.0  444.0
2021 338 12  4 0000  -10.9  973.9    1.8  188.0   71.0  444.0
2021 338 12  4 0100  -10.7  973.4    2.7  191.0   71.8  444.0
2021 338 12  4 0200  -10.4  973.4    2.6  186.0   72.0  444.0
2021 338 12  4 0300  -10.0  973.2    2.4  164.0   72.0  444.0
2021 338 12  4 0400  -10.3  973.1    2.8  170.0   73.0  444.0
2021 338 12  4 0500  -10.5  973.1    2.0  179.0   74.0  444.0
2021 338 12  4 0600  -10.9  973.1    2.2  159.0   75.0  444.0
2021 338 12  4 0700  -11.6  972.7    3.3  150.0   76.5  444.0
2021 338 12  4 0800  -13.2  972.6    3.2  152.0   83.0  444.0
2021 338 12  4 0900  -14.5  972.6    2.9  150.0   83.0  444.0
2021 338 12  4 1000  -13.7  972.7    2.8  140.0   80.0  444.0
2021 338 12  4 1100  -14.5  972.7    3.4  154.0   80.0  444.0
2021 338 12  4 1200  -15.6  972.7    2.3  166.0   77.0  444.0
2021 338 12  4 1300  -16.1  972.7    2.5  170.0   76.8  444.0
2021 338 12  4 1400  -16.5  972.3    3.4  178.0   77.0  444.0
2021 338 12  4 1500  -15.7  972.3    2.7  185.0   75.0  444.0
2021 338 12  4 1600  -15.8  972.3    3.7  191.0   77.0  444.0
2021 338 12  4 1700  -15.4  972.5    3.9  188.0   75.0  444.0
2021 338 12  4 1800  -15.0  972.5    4.0  182.0   75.0  444.0
2021 338 12  4 1900  -14.2  972.5    3.8  168.0   76.0  444.0
2021 338 12  4 2000  -13.3  972.5    3.3  168.0   76.0  444.0
2021 338 12  4 2100  -12.8  972.6    2.8  164.0   75.0  444.0
2021 338 12  4 2200  -12.3  972.6    2.0  146.0   73.0  444.0
2021 338 12  4 2300  -12.1  972.6    2.4  176.0   75.0  444.0
2021 339 12  5 0000  -11.4  972.7    1.8  135.0   73.0  444.0
2021 339 12  5 0100  444.0  972.8    1.4  110.0   72.0  444.0
2021 339 12  5 0200  444.0  972.7    1.2   82.0   71.0  444.0
2021 339 12  5 0300  444.0  972.6    1.1   69.0   71.0  444.0
2021 339 12  5 0400  444.0  972.5    1.3   84.0   73.0  444.0
2021 339 12  5 0500  -11.3  972.5    1.8  108.0   74.0  444.0
2021 339 12  5 0600  -11.9  972.6    1.9  103.0   74.6  444.0
2021 339 12  5 0700  -11.9  972.6    1.9  111.0   76.1  444.0
2021 339 12  5 0800  444.0  972.7    0.8  111.0   77.0  444.0
2021 339 12  5 0900  -10.9  972.7    1.9  144.0   80.0  444.0
2021 339 12  5 1000  -10.5  972.7    1.1  174.0   72.9  444.0
2021 339 12  5 1100  -10.6  972.6    1.4  200.0   75.0  444.0
2021 339 12  5 1200  -10.7  972.3    2.2  200.0   76.0  444.0
2021 339 12  5 1300  -10.5  972.2    2.0  197.0   76.0  444.0
2021 339 12  5 1400  -10.9  972.1    2.5  208.0   77.8  444.0
2021 339 12  5 1500  -11.1  972.0    2.5  194.0   77.4  444.0
2021 339 12  5 1600  -11.4  971.7    3.8  181.0   79.0  444.0
2021 339 12  5 1700  -11.6  971.6    3.6  185.0   80.0  444.0
2021 339 12  5 1800  -12.9  971.8    3.5  182.0   76.0  444.0
2021 339 12  5 1900  -12.8  971.6    3.7  183.0   74.4  444.0
2021 339 12  5 2000  -12.4  971.4    4.1  192.0   73.6  444.0
2021 339 12  5 2100  -11.5  971.5    4.4  188.0   72.0  444.0
2021 339 12  5 2200  -11.4  971.4    4.7  192.0   73.0  444.0
2021 339 12  5 2300  -10.5  971.2    4.3  194.0   73.0  444.0
2021 340 12  6 0000  -10.6  970.9    4.9  197.0   69.8  444.0
2021 340 12  6 0100  -10.5  970.5    4.4  205.0   69.1  444.0
2021 340 12  6 0200  -10.5  970.1    3.7  205.0   69.0  444.0
2021 340 12  6 0300  -10.3  969.7    2.7  220.0   70.0  444.0
2021 340 12  6 0400  -10.2  969.5    2.9  248.0   71.0  444.0
2021 340 12  6 0500  -10.1  969.0    2.6  262.0   72.4  444.0
2021 340 12  6 0600  -11.1  968.7    3.1  285.0   74.0  444.0
2021 340 12  6 0700  -11.6  968.2    3.6  275.0   76.1  444.0
2021 340 12  6 0800  -12.2  967.8    3.6  263.0   77.0  444.0
2021 340 12  6 0900  -13.4  967.6    2.4  253.0   78.0  444.0
2021 340 12  6 1000  -14.5  967.2    2.3  246.0   78.8  444.0
2021 340 12  6 1100  -15.3  966.8    2.6  245.0   79.0  444.0
2021 340 12  6 1200  -16.0  966.6    2.5  245.0   78.9  444.0
2021 340 12  6 1300  -16.5  966.3    3.2  241.0   79.4  444.0
2021 340 12  6 1400  -16.9  965.9    3.9  242.0   80.0  444.0
2021 340 12  6 1500  -17.1  965.8    3.1  218.0   78.0  444.0
2021 340 12  6 1600  -15.7  965.7    1.8  215.0   80.0  444.0
2021 340 12  6 1700  -15.3  965.6    2.2  235.0   73.9  444.0
2021 340 12  6 1800  444.0  965.6    0.5  200.0   72.0  444.0
2021 340 12  6 1900  444.0  965.5    0.0    0.0   69.0  444.0
2021 340 12  6 2000  444.0  965.3    1.1  273.0   69.0  444.0
2021 340 12  6 2100  -13.7  965.2    1.9  271.0   70.0  444.0
2021 340 12  6 2200  -12.6  965.1    1.7  243.0   65.3  444.0
2021 340 12  6 2300  -12.2  964.9    1.5  239.0   64.0  444.0
2021 341 12  7 0000  -12.0  964.9    1.4  249.0   74.9  444.0
2021 341 12  7 0100  -12.0  964.7    1.5  228.0   76.0  444.0
2021 341 12  7 0200  444.0  964.4    1.4  263.0   78.0  444.0
2021 341 12  7 0300  -11.8  964.3    2.0  252.0   76.2  444.0
2021 341 12  7 0400  -11.6  964.1    2.1  249.0   73.0  444.0
2021 341 12  7 0500  -11.6  963.9    1.7  252.0   73.2  444.0
2021 341 12  7 0600  444.0  963.8    1.4  226.0   83.0  444.0
2021 341 12  7 0700  -12.3  963.8    1.4  232.0   81.0  444.0
2021 341 12  7 0800  444.0  963.6    1.3  234.0   78.2  444.0
2021 341 12  7 0900  444.0  963.4    0.7  243.0   74.8  444.0
2021 341 12  7 1000  444.0  963.5    1.1  245.0   79.2  444.0
2021 341 12  7 1100  444.0  963.3    0.9  246.0   75.0  444.0
2021 341 12  7 1200  -16.0  963.1    1.8  249.0   76.0  444.0
2021 341 12  7 1300  -18.4  962.8    1.5  282.0   73.0  444.0
2021 341 12  7 1400  -18.2  962.5    1.9  243.0   74.2  444.0
2021 341 12  7 1500  444.0  962.2    1.2  284.0   69.8  444.0
2021 341 12  7 1600  444.0  961.7    1.2  299.0   69.0  444.0
2021 341 12  7 1700  444.0  961.7    1.5  306.0   72.0  444.0
2021 341 12  7 1800  444.0  961.5    0.2  307.0   68.0  444.0
2021 341 12  7 1900  444.0  961.3    1.2  313.0   70.0  444.0
2021 341 12  7 2000  444.0  961.1    0.7  358.0   70.0  444.0
2021 341 12  7 2100  444.0  961.1    0.3   50.0   66.0  444.0
2021 341 12  7 2200  444.0  960.8    1.0   18.0   70.0  444.0
2021 341 12  7 2300  -11.1  960.7    1.2    4.0   70.0  444.0
2021 342 12  8 0000  -10.4  960.5    1.9   12.0   73.0  444.0
2021 342 12  8 0100   -9.6  960.5    1.2   17.0   69.9  444.0
2021 342 12  8 0200   -9.6  960.3    2.4   16.0   72.4  444.0
2021 342 12  8 0300   -9.5  960.1    2.2  355.0   73.0  444.0
2021 342 12  8 0400  444.0  960.2    0.8   26.0   72.0  444.0
2021 342 12  8 0500  444.0  960.1    0.2   18.0   67.0  444.0
2021 342 12  8 0600  444.0  960.2    0.0    0.0   69.8  444.0
2021 342 12  8 0700  -10.5  960.4    1.7  128.0   79.0  444.0
2021 342 12  8 0800  444.0  960.4    1.1  147.0   80.0  444.0
2021 342 12  8 0900  444.0  960.4    0.9  157.0   83.0  444.0
2021 342 12  8 1000  -11.9  960.1    1.7  168.0   85.0  444.0
2021 342 12  8 1100  -13.3  960.1    2.2  179.0   79.0  444.0
2021 342 12  8 1200  -14.1  959.9    1.7  203.0   82.0  444.0
2021 342 12  8 1300  -17.2  959.9    2.6  202.0   79.0  444.0
2021 342 12  8 1400  -17.0  959.6    2.1  232.0   74.0  444.0
2021 342 12  8 1500  -17.1  959.3    3.5  231.0   74.0  444.0
2021 342 12  8 1600  -15.9  958.8    3.8  225.0   73.0  444.0
2021 342 12  8 1700  -15.3  958.4    4.5  206.0   74.0  444.0
2021 342 12  8 1800  -14.8  958.3    4.5  195.0   74.3  444.0
2021 342 12  8 1900  -14.1  957.9    4.6  200.0   74.0  444.0
2021 342 12  8 2000  -13.2  957.4    4.9  199.0   74.0  444.0
2021 342 12  8 2100  -12.3  957.0    5.7  192.0   74.0  444.0
2021 342 12  8 2200  -11.4  956.8    6.3  186.0   74.0  444.0
2021 342 12  8 2300  -11.8  956.6    8.8  165.0   74.7  444.0
2021 343 12  9 0000  -13.1  956.6    7.8  164.0   75.0  444.0
2021 343 12  9 0100  -12.4  956.3    7.8  174.0   77.0  444.0
2021 343 12  9 0200  -12.4  956.0    7.1  175.0   77.0  444.0
2021 343 12  9 0300  -12.1  955.7    5.6  175.0   74.4  444.0
2021 343 12  9 0400  -11.5  955.3    3.6  170.0   74.2  444.0
2021 343 12  9 0500  -11.1  955.0    5.0  168.0   74.0  444.0
2021 343 12  9 0600  -11.3  954.8    3.8  174.0   76.0  444.0
2021 343 12  9 0700  -11.7  954.7    3.1  191.0   75.0  444.0
2021 343 12  9 0800  -12.6  954.3    3.4  192.0   77.0  444.0
2021 343 12  9 0900  -13.7  954.1    3.6  181.0   82.0  444.0
2021 343 12  9 1000  -14.5  954.0    4.8  156.0   83.0  444.0
2021 343 12  9 1100  -13.8  953.8    7.1  155.0   84.0  444.0
2021 343 12  9 1200  -14.8  954.0    6.1  172.0   82.0  444.0
2021 343 12  9 1300  -13.7  953.6    7.0  170.0   83.0  444.0
2021 343 12  9 1400  -13.6  953.1    6.7  183.0   82.0  444.0
2021 343 12  9 1500  -13.0  952.5    4.1  198.0   84.0  444.0
2021 343 12  9 1600  -12.1  951.7    5.1  222.0   83.0  444.0
2021 343 12  9 1700  -10.1  951.1    8.4  190.0   83.3  444.0
2021 343 12  9 1800  -11.5  950.6    6.7  202.0   78.0  444.0
2021 343 12  9 1900  -11.0  950.2    7.5  198.0   77.0  444.0
2021 343 12  9 2000  -10.3  949.9    7.9  195.0   77.0  444.0
2021 343 12  9 2100   -9.3  949.5    8.8  193.0   78.0  444.0
2021 343 12  9 2200   -9.0  949.2    9.4  190.0   77.0  444.0
2021 343 12  9 2300   -8.4  948.9    9.7  186.0   77.0  444.0
2021 344 12 10 0000   -8.3  948.5   10.1  189.0   78.0  444.0
2021 344 12 10 0100   -7.8  948.4   11.4  185.0   79.9  444.0
2021 344 12 10 0200   -7.7  948.3   10.8  185.0   81.0  444.0
2021 344 12 10 0300   -7.5  948.4   11.2  180.0   82.0  444.0
2021 344 12 10 0400   -7.4  948.6   11.2  176.0   81.0  444.0
2021 344 12 10 0500   -7.5  948.8   11.3  178.0   82.0  444.0
2021 344 12 10 0600   -7.5  949.1   11.1  176.0   83.9  444.0
2021 344 12 10 0700   -7.6  949.3    9.4  174.0   87.0  444.0
2021 344 12 10 0800   -7.6  949.6   10.5  174.0   86.0  444.0
2021 344 12 10 0900   -7.6  949.9    9.3  175.0   87.0  444.0
2021 344 12 10 1000   -7.7  949.9   10.0  173.0   88.0  444.0
2021 344 12 10 1100   -7.7  950.1    9.5  173.0   88.0  444.0
2021 344 12 10 1200   -7.5  950.3    9.6  176.0   90.0  444.0
2021 344 12 10 1300   -7.5  950.5    9.9  183.0   89.9  444.0
2021 344 12 10 1400   -7.4  950.8    9.8  182.0   89.0  444.0
2021 344 12 10 1500   -7.6  950.7    9.8  175.0   89.0  444.0
2021 344 12 10 1600   -8.0  950.7   10.3  174.0   88.0  444.0
2021 344 12 10 1700   -7.9  950.9    9.6  178.0   87.0  444.0
2021 344 12 10 1800   -7.8  951.1    9.8  178.0   84.9  444.0
2021 344 12 10 1900   -7.6  951.5    9.5  182.0   82.0  444.0
2021 344 12 10 2000   -7.3  951.9    9.1  175.0   84.0  444.0
2021 344 12 10 2100   -7.3  951.9   10.5  175.0   82.0  444.0
2021 344 12 10 2200   -7.0  952.1    9.6  175.0   82.0  444.0
2021 344 12 10 2300   -6.8  952.2    9.9  176.0   81.1  444.0
2021 345 12 11 0000   -6.6  952.5   10.0  174.0   81.0  444.0
2021 345 12 11 0100   -6.6  952.5   10.8  177.0   80.0  444.0
2021 345 12 11 0200   -6.3  952.7    9.2  178.0   82.0  444.0
2021 345 12 11 0300   -6.2  952.6   10.5  175.0   82.0  444.0
2021 345 12 11 0400   -6.1  952.7    9.8  178.0   82.0  444.0
2021 345 12 11 0500   -5.9  952.7    9.2  175.0   82.0  444.0
2021 345 12 11 0600   -5.9  952.9   10.0  176.0   82.7  444.0
2021 345 12 11 0700   -5.9  953.0    8.6  178.0   87.0  444.0
2021 345 12 11 0800   -7.2  953.2    9.8  168.0   78.0  444.0
2021 345 12 11 0900   -9.3  953.8    9.5  158.0   87.0  444.0
2021 345 12 11 1000   -8.9  954.3    8.4  160.0   89.0  444.0
2021 345 12 11 1100   -9.3  955.0    8.4  151.0   86.4  444.0
2021 345 12 11 1200  -10.0  955.8    6.5  134.0   87.0  444.0
2021 345 12 11 1300  -10.9  956.4    5.3  153.0   87.0  444.0
2021 345 12 11 1400  -11.5  956.7    4.5  162.0   82.0  444.0
2021 345 12 11 1500  -12.3  957.0    3.2  162.0   79.0  444.0
2021 345 12 11 1600  -12.3  957.2    2.6  175.0   78.7  444.0
2021 345 12 11 1700  -10.8  957.4    3.4  151.0   82.0  444.0
2021 345 12 11 1800  -10.1  957.9    3.2  150.0   85.0  444.0
2021 345 12 11 1900   -9.9  958.3    4.3  137.0   88.0  444.0
2021 345 12 11 2000   -9.2  958.8    4.0  155.0   87.0  444.0
2021 345 12 11 2100   -9.1  959.2    5.5  151.0   79.2  444.0
2021 345 12 11 2200  -10.0  959.8    5.4  160.0   80.0  444.0
2021 345 12 11 2300   -9.6  960.2    4.6  169.0   79.4  444.0
2021 346 12 12 0000   -8.7  960.5    5.2  169.0   72.0  444.0
2021 346 12 12 0100   -8.9  960.8    5.0  162.0   76.0  444.0
2021 346 12 12 0200   -8.7  961.0    5.0  171.0   78.6  444.0
2021 346 12 12 0300   -8.8  961.4    5.3  171.0   75.0  444.0
2021 346 12 12 0400   -8.8  961.6    4.6  158.0   79.8  444.0
2021 346 12 12 0500   -8.7  962.0    3.5  166.0   78.0  444.0
2021 346 12 12 0600   -9.1  962.3    4.4  177.0   83.0  444.0
2021 346 12 12 0700   -8.8  962.6    4.4  176.0   82.4  444.0
2021 346 12 12 0800   -9.1  963.1    5.4  164.0   88.4  444.0
2021 346 12 12 0900   -9.7  963.6    4.3  176.0   87.7  444.0
2021 346 12 12 1000  -10.2  964.0    4.0  166.0   83.0  444.0
2021 346 12 12 1100  -11.2  964.4    3.7  165.0   82.0  444.0
2021 346 12 12 1200  -11.8  964.8    2.7  169.0   81.0  444.0
2021 346 12 12 1300  -12.9  965.0    2.9  167.0   80.7  444.0
2021 346 12 12 1400  -13.7  965.4    3.6  180.0   79.7  444.0
2021 346 12 12 1500  -13.9  965.9    4.1  168.0   78.0  444.0
2021 346 12 12 1600  -13.7  966.1    3.6  187.0   77.0  444.0
2021 346 12 12 1700  -13.2  966.3    4.6  187.0   77.0  444.0
2021 346 12 12 1800  -12.4  966.7    4.0  189.0   76.0  444.0
2021 346 12 12 1900  -11.8  967.2    4.1  195.0   75.8  444.0
2021 346 12 12 2000  -10.8  967.5    4.0  201.0   75.0  444.0
2021 346 12 12 2100  -10.0  967.6    3.8  204.0   75.0  444.0
2021 346 12 12 2200   -9.9  967.6    4.7  195.0   85.0  444.0
2021 346 12 12 2300   -8.0  967.5    4.2  190.0   87.0  444.0
2021 347 12 13 0000   -7.4  967.3    3.1  198.0   82.2  444.0
2021 347 12 13 0100   -6.8  967.3    4.2  196.0   79.0  444.0
2021 347 12 13 0200   -6.5  967.4    4.3  188.0   77.0  444.0
2021 347 12 13 0300   -6.6  967.5    5.1  181.0   79.0  444.0
2021 347 12 13 0400   -7.0  967.6    5.7  162.0   83.0  444.0
2021 347 12 13 0500   -7.4  968.1    5.5  154.0   85.9  444.0
2021 347 12 13 0600   -8.3  968.6    6.1  146.0   91.0  444.0
2021 347 12 13 0700   -8.9  969.1    6.3  154.0   92.0  444.0
2021 347 12 13 0800   -9.2  969.3    3.3  178.0   84.0  444.0
2021 347 12 13 0900   -9.8  969.3    4.5  208.0   83.0  444.0
2021 347 12 13 1000   -9.9  969.3    4.2  208.0   83.0  444.0
2021 347 12 13 1100  -10.4  969.2    4.4  214.0   83.0  444.0
2021 347 12 13 1200  -11.0  969.1    4.1  234.0   84.2  444.0
2021 347 12 13 1300  -11.0  969.0    4.5  223.0   84.0  444.0
2021 347 12 13 1400  -10.9  968.8    4.9  204.0   83.0  444.0
2021 347 12 13 1500  -10.7  968.7    5.2  201.0   82.0  444.0
2021 347 12 13 1600  -10.2  968.9    6.0  197.0   80.0  444.0
2021 347 12 13 1700   -9.7  969.0    6.3  190.0   78.8  444.0
2021 347 12 13 1800   -9.1  969.2    6.5  192.0   78.0  444.0
2021 347 12 13 1900   -8.5  969.6    7.0  192.0   77.0  444.0
2021 347 12 13 2000   -7.9  969.7    8.2  188.0   77.0  444.0
2021 347 12 13 2100   -7.3  969.7    9.4  188.0   77.0  444.0
2021 347 12 13 2200   -6.9  969.7   10.0  186.0   76.5  444.0
2021 347 12 13 2300   -6.6  969.7   11.3  187.0   77.0  444.0
2021 348 12 14 0000   -6.4  969.9   11.5  185.0   77.0  444.0
2021 348 12 14 0100   -6.1  970.0   11.2  184.0   79.0  444.0
2021 348 12 14 0200   -5.9  969.7   11.4  183.0   80.0  444.0
2021 348 12 14 0300   -6.0  969.5   11.8  180.0   81.5  444.0
2021 348 12 14 0400   -5.9  969.3   11.7  179.0   82.0  444.0
2021 348 12 14 0500   -6.0  969.3   11.6  177.0   85.0  444.0
2021 348 12 14 0600   -6.2  969.4   11.1  172.0   81.0  444.0
2021 348 12 14 0700   -6.2  969.7   10.0  167.0   85.0  444.0
2021 348 12 14 0800   -6.2  969.9   11.1  164.0   88.0  444.0
2021 348 12 14 0900   -6.3  970.2   10.9  173.0   90.0  444.0
2021 348 12 14 1000   -7.1  970.6   10.4  172.0   86.0  444.0
2021 348 12 14 1100   -7.5  970.9    9.6  176.0   85.3  444.0
2021 348 12 14 1200   -7.7  971.2    9.7  172.0   85.0  444.0
2021 348 12 14 1300   -8.0  971.5    9.9  176.0   84.0  444.0
2021 348 12 14 1400   -8.1  971.9    8.8  169.0   83.0  444.0
2021 348 12 14 1500   -8.2  972.0    9.0  174.0   82.0  444.0
2021 348 12 14 1600   -8.3  972.1    9.5  174.0   82.4  444.0
2021 348 12 14 1700   -8.0  972.3    9.9  173.0   82.0  444.0
2021 348 12 14 1800   -7.8  972.6    9.6  173.0   81.0  444.0
2021 348 12 14 1900   -7.5  972.8    9.7  169.0   79.7  444.0
2021 348 12 14 2000   -7.3  972.9    9.7  173.0   80.0  444.0
2021 348 12 14 2100   -7.1  972.7   10.0  175.0   80.0  444.0
2021 348 12 14 2200   -6.8  972.6   10.7  173.0   79.2  444.0
2021 348 12 14 2300   -6.6  972.7   10.9  168.0   79.0  444.0
2021 349 12 15 0000   -6.1  972.7   10.6  167.0   78.0  444.0
2021 349 12 15 0100   -6.0  972.7   10.3  165.0   79.0  444.0
2021 349 12 15 0200   -5.8  972.4    9.7  164.0   80.0  444.0
2021 349 12 15 0300   -5.8  972.5    9.4  164.0   80.8  444.0
2021 349 12 15 0400   -5.5  972.3    8.4  166.0   78.1  444.0
2021 349 12 15 0500   -5.4  972.6    9.1  164.0   80.0  444.0
2021 349 12 15 0600   -5.4  972.8    8.7  167.0   81.0  444.0
2021 349 12 15 0700   -5.4  972.9    8.6  170.0   81.0  444.0
2021 349 12 15 0800   -6.2  972.8    8.0  174.0   85.6  444.0
2021 349 12 15 0900   -6.2  972.9    7.7  182.0   86.0  444.0
2021 349 12 15 1000   -7.1  972.9    7.1  186.0   86.0  444.0
2021 349 12 15 1100   -7.5  972.7    6.4  182.0   86.0  444.0
2021 349 12 15 1200   -7.6  972.7    5.8  185.0   87.0  444.0
2021 349 12 15 1300   -7.7  972.7    6.5  186.0   85.0  444.0
2021 349 12 15 1400   -7.7  972.4    6.1  182.0   82.0  444.0
2021 349 12 15 1500   -7.6  972.3    6.5  181.0   83.0  444.0
2021 349 12 15 1600   -7.6  972.2    6.5  176.0   82.0  444.0
2021 349 12 15 1700   -7.1  972.4    6.9  179.0   81.0  444.0
2021 349 12 15 1800   -6.9  972.5    6.7  178.0   80.0  444.0
2021 349 12 15 1900   -6.7  972.5    7.6  173.0   80.0  444.0
2021 349 12 15 2000   -6.3  972.6    7.3  163.0   79.0  444.0
2021 349 12 15 2100   -6.0  972.6    7.1  166.0   79.0  444.0
2021 349 12 15 2200   -5.8  972.7    7.5  162.0   78.0  444.0
2021 349 12 15 2300   -5.5  972.8    7.6  159.0   78.0  444.0
2021 350 12 16 0000   -5.3  973.0    7.8  159.0   79.0  444.0
2021 350 12 16 0100   -5.1  973.1    6.9  154.0   78.0  444.0
2021 350 12 16 0200   -4.9  973.1    7.2  154.0   78.0  444.0
2021 350 12 16 0300   -4.6  973.3    6.3  167.0   78.0  444.0
2021 350 12 16 0400   -4.6  973.3    6.7  167.0   77.0  444.0
2021 350 12 16 0500   -4.7  973.3    5.3  171.0   80.0  444.0
2021 350 12 16 0600   -5.0  973.4    7.4  165.0   80.0  444.0
2021 350 12 16 0700   -5.1  973.4    6.3  178.0   83.0  444.0
2021 350 12 16 0800   -5.9  973.5    5.9  178.0   87.0  444.0
2021 350 12 16 0900   -6.6  973.6    5.3  179.0   89.0  444.0
2021 350 12 16 1000   -7.2  973.4    5.9  177.0   90.0  444.0
2021 350 12 16 1100   -7.8  973.4    5.3  182.0   89.0  444.0
2021 350 12 16 1200   -7.4  973.7    6.5  172.0   90.0  444.0
2021 350 12 16 1300   -6.8  973.6    6.1  176.0   89.0  444.0
2021 350 12 16 1400   -7.3  973.5    6.0  165.0   89.0  444.0
2021 350 12 16 1500   -7.4  973.1    6.9  179.0   88.0  444.0
2021 350 12 16 1600   -7.1  972.8    5.6  189.0   85.0  444.0
2021 350 12 16 1700   -7.1  972.5    6.9  184.0   83.0  444.0
2021 350 12 16 1800   -6.8  972.4    7.3  180.0   84.0  444.0
2021 350 12 16 1900   -6.4  972.1    7.7  174.0   79.0  444.0
2021 350 12 16 2000   -6.5  971.9    6.7  176.0   80.0  444.0
2021 350 12 16 2100   -6.5  971.6    7.0  173.0   79.0  444.0
2021 350 12 16 2200   -6.7  971.2    7.7  162.0   78.5  444.0
2021 350 12 16 2300   -7.0  971.1    6.6  158.0   79.0  444.0
2021 351 12 17 0000   -7.2  971.0    5.9  164.0   78.0  444.0
2021 351 12 17 0100   -7.0  970.6    5.5  152.0   78.0  444.0
2021 351 12 17 0200   -6.9  970.1    4.8  147.0   78.0  444.0
2021 351 12 17 0300   -6.6  969.9    4.3  144.0   79.9  444.0
2021 351 12 17 0400   -6.4  969.5    4.0  146.0   80.7  444.0
2021 351 12 17 0500   -6.6  969.2    3.9  141.0   80.0  444.0
2021 351 12 17 0600   -6.8  969.2    3.3  132.0   82.0  444.0
2021 351 12 17 0700   -7.2  969.1    3.1  167.0   84.9  444.0
2021 351 12 17 0800   -7.3  968.8    3.0  148.0   88.0  444.0
2021 351 12 17 0900   -7.4  968.6    3.2  138.0   89.0  444.0
2021 351 12 17 1000   -7.2  968.4    2.3  128.0   89.0  444.0
2021 351 12 17 1100   -7.1  968.5    2.7  143.0   86.0  444.0
2021 351 12 17 1200   -7.2  968.6    2.7  119.0   87.0  444.0
2021 351 12 17 1300   -7.1  968.6    2.7  126.0   84.0  444.0
2021 351 12 17 1400   -7.1  968.7    3.3  142.0   84.0  444.0
2021 351 12 17 1500   -7.3  968.9    2.2  170.0   86.1  444.0
2021 351 12 17 1600   -8.5  968.9    2.3  173.0   82.0  444.0
2021 351 12 17 1700   -9.6  969.2    2.1  183.0   79.0  444.0
2021 351 12 17 1800   -9.5  969.5    1.7  193.0   78.4  444.0
2021 351 12 17 1900   -9.3  969.8    2.0  196.0   77.0  444.0
2021 351 12 17 2000   -8.8  970.0    4.5  193.0   76.0  444.0
2021 351 12 17 2100   -7.8  970.1    3.8  192.0   75.0  444.0
2021 351 12 17 2200   -6.9  970.2    4.5  182.0   74.0  444.0
2021 351 12 17 2300   -6.1  970.2    4.9  180.0   73.0  444.0
2021 352 12 18 0000   -5.6  970.1    5.8  177.0   73.0  444.0
2021 352 12 18 0100   -5.4  970.2    6.9  174.0   72.7  444.0
2021 352 12 18 0200   -5.3  970.1    7.0  169.0   75.0  444.0
2021 352 12 18 0300   -5.2  970.1    7.6  172.0   76.0  444.0
2021 352 12 18 0400   -5.0  970.1    7.9  172.0   77.0  444.0
2021 352 12 18 0500   -5.4  970.1    6.7  170.0   77.0  444.0
2021 352 12 18 0600   -6.0  970.3    6.7  173.0   80.7  444.0
2021 352 12 18 0700   -6.6  970.4    6.5  163.0   79.0  444.0
2021 352 12 18 0800   -7.2  970.8    6.9  158.0   84.0  444.0
2021 352 12 18 0900   -7.6  971.1    7.5  157.0   88.0  444.0
2021 352 12 18 1000   -9.0  971.4    7.2  145.0   88.0  444.0
2021 352 12 18 1100   -9.3  971.9    6.9  160.0   87.5  444.0
2021 352 12 18 1200   -9.5  972.1    6.4  154.0   88.0  444.0
2021 352 12 18 1300   -9.9  972.2    6.6  158.0   89.0  444.0
2021 352 12 18 1400  -10.7  972.3    6.1  174.0   88.0  444.0
2021 352 12 18 1500  -10.1  972.2    5.8  176.0   88.0  444.0
2021 352 12 18 1600  -10.7  972.0    4.5  195.0   88.0  444.0
2021 352 12 18 1700   -9.4  971.4    6.6  204.0   90.0  444.0
2021 352 12 18 1800   -9.2  971.3    5.3  206.0   84.0  444.0
2021 352 12 18 1900   -8.8  971.1    6.1  200.0   82.0  444.0
2021 352 12 18 2000   -7.7  971.0    7.1  193.0   79.0  444.0
2021 352 12 18 2100   -7.0  970.6    7.8  192.0   78.6  444.0
2021 352 12 18 2200   -6.2  970.4    7.6  189.0   77.0  444.0
2021 352 12 18 2300   -5.3  970.2    8.4  186.0   76.0  444.0
2021 353 12 19 0000   -4.9  970.0    9.1  177.0   75.0  444.0
2021 353 12 19 0100   -4.7  969.8    8.9  176.0   76.0  444.0
2021 353 12 19 0200   -4.2  969.7    8.6  177.0   73.0  444.0
2021 353 12 19 0300   -3.7  969.5    8.1  179.0   75.0  444.0
2021 353 12 19 0400   -3.0  969.5    8.8  180.0   76.0  444.0
2021 353 12 19 0500   -2.7  969.3    9.2  176.0   76.0  444.0
2021 353 12 19 0600   -3.0  969.5    9.8  173.0   81.1  444.0
2021 353 12 19 0700   -3.1  969.9    8.7  178.0   81.0  444.0
2021 353 12 19 0800   -3.3  970.1    7.5  181.0   82.0  444.0
2021 353 12 19 0900   -3.4  970.1    8.0  177.0   81.0  444.0
2021 353 12 19 1000   -4.1  970.3    7.7  182.0   80.5  444.0
2021 353 12 19 1100   -4.7  970.3    7.5  186.0   83.5  444.0
2021 353 12 19 1200   -4.8  970.2    7.8  184.0   83.0  444.0
2021 353 12 19 1300   -4.9  970.2    7.5  183.0   83.0  444.0
2021 353 12 19 1400   -5.7  970.1    5.8  199.0   81.0  444.0
2021 353 12 19 1500   -5.6  970.2    4.9  167.0   80.5  444.0
2021 353 12 19 1600   -5.1  969.9    8.1  182.0   82.6  444.0
2021 353 12 19 1700   -4.8  969.9    8.3  182.0   82.0  444.0
2021 353 12 19 1800   -4.7  970.1    7.8  184.0   81.0  444.0
2021 353 12 19 1900   -4.4  970.0    7.7  190.0   79.8  444.0
2021 353 12 19 2000   -3.8  970.0    8.5  188.0   78.0  444.0
2021 353 12 19 2100   -3.2  969.9    8.6  183.0   75.4  444.0
2021 353 12 19 2200   -2.7  970.0   10.1  180.0   75.0  444.0
2021 353 12 19 2300   -2.5  970.0   10.1  176.0   75.2  444.0
2021 354 12 20 0000   -2.4  970.0   10.2  175.0   77.0  444.0
2021 354 12 20 0100   -2.4  970.0   10.6  175.0   76.0  444.0
2021 354 12 20 0200   -2.5  969.9   11.0  172.0   76.4  444.0
2021 354 12 20 0300   -2.5  970.2   10.0  171.0   78.5  444.0
2021 354 12 20 0400   -2.6  970.3   10.3  173.0   80.0  444.0
2021 354 12 20 0500   -2.7  970.7    9.6  174.0   81.0  444.0
2021 354 12 20 0600   -2.9  970.7    8.7  174.0   82.0  444.0
2021 354 12 20 0700   -3.1  970.8    8.2  178.0   82.7  444.0
2021 354 12 20 0800   -3.5  970.9    7.7  176.0   83.0  444.0
2021 354 12 20 0900   -3.8  970.9    7.3  176.0   82.8  444.0
2021 354 12 20 1000   -4.3  970.8    6.4  185.0   84.0  444.0
2021 354 12 20 1100   -4.6  970.9    6.2  174.0   83.7  444.0
2021 354 12 20 1200   -4.8  970.8    5.6  181.0   84.7  444.0
2021 354 12 20 1300   -5.5  970.9    5.5  176.0   90.0  444.0
2021 354 12 20 1400   -5.1  970.8    6.0  170.0   90.1  444.0
2021 354 12 20 1500   -5.4  970.8    6.9  157.0   89.0  444.0
2021 354 12 20 1600   -5.8  970.8    6.3  160.0   91.0  444.0
2021 354 12 20 1700   -6.0  971.1    6.3  174.0   86.0  444.0
2021 354 12 20 1800   -5.9  971.1    6.1  177.0   84.0  444.0
2021 354 12 20 1900   -6.1  971.3    6.0  173.0   80.7  444.0
2021 354 12 20 2000   -6.2  971.3    6.5  177.0   81.0  444.0
2021 354 12 20 2100   -6.0  971.2    7.6  181.0   83.0  444.0
2021 354 12 20 2200   -5.8  971.3    7.7  170.0   82.0  444.0
2021 354 12 20 2300   -5.8  971.2    8.9  155.0   80.0  444.0
2021 355 12 21 0000   -6.5  971.2    8.9  158.0   80.1  444.0
2021 355 12 21 0100   -5.8  971.3    8.6  140.0   80.0  444.0
2021 355 12 21 0200   -5.9  971.9    8.5  124.0   81.0  444.0
2021 355 12 21 0300   -5.7  972.1    7.4  129.0   80.0  444.0
2021 355 12 21 0400   -5.4  972.2    7.0  154.0   85.8  444.0
2021 355 12 21 0500   -4.5  972.2    8.3  140.0   89.2  444.0
2021 355 12 21 0600   -4.5  972.5    6.1  129.0   90.0  444.0
2021 355 12 21 0700   -4.3  972.7    6.1  130.0   93.0  444.0
2021 355 12 21 0800   -4.1  972.9    5.8  122.0   93.0  444.0
2021 355 12 21 0900   -4.3  973.1    5.3  131.0   92.7  444.0
2021 355 12 21 1000   -4.4  973.4    5.4  123.0   94.0  444.0
2021 355 12 21 1100   -4.5  973.6    4.3  119.0   93.0  444.0
2021 355 12 21 1200   -4.8  973.7    4.9  129.0   95.0  444.0
2021 355 12 21 1300   -4.9  973.8    4.7  124.0   94.0  444.0
2021 355 12 21 1400   -5.3  973.7    4.0  125.0   94.0  444.0
2021 355 12 21 1500   -5.6  973.6    4.0  130.0   93.1  444.0
2021 355 12 21 1600   -5.8  973.5    3.4  138.0   92.0  444.0
2021 355 12 21 1700   -5.7  973.5    2.9  130.0   91.0  444.0
2021 355 12 21 1800   -5.5  973.5    2.7  149.0   89.0  444.0
2021 355 12 21 1900   -4.5  973.4    3.0  145.0   82.8  444.0
2021 355 12 21 2000   -6.0  973.3    3.8  152.0   89.0  444.0
2021 355 12 21 2100   -6.1  973.2    3.1  146.0   89.0  444.0
2021 355 12 21 2200   -5.6  972.9    3.5  142.0   88.4  444.0
2021 355 12 21 2300   -4.9  973.0    2.7  148.0   88.0  444.0
2021 356 12 22 0000   -4.7  972.9    3.0  134.0   88.8  444.0
2021 356 12 22 0100   -4.4  972.6    1.6   96.0   87.0  444.0
2021 356 12 22 0200   -4.5  972.3    1.7  153.0   89.0  444.0
2021 356 12 22 0300  444.0  972.1    1.4  116.0   89.5  444.0
2021 356 12 22 0400   -4.6  971.8    1.7  152.0   90.0  444.0
2021 356 12 22 0500   -5.5  971.7    1.5  192.0   89.4  444.0
2021 356 12 22 0600   -6.1  971.6    2.0  155.0   91.0  444.0
2021 356 12 22 0700   -6.0  971.4    2.2  143.0   92.1  444.0
2021 356 12 22 0800   -5.8  971.2    1.7  139.0   93.0  444.0
2021 356 12 22 0900   -5.9  971.2    1.3  149.0   93.8  444.0
2021 356 12 22 1000   -6.1  971.0    1.0  134.0   94.4  444.0
2021 356 12 22 1100   -6.5  971.1    2.0  157.0   94.0  444.0
2021 356 12 22 1200   -6.3  970.9    1.4  160.0   94.6  444.0
2021 356 12 22 1300   -6.1  970.7    1.3  163.0   94.0  444.0
2021 356 12 22 1400   -6.1  970.6    0.5  164.0   94.0  444.0
2021 356 12 22 1500  444.0  970.5    0.6  201.0   94.0  444.0
2021 356 12 22 1600   -6.0  970.5    1.3  177.0   93.0  444.0
2021 356 12 22 1700   -6.3  970.5    2.4  200.0   92.5  444.0
2021 356 12 22 1800   -6.8  970.4    2.5  197.0   91.0  444.0
2021 356 12 22 1900   -6.4  970.4    1.5  190.0   90.0  444.0
2021 356 12 22 2000   -6.4  970.3    2.6  221.0   91.7  444.0
2021 356 12 22 2100   -6.0  970.3    1.7  197.0   89.0  444.0
2021 356 12 22 2200   -6.3  970.2    2.3  199.0   88.0  444.0
2021 356 12 22 2300   -6.5  970.1    2.2  237.0   90.0  444.0
2021 357 12 23 0000   -6.3  969.9    2.7  201.0   87.5  444.0
2021 357 12 23 0100   -6.8  969.5    2.7  245.0   89.0  444.0
2021 357 12 23 0200   -7.0  969.2    3.2  246.0   89.0  444.0
2021 357 12 23 0300   -7.4  969.1    3.0  233.0   89.0  444.0
2021 357 12 23 0400   -7.1  968.6    3.3  235.0   90.0  444.0
2021 357 12 23 0500   -7.2  968.5    3.4  247.0   90.3  444.0
2021 357 12 23 0600   -7.0  968.2    4.0  239.0   91.0  444.0
2021 357 12 23 0700   -7.4  967.9    3.6  249.0   92.0  444.0
2021 357 12 23 0800   -7.8  968.2    4.3  236.0   92.0  444.0
2021 357 12 23 0900   -7.7  968.0    2.7  241.0   93.0  444.0
2021 357 12 23 1000   -8.0  968.1    2.7  241.0   93.9  444.0
2021 357 12 23 1100   -7.6  968.1    3.5  236.0   93.0  444.0
2021 357 12 23 1200   -7.4  968.2    3.7  224.0   92.0  444.0
2021 357 12 23 1300   -7.5  968.0    4.0  237.0   91.5  444.0
2021 357 12 23 1400   -7.5  968.2    3.8  232.0   93.0  444.0
2021 357 12 23 1500   -7.5  968.5    4.2  227.0   91.7  444.0
2021 357 12 23 1600   -7.5  968.9    3.9  204.0   92.6  444.0
2021 357 12 23 1700   -7.0  969.0    4.5  201.0   92.0  444.0
2021 357 12 23 1800   -7.0  969.1    4.0  208.0   91.0  444.0
2021 357 12 23 1900   -6.6  969.2    5.5  198.0   91.0  444.0
2021 357 12 23 2000   -6.6  969.2    6.4  189.0   88.9  444.0
2021 357 12 23 2100   -7.0  969.5    6.2  198.0   88.2  444.0
2021 357 12 23 2200   -7.3  969.5    6.2  179.0   87.0  444.0
2021 357 12 23 2300   -7.2  969.8    5.4  195.0   86.0  444.0
2021 358 12 24 0000   -7.4  969.8    5.4  199.0   86.0  444.0
2021 358 12 24 0100   -7.3  969.8    5.2  198.0   85.8  444.0
2021 358 12 24 0200   -7.3  969.6    5.0  200.0   86.4  444.0
2021 358 12 24 0300   -7.3  969.6    3.5  193.0   86.0  444.0
2021 358 12 24 0400   -7.4  969.6    4.3  189.0   87.0  444.0
2021 358 12 24 0500   -7.4  969.8    2.4  165.0   87.0  444.0
2021 358 12 24 0600   -7.3  969.8    2.7  182.0   86.8  444.0
2021 358 12 24 0700   -7.1  969.9    1.7  196.0   87.0  444.0
2021 358 12 24 0800   -7.0  969.7    3.3  186.0   89.0  444.0
2021 358 12 24 0900   -7.3  969.7    3.5  206.0   86.2  444.0
2021 358 12 24 1000   -7.6  969.5    4.6  197.0   88.0  444.0
2021 358 12 24 1100   -7.9  969.3    2.9  204.0   88.0  444.0
2021 358 12 24 1200   -7.8  969.0    3.0  270.0   89.0  444.0
2021 358 12 24 1300   -7.5  968.6    4.6  267.0   90.7  444.0
2021 358 12 24 1400   -7.4  968.1    4.7  278.0   91.3  444.0
2021 358 12 24 1500   -6.6  968.0    4.4  246.0   90.0  444.0
2021 358 12 24 1600   -8.0  968.0    3.4  213.0   83.0  444.0
2021 358 12 24 1700   -7.9  967.8    4.4  186.0   83.0  444.0
2021 358 12 24 1800   -7.7  967.8    5.0  183.0   82.1  444.0
2021 358 12 24 1900   -7.4  967.9    3.4  186.0   81.0  444.0
2021 358 12 24 2000   -6.9  967.9    4.8  179.0   81.0  444.0
2021 358 12 24 2100   -6.3  967.9    4.7  180.0   80.0  444.0
2021 358 12 24 2200   -5.8  967.8    4.9  178.0   79.0  444.0
2021 358 12 24 2300   -5.4  967.9    5.2  179.0   77.8  444.0
2021 359 12 25 0000   -5.0  968.0    5.0  178.0   78.0  444.0
2021 359 12 25 0100   -4.6  967.7    5.4  178.0   77.0  444.0
2021 359 12 25 0200   -4.2  967.6    4.9  181.0   76.0  444.0
2021 359 12 25 0300   -4.0  967.6    4.8  184.0   77.0  444.0
2021 359 12 25 0400   -3.7  967.6    3.7  192.0   78.0  444.0
2021 359 12 25 0500   -3.7  967.6    4.2  189.0   77.0  444.0
2021 359 12 25 0600   -4.0  967.6    3.6  191.0   76.0  444.0
2021 359 12 25 0700   -4.6  967.6    3.7  206.0   77.0  444.0
2021 359 12 25 0800   -5.2  967.6    4.0  209.0   78.0  444.0
2021 359 12 25 0900   -6.0  967.5    3.7  206.0   79.0  444.0
2021 359 12 25 1000   -6.5  967.8    3.9  202.0   82.0  444.0
2021 359 12 25 1100   -7.6  968.0    3.6  199.0   84.0  444.0
2021 359 12 25 1200   -8.9  968.2    3.3  185.0   84.0  444.0
2021 359 12 25 1300   -8.3  968.4    4.5  159.0   91.9  444.0
2021 359 12 25 1400  -10.2  968.6    5.0  163.0   89.0  444.0
2021 359 12 25 1500  -10.0  969.0    3.9  174.0   81.0  444.0
2021 359 12 25 1600  -10.0  969.4    2.9  163.0   86.0  444.0
2021 359 12 25 1700   -9.2  969.5    5.6  166.0   86.0  444.0
2021 359 12 25 1800   -8.6  969.5    5.6  176.0   82.0  444.0
2021 359 12 25 1900   -8.0  969.6    5.3  199.0   78.0  444.0
2021 359 12 25 2000   -7.2  969.5    6.9  183.0   78.0  444.0
2021 359 12 25 2100   -6.9  969.6    7.2  175.0   80.0  444.0
2021 359 12 25 2200   -6.9  969.8    6.8  174.0   81.0  444.0
2021 359 12 25 2300   -7.0  969.9    6.8  176.0   80.0  444.0
2021 360 12 26 0000   -6.9  970.0    6.9  169.0   79.3  444.0
2021 360 12 26 0100   -6.7  969.9    6.4  161.0   77.0  444.0
2021 360 12 26 0200   -6.5  970.0    3.9  158.0   75.0  444.0
2021 360 12 26 0300   -6.6  970.1    5.1  181.0   80.7  444.0
2021 360 12 26 0400   -6.7  970.0    4.8  181.0   83.0  444.0
2021 360 12 26 0500   -6.8  969.9    4.0  178.0   83.0  444.0
2021 360 12 26 0600   -6.8  969.8    3.3  183.0   84.3  444.0
2021 360 12 26 0700   -6.9  969.7    3.4  169.0   85.0  444.0
2021 360 12 26 0800   -7.2  969.7    3.4  182.0   89.0  444.0
2021 360 12 26 0900   -7.3  969.6    2.9  192.0   91.0  444.0
2021 360 12 26 1000   -7.5  969.6    2.6  192.0   91.0  444.0
2021 360 12 26 1100   -7.7  969.5    3.1  200.0   91.8  444.0
2021 360 12 26 1200   -7.8  969.5    2.9  207.0   91.0  444.0
2021 360 12 26 1300   -8.0  969.4    3.0  204.0   91.0  444.0
2021 360 12 26 1400   -8.0  969.1    3.9  211.0   91.0  444.0
2021 360 12 26 1500   -7.8  968.8    4.0  198.0   88.0  444.0
2021 360 12 26 1600   -7.9  968.7    3.4  200.0   88.8  444.0
2021 360 12 26 1700   -7.8  968.6    3.5  190.0   88.0  444.0
2021 360 12 26 1800   -7.9  968.7    3.1  192.0   88.0  444.0
2021 360 12 26 1900   -7.7  968.5    2.4  185.0   86.0  444.0
2021 360 12 26 2000   -7.6  968.5    1.2  153.0   84.7  444.0
2021 360 12 26 2100   -8.0  968.6    2.3   84.0   82.4  444.0
2021 360 12 26 2200   -8.0  968.9    4.1  112.0   84.0  444.0
2021 360 12 26 2300   -8.3  969.3    4.0  137.0   84.0  444.0
2021 361 12 27 0000   -8.5  969.3    4.6  130.0   83.0  444.0
2021 361 12 27 0100   -8.2  969.3    3.9  130.0   83.5  444.0
2021 361 12 27 0200   -7.7  969.2    3.8  118.0   80.9  444.0
2021 361 12 27 0300   -7.6  969.3    2.9  145.0   80.0  444.0
2021 361 12 27 0400   -7.0  969.1    2.3  154.0   71.4  444.0
2021 361 12 27 0500   -7.3  969.2    3.7  183.0   75.0  444.0
2021 361 12 27 0600   -7.1  969.1    2.8  181.0   81.0  444.0
2021 361 12 27 0700   -7.5  969.0    2.4  178.0   85.0  444.0
2021 361 12 27 0800   -8.2  968.8    1.6  164.0   89.0  444.0
2021 361 12 27 0900   -7.8  968.8    2.6  181.0   81.8  444.0
2021 361 12 27 1000   -8.9  968.6    3.5  204.0   80.0  444.0
2021 361 12 27 1100   -9.3  968.7    2.5  184.0   81.0  444.0
2021 361 12 27 1200  -10.2  968.6    2.9  192.0   84.0  444.0
2021 361 12 27 1300  -10.9  968.6    2.7  181.0   83.2  444.0
2021 361 12 27 1400  -11.7  968.5    2.7  174.0   81.1  444.0
2021 361 12 27 1500  -12.5  968.3    3.7  201.0   82.0  444.0
2021 361 12 27 1600  -12.3  968.2    3.5  192.0   83.0  444.0
2021 361 12 27 1700  -10.9  968.2    4.8  155.0   83.0  444.0
2021 361 12 27 1800  -11.6  968.3    4.7  170.0   84.1  444.0
2021 361 12 27 1900  -11.1  968.2    4.2  172.0   86.8  444.0
2021 361 12 27 2000   -9.5  967.9    5.7  173.0   83.0  444.0
2021 361 12 27 2100   -8.9  967.9    6.5  176.0   84.0  444.0
2021 361 12 27 2200   -7.8  967.8    7.0  172.0   84.0  444.0
2021 361 12 27 2300   -7.2  967.9    7.4  164.0   83.4  444.0
2021 362 12 28 0000   -6.7  967.7    7.9  157.0   79.9  444.0
2021 362 12 28 0100   -6.7  967.5    7.9  158.0   84.0  444.0
2021 362 12 28 0200   -6.8  967.3    6.9  158.0   88.0  444.0
2021 362 12 28 0300   -5.8  967.1    5.4  162.0   87.0  444.0
2021 362 12 28 0400   -4.3  967.1    3.2  164.0   84.8  444.0
2021 362 12 28 0500   -3.2  967.2    3.7   91.0   86.0  444.0
2021 362 12 28 0600   -4.8  967.3    3.0  102.0   84.0  444.0
2021 362 12 28 0700   -5.7  967.3    3.1  129.0   84.6  444.0
2021 362 12 28 0800   -6.6  967.5    3.4  132.0   86.0  444.0
2021 362 12 28 0900   -7.2  967.6    3.2  138.0   87.0  444.0
2021 362 12 28 1000   -8.5  967.7    3.4  138.0   87.0  444.0
2021 362 12 28 1100   -9.3  967.8    3.6  136.0   86.0  444.0
2021 362 12 28 1200  -11.0  968.0    3.5  152.0   85.0  444.0
2021 362 12 28 1300  -11.0  968.2    4.2  144.0   86.0  444.0
2021 362 12 28 1400  -11.3  968.1    4.8  153.0   94.0  444.0
2021 362 12 28 1500  -10.4  968.1    6.0  141.0   91.0  444.0
2021 362 12 28 1600   -9.6  968.2    5.5  135.0   90.0  444.0
2021 362 12 28 1700  -10.2  968.4    5.7  129.0   89.8  444.0
2021 362 12 28 1800   -9.1  968.6    5.1  130.0   89.0  444.0
2021 362 12 28 1900   -8.8  968.8    5.4  131.0   89.0  444.0
2021 362 12 28 2000   -8.3  968.9    4.2  134.0   89.0  444.0
2021 362 12 28 2100   -8.1  969.2    5.0  129.0   88.0  444.0
2021 362 12 28 2200   -6.9  969.4    4.4  142.0   90.0  444.0
2021 362 12 28 2300   -5.8  969.6    4.6  134.0   90.2  444.0
2021 363 12 29 0000   -5.3  969.7    5.2  140.0   91.0  444.0
2021 363 12 29 0100   -4.3  970.0    4.8  123.0   89.0  444.0
2021 363 12 29 0200   -4.5  970.2    5.1  132.0   89.0  444.0
2021 363 12 29 0300   -5.6  970.3    5.7  134.0   89.0  444.0
2021 363 12 29 0400   -5.9  970.4    5.3  133.0   90.3  444.0
2021 363 12 29 0500   -6.3  970.7    5.2  126.0   91.2  444.0
2021 363 12 29 0600   -6.5  971.1    5.1  132.0   92.0  444.0
2021 363 12 29 0700   -6.5  971.3    4.5  121.0   92.0  444.0
2021 363 12 29 0800   -7.0  971.6    4.2  142.0   92.8  444.0
2021 363 12 29 0900   -7.6  971.8    4.7  144.0   93.1  444.0
2021 363 12 29 1000   -8.0  972.3    4.0  135.0   93.0  444.0
2021 363 12 29 1100   -8.5  972.8    4.0  148.0   93.0  444.0
2021 363 12 29 1200   -8.3  973.1    4.2  158.0   93.0  444.0
2021 363 12 29 1300   -8.6  973.1    4.2  162.0   93.0  444.0
2021 363 12 29 1400   -8.7  973.2    4.3  136.0   93.0  444.0
2021 363 12 29 1500   -8.8  973.4    4.4  150.0   93.0  444.0
2021 363 12 29 1600   -8.3  973.6    5.3  152.0   90.0  444.0
2021 363 12 29 1700   -7.9  973.8    5.7  155.0   90.0  444.0
2021 363 12 29 1800   -7.5  974.0    6.1  149.0   90.0  444.0
2021 363 12 29 1900   -7.3  974.2    6.2  157.0   88.0  444.0
2021 363 12 29 2000   -7.0  974.3    6.0  152.0   87.0  444.0
2021 363 12 29 2100   -6.5  974.4    5.9  152.0   85.8  444.0
2021 363 12 29 2200   -6.1  974.4    7.0  167.0   84.0  444.0
2021 363 12 29 2300   -6.5  974.3    7.9  178.0   83.0  444.0
2021 364 12 30 0000   -7.0  974.3    8.1  177.0   82.0  444.0
2021 364 12 30 0100   -7.4  974.5    7.3  165.0   79.0  444.0
2021 364 12 30 0200   -7.9  974.5    7.1  168.0   79.8  444.0
2021 364 12 30 0300   -7.5  974.7    6.5  166.0   84.0  444.0
2021 364 12 30 0400   -7.1  974.5    7.7  160.0   84.0  444.0
2021 364 12 30 0500   -7.3  974.6    7.5  166.0   85.0  444.0
2021 364 12 30 0600   -8.1  974.8    7.7  165.0   87.0  444.0
2021 364 12 30 0700   -8.2  975.0    6.8  158.0   83.7  444.0
2021 364 12 30 0800   -8.4  975.0    6.8  163.0   89.0  444.0
2021 364 12 30 0900   -8.5  975.1    4.1  181.0   86.0  444.0
2021 364 12 30 1000   -9.6  975.2    5.1  190.0   86.0  444.0
2021 364 12 30 1100   -9.9  975.3    5.4  188.0   87.0  444.0
2021 364 12 30 1200  -10.4  975.6    5.0  186.0   86.9  444.0
2021 364 12 30 1300  -10.9  975.7    4.7  194.0   87.0  444.0
2021 364 12 30 1400  -10.6  975.8    5.1  194.0   89.0  444.0
2021 364 12 30 1500  -10.5  975.7    5.1  191.0   85.0  444.0
2021 364 12 30 1600  -10.7  975.7    5.6  197.0   85.0  444.0
2021 364 12 30 1700  -11.1  975.9    4.5  192.0   84.1  444.0
2021 364 12 30 1800  -11.0  976.1    4.8  194.0   81.0  444.0
2021 364 12 30 1900  -10.3  976.3    4.1  190.0   80.0  444.0
2021 364 12 30 2000   -9.7  976.2    4.9  188.0   80.0  444.0
2021 364 12 30 2100   -9.3  976.4    5.7  191.0   80.0  444.0
2021 364 12 30 2200   -8.8  976.4    5.5  197.0   79.7  444.0
2021 364 12 30 2300   -8.3  976.3    6.3  204.0   78.6  444.0
2021 365 12 31 0000   -7.9  976.6    5.9  199.0   78.7  444.0
2021 365 12 31 0100   -7.5  976.5    6.3  196.0   79.0  444.0
2021 365 12 31 0200   -7.1  976.3    6.2  200.0   78.4  444.0
2021 365 12 31 0300   -7.0  976.2    6.2  191.0   79.4  444.0
2021 365 12 31 0400   -6.7  976.1    5.5  191.0   80.0  444.0
2021 365 12 31 0500   -6.7  976.0    5.0  194.0   80.9  444.0
2021 365 12 31 0600   -7.0  976.1    4.6  189.0   82.0  444.0
2021 365 12 31 0700   -7.3  976.0    4.3  197.0   82.0  444.0
2021 365 12 31 0800   -7.9  976.0    3.6  197.0   83.0  444.0
2021 365 12 31 0900   -8.7  975.9    3.9  200.0   84.0  444.0
2021 365 12 31 1000   -9.4  975.9    3.5  195.0   83.9  444.0
2021 365 12 31 1100  -10.4  976.0    3.1  215.0   86.4  444.0
2021 365 12 31 1200  -11.5  976.2    2.9  210.0   86.0  444.0
2021 365 12 31 1300  -12.1  976.1    2.8  203.0   84.0  444.0
2021 365 12 31 1400  -12.7  976.0    3.1  200.0   84.0  444.0
2021 365 12 31 1500  -12.8  975.9    2.4  212.0   82.0  444.0
2021 365 12 31 1600  -12.6  975.9    2.6  212.0   81.8  444.0
2021 365 12 31 1700  -12.7  975.9    2.2  210.0   78.0  444.0
2021 365 12 31 1800  -12.0  975.9    2.4  202.0   85.0  444.0
2021 365 12 31 1900  -11.6  976.1    2.6  209.0   84.0  444.0
2021 365 12 31 2000  -11.1  976.3    2.3  189.0   80.2  444.0
2021 365 12 31 2100   -9.9  976.6    1.7  212.0   79.0  444.0
2021 365 12 31 2200  444.0  976.8    1.3  218.0   76.0  444.0
2021 365 12 31 2300  444.0  977.0    1.0  205.0   76.0  444.0
