Year: 2022  Month: 02  ID: GIL  ARGOS:  8911  Name: Gill                
Lat: 79.88S  Lon: 178.57W  Elev:   53m
2022  32  2  1 0000   -6.6  976.5    3.7   43.0   88.0  444.0
2022  32  2  1 0100   -6.0  976.8    2.9   61.0   87.0  444.0
2022  32  2  1 0200   -5.7  977.0    1.9  109.0   87.3  444.0
2022  32  2  1 0300   -5.2  977.1    1.6   92.0   91.0  444.0
2022  32  2  1 0400   -3.4  977.1    4.3   29.0   96.7  444.0
2022  32  2  1 0500   -2.8  977.7    8.4   35.0   97.0  444.0
2022  32  2  1 0600   -2.8  978.6    7.7   39.0   97.0  444.0
2022  32  2  1 0700   -2.9  979.1    7.5   36.0   98.1  444.0
2022  32  2  1 0800   -3.0  979.8    7.5   35.0   97.0  444.0
2022  32  2  1 0900   -3.5  980.5    7.3   38.0   97.8  444.0
2022  32  2  1 1000   -4.3  981.2    6.1   52.0   97.0  444.0
2022  32  2  1 1100   -5.2  981.7    5.9   59.0   98.0  444.0
2022  32  2  1 1200   -5.1  982.3    4.8   69.0   99.0  444.0
2022  32  2  1 1300   -4.9  982.7    5.2   79.0   98.0  444.0
2022  32  2  1 1400   -5.4  982.9    5.8   93.0   98.2  444.0
2022  32  2  1 1500   -5.5  983.1    6.4   89.0   97.0  444.0
2022  32  2  1 1600   -5.7  983.3    5.8   92.0   97.0  444.0
2022  32  2  1 1700   -6.0  983.6    5.8  101.0   96.0  444.0
2022  32  2  1 1800   -5.4  984.0    5.5   93.0   95.0  444.0
2022  32  2  1 1900   -4.4  984.3    5.2   86.0   95.1  444.0
2022  32  2  1 2000   -3.6  984.8    5.2   73.0   96.0  444.0
2022  32  2  1 2100   -3.5  985.3    4.4   60.0   95.0  444.0
2022  32  2  1 2200   -3.5  985.9    4.6   57.0   93.0  444.0
2022  32  2  1 2300   -3.9  986.3    3.6   71.0   94.0  444.0
2022  33  2  2 0000   -4.8  986.6    3.1   81.0   94.0  444.0
2022  33  2  2 0100   -3.7  986.9    3.7   83.0   86.0  444.0
2022  33  2  2 0200   -4.3  987.2    3.4   87.0   91.7  444.0
2022  33  2  2 0300   -4.2  987.4    4.4   87.0   89.0  444.0
2022  33  2  2 0400   -4.5  987.5    4.2   73.0   91.0  444.0
2022  33  2  2 0500   -4.2  987.6    4.1   80.0   86.3  444.0
2022  33  2  2 0600   -4.8  988.0    3.9   88.0   91.0  444.0
2022  33  2  2 0700   -5.5  988.3    2.1   95.0   94.2  444.0
2022  33  2  2 0800   -6.0  988.3    2.9   88.0   97.0  444.0
2022  33  2  2 0900   -7.3  988.4    2.8   91.0   96.0  444.0
2022  33  2  2 1000   -8.1  988.4    3.1   97.0   95.0  444.0
2022  33  2  2 1100   -9.3  988.4    2.8   97.0   96.0  444.0
2022  33  2  2 1200  -10.9  988.6    1.6  123.0   95.1  444.0
2022  33  2  2 1300  444.0  988.6    1.1  119.0   96.0  444.0
2022  33  2  2 1400  -10.3  988.6    1.9  133.0   94.0  444.0
2022  33  2  2 1500   -9.6  988.4    2.6  108.0   94.0  444.0
2022  33  2  2 1600  444.0  988.3    1.0   75.0   95.0  444.0
2022  33  2  2 1700  444.0  988.2    1.0   31.0   94.2  444.0
2022  33  2  2 1800  444.0  988.0    0.4  250.0   92.0  444.0
2022  33  2  2 1900  444.0  987.9    0.0    0.0   90.0  444.0
2022  33  2  2 2000  444.0  987.7    0.3   33.0   91.0  444.0
2022  33  2  2 2100   -8.1  987.7    1.5   47.0   88.0  444.0
2022  33  2  2 2200   -7.3  987.4    1.7    4.0   87.1  444.0
2022  33  2  2 2300  444.0  987.5    1.4  330.0   87.0  444.0
2022  34  2  3 0000   -5.9  987.0    1.9  337.0   88.0  444.0
2022  34  2  3 0100   -5.6  986.7    2.2  323.0   90.0  444.0
2022  34  2  3 0200   -5.2  986.2    2.7  285.0   92.5  444.0
2022  34  2  3 0300   -5.0  985.9    2.5  287.0   94.0  444.0
2022  34  2  3 0400   -4.7  985.2    2.0  282.0   95.0  444.0
2022  34  2  3 0500   -4.9  984.8    2.6  270.0   95.0  444.0
2022  34  2  3 0600   -5.5  984.5    3.4  262.0   96.0  444.0
2022  34  2  3 0700   -5.6  984.2    2.9  264.0   97.0  444.0
2022  34  2  3 0800   -5.2  983.8    3.9  255.0   97.2  444.0
2022  34  2  3 0900   -5.4  983.3    3.4  224.0   97.0  444.0
2022  34  2  3 1000   -7.1  983.2    4.8  202.0   97.0  444.0
2022  34  2  3 1100   -9.8  983.0    5.5  188.0   99.0  444.0
2022  34  2  3 1200  -10.4  982.7    5.0  212.0   98.0  444.0
2022  34  2  3 1300   -9.4  981.9    5.4  226.0   98.0  444.0
2022  34  2  3 1400   -9.0  981.4    6.8  225.0   96.0  444.0
2022  34  2  3 1500   -9.2  980.8    6.4  216.0   93.4  444.0
2022  34  2  3 1600  -12.5  980.5    6.5  212.0   87.0  444.0
2022  34  2  3 1700  -13.2  980.4    6.9  201.0   85.0  444.0
2022  34  2  3 1800  -13.4  980.0    5.7  222.0   87.0  444.0
2022  34  2  3 1900  -14.9  979.7    5.2  227.0   83.9  444.0
2022  34  2  3 2000  -15.3  978.6    3.3  244.0   81.3  444.0
2022  34  2  3 2100  -14.5  978.0    2.6  264.0   83.0  444.0
2022  34  2  3 2200  -14.2  977.2    1.2  280.0   82.0  444.0
2022  34  2  3 2300  444.0  976.7    0.2  304.0   83.0  444.0
2022  35  2  4 0000  444.0  976.5    0.4   14.0   81.4  444.0
2022  35  2  4 0100  -12.6  976.5    2.9  116.0   82.0  444.0
2022  35  2  4 0200  -12.7  976.7    4.0  128.0   83.0  444.0
2022  35  2  4 0300  -11.5  976.7    4.8  153.0   83.0  444.0
2022  35  2  4 0400  -10.0  976.7    5.8  158.0   79.0  444.0
2022  35  2  4 0500   -9.6  976.7    6.0  157.0   83.0  444.0
2022  35  2  4 0600  -10.3  976.8    5.6  164.0   81.2  444.0
2022  35  2  4 0700  -14.1  977.1    4.7  173.0   81.9  444.0
2022  35  2  4 0800  -13.9  977.2    4.9  169.0   84.0  444.0
2022  35  2  4 0900  -11.5  977.5    5.6  148.0   91.0  444.0
2022  35  2  4 1000  -11.5  977.7    4.9  146.0   91.0  444.0
2022  35  2  4 1100  -11.9  977.8    6.2  174.0   91.0  444.0
2022  35  2  4 1200  -12.2  978.0    6.1  166.0   91.4  444.0
2022  35  2  4 1300  -11.7  978.1    6.3  174.0   91.0  444.0
2022  35  2  4 1400  -11.7  978.0    6.0  182.0   91.0  444.0
2022  35  2  4 1500  -11.1  977.7    6.8  184.0   92.0  444.0
2022  35  2  4 1600   -9.9  977.3    7.9  169.0   92.0  444.0
2022  35  2  4 1700   -9.3  977.4    7.0  134.0   92.0  444.0
2022  35  2  4 1800   -9.3  977.6    6.9  141.0   92.0  444.0
2022  35  2  4 1900   -9.3  977.9    6.1  161.0   91.0  444.0
2022  35  2  4 2000   -9.6  977.7    8.2  156.0   89.0  444.0
2022  35  2  4 2100  -10.8  977.7    8.0  166.0   86.0  444.0
2022  35  2  4 2200  -11.1  977.5    6.6  157.0   84.9  444.0
2022  35  2  4 2300  -10.7  977.2    7.0  164.0   85.0  444.0
2022  36  2  5 0000  -11.3  977.1    8.1  174.0   84.0  444.0
2022  36  2  5 0100  -11.3  976.9    7.0  172.0   84.0  444.0
2022  36  2  5 0200  -11.0  976.3    7.1  176.0   83.0  444.0
2022  36  2  5 0300  -10.9  976.1    6.4  180.0   83.9  444.0
2022  36  2  5 0400  -10.9  975.9    6.2  180.0   85.0  444.0
2022  36  2  5 0500  -10.8  975.8    4.9  177.0   86.0  444.0
2022  36  2  5 0600  -10.9  975.6    4.1  184.0   87.3  444.0
2022  36  2  5 0700  -11.0  975.5    3.6  175.0   89.0  444.0
2022  36  2  5 0800  -11.0  975.4    4.4  149.0   89.0  444.0
2022  36  2  5 0900  -11.1  975.3    3.3  168.0   90.0  444.0
2022  36  2  5 1000  -11.1  975.2    2.6  186.0   91.0  444.0
2022  36  2  5 1100  -11.2  974.9    3.4  189.0   91.2  444.0
2022  36  2  5 1200  -11.2  974.9    2.8  188.0   91.0  444.0
2022  36  2  5 1300  -11.1  974.7    2.0  180.0   93.0  444.0
2022  36  2  5 1400  -11.3  974.7    5.0   73.0   95.0  444.0
2022  36  2  5 1500  -11.3  974.9    1.8   94.0   95.0  444.0
2022  36  2  5 1600  -11.5  975.1    1.9  145.0   93.0  444.0
2022  36  2  5 1700  -11.2  975.2    2.5  166.0   92.0  444.0
2022  36  2  5 1800  -10.3  975.1    4.5  147.0   92.0  444.0
2022  36  2  5 1900  -10.2  974.8    6.6  146.0   91.0  444.0
2022  36  2  5 2000   -9.7  974.8    6.8  134.0   90.0  444.0
2022  36  2  5 2100   -9.4  974.8    6.0  131.0   88.0  444.0
2022  36  2  5 2200   -9.4  975.1    6.3  138.0   87.0  444.0
2022  36  2  5 2300   -9.6  975.1    5.3  143.0   87.0  444.0
2022  37  2  6 0000   -9.1  975.0    5.2  141.0   87.0  444.0
2022  37  2  6 0100   -9.3  974.9    5.4  152.0   87.1  444.0
2022  37  2  6 0200   -9.0  975.1    4.5  150.0   87.0  444.0
2022  37  2  6 0300   -8.7  975.1    4.2  142.0   86.0  444.0
2022  37  2  6 0400   -8.7  975.1    3.8  149.0   86.9  444.0
2022  37  2  6 0500   -8.9  975.2    3.4  158.0   88.0  444.0
2022  37  2  6 0600   -8.9  975.1    4.5  160.0   90.1  444.0
2022  37  2  6 0700   -8.8  974.9    5.0  155.0   94.0  444.0
2022  37  2  6 0800   -9.3  974.9    5.0  155.0   95.0  444.0
2022  37  2  6 0900   -9.2  974.8    5.0  151.0   95.0  444.0
2022  37  2  6 1000   -9.1  974.9    4.0  144.0   96.0  444.0
2022  37  2  6 1100   -9.0  975.0    5.3  134.0  100.0  444.0
2022  37  2  6 1200  -10.2  975.0    6.1  135.0   96.0  444.0
2022  37  2  6 1300  -12.2  975.1    5.5  156.0   91.0  444.0
2022  37  2  6 1400  -11.8  975.0    6.3  154.0   93.0  444.0
2022  37  2  6 1500  -12.1  974.7    7.0  152.0   92.0  444.0
2022  37  2  6 1600  -12.0  974.7    7.3  151.0   92.0  444.0
2022  37  2  6 1700  -11.8  974.8    7.0  147.0   91.0  444.0
2022  37  2  6 1800  -11.8  974.7    7.5  162.0   90.0  444.0
2022  37  2  6 1900  -12.4  975.0    6.8  154.0   89.0  444.0
2022  37  2  6 2000  -13.1  975.3    8.0  158.0   87.2  444.0
2022  37  2  6 2100  -13.2  975.2    7.4  162.0   84.0  444.0
2022  37  2  6 2200  -13.0  975.5    6.2  155.0   80.0  444.0
2022  37  2  6 2300  -13.2  975.6    5.6  158.0   83.0  444.0
2022  38  2  7 0000  -13.7  975.7    5.8  168.0   83.0  444.0
2022  38  2  7 0100  -14.6  975.8    5.3  174.0   82.3  444.0
2022  38  2  7 0200  -13.5  975.8    5.1  161.0   77.0  444.0
2022  38  2  7 0300  -13.4  976.0    4.9  168.0   75.0  444.0
2022  38  2  7 0400  -13.5  976.2    3.7  153.0   75.7  444.0
2022  38  2  7 0500  -14.2  976.1    3.4  169.0   77.0  444.0
2022  38  2  7 0600  -15.2  976.3    3.3  191.0   77.0  444.0
2022  38  2  7 0700  -16.0  976.3    3.1  202.0   78.0  444.0
2022  38  2  7 0800  -16.2  976.1    2.3  226.0   80.0  444.0
2022  38  2  7 0900  -17.7  976.0    2.3  269.0   80.0  444.0
2022  38  2  7 1000  -19.5  976.0    2.1  288.0   80.0  444.0
2022  38  2  7 1100  -20.2  975.8    2.9  279.0   82.0  444.0
2022  38  2  7 1200  -20.6  975.5    2.9  266.0   81.0  444.0
2022  38  2  7 1300  -20.8  975.4    3.4  264.0   81.0  444.0
2022  38  2  7 1400  -20.6  974.9    3.9  260.0   81.0  444.0
2022  38  2  7 1500  -21.2  974.9    3.8  249.0   80.0  444.0
2022  38  2  7 1600  -19.6  974.6    3.6  242.0   89.0  444.0
2022  38  2  7 1700  -17.5  974.7    3.9  227.0   85.0  444.0
2022  38  2  7 1800  -17.8  974.6    4.0  213.0   79.0  444.0
2022  38  2  7 1900  -17.3  974.6    3.3  214.0   78.0  444.0
2022  38  2  7 2000  -16.7  974.4    3.4  209.0   77.0  444.0
2022  38  2  7 2100  -15.8  974.3    5.3  198.0   78.0  444.0
2022  38  2  7 2200  -15.3  974.2    5.4  188.0   76.0  444.0
2022  38  2  7 2300  -15.0  974.5    5.3  183.0   75.0  444.0
2022  39  2  8 0000  -14.9  974.1    6.3  176.0   74.0  444.0
2022  39  2  8 0100  -14.9  974.1    6.7  177.0   73.0  444.0
2022  39  2  8 0200  -14.2  973.8    6.7  178.0   71.0  444.0
2022  39  2  8 0300  -13.4  974.2    5.4  185.0   76.0  444.0
2022  39  2  8 0400  -12.3  973.9    5.5  191.0   78.0  444.0
2022  39  2  8 0500  -11.0  973.7    5.9  195.0   80.0  444.0
2022  39  2  8 0600  -10.8  973.4    5.9  197.0   83.0  444.0
2022  39  2  8 0700  -10.2  973.1    6.2  197.0   84.0  444.0
2022  39  2  8 0800  -10.9  972.8    6.2  201.0   86.0  444.0
2022  39  2  8 0900  -11.5  972.6    7.5  191.0   85.0  444.0
2022  39  2  8 1000  -12.1  972.4    6.9  201.0   86.0  444.0
2022  39  2  8 1100  -11.9  972.0    7.0  205.0   87.0  444.0
2022  39  2  8 1200  -11.5  972.1    8.2  199.0   90.0  444.0
2022  39  2  8 1300  -10.1  971.4    9.7  197.0   92.0  444.0
2022  39  2  8 1400   -8.0  971.0   11.1  199.0   93.0  444.0
2022  39  2  8 1500   -7.7  970.9   11.4  193.0   93.0  444.0
2022  39  2  8 1600   -6.7  970.2   11.7  190.0   92.0  444.0
2022  39  2  8 1700   -6.0  969.6   12.5  193.0   93.0  444.0
2022  39  2  8 1800   -5.7  968.7   11.6  192.0   93.0  444.0
2022  39  2  8 1900   -5.3  967.8   12.1  191.0   94.0  444.0
2022  39  2  8 2000   -4.9  966.7   12.0  190.0   94.0  444.0
2022  39  2  8 2100   -5.0  965.4   10.9  184.0   93.0  444.0
2022  39  2  8 2200   -5.1  964.9   10.7  182.0   92.0  444.0
2022  39  2  8 2300   -5.0  964.6   10.4  171.0   90.0  444.0
2022  40  2  9 0000   -5.3  964.8   10.8  163.0   87.0  444.0
2022  40  2  9 0100   -7.5  966.0   10.7  155.0   83.0  444.0
2022  40  2  9 0200   -8.6  966.6   13.2  157.0   81.0  444.0
2022  40  2  9 0300   -9.1  967.7   11.8  160.0   83.0  444.0
2022  40  2  9 0400   -9.4  968.7    8.5  148.0   81.0  444.0
2022  40  2  9 0500   -8.2  969.3    8.1  148.0   88.0  444.0
2022  40  2  9 0600   -5.8  970.0    9.1  149.0   92.0  444.0
2022  40  2  9 0700   -5.2  970.5    6.8  143.0   94.0  444.0
2022  40  2  9 0800   -4.0  971.1    9.4  152.0   95.0  444.0
2022  40  2  9 0900   -4.3  971.9    9.8  152.0   98.0  444.0
2022  40  2  9 1000   -4.5  972.3   10.7  152.0   98.0  444.0
2022  40  2  9 1100   -4.7  973.2   11.0  156.0   98.5  444.0
2022  40  2  9 1200   -4.9  974.0    9.5  155.0   98.0  444.0
2022  40  2  9 1300   -6.5  975.3    9.5  164.0   94.0  444.0
2022  40  2  9 1400   -7.7  976.3    7.6  168.0   93.0  444.0
2022  40  2  9 1500   -8.1  977.3    7.8  170.0   92.0  444.0
2022  40  2  9 1600   -8.1  978.3    9.3  174.0   90.3  444.0
2022  40  2  9 1700   -8.3  979.4    8.4  171.0   89.0  444.0
2022  40  2  9 1800   -8.2  980.1    8.2  173.0   87.0  444.0
2022  40  2  9 1900   -7.8  980.7   10.3  161.0   86.0  444.0
2022  40  2  9 2000   -7.9  981.7    9.8  159.0   84.0  444.0
2022  40  2  9 2100   -8.1  982.8   10.4  150.0   82.0  444.0
2022  40  2  9 2200   -8.3  984.3    7.9  140.0   80.0  444.0
2022  40  2  9 2300   -8.1  985.7    6.2  159.0   79.0  444.0
2022  41  2 10 0000   -7.6  986.7    5.8  170.0   79.7  444.0
2022  41  2 10 0100   -7.3  987.3    6.9  174.0   81.0  444.0
2022  41  2 10 0200   -7.0  987.6    7.3  175.0   82.0  444.0
2022  41  2 10 0300   -6.8  987.8    7.7  175.0   82.0  444.0
2022  41  2 10 0400   -6.8  987.9    4.4  177.0   82.4  444.0
2022  41  2 10 0500   -6.9  988.0    5.0  199.0   84.3  444.0
2022  41  2 10 0600   -7.2  988.0    5.9  194.0   86.0  444.0
2022  41  2 10 0700   -7.9  988.0    5.6  194.0   87.0  444.0
2022  41  2 10 0800   -8.6  987.9    5.0  194.0   87.0  444.0
2022  41  2 10 0900   -9.2  987.7    6.2  203.0   89.0  444.0
2022  41  2 10 1000   -9.5  987.7    6.8  198.0   88.9  444.0
2022  41  2 10 1100  -10.2  987.7    6.4  198.0   88.0  444.0
2022  41  2 10 1200  -10.5  987.4    5.3  189.0   89.0  444.0
2022  41  2 10 1300  -11.6  987.2    4.3  204.0   88.0  444.0
2022  41  2 10 1400  -12.9  987.0    5.0  207.0   86.4  444.0
2022  41  2 10 1500  -12.3  986.7    5.2  200.0   84.0  444.0
2022  41  2 10 1600  -12.8  986.3    4.5  204.0   82.0  444.0
2022  41  2 10 1700  -12.2  986.0    4.2  227.0   79.0  444.0
2022  41  2 10 1800  -12.4  986.1    5.0  224.0   76.0  444.0
2022  41  2 10 1900  -11.9  985.5    4.5  231.0   75.1  444.0
2022  41  2 10 2000  -10.7  984.8    5.3  236.0   73.0  444.0
2022  41  2 10 2100   -9.5  984.4    5.5  229.0   70.8  444.0
2022  41  2 10 2200   -7.4  983.9    5.3  222.0   69.5  444.0
2022  41  2 10 2300   -7.4  983.2    6.1  224.0   70.0  444.0
2022  42  2 11 0000   -6.6  982.5    6.9  220.0   65.0  444.0
2022  42  2 11 0100   -6.7  981.9    5.6  214.0   69.0  444.0
2022  42  2 11 0200   -7.3  981.2    5.2  223.0   74.9  444.0
2022  42  2 11 0300   -7.5  980.6    5.4  234.0   73.5  444.0
2022  42  2 11 0400   -8.0  980.0    4.8  239.0   76.0  444.0
2022  42  2 11 0500   -8.4  979.3    5.0  258.0   76.0  444.0
2022  42  2 11 0600   -8.2  978.8    5.2  237.0   74.0  444.0
2022  42  2 11 0700   -9.3  978.0    4.1  252.0   78.7  444.0
2022  42  2 11 0800   -9.4  977.1    4.2  242.0   78.4  444.0
2022  42  2 11 0900  -11.2  976.8    4.0  244.0   81.5  444.0
2022  42  2 11 1000  -12.2  976.7    3.1  227.0   83.0  444.0
2022  42  2 11 1100  -13.0  975.9    3.4  217.0   86.0  444.0
2022  42  2 11 1200  -14.0  975.4    3.4  231.0   87.0  444.0
2022  42  2 11 1300  -15.0  975.0    2.9  228.0   86.0  444.0
2022  42  2 11 1400  -14.9  974.3    4.4  180.0   84.3  444.0
2022  42  2 11 1500  -15.0  974.1    3.2  208.0   82.0  444.0
2022  42  2 11 1600  -15.1  973.6    3.7  212.0   81.0  444.0
2022  42  2 11 1700  -14.4  973.4    3.2  204.0   78.8  444.0
2022  42  2 11 1800  -14.5  973.2    4.3  229.0   77.0  444.0
2022  42  2 11 1900  -13.2  972.9    4.6  210.0   72.6  444.0
2022  42  2 11 2000  -13.0  972.5    4.5  218.0   72.0  444.0
2022  42  2 11 2100  -12.2  972.4    4.7  204.0   72.0  444.0
2022  42  2 11 2200  -11.0  972.4    5.6  190.0   72.0  444.0
2022  42  2 11 2300  -10.6  972.2    4.4  192.0   73.0  444.0
2022  43  2 12 0000   -9.8  972.2    4.7  188.0   73.0  444.0
2022  43  2 12 0100   -9.4  971.8    5.7  186.0   74.5  444.0
2022  43  2 12 0200   -9.0  971.7    5.1  186.0   73.0  444.0
2022  43  2 12 0300   -9.1  971.3    5.6  183.0   74.0  444.0
2022  43  2 12 0400   -9.1  971.2    5.4  189.0   76.0  444.0
2022  43  2 12 0500   -9.2  971.0    4.8  189.0   76.3  444.0
2022  43  2 12 0600  -10.0  970.9    4.2  201.0   78.0  444.0
2022  43  2 12 0700  -10.1  971.0    4.9  202.0   80.0  444.0
2022  43  2 12 0800  -10.6  970.8    5.1  192.0   83.0  444.0
2022  43  2 12 0900  -11.4  970.9    3.8  201.0   84.0  444.0
2022  43  2 12 1000  -13.0  970.8    4.2  221.0   85.5  444.0
2022  43  2 12 1100  -13.1  970.9    4.3  229.0   85.0  444.0
2022  43  2 12 1200  -13.4  970.8    4.5  204.0   86.0  444.0
2022  43  2 12 1300  -14.3  970.7    4.2  211.0   87.0  444.0
2022  43  2 12 1400  -15.0  970.4    3.3  194.0   87.0  444.0
2022  43  2 12 1500  -16.1  970.2    2.5  219.0   87.4  444.0
2022  43  2 12 1600  -16.5  970.4    3.2  198.0   87.0  444.0
2022  43  2 12 1700  -16.9  970.5    2.0  191.0   86.0  444.0
2022  43  2 12 1800  -17.0  970.6    3.3  171.0   84.0  444.0
2022  43  2 12 1900  -15.8  970.9    3.6  142.0   77.0  444.0
2022  43  2 12 2000  -16.9  971.2    2.2  153.0   81.1  444.0
2022  43  2 12 2100  -16.2  971.4    2.3  174.0   79.0  444.0
2022  43  2 12 2200  -15.3  971.6    3.1  169.0   74.9  444.0
2022  43  2 12 2300  -15.7  972.0    5.0  151.0   73.5  444.0
2022  44  2 13 0000  -15.7  972.0    4.2  192.0   73.0  444.0
2022  44  2 13 0100  -15.5  972.0    5.2  167.0   79.0  444.0
2022  44  2 13 0200  -14.7  972.2    3.9  176.0   82.0  444.0
2022  44  2 13 0300  -14.1  972.0    4.9  187.0   87.8  444.0
2022  44  2 13 0400  -13.6  972.1    5.0  195.0   89.0  444.0
2022  44  2 13 0500  -12.8  972.1    4.6  202.0   88.0  444.0
2022  44  2 13 0600  -11.7  972.1    5.2  191.0   89.0  444.0
2022  44  2 13 0700  -11.1  972.5    5.2  182.0   89.0  444.0
2022  44  2 13 0800  -10.8  972.3    5.6  187.0   90.3  444.0
2022  44  2 13 0900  -10.7  972.5    4.8  190.0   91.0  444.0
2022  44  2 13 1000  -10.6  972.6    4.7  190.0   92.0  444.0
2022  44  2 13 1100  -10.4  972.9    4.0  191.0   92.0  444.0
2022  44  2 13 1200  -10.3  973.0    3.6  206.0   93.0  444.0
2022  44  2 13 1300  -10.2  973.2    2.4  223.0   93.0  444.0
2022  44  2 13 1400   -9.9  972.8    3.4  212.0   94.0  444.0
2022  44  2 13 1500   -9.6  972.6    4.3  230.0   96.0  444.0
2022  44  2 13 1600   -8.9  972.7    3.7  199.0   96.0  444.0
2022  44  2 13 1700   -8.6  972.9    4.0  207.0   95.0  444.0
2022  44  2 13 1800   -8.3  973.1    4.0  195.0   93.1  444.0
2022  44  2 13 1900   -8.1  973.2    4.1  204.0   91.0  444.0
2022  44  2 13 2000   -7.7  973.3    4.9  190.0   93.0  444.0
2022  44  2 13 2100   -7.6  973.4    5.5  199.0   92.0  444.0
2022  44  2 13 2200   -7.3  973.5    5.8  200.0   91.0  444.0
2022  44  2 13 2300   -7.2  973.6    6.3  193.0   90.0  444.0
2022  45  2 14 0000   -7.2  973.7    6.2  191.0   90.0  444.0
2022  45  2 14 0100   -7.2  973.8    5.2  203.0   91.0  444.0
2022  45  2 14 0200   -7.1  973.6    5.9  200.0   92.0  444.0
2022  45  2 14 0300   -7.4  973.6    5.5  204.0   93.0  444.0
2022  45  2 14 0400   -7.2  973.5    5.5  204.0   92.0  444.0
2022  45  2 14 0500   -7.2  973.8    5.9  198.0   93.3  444.0
2022  45  2 14 0600   -7.1  974.0    5.5  193.0   93.0  444.0
2022  45  2 14 0700   -7.2  974.1    4.6  185.0   95.0  444.0
2022  45  2 14 0800   -7.5  974.0    4.7  188.0   96.0  444.0
2022  45  2 14 0900   -8.1  974.1    5.1  204.0   96.0  444.0
2022  45  2 14 1000   -8.3  974.2    5.1  205.0   95.6  444.0
2022  45  2 14 1100   -8.4  974.2    5.1  214.0   96.0  444.0
2022  45  2 14 1200   -8.6  974.2    5.1  213.0   96.0  444.0
2022  45  2 14 1300   -8.9  974.1    6.1  213.0   95.0  444.0
2022  45  2 14 1400   -9.0  974.0    5.6  206.0   95.0  444.0
2022  45  2 14 1500   -9.0  973.9    5.8  196.0   95.0  444.0
2022  45  2 14 1600   -9.1  973.8    6.7  190.0   94.0  444.0
2022  45  2 14 1700   -9.1  973.8    5.6  194.0   93.0  444.0
2022  45  2 14 1800   -9.1  973.8    5.6  196.0   93.0  444.0
2022  45  2 14 1900   -9.1  973.8    6.1  196.0   92.0  444.0
2022  45  2 14 2000   -9.3  974.0    6.3  199.0   91.0  444.0
2022  45  2 14 2100   -9.4  974.0    6.5  198.0   89.4  444.0
2022  45  2 14 2200   -9.5  973.9    6.2  201.0   89.0  444.0
2022  45  2 14 2300   -9.4  973.9    5.5  201.0   89.0  444.0
2022  46  2 15 0000   -9.2  973.8    5.5  199.0   89.0  444.0
2022  46  2 15 0100   -9.2  973.7    5.7  196.0   89.0  444.0
2022  46  2 15 0200   -9.2  973.5    5.0  202.0   88.0  444.0
2022  46  2 15 0300   -9.2  973.2    4.6  194.0   90.0  444.0
2022  46  2 15 0400   -9.4  973.1    5.3  190.0   90.3  444.0
2022  46  2 15 0500   -9.8  973.0    4.6  206.0   91.0  444.0
2022  46  2 15 0600   -9.5  972.9    4.0  210.0   92.0  444.0
2022  46  2 15 0700   -9.4  972.7    4.3  205.0   93.0  444.0
2022  46  2 15 0800   -9.5  972.5    3.8  203.0   93.6  444.0
2022  46  2 15 0900   -9.5  972.3    3.2  205.0   94.0  444.0
2022  46  2 15 1000   -9.7  972.2    3.5  226.0   94.0  444.0
2022  46  2 15 1100  -10.0  972.0    4.0  209.0   95.0  444.0
2022  46  2 15 1200  -11.6  972.0    3.7  210.0   94.0  444.0
2022  46  2 15 1300  -12.1  971.5    4.1  192.0   92.3  444.0
2022  46  2 15 1400  -12.4  971.5    4.1  201.0   92.0  444.0
2022  46  2 15 1500  -12.5  971.4    3.3  207.0   91.0  444.0
2022  46  2 15 1600  -12.5  971.2    3.9  186.0   90.0  444.0
2022  46  2 15 1700  -12.5  971.1    3.9  181.0   88.0  444.0
2022  46  2 15 1800  -12.4  971.4    4.3  174.0   86.0  444.0
2022  46  2 15 1900  -12.5  971.4    3.3  187.0   85.0  444.0
2022  46  2 15 2000  -12.3  971.3    3.8  176.0   83.0  444.0
2022  46  2 15 2100  -12.3  971.3    3.0  198.0   83.0  444.0
2022  46  2 15 2200  -12.1  971.5    3.0  206.0   82.0  444.0
2022  46  2 15 2300  -11.6  971.6    2.0  226.0   80.0  444.0
2022  47  2 16 0000  -11.4  971.7    3.3  220.0   81.0  444.0
2022  47  2 16 0100  -11.2  971.7    2.9  205.0   80.0  444.0
2022  47  2 16 0200  -11.8  971.5    3.5  190.0   77.0  444.0
2022  47  2 16 0300  -13.6  971.4    2.1  193.0   77.0  444.0
2022  47  2 16 0400  -12.6  971.2    2.6  190.0   81.0  444.0
2022  47  2 16 0500  -12.2  971.4    1.5  152.0   80.0  444.0
2022  47  2 16 0600  -12.5  971.5    1.3  144.0   79.2  444.0
2022  47  2 16 0700  -13.0  971.5    1.9  111.0   82.0  444.0
2022  47  2 16 0800  -13.3  971.6    1.5   95.0   82.8  444.0
2022  47  2 16 0900  444.0  971.8    1.3   89.0   82.0  444.0
2022  47  2 16 1000  -13.8  971.9    1.3   56.0   80.0  444.0
2022  47  2 16 1100  444.0  972.0    1.1  352.0   82.4  444.0
2022  47  2 16 1200  444.0  972.2    0.9  298.0   83.0  444.0
2022  47  2 16 1300  444.0  972.4    0.8  321.0   83.4  444.0
2022  47  2 16 1400  444.0  972.5    0.7   11.0   82.0  444.0
2022  47  2 16 1500  444.0  972.5    1.3   21.0   85.0  444.0
2022  47  2 16 1600  444.0  972.5    0.4  352.0   84.0  444.0
2022  47  2 16 1700  444.0  972.8    1.1   14.0   84.0  444.0
2022  47  2 16 1800  -13.4  973.0    2.6  327.0   83.6  444.0
2022  47  2 16 1900  -13.0  973.3    3.2  334.0   83.0  444.0
2022  47  2 16 2000  -12.9  973.6    2.2  321.0   83.0  444.0
2022  47  2 16 2100  -13.2  973.8    2.1  274.0   78.0  444.0
2022  47  2 16 2200  -14.0  974.0    2.2  259.0   79.0  444.0
2022  47  2 16 2300  -13.6  974.3    1.0  275.0   76.7  444.0
2022  48  2 17 0000  -16.3  974.6    3.1  247.0   80.0  444.0
2022  48  2 17 0100  -17.5  974.6    1.7  274.0   77.0  444.0
2022  48  2 17 0200  -16.9  975.0    2.4  235.0   74.0  444.0
2022  48  2 17 0300  -18.3  975.1    2.9  226.0   77.0  444.0
2022  48  2 17 0400  -18.2  975.2    3.0  266.0   78.0  444.0
2022  48  2 17 0500  -18.4  975.5    4.0  262.0   84.0  444.0
2022  48  2 17 0600  -16.9  975.8    4.3  269.0   89.0  444.0
2022  48  2 17 0700  -15.5  976.0    3.7  277.0   85.8  444.0
2022  48  2 17 0800  -13.8  976.1    2.8  270.0   89.0  444.0
2022  48  2 17 0900  -14.2  976.3    2.9  285.0   82.9  444.0
2022  48  2 17 1000  -16.7  976.5    3.5  280.0   82.0  444.0
2022  48  2 17 1100  -17.8  976.6    3.5  285.0   82.3  444.0
2022  48  2 17 1200  -17.7  976.9    4.1  275.0   83.0  444.0
2022  48  2 17 1300  -16.2  977.1    4.6  272.0   87.0  444.0
2022  48  2 17 1400  -16.5  977.4    4.8  265.0   88.0  444.0
2022  48  2 17 1500  -14.2  977.4    5.5  252.0   89.0  444.0
2022  48  2 17 1600  -13.8  977.8    3.8  247.0   89.3  444.0
2022  48  2 17 1700  -13.1  978.1    3.6  285.0   88.0  444.0
2022  48  2 17 1800  -14.7  978.5    2.9  256.0   85.0  444.0
2022  48  2 17 1900  -15.7  978.8    2.7  268.0   79.2  444.0
2022  48  2 17 2000  -16.2  979.1    3.4  280.0   77.0  444.0
2022  48  2 17 2100  -15.3  979.5    3.2  281.0   79.5  444.0
2022  48  2 17 2200  -13.8  979.6    3.9  270.0   77.0  444.0
2022  48  2 17 2300  -12.7  979.9    3.8  270.0   81.0  444.0
2022  49  2 18 0000  -12.2  980.1    2.9  266.0   80.8  444.0
2022  49  2 18 0100  -13.8  980.2    3.0  298.0   79.0  444.0
2022  49  2 18 0200  -13.2  980.0    3.9  288.0   76.0  444.0
2022  49  2 18 0300  -13.6  979.6    3.7  308.0   76.0  444.0
2022  49  2 18 0400  -13.9  979.6    3.4  302.0   74.0  444.0
2022  49  2 18 0500  -14.8  979.4    3.8  286.0   76.4  444.0
2022  49  2 18 0600  -15.3  979.7    4.5  273.0   76.0  444.0
2022  49  2 18 0700  -13.5  979.9    4.3  254.0   92.0  444.0
2022  49  2 18 0800  -14.1  979.9    4.7  280.0   94.0  444.0
2022  49  2 18 0900  -16.8  980.2    3.2  294.0   85.0  444.0
2022  49  2 18 1000  -18.6  980.4    2.6  279.0   83.0  444.0
2022  49  2 18 1100  -18.9  980.5    3.1  278.0   81.0  444.0
2022  49  2 18 1200  -19.5  980.7    3.7  272.0   81.0  444.0
2022  49  2 18 1300  -20.2  981.0    3.3  243.0   79.0  444.0
2022  49  2 18 1400  -21.2  980.9    3.5  224.0   81.0  444.0
2022  49  2 18 1500  -21.8  981.1    2.8  220.0   81.0  444.0
2022  49  2 18 1600  -19.9  981.4    1.3  260.0   79.0  444.0
2022  49  2 18 1700  444.0  981.5    1.4  213.0   81.6  444.0
2022  49  2 18 1800  -18.3  981.9    1.6  232.0   81.0  444.0
2022  49  2 18 1900  -18.2  982.1    2.6  185.0   83.0  444.0
2022  49  2 18 2000  -17.2  982.3    2.3  164.0   83.0  444.0
2022  49  2 18 2100  444.0  982.6    0.3   26.0   85.0  444.0
2022  49  2 18 2200  444.0  982.6    0.6  304.0   84.0  444.0
2022  49  2 18 2300  -15.1  982.9    2.0  332.0   83.0  444.0
2022  50  2 19 0000  -14.7  982.8    1.3  338.0   82.0  444.0
2022  50  2 19 0100  444.0  982.6    0.2   46.0   83.0  444.0
2022  50  2 19 0200  -14.8  982.2    2.5  163.0   82.0  444.0
2022  50  2 19 0300  444.0  982.2    1.0  268.0   83.0  444.0
2022  50  2 19 0400  -14.3  981.9    1.0  182.0   82.0  444.0
2022  50  2 19 0500  -14.8  981.8    3.4  179.0   85.0  444.0
2022  50  2 19 0600  -14.7  981.5    1.8  168.0   85.0  444.0
2022  50  2 19 0700  -15.3  981.0    3.0  162.0   85.3  444.0
2022  50  2 19 0800  -16.4  980.7    3.8  168.0   84.0  444.0
2022  50  2 19 0900  -18.0  980.5    4.1  150.0   85.0  444.0
2022  50  2 19 1000  -18.2  980.0    4.2  156.0   84.0  444.0
2022  50  2 19 1100  -19.7  979.8    4.4  152.0   83.0  444.0
2022  50  2 19 1200  -21.7  979.5    4.1  144.0   83.3  444.0
2022  50  2 19 1300  -21.4  979.1    3.4  145.0   83.0  444.0
2022  50  2 19 1400  -21.8  979.1    2.9  129.0   85.0  444.0
2022  50  2 19 1500  -21.8  978.4    4.0  166.0   81.9  444.0
2022  50  2 19 1600  -19.0  978.2    3.7  150.0   85.0  444.0
2022  50  2 19 1700  -17.8  978.0    4.3  141.0   85.0  444.0
2022  50  2 19 1800  -16.9  977.7    4.6  152.0   84.0  444.0
2022  50  2 19 1900  -17.0  977.5    5.0  150.0   85.0  444.0
2022  50  2 19 2000  -18.1  977.5    5.2  143.0   81.5  444.0
2022  50  2 19 2100  -18.8  977.3    5.4  158.0   79.0  444.0
2022  50  2 19 2200  -19.6  977.4    5.2  168.0   79.0  444.0
2022  50  2 19 2300  -18.9  977.1    4.5  163.0   79.0  444.0
2022  51  2 20 0000  -18.3  976.7    5.2  170.0   77.0  444.0
2022  51  2 20 0100  -17.9  976.6    5.5  168.0   74.6  444.0
2022  51  2 20 0200  -18.6  976.1    6.6  174.0   73.0  444.0
2022  51  2 20 0300  -18.5  975.7    5.8  189.0   73.0  444.0
2022  51  2 20 0400  -18.2  975.4    6.8  178.0   74.0  444.0
2022  51  2 20 0500  -18.5  975.2    6.6  180.0   74.4  444.0
2022  51  2 20 0600  -19.0  975.1    6.4  183.0   75.0  444.0
2022  51  2 20 0700  -19.5  975.0    6.5  178.0   73.0  444.0
2022  51  2 20 0800  -20.9  974.6    6.3  182.0   79.0  444.0
2022  51  2 20 0900  -21.3  974.5    6.0  183.0   79.0  444.0
2022  51  2 20 1000  -22.4  974.3    6.2  177.0   79.8  444.0
2022  51  2 20 1100  -22.8  974.3    7.0  177.0   79.0  444.0
2022  51  2 20 1200  -22.9  974.2    6.7  179.0   79.0  444.0
2022  51  2 20 1300  -22.1  974.0    7.7  179.0   84.0  444.0
2022  51  2 20 1400  -20.2  973.8    6.9  190.0   85.0  444.0
2022  51  2 20 1500  -21.4  973.3    6.0  201.0   82.5  444.0
2022  51  2 20 1600  -22.3  973.0    7.0  194.0   82.0  444.0
2022  51  2 20 1700  -22.2  972.6    5.9  197.0   82.0  444.0
2022  51  2 20 1800  -20.8  972.2    6.2  200.0   81.0  444.0
2022  51  2 20 1900  -19.3  972.0    6.5  172.0   79.0  444.0
2022  51  2 20 2000  -19.8  971.6    6.8  199.0   78.0  444.0
2022  51  2 20 2100  -20.6  971.3    7.2  188.0   78.0  444.0
2022  51  2 20 2200  -20.4  971.3    7.5  186.0   75.0  444.0
2022  51  2 20 2300  -18.7  971.1    7.8  187.0   74.0  444.0
2022  52  2 21 0000  -18.0  971.1    7.4  185.0   77.0  444.0
2022  52  2 21 0100  -18.0  970.9    6.3  193.0   76.0  444.0
2022  52  2 21 0200  -18.2  970.5    6.4  190.0   75.0  444.0
2022  52  2 21 0300  -19.1  970.2    6.4  193.0   76.0  444.0
2022  52  2 21 0400  -19.4  970.0    6.0  200.0   77.0  444.0
2022  52  2 21 0500  -18.8  969.8    6.7  200.0   79.0  444.0
2022  52  2 21 0600  -18.0  969.6    6.2  197.0   80.8  444.0
2022  52  2 21 0700  -17.9  969.6    5.6  195.0   82.0  444.0
2022  52  2 21 0800  -17.8  969.8    4.9  207.0   82.3  444.0
2022  52  2 21 0900  -18.2  969.7    4.4  216.0   82.0  444.0
2022  52  2 21 1000  -19.0  969.8    4.6  218.0   83.0  444.0
2022  52  2 21 1100  -18.8  969.8    4.8  209.0   83.0  444.0
2022  52  2 21 1200  -19.2  970.0    4.8  193.0   82.8  444.0
2022  52  2 21 1300  -19.2  970.0    3.9  209.0   82.3  444.0
2022  52  2 21 1400  -19.4  970.0    2.9  219.0   82.0  444.0
2022  52  2 21 1500  -19.6  970.0    2.8  201.0   82.0  444.0
2022  52  2 21 1600  -19.8  970.1    3.0  208.0   81.0  444.0
2022  52  2 21 1700  -19.8  970.4    3.2  207.0   80.4  444.0
2022  52  2 21 1800  -19.8  970.6    3.3  201.0   79.8  444.0
2022  52  2 21 1900  -18.9  970.8    3.0  174.0   78.0  444.0
2022  52  2 21 2000  -18.4  970.8    1.9  205.0   77.0  444.0
2022  52  2 21 2100  -17.9  970.9    1.6  213.0   77.0  444.0
2022  52  2 21 2200  -17.5  971.2    1.2  216.0   77.0  444.0
2022  52  2 21 2300  444.0  971.2    1.1  233.0   76.9  444.0
2022  53  2 22 0000  444.0  971.4    1.5  227.0   78.0  444.0
2022  53  2 22 0100  -17.0  971.5    1.3  225.0   78.0  444.0
2022  53  2 22 0200  -17.0  971.4    1.8  239.0   79.0  444.0
2022  53  2 22 0300  -16.6  971.2    1.9  198.0   79.1  444.0
2022  53  2 22 0400  444.0  971.0    1.3  184.0   77.0  444.0
2022  53  2 22 0500  444.0  971.0    1.0  156.0   77.0  444.0
2022  53  2 22 0600  444.0  971.1    1.5  178.0   81.0  444.0
2022  53  2 22 0700  -16.9  971.2    1.7  167.0   81.0  444.0
2022  53  2 22 0800  -17.0  971.1    1.5  134.0   82.0  444.0
2022  53  2 22 0900  -17.3  971.1    1.9  117.0   84.0  444.0
2022  53  2 22 1000  -17.8  970.9    2.2  146.0   83.7  444.0
2022  53  2 22 1100  -18.0  970.7    2.6  140.0   85.2  444.0
2022  53  2 22 1200  -18.4  970.8    2.8  199.0   84.0  444.0
2022  53  2 22 1300  -18.1  970.8    2.3  174.0   84.0  444.0
2022  53  2 22 1400  -18.6  970.6    2.4  173.0   83.0  444.0
2022  53  2 22 1500  -18.7  970.5    2.8  168.0   81.7  444.0
2022  53  2 22 1600  -18.8  970.5    2.0  152.0   80.6  444.0
2022  53  2 22 1700  -18.4  970.3    2.3  154.0   80.0  444.0
2022  53  2 22 1800  -18.6  970.3    2.8  162.0   79.0  444.0
2022  53  2 22 1900  -18.3  970.1    3.2  132.0   79.0  444.0
2022  53  2 22 2000  -18.7  970.3    3.7  183.0   77.8  444.0
2022  53  2 22 2100  -18.3  970.0    2.6  195.0   76.3  444.0
2022  53  2 22 2200  -18.5  970.2    2.4  197.0   76.0  444.0
2022  53  2 22 2300  -18.6  970.1    3.3  189.0   74.0  444.0
2022  54  2 23 0000  -19.0  969.8    3.7  186.0   73.0  444.0
2022  54  2 23 0100  -18.6  970.1    3.2  201.0   74.0  444.0
2022  54  2 23 0200  -19.8  969.9    1.9  226.0   74.0  444.0
2022  54  2 23 0300  -20.7  969.6    2.6  226.0   73.0  444.0
2022  54  2 23 0400  -21.4  969.5    1.8  241.0   72.0  444.0
2022  54  2 23 0500  -22.4  969.3    2.6  252.0   72.0  444.0
2022  54  2 23 0600  -23.0  969.4    2.8  272.0   73.0  444.0
2022  54  2 23 0700  -24.1  969.5    2.5  291.0   76.2  444.0
2022  54  2 23 0800  -24.1  969.2    3.1  291.0   73.0  444.0
2022  54  2 23 0900  -24.0  969.2    3.4  284.0   68.4  444.0
2022  54  2 23 1000  -24.3  968.9    4.8  291.0   69.0  444.0
2022  54  2 23 1100  -26.2  968.9    2.5  316.0   71.0  444.0
2022  54  2 23 1200  -26.0  968.8    3.6  292.0   72.0  444.0
2022  54  2 23 1300  -25.8  968.8    4.4  288.0   72.0  444.0
2022  54  2 23 1400  -26.4  968.4    3.4  288.0   74.4  444.0
2022  54  2 23 1500  -27.2  968.3    3.2  312.0   73.8  444.0
2022  54  2 23 1600  -26.7  968.3    2.4  314.0   71.0  444.0
2022  54  2 23 1700  -26.1  967.9    2.4  313.0   69.0  444.0
2022  54  2 23 1800  -25.4  967.9    3.0  329.0   68.0  444.0
2022  54  2 23 1900  -24.6  967.7    1.8  343.0   68.0  444.0
2022  54  2 23 2000  444.0  967.6    0.2   26.0   67.0  444.0
2022  54  2 23 2100  -20.6  967.3    1.9  345.0   72.0  444.0
2022  54  2 23 2200  444.0  967.0    0.4   57.0   72.0  444.0
2022  54  2 23 2300  444.0  966.6    1.2  112.0   72.0  444.0
2022  55  2 24 0000  -18.9  966.1    1.0   89.0   69.0  444.0
2022  55  2 24 0100  -17.3  965.2    2.4  117.0   71.0  444.0
2022  55  2 24 0200  -16.9  964.3    3.6  154.0   73.0  444.0
2022  55  2 24 0300  -16.6  963.7    4.7  143.0   78.2  444.0
2022  55  2 24 0400  -16.1  963.2    5.4  136.0   80.9  444.0
2022  55  2 24 0500  -15.5  962.9    5.1  143.0   84.0  444.0
2022  55  2 24 0600  -15.8  962.5    6.2  136.0   84.1  444.0
2022  55  2 24 0700  -15.5  962.6    4.6  133.0   84.0  444.0
2022  55  2 24 0800  -16.0  962.5    3.1  154.0   85.5  444.0
2022  55  2 24 0900  -17.7  962.5    3.7  195.0   87.0  444.0
2022  55  2 24 1000  -17.5  962.5    4.0  185.0   86.0  444.0
2022  55  2 24 1100  -15.9  962.7    4.3  209.0   88.0  444.0
2022  55  2 24 1200  -17.7  962.9    4.7  219.0   88.0  444.0
2022  55  2 24 1300  -17.1  963.2    3.8  226.0   87.3  444.0
2022  55  2 24 1400  -17.1  963.2    3.6  245.0   85.0  444.0
2022  55  2 24 1500  -18.5  963.3    4.8  235.0   84.0  444.0
2022  55  2 24 1600  -19.1  963.6    4.6  258.0   84.0  444.0
2022  55  2 24 1700  -20.3  964.1    3.8  270.0   82.0  444.0
2022  55  2 24 1800  -21.3  964.5    4.1  287.0   80.0  444.0
2022  55  2 24 1900  -21.8  964.9    5.1  279.0   80.0  444.0
2022  55  2 24 2000  -21.2  965.2    5.2  277.0   80.0  444.0
2022  55  2 24 2100  -19.6  965.6    3.4  291.0   81.0  444.0
2022  55  2 24 2200  -20.5  966.2    3.6  294.0   78.0  444.0
2022  55  2 24 2300  -19.1  966.6    3.6  289.0   79.9  444.0
2022  56  2 25 0000  -18.8  967.0    2.2  317.0   79.0  444.0
2022  56  2 25 0100  -17.9  967.0    1.5  352.0   80.3  444.0
2022  56  2 25 0200  444.0  966.7    1.3  355.0   81.0  444.0
2022  56  2 25 0300  -17.4  966.8    1.5  108.0   82.0  444.0
2022  56  2 25 0400  -17.8  966.7    1.0  125.0   82.3  444.0
2022  56  2 25 0500  -18.4  966.9    3.1  132.0   82.0  444.0
2022  56  2 25 0600  -19.3  967.0    3.4  140.0   82.5  444.0
2022  56  2 25 0700  -19.5  967.4    2.8  152.0   83.0  444.0
2022  56  2 25 0800  -19.2  967.3    4.4  154.0   83.0  444.0
2022  56  2 25 0900  -19.1  967.3    3.1  160.0   83.4  444.0
2022  56  2 25 1000  -18.4  967.0    4.0  207.0   84.0  444.0
2022  56  2 25 1100  -18.2  967.0    6.7  209.0   85.0  444.0
2022  56  2 25 1200  -19.5  967.3    6.8  218.0   83.0  444.0
2022  56  2 25 1300  -19.2  967.3    5.8  215.0   84.0  444.0
2022  56  2 25 1400  -18.9  967.2    7.1  195.0   83.8  444.0
2022  56  2 25 1500  -20.2  967.4    4.6  196.0   83.0  444.0
2022  56  2 25 1600  -22.0  967.7    4.9  203.0   81.0  444.0
2022  56  2 25 1700  -20.9  968.0    4.5  216.0   82.0  444.0
2022  56  2 25 1800  -18.1  968.3    4.6  189.0   84.0  444.0
2022  56  2 25 1900  -18.5  968.8    5.3  176.0   82.7  444.0
2022  56  2 25 2000  -18.6  969.1    4.0  173.0   82.0  444.0
2022  56  2 25 2100  -18.5  969.3    5.3  168.0   82.0  444.0
2022  56  2 25 2200  -17.3  969.8    5.0  158.0   82.0  444.0
2022  56  2 25 2300  -17.2  970.2    5.3  163.0   81.1  444.0
2022  57  2 26 0000  -17.9  970.8    7.8  178.0   81.3  444.0
2022  57  2 26 0100  -17.6  971.3    8.1  171.0   82.0  444.0
2022  57  2 26 0200  -17.4  971.8    6.1  171.0   81.0  444.0
2022  57  2 26 0300  -19.3  972.4    5.9  192.0   80.0  444.0
2022  57  2 26 0400  -19.4  972.7    4.6  195.0   80.0  444.0
2022  57  2 26 0500  -19.8  972.8    4.8  200.0   80.0  444.0
2022  57  2 26 0600  -20.1  973.2    5.0  230.0   81.2  444.0
2022  57  2 26 0700  -19.0  973.4    4.3  226.0   82.9  444.0
2022  57  2 26 0800  -18.6  973.6    4.6  235.0   83.0  444.0
2022  57  2 26 0900  -18.8  973.7    4.8  242.0   83.6  444.0
2022  57  2 26 1000  -19.4  974.0    5.5  247.0   83.0  444.0
2022  57  2 26 1100  -23.1  974.3    3.7  246.0   81.3  444.0
2022  57  2 26 1200  -24.7  974.6    4.4  255.0   79.3  444.0
2022  57  2 26 1300  -22.0  974.8    4.2  258.0   81.0  444.0
2022  57  2 26 1400  -22.3  975.0    4.1  273.0   80.0  444.0
2022  57  2 26 1500  -23.8  975.1    3.8  282.0   79.0  444.0
2022  57  2 26 1600  -23.6  975.4    3.6  266.0   78.0  444.0
2022  57  2 26 1700  -28.1  975.9    2.9  287.0   75.6  444.0
2022  57  2 26 1800  -28.8  976.3    3.3  292.0   72.0  444.0
2022  57  2 26 1900  -28.0  976.7    1.2  292.0   71.0  444.0
2022  57  2 26 2000  -27.4  976.8    2.9  290.0   71.0  444.0
2022  57  2 26 2100  -26.0  977.0    3.1  293.0   71.2  444.0
2022  57  2 26 2200  -24.1  977.3    3.0  290.0   72.0  444.0
2022  57  2 26 2300  -21.8  977.3    4.0  293.0   73.0  444.0
2022  58  2 27 0000  -20.7  977.4    2.5  313.0   77.0  444.0
2022  58  2 27 0100  -18.5  977.4    2.8  308.0   76.0  444.0
2022  58  2 27 0200  -19.8  977.3    3.1  308.0   73.2  444.0
2022  58  2 27 0300  -21.5  977.3    1.8  323.0   74.0  444.0
2022  58  2 27 0400  -21.9  977.1    2.7  329.0   74.7  444.0
2022  58  2 27 0500  -22.9  976.9    2.6  314.0   78.2  444.0
2022  58  2 27 0600  -21.5  976.8    2.5   10.0   77.0  444.0
2022  58  2 27 0700  -21.5  976.7    0.4  272.0   78.0  444.0
2022  58  2 27 0800  -22.5  976.5    2.5  346.0   79.0  444.0
2022  58  2 27 0900  -20.8  976.5    4.2  330.0   80.7  444.0
2022  58  2 27 1000  -24.0  976.3    3.0  322.0   79.8  444.0
2022  58  2 27 1100  -25.1  976.0    1.9  316.0   79.0  444.0
2022  58  2 27 1200  -26.1  975.6    2.0  341.0   77.0  444.0
2022  58  2 27 1300  444.0  975.4    0.4  360.0   75.0  444.0
2022  58  2 27 1400  444.0  975.0    0.7  359.0   75.8  444.0
2022  58  2 27 1500  444.0  974.8    1.3  301.0   76.5  444.0
2022  58  2 27 1600  444.0  974.6    1.2   45.0   75.0  444.0
2022  58  2 27 1700  444.0  974.5    0.8   27.0   76.0  444.0
2022  58  2 27 1800  444.0  974.4    1.1   21.0   78.0  444.0
2022  58  2 27 1900  444.0  974.3    0.0    0.0   79.0  444.0
2022  58  2 27 2000  444.0  974.0    0.0    0.0   79.1  444.0
2022  58  2 27 2100  444.0  973.7    0.0    0.0   78.0  444.0
2022  58  2 27 2200  444.0  973.4    1.0  210.0   80.0  444.0
2022  58  2 27 2300  -20.3  973.1    3.1  195.0   80.0  444.0
2022  59  2 28 0000  -20.2  972.9    3.8  190.0   80.3  444.0
2022  59  2 28 0100  -20.7  972.4    4.8  196.0   80.0  444.0
2022  59  2 28 0200  -20.3  971.7    5.6  177.0   81.0  444.0
2022  59  2 28 0300  -18.5  971.3    6.9  164.0   83.0  444.0
2022  59  2 28 0400  -18.1  971.2    7.0  161.0   84.0  444.0
2022  59  2 28 0500  -18.8  971.0    8.0  168.0   82.0  444.0
2022  59  2 28 0600  -18.7  971.3    8.7  164.0   84.0  444.0
2022  59  2 28 0700  -18.7  971.5    7.2  172.0   84.0  444.0
2022  59  2 28 0800  -19.4  971.8    6.7  182.0   83.1  444.0
2022  59  2 28 0900  -19.8  972.1    6.5  194.0   82.9  444.0
2022  59  2 28 1000  -20.0  972.4    6.2  193.0   83.0  444.0
2022  59  2 28 1100  -20.2  972.5    5.8  204.0   83.0  444.0
2022  59  2 28 1200  -21.1  972.7    4.2  220.0   82.0  444.0
2022  59  2 28 1300  -21.9  972.9    4.6  217.0   81.0  444.0
2022  59  2 28 1400  -23.4  973.0    4.4  219.0   80.0  444.0
2022  59  2 28 1500  -24.7  973.0    5.4  211.0   79.0  444.0
2022  59  2 28 1600  -24.8  973.2    4.9  212.0   79.0  444.0
2022  59  2 28 1700  -23.5  973.5    4.8  204.0   79.0  444.0
2022  59  2 28 1800  -25.6  974.1    3.6  205.0   76.0  444.0
2022  59  2 28 1900  -28.2  974.5    4.0  208.0   73.0  444.0
2022  59  2 28 2000  -29.6  975.0    2.9  223.0   72.0  444.0
2022  59  2 28 2100  -29.0  975.5    2.7  208.0   72.0  444.0
2022  59  2 28 2200  -29.0  975.9    5.2  208.0   71.6  444.0
2022  59  2 28 2300  -28.5  976.2    5.6  205.0   72.0  444.0
