Year: 2024  Month: 04  ID: GIL  ARGOS:  8911  Name: Gill                
Lat: 79.83S  Lon: 178.54W  Elev:   53m
2024  92  4  1 0000  -15.0  941.3    9.2  210.0   87.0  444.0
2024  92  4  1 0100  -14.2  941.4    9.4  204.0   87.0  444.0
2024  92  4  1 0200  -13.4  941.3    9.8  201.0   88.0  444.0
2024  92  4  1 0300  -13.3  941.6    9.5  204.0   88.8  444.0
2024  92  4  1 0400  -13.4  941.8    8.8  205.0   89.0  444.0
2024  92  4  1 0500  -13.4  942.0    8.4  210.0   89.0  444.0
2024  92  4  1 0600  -13.6  942.4    6.7  200.0   89.2  444.0
2024  92  4  1 0700  -14.0  943.0    6.6  200.0   89.0  444.0
2024  92  4  1 0800  -14.1  943.5    6.0  207.0   88.5  444.0
2024  92  4  1 0900  -14.6  943.9    5.3  264.0   88.0  444.0
2024  92  4  1 1000  -16.3  944.4    4.1  217.0   87.0  444.0
2024  92  4  1 1100  -16.2  945.0    3.7  209.0   87.5  444.0
2024  92  4  1 1200  -17.0  945.7    3.8  170.0   85.0  444.0
2024  92  4  1 1300  -20.6  946.3    4.4  148.0   83.0  444.0
2024  92  4  1 1400  -21.2  946.9    2.7  136.0   82.0  444.0
2024  92  4  1 1500  -21.6  947.9    4.8  129.0   81.0  444.0
2024  92  4  1 1600  -21.1  948.6    5.6  124.0   81.3  444.0
2024  92  4  1 1700  -22.3  949.5    5.2  126.0   81.0  444.0
2024  92  4  1 1800  -22.4  950.1    4.0  158.0   82.0  444.0
2024  92  4  1 1900  -20.7  950.9    5.2  146.0   84.0  444.0
2024  92  4  1 2000  -16.7  951.5    6.7  130.0   86.0  444.0
2024  92  4  1 2100  -16.2  952.6    7.4  134.0   86.0  444.0
2024  92  4  1 2200  -16.2  953.6    7.6  139.0   85.0  444.0
2024  92  4  1 2300  -16.4  954.5    7.1  139.0   85.0  444.0
2024  93  4  2 0000  -16.9  954.9    7.7  149.0   84.0  444.0
2024  93  4  2 0100  -21.6  956.0    7.4  157.0   79.0  444.0
2024  93  4  2 0200  -25.4  956.6    7.1  164.0   77.0  444.0
2024  93  4  2 0300  -26.3  957.0    6.7  162.0   76.0  444.0
2024  93  4  2 0400  -26.9  957.7    7.4  169.0   77.0  444.0
2024  93  4  2 0500  -27.7  958.7    6.0  176.0   77.0  444.0
2024  93  4  2 0600  -25.7  959.3    5.1  184.0   78.0  444.0
2024  93  4  2 0700  -28.1  959.8    5.4  191.0   76.0  444.0
2024  93  4  2 0800  -28.1  960.2    5.9  185.0   76.0  444.0
2024  93  4  2 0900  -28.9  960.6    5.1  186.0   75.0  444.0
2024  93  4  2 1000  -29.5  961.3    4.4  211.0   75.0  444.0
2024  93  4  2 1100  -31.1  961.5    3.7  233.0   74.0  444.0
2024  93  4  2 1200  -32.2  961.9    3.5  235.0   73.0  444.0
2024  93  4  2 1300  -32.2  962.2    4.7  235.0   73.0  444.0
2024  93  4  2 1400  -33.3  962.9    3.7  224.0   72.0  444.0
2024  93  4  2 1500  -34.7  963.2    3.7  201.0   71.0  444.0
2024  93  4  2 1600  -35.5  963.6    3.7  208.0   71.0  444.0
2024  93  4  2 1700  -35.8  963.7    4.1  189.0   70.0  444.0
2024  93  4  2 1800  -35.8  964.2    2.7  203.0   70.4  444.0
2024  93  4  2 1900  -35.5  964.6    3.8  217.0   71.0  444.0
2024  93  4  2 2000  -33.5  965.0    3.2  215.0   72.0  444.0
2024  93  4  2 2100  -32.3  965.5    4.5  201.0   73.0  444.0
2024  93  4  2 2200  -30.8  965.7    2.4  198.0   73.0  444.0
2024  93  4  2 2300  -29.8  965.9    2.5  213.0   74.0  444.0
2024  94  4  3 0000  -30.0  966.4    1.8  208.0   74.0  444.0
2024  94  4  3 0100  -28.9  966.5    2.5  232.0   75.0  444.0
2024  94  4  3 0200  -31.3  966.7    2.9  237.0   72.0  444.0
2024  94  4  3 0300  -34.0  966.9    1.7  226.0   71.0  444.0
2024  94  4  3 0400  -34.7  967.4    2.3  219.0   71.0  444.0
2024  94  4  3 0500  -34.6  967.7    2.0  224.0   71.0  444.0
2024  94  4  3 0600  -32.8  968.2    2.6  206.0   72.3  444.0
2024  94  4  3 0700  -28.8  969.0    3.2  208.0   75.0  444.0
2024  94  4  3 0800  -29.0  969.7    4.0  207.0   75.0  444.0
2024  94  4  3 0900  -29.1  970.4    4.4  193.0   75.0  444.0
2024  94  4  3 1000  -30.7  971.5    2.5  222.0   73.0  444.0
2024  94  4  3 1100  -30.5  972.2    2.4  208.0   74.0  444.0
2024  94  4  3 1200  -32.7  973.0    4.8  216.0   72.0  444.0
2024  94  4  3 1300  -33.5  973.8    4.4  220.0   72.0  444.0
2024  94  4  3 1400  -34.0  974.5    4.1  218.0   72.0  444.0
2024  94  4  3 1500  -35.1  975.3    4.1  243.0   71.0  444.0
2024  94  4  3 1600  -35.8  976.1    4.0  240.0   70.0  444.0
2024  94  4  3 1700  -36.0  976.8    3.6  249.0   70.0  444.0
2024  94  4  3 1800  -36.0  977.5    4.3  238.0   70.0  444.0
2024  94  4  3 1900  -36.3  978.2    3.8  251.0   70.0  444.0
2024  94  4  3 2000  -35.8  979.1    3.3  253.0   70.3  444.0
2024  94  4  3 2100  -35.7  979.9    4.6  244.0   70.0  444.0
2024  94  4  3 2200  -35.7  981.1    3.8  244.0   69.0  444.0
2024  94  4  3 2300  -35.8  982.0    3.0  241.0   68.0  444.0
2024  95  4  4 0000  -34.8  982.7    2.9  249.0   69.0  444.0
2024  95  4  4 0100  -35.0  983.4    2.4  292.0   69.0  444.0
2024  95  4  4 0200  -35.5  984.4    1.9  238.0   69.0  444.0
2024  95  4  4 0300  -34.8  985.2    1.5  236.0   70.0  444.0
2024  95  4  4 0400  -33.9  985.9    0.4  335.0   69.6  444.0
2024  95  4  4 0500  -32.8  986.0    0.0    0.0   71.0  444.0
2024  95  4  4 0600  -31.1  986.3    1.3    6.0   72.0  444.0
2024  95  4  4 0700  -31.8  986.7    0.7  360.0   72.0  444.0
2024  95  4  4 0800  -32.1  987.0    1.9   77.0   72.4  444.0
2024  95  4  4 0900  -30.0  987.2    1.8   17.0   74.0  444.0
2024  95  4  4 1000  -29.0  987.5    1.9   14.0   74.0  444.0
2024  95  4  4 1100  -28.4  987.6    1.6   11.0   75.0  444.0
2024  95  4  4 1200  -28.5  987.7    2.1   63.0   75.0  444.0
2024  95  4  4 1300  -30.0  988.2    2.2   58.0   74.0  444.0
2024  95  4  4 1400  -32.5  988.3    2.4   48.0   71.9  444.0
2024  95  4  4 1500  -33.1  988.0    2.9   47.0   72.0  444.0
2024  95  4  4 1600  -33.1  988.1    1.6   80.0   72.0  444.0
2024  95  4  4 1700  -31.6  988.0    2.1   75.0   73.0  444.0
2024  95  4  4 1800  -30.3  987.9    1.8  104.0   73.8  444.0
2024  95  4  4 1900  -28.7  987.8    2.3  111.0   74.5  444.0
2024  95  4  4 2000  -29.1  987.5    2.8  119.0   74.0  444.0
2024  95  4  4 2100  -28.5  987.2    3.7  113.0   75.0  444.0
2024  95  4  4 2200  -27.2  987.1    4.3  130.0   75.0  444.0
2024  95  4  4 2300  -26.5  986.8    5.4  122.0   76.0  444.0
2024  96  4  5 0000  -25.3  986.6    5.6  114.0   77.1  444.0
2024  96  4  5 0100  -24.6  986.3    6.5  111.0   78.0  444.0
2024  96  4  5 0200  -23.4  985.9    6.6  111.0   79.0  444.0
2024  96  4  5 0300  -22.6  985.2    7.2  110.0   80.0  444.0
2024  96  4  5 0400  -22.3  984.9    7.2  111.0   80.0  444.0
2024  96  4  5 0500  -22.4  984.5    7.7  113.0   80.0  444.0
2024  96  4  5 0600  -21.9  984.1    8.0  110.0   81.0  444.0
2024  96  4  5 0700  -21.7  983.7    7.7  114.0   81.0  444.0
2024  96  4  5 0800  -20.8  983.3    8.1  110.0   82.0  444.0
2024  96  4  5 0900  -20.2  982.8    7.8  104.0   82.0  444.0
2024  96  4  5 1000  -19.8  982.6    8.0  103.0   83.0  444.0
2024  96  4  5 1100  -19.6  982.3    7.2  107.0   83.0  444.0
2024  96  4  5 1200  -19.5  982.0    6.7  104.0   83.2  444.0
2024  96  4  5 1300  -18.7  981.7    5.6  103.0   84.0  444.0
2024  96  4  5 1400  -17.3  981.4    5.4   97.0   85.0  444.0
2024  96  4  5 1500  -16.8  981.3    4.8   97.0   86.0  444.0
2024  96  4  5 1600  -16.3  981.0    4.6   94.0   87.0  444.0
2024  96  4  5 1700  -16.0  980.9    4.8   90.0   86.9  444.0
2024  96  4  5 1800  -15.2  980.6    4.8   37.0   88.0  444.0
2024  96  4  5 1900  -14.7  980.3    5.8   83.0   89.0  444.0
2024  96  4  5 2000  -13.9  980.0    6.1   79.0   89.0  444.0
2024  96  4  5 2100  -14.0  979.8    6.8   78.0   89.0  444.0
2024  96  4  5 2200  -14.3  979.8    7.3   77.0   88.9  444.0
2024  96  4  5 2300  -14.7  979.5    7.1   77.0   88.0  444.0
2024  97  4  6 0000  -15.0  979.1    6.6   78.0   87.9  444.0
2024  97  4  6 0100  -15.1  978.7    6.4   78.0   88.0  444.0
2024  97  4  6 0200  -15.3  978.4    5.8   86.0   88.0  444.0
2024  97  4  6 0300  -15.6  977.9    6.5   84.0   87.0  444.0
2024  97  4  6 0400  -15.9  977.5    6.4   88.0   87.4  444.0
2024  97  4  6 0500  -16.1  977.1    6.1   91.0   87.0  444.0
2024  97  4  6 0600  -16.3  976.7    6.5   88.0   87.0  444.0
2024  97  4  6 0700  -16.8  976.3    5.2  100.0   87.0  444.0
2024  97  4  6 0800  -17.2  976.1    5.5  112.0   86.0  444.0
2024  97  4  6 0900  -17.5  975.8    5.7  120.0   85.9  444.0
2024  97  4  6 1000  -17.7  975.6    6.1  126.0   86.0  444.0
2024  97  4  6 1100  -17.7  975.2    5.5  131.0   86.0  444.0
2024  97  4  6 1200  -17.8  974.6    5.4  130.0   86.0  444.0
2024  97  4  6 1300  -18.2  974.1    5.1  139.0   85.0  444.0
2024  97  4  6 1400  -18.3  973.6    5.7  141.0   85.0  444.0
2024  97  4  6 1500  -19.5  973.2    7.5  128.0   84.0  444.0
2024  97  4  6 1600  -21.4  973.0    8.8  132.0   82.0  444.0
2024  97  4  6 1700  -23.0  972.8    9.6  141.0   81.0  444.0
2024  97  4  6 1800  -24.1  972.5   11.9  139.0   79.0  444.0
2024  97  4  6 1900  -24.9  972.4   12.3  142.0   78.6  444.0
2024  97  4  6 2000  -25.2  971.9   13.3  151.0   79.0  444.0
2024  97  4  6 2100  -26.5  971.7   14.8  160.0   77.0  444.0
2024  97  4  6 2200  -26.9  971.4   13.7  166.0   77.0  444.0
2024  97  4  6 2300  -29.1  971.2   13.6  176.0   75.0  444.0
2024  98  4  7 0000  -30.0  970.8   14.5  181.0   74.0  444.0
2024  98  4  7 0100  -31.6  970.4   13.5  183.0   73.0  444.0
2024  98  4  7 0200  -32.5  969.4   13.5  188.0   72.0  444.0
2024  98  4  7 0300  -34.0  968.6   13.4  194.0   72.0  444.0
2024  98  4  7 0400  -35.1  967.7   14.1  194.0   71.0  444.0
2024  98  4  7 0500  -35.8  967.0   13.0  194.0   70.3  444.0
2024  98  4  7 0600  -36.1  966.0   10.9  198.0   70.0  444.0
2024  98  4  7 0700  -36.2  965.0   12.6  197.0   70.0  444.0
2024  98  4  7 0800  -35.3  964.2   12.2  195.0   71.0  444.0
2024  98  4  7 0900  -34.3  963.5   12.2  198.0   71.0  444.0
2024  98  4  7 1000  -33.6  963.2   12.0  196.0   72.0  444.0
2024  98  4  7 1100  -33.0  962.8   12.7  192.0   72.0  444.0
2024  98  4  7 1200  -32.8  962.2   12.5  194.0   72.0  444.0
2024  98  4  7 1300  -33.0  961.7   12.7  195.0   72.0  444.0
2024  98  4  7 1400  -33.0  961.3   12.8  196.0   72.0  444.0
2024  98  4  7 1500  -33.0  961.0   12.5  196.0   72.0  444.0
2024  98  4  7 1600  -32.8  961.0   12.1  196.0   72.0  444.0
2024  98  4  7 1700  -31.7  960.9   12.7  193.0   72.6  444.0
2024  98  4  7 1800  -30.6  960.7   13.4  190.0   74.0  444.0
2024  98  4  7 1900  -30.1  960.5   13.2  196.0   74.0  444.0
2024  98  4  7 2000  -30.5  960.2   12.6  201.0   74.0  444.0
2024  98  4  7 2100  -30.8  959.8   12.5  204.0   73.0  444.0
2024  98  4  7 2200  -30.8  959.7   11.4  203.0   73.0  444.0
2024  98  4  7 2300  -30.2  959.8   10.5  204.0   73.0  444.0
2024  99  4  8 0000  -29.8  959.6   10.2  204.0   73.0  444.0
2024  99  4  8 0100  -29.5  959.6    9.6  202.0   73.0  444.0
2024  99  4  8 0200  -30.1  959.2    9.6  204.0   73.0  444.0
2024  99  4  8 0300  -30.4  959.5    8.0  208.0   73.0  444.0
2024  99  4  8 0400  -28.3  959.2    7.3  219.0   75.1  444.0
2024  99  4  8 0500  -28.2  959.1    9.2  221.0   74.5  444.0
2024  99  4  8 0600  -27.2  959.2    8.6  208.0   75.0  444.0
2024  99  4  8 0700  -26.0  959.1    8.1  203.0   76.0  444.0
2024  99  4  8 0800  -24.5  959.1    7.8  205.0   77.0  444.0
2024  99  4  8 0900  -24.6  959.1    7.6  206.0   77.0  444.0
2024  99  4  8 1000  -24.2  959.1    7.9  209.0   78.0  444.0
2024  99  4  8 1100  -22.9  959.3    7.2  212.0   79.0  444.0
2024  99  4  8 1200  -23.0  959.2    5.9  222.0   79.0  444.0
2024  99  4  8 1300  -22.8  959.2    6.9  225.0   79.0  444.0
2024  99  4  8 1400  -24.0  959.2    6.5  233.0   78.0  444.0
2024  99  4  8 1500  -24.0  959.1    6.1  235.0   78.0  444.0
2024  99  4  8 1600  -25.5  959.5    5.5  230.0   78.0  444.0
2024  99  4  8 1700  -26.9  959.8    4.7  239.0   77.0  444.0
2024  99  4  8 1800  -28.1  960.0    4.8  242.0   76.0  444.0
2024  99  4  8 1900  -27.4  960.0    4.4  249.0   76.0  444.0
2024  99  4  8 2000  -27.2  960.2    4.9  289.0   76.0  444.0
2024  99  4  8 2100  -28.0  960.3    5.1  227.0   75.5  444.0
2024  99  4  8 2200  -28.6  960.5    5.1  250.0   75.0  444.0
2024  99  4  8 2300  -28.2  960.6    6.2  255.0   74.0  444.0
2024 100  4  9 0000  -26.9  960.9    5.6  259.0   75.5  444.0
2024 100  4  9 0100  -24.0  961.2    5.7  245.0   79.0  444.0
2024 100  4  9 0200  -26.6  961.3    5.5  253.0   76.0  444.0
2024 100  4  9 0300  -28.8  961.2    5.9  272.0   75.0  444.0
2024 100  4  9 0400  -29.9  961.5    5.8  275.0   74.0  444.0
2024 100  4  9 0500  -30.8  961.5    5.6  292.0   74.0  444.0
2024 100  4  9 0600  -31.4  961.6    4.3  286.0   73.0  444.0
2024 100  4  9 0700  -32.6  961.7    3.4  290.0   73.0  444.0
2024 100  4  9 0800  -32.9  961.9    3.9  300.0   72.0  444.0
2024 100  4  9 0900  -31.7  961.8    4.6  306.0   73.0  444.0
2024 100  4  9 1000  -32.3  962.4    3.2  322.0   73.0  444.0
2024 100  4  9 1100  -29.5  962.6    3.7  306.0   75.0  444.0
2024 100  4  9 1200  -28.4  962.9    3.5  314.0   75.3  444.0
2024 100  4  9 1300  -30.7  963.1    2.8  310.0   74.0  444.0
2024 100  4  9 1400  -32.1  963.7    2.2  323.0   73.0  444.0
2024 100  4  9 1500  -32.6  964.0    2.1  321.0   72.0  444.0
2024 100  4  9 1600  -32.7  964.5    3.4  317.0   72.0  444.0
2024 100  4  9 1700  -33.0  965.2    2.4  317.0   71.9  444.0
2024 100  4  9 1800  -33.6  965.8    3.2  327.0   72.0  444.0
2024 100  4  9 1900  -33.8  966.2    2.6  315.0   72.0  444.0
2024 100  4  9 2000  -33.2  966.5    4.5  321.0   72.0  444.0
2024 100  4  9 2100  -32.6  967.2    4.9  309.0   72.0  444.0
2024 100  4  9 2200  -33.8  968.2    2.6  341.0   71.1  444.0
2024 100  4  9 2300  -34.3  969.0    2.5  340.0   71.0  444.0
2024 101  4 10 0000  -34.3  969.7    2.8  338.0   70.0  444.0
2024 101  4 10 0100  -34.7  970.3    2.6  320.0   70.3  444.0
2024 101  4 10 0200  -34.5  971.1    2.3  346.0   71.0  444.0
2024 101  4 10 0300  -34.2  971.3    3.1  350.0   71.0  444.0
2024 101  4 10 0400  -33.9  971.8    3.0  347.0   71.0  444.0
2024 101  4 10 0500  -33.6  972.5    2.1    4.0   71.0  444.0
2024 101  4 10 0600  -32.6  972.9    1.5   11.0   72.0  444.0
2024 101  4 10 0700  -32.1  973.3    2.5   22.0   72.0  444.0
2024 101  4 10 0800  -32.8  973.7    2.0   21.0   72.0  444.0
2024 101  4 10 0900  -31.5  974.2    1.7  359.0   73.0  444.0
2024 101  4 10 1000  -31.2  974.4    0.0    0.0   73.0  444.0
2024 101  4 10 1100  -30.4  974.9    0.0    0.0   74.0  444.0
2024 101  4 10 1200  -30.9  975.4    0.4   33.0   73.0  444.0
2024 101  4 10 1300  -29.5  975.4    0.0    0.0   74.0  444.0
2024 101  4 10 1400  -29.4  975.3    1.1  124.0   74.0  444.0
2024 101  4 10 1500  -28.9  975.3    2.0  126.0   74.3  444.0
2024 101  4 10 1600  -29.0  975.5    2.5  156.0   74.0  444.0
2024 101  4 10 1700  -30.2  975.7    1.9  157.0   74.0  444.0
2024 101  4 10 1800  -31.7  975.6    3.1  154.0   73.0  444.0
2024 101  4 10 1900  -30.5  975.8    1.6  146.0   74.0  444.0
2024 101  4 10 2000  -29.4  975.6    1.7  164.0   74.0  444.0
2024 101  4 10 2100  -30.8  975.6    1.8  168.0   73.0  444.0
2024 101  4 10 2200  -31.7  975.2    3.3  179.0   72.0  444.0
2024 101  4 10 2300  -31.2  975.3    4.2  177.0   72.6  444.0
2024 102  4 11 0000  -31.4  975.5    4.1  171.0   72.0  444.0
2024 102  4 11 0100  -33.0  975.4    4.1  173.0   70.9  444.0
2024 102  4 11 0200  -34.3  975.0    4.9  182.0   70.6  444.0
2024 102  4 11 0300  -35.1  974.6    3.6  176.0   71.0  444.0
2024 102  4 11 0400  -35.8  974.6    3.5  187.0   70.0  444.0
2024 102  4 11 0500  -35.0  974.3    4.4  174.0   71.0  444.0
2024 102  4 11 0600  -34.8  974.2    3.7  175.0   71.0  444.0
2024 102  4 11 0700  -34.2  973.8    3.8  182.0   71.0  444.0
2024 102  4 11 0800  -34.8  973.6    4.4  182.0   71.0  444.0
2024 102  4 11 0900  -35.3  973.4    4.5  188.0   70.0  444.0
2024 102  4 11 1000  -36.6  973.2    4.4  186.0   69.0  444.0
2024 102  4 11 1100  -36.1  973.0    3.6  196.0   70.0  444.0
2024 102  4 11 1200  -33.2  972.9    4.4  187.0   71.0  444.0
2024 102  4 11 1300  -32.5  972.3    4.3  186.0   72.0  444.0
2024 102  4 11 1400  -32.3  971.8    4.2  185.0   72.2  444.0
2024 102  4 11 1500  -32.9  971.3    3.8  215.0   72.0  444.0
2024 102  4 11 1600  -32.1  971.4    3.8  203.0   73.0  444.0
2024 102  4 11 1700  -31.4  970.9    4.8  195.0   73.0  444.0
2024 102  4 11 1800  -31.7  970.6    4.8  202.0   73.0  444.0
2024 102  4 11 1900  -32.2  970.1    4.8  212.0   72.0  444.0
2024 102  4 11 2000  -31.9  969.8    4.9  218.0   73.0  444.0
2024 102  4 11 2100  -31.6  969.7    4.3  224.0   73.0  444.0
2024 102  4 11 2200  -32.1  969.5    3.8  228.0   72.0  444.0
2024 102  4 11 2300  -31.4  969.3    4.1  224.0   73.0  444.0
2024 103  4 12 0000  -30.4  969.3    2.8  228.0   73.0  444.0
2024 103  4 12 0100  -29.3  969.0    3.0  231.0   74.0  444.0
2024 103  4 12 0200  -27.2  968.9    2.9  224.0   75.9  444.0
2024 103  4 12 0300  -26.5  968.8    4.0  203.0   76.0  444.0
2024 103  4 12 0400  -26.4  968.7    3.7  218.0   76.0  444.0
2024 103  4 12 0500  -26.3  968.9    3.0  227.0   77.0  444.0
2024 103  4 12 0600  -26.0  969.0    2.9  220.0   77.0  444.0
2024 103  4 12 0700  -25.7  969.2    2.5  208.0   77.0  444.0
2024 103  4 12 0800  -26.2  969.4    1.8  213.0   76.9  444.0
2024 103  4 12 0900  -25.2  969.4    1.4  224.0   78.0  444.0
2024 103  4 12 1000  -24.4  969.6    2.4  219.0   79.0  444.0
2024 103  4 12 1100  -24.2  969.7    3.0  211.0   79.0  444.0
2024 103  4 12 1200  -24.7  970.1    3.6  211.0   78.0  444.0
2024 103  4 12 1300  -25.1  970.2    3.1  208.0   78.0  444.0
2024 103  4 12 1400  -25.7  970.3    3.1  205.0   77.0  444.0
2024 103  4 12 1500  -29.4  970.5    3.6  207.0   74.0  444.0
2024 103  4 12 1600  -32.4  970.5    2.6  212.0   72.0  444.0
2024 103  4 12 1700  -33.6  970.4    2.7  215.0   72.0  444.0
2024 103  4 12 1800  -34.2  970.4    2.3  226.0   71.0  444.0
2024 103  4 12 1900  -33.6  970.4    2.4  220.0   72.0  444.0
2024 103  4 12 2000  -32.7  970.4    2.4  207.0   72.0  444.0
2024 103  4 12 2100  -30.4  970.6    2.7  198.0   74.0  444.0
2024 103  4 12 2200  -30.2  970.6    2.8  193.0   74.0  444.0
2024 103  4 12 2300  -30.4  970.7    2.0  192.0   74.0  444.0
2024 104  4 13 0000  -28.9  970.9    3.1  192.0   74.6  444.0
2024 104  4 13 0100  -28.1  970.9    3.3  212.0   75.0  444.0
2024 104  4 13 0200  -29.4  970.8    3.9  225.0   74.0  444.0
2024 104  4 13 0300  -29.2  969.2    4.7  246.0   74.0  444.0
2024 104  4 13 0400  -29.6  968.7    5.3  236.0   74.0  444.0
2024 104  4 13 0500  -28.2  967.4    6.7  237.0   75.0  444.0
2024 104  4 13 0600  -27.8  966.3    7.8  240.0   75.6  444.0
2024 104  4 13 0700  -24.9  964.9    9.7  241.0   78.0  444.0
2024 104  4 13 0800  -23.4  963.4   10.9  235.0   80.0  444.0
2024 104  4 13 0900  -23.1  962.0   11.4  241.0   79.0  444.0
2024 104  4 13 1000  -24.3  961.7    7.0  197.0   79.0  444.0
2024 104  4 13 1100  -25.9  961.2   10.7  197.0   76.6  444.0
2024 104  4 13 1200  -27.4  961.3    6.3  193.0   76.0  444.0
2024 104  4 13 1300  -29.9  961.1    6.1  186.0   74.0  444.0
2024 104  4 13 1400  -31.0  960.8    5.3  184.0   74.0  444.0
2024 104  4 13 1500  -31.3  960.8    8.7  171.0   73.0  444.0
2024 104  4 13 1600  -31.1  961.0    7.3  176.0   73.6  444.0
2024 104  4 13 1700  -30.4  961.2    7.5  178.0   74.0  444.0
2024 104  4 13 1800  -29.5  961.2    8.0  179.0   74.0  444.0
2024 104  4 13 1900  -29.1  961.2    8.1  177.0   75.0  444.0
2024 104  4 13 2000  -29.3  961.4    9.1  178.0   74.0  444.0
2024 104  4 13 2100  -29.2  961.4    8.3  183.0   74.4  444.0
2024 104  4 13 2200  -28.9  961.6    5.8  185.0   75.0  444.0
2024 104  4 13 2300  -30.0  961.7    5.1  187.0   74.0  444.0
2024 105  4 14 0000  -32.8  961.8    4.2  187.0   71.0  444.0
2024 105  4 14 0100  -34.6  962.0    3.3  196.0   71.0  444.0
2024 105  4 14 0200  -35.3  962.1    4.0  183.0   70.0  444.0
2024 105  4 14 0300  -36.2  962.4    3.4  193.0   70.0  444.0
2024 105  4 14 0400  -37.0  962.5    3.0  208.0   69.0  444.0
2024 105  4 14 0500  -35.6  962.4    2.7  194.0   70.0  444.0
2024 105  4 14 0600  -34.7  962.2    3.4  234.0   70.0  444.0
2024 105  4 14 0700  -36.7  962.1    4.1  243.0   69.3  444.0
2024 105  4 14 0800  -35.1  962.2    4.6  198.0   70.0  444.0
2024 105  4 14 0900  -35.2  962.2    4.2  189.0   70.0  444.0
2024 105  4 14 1000  -31.6  962.3    4.2  199.0   73.0  444.0
2024 105  4 14 1100  -32.0  962.2    3.6  229.0   73.0  444.0
2024 105  4 14 1200  -27.2  961.8    4.6  199.0   75.6  444.0
2024 105  4 14 1300  -23.2  961.6    6.4  194.0   79.0  444.0
2024 105  4 14 1400  -22.2  961.3    8.4  183.0   80.0  444.0
2024 105  4 14 1500  -22.6  961.1    7.8  189.0   80.0  444.0
2024 105  4 14 1600  -21.8  961.0    8.5  186.0   80.7  444.0
2024 105  4 14 1700  -22.4  961.0    8.1  191.0   80.0  444.0
2024 105  4 14 1800  -21.7  960.7    8.2  192.0   81.0  444.0
2024 105  4 14 1900  -20.4  960.4    9.1  190.0   82.0  444.0
2024 105  4 14 2000  -20.0  960.3    9.6  189.0   82.0  444.0
2024 105  4 14 2100  -20.7  960.5    8.4  196.0   82.0  444.0
2024 105  4 14 2200  -20.4  960.2    8.9  198.0   82.0  444.0
2024 105  4 14 2300  -20.6  960.2    8.5  198.0   82.0  444.0
2024 106  4 15 0000  -22.0  960.1    8.7  195.0   81.0  444.0
2024 106  4 15 0100  -23.9  960.1   10.3  168.0   79.0  444.0
2024 106  4 15 0200  -27.6  960.8    9.6  170.0   76.0  444.0
2024 106  4 15 0300  -29.5  961.4    6.5  176.0   75.0  444.0
2024 106  4 15 0400  -30.4  961.8    6.1  181.0   74.0  444.0
2024 106  4 15 0500  -30.9  962.4    5.0  180.0   74.0  444.0
2024 106  4 15 0600  -31.5  962.7    3.6  157.0   73.2  444.0
2024 106  4 15 0700  -31.7  963.0    5.0  174.0   73.2  444.0
2024 106  4 15 0800  -30.9  963.6    5.5  161.0   74.0  444.0
2024 106  4 15 0900  -32.3  964.1    5.5  164.0   73.0  444.0
2024 106  4 15 1000  -33.7  964.7    5.8  164.0   72.0  444.0
2024 106  4 15 1100  -34.3  965.1    6.2  168.0   72.0  444.0
2024 106  4 15 1200  -35.5  965.6    3.5  180.0   70.5  444.0
2024 106  4 15 1300  -36.1  965.9    2.6  210.0   70.0  444.0
2024 106  4 15 1400  -36.0  965.6    4.7  206.0   70.0  444.0
2024 106  4 15 1500  -35.0  965.3    5.3  206.0   71.0  444.0
2024 106  4 15 1600  -34.1  965.1    6.1  196.0   71.0  444.0
2024 106  4 15 1700  -33.0  965.2    5.4  194.0   71.8  444.0
2024 106  4 15 1800  -30.8  965.1    6.5  190.0   73.0  444.0
2024 106  4 15 1900  -30.0  964.9    6.7  179.0   74.0  444.0
2024 106  4 15 2000  -29.3  965.1    8.0  178.0   74.0  444.0
2024 106  4 15 2100  -30.0  965.3    7.2  178.0   74.0  444.0
2024 106  4 15 2200  -31.1  965.4   10.9  159.0   74.0  444.0
2024 106  4 15 2300  -36.9  966.6    9.7  150.0   70.0  444.0
2024 107  4 16 0000  -39.4  967.9    8.7  147.0   68.0  444.0
2024 107  4 16 0100  -38.6  968.8    9.5  159.0   69.0  444.0
2024 107  4 16 0200  -36.2  969.7    9.8  158.0   70.0  444.0
2024 107  4 16 0300  -34.4  970.4    9.9  162.0   71.1  444.0
2024 107  4 16 0400  -33.8  971.0    9.7  167.0   71.0  444.0
2024 107  4 16 0500  -33.7  971.8    9.5  164.0   71.0  444.0
2024 107  4 16 0600  -33.0  972.4    9.1  159.0   72.0  444.0
2024 107  4 16 0700  -33.6  973.0    8.2  166.0   71.3  444.0
2024 107  4 16 0800  -34.7  973.3    7.4  173.0   70.8  444.0
2024 107  4 16 0900  -36.1  973.8    6.8  176.0   70.0  444.0
2024 107  4 16 1000  -36.5  973.9    6.1  182.0   70.0  444.0
2024 107  4 16 1100  -37.0  973.5    5.1  188.0   69.0  444.0
2024 107  4 16 1200  -36.0  972.9    4.8  202.0   70.0  444.0
2024 107  4 16 1300  -34.5  972.5    2.5  240.0   71.0  444.0
2024 107  4 16 1400  -32.8  971.3    3.4  252.0   72.0  444.0
2024 107  4 16 1500  -33.7  970.2    3.7  242.0   71.0  444.0
2024 107  4 16 1600  -36.0  969.0    3.8  226.0   70.0  444.0
2024 107  4 16 1700  -35.8  969.1    3.2  190.0   70.0  444.0
2024 107  4 16 1800  -36.7  968.8    3.7  172.0   69.4  444.0
2024 107  4 16 1900  -37.6  968.8    4.8  163.0   69.0  444.0
2024 107  4 16 2000  -38.5  969.2    4.6  172.0   68.0  444.0
2024 107  4 16 2100  -38.8  969.4    4.2  176.0   68.0  444.0
2024 107  4 16 2200  -38.8  969.5    3.8  178.0   68.0  444.0
2024 107  4 16 2300  -38.4  969.1    4.2  188.0   68.0  444.0
2024 108  4 17 0000  -37.6  968.6    5.6  175.0   69.0  444.0
2024 108  4 17 0100  -37.4  968.1    5.1  175.0   69.0  444.0
2024 108  4 17 0200  -37.3  967.6    5.0  175.0   69.0  444.0
2024 108  4 17 0300  -37.8  967.1    3.8  200.0   68.0  444.0
2024 108  4 17 0400  -37.0  966.6    4.0  191.0   69.0  444.0
2024 108  4 17 0500  -36.7  966.0    3.0  189.0   69.0  444.0
2024 108  4 17 0600  -36.8  966.2    3.6  176.0   69.0  444.0
2024 108  4 17 0700  -37.3  965.9    4.8  158.0   69.0  444.0
2024 108  4 17 0800  -37.5  965.6    5.0  172.0   69.0  444.0
2024 108  4 17 0900  -37.4  964.9    3.7  190.0   69.0  444.0
2024 108  4 17 1000  -35.8  964.2    5.5  202.0   70.0  444.0
2024 108  4 17 1100  -35.4  963.3    4.0  201.0   70.0  444.0
2024 108  4 17 1200  -37.2  962.1    3.3  221.0   69.0  444.0
2024 108  4 17 1300  -37.0  961.2    3.4  232.0   69.0  444.0
2024 108  4 17 1400  -36.6  960.5    3.2  208.0   69.0  444.0
2024 108  4 17 1500  -36.2  960.0    2.3  196.0   70.0  444.0
2024 108  4 17 1600  -34.0  959.5    3.6  200.0   71.0  444.0
2024 108  4 17 1700  -32.1  958.9    5.6  192.0   72.0  444.0
2024 108  4 17 1800  -30.5  958.3    4.9  190.0   73.0  444.0
2024 108  4 17 1900  -29.6  957.5    6.3  200.0   74.0  444.0
2024 108  4 17 2000  -32.3  956.9    3.0  220.0   71.0  444.0
2024 108  4 17 2100  -33.8  955.9    3.6  229.0   71.0  444.0
2024 108  4 17 2200  -34.2  955.3    3.7  216.0   71.0  444.0
2024 108  4 17 2300  -34.6  954.8    4.4  209.0   70.0  444.0
2024 109  4 18 0000  -35.5  954.2    3.9  218.0   70.0  444.0
2024 109  4 18 0100  -35.8  953.7    3.1  219.0   70.0  444.0
2024 109  4 18 0200  -35.4  953.3    2.5  236.0   70.0  444.0
2024 109  4 18 0300  -37.1  952.5    2.2  246.0   69.0  444.0
2024 109  4 18 0400  -36.2  951.5    2.5  262.0   69.6  444.0
2024 109  4 18 0500  -35.7  950.9    2.2  258.0   70.0  444.0
2024 109  4 18 0600  -35.3  950.9    1.2  266.0   70.0  444.0
2024 109  4 18 0700  -33.8  950.5    0.0    0.0   71.0  444.0
2024 109  4 18 0800  -32.9  950.6    0.0    0.0   71.0  444.0
2024 109  4 18 0900  -33.4  950.8    0.0    0.0   71.0  444.0
2024 109  4 18 1000  -35.9  951.0    0.7   18.0   69.7  444.0
2024 109  4 18 1100  -35.6  951.5    0.4   19.0   70.0  444.0
2024 109  4 18 1200  -35.1  952.0    1.2   19.0   70.0  444.0
2024 109  4 18 1300  -34.6  952.8    2.2   47.0   70.0  444.0
2024 109  4 18 1400  -33.8  953.5    1.9   35.0   71.0  444.0
2024 109  4 18 1500  -33.9  954.3    2.8   61.0   70.5  444.0
2024 109  4 18 1600  -34.6  955.4    2.2   55.0   70.0  444.0
2024 109  4 18 1700  -36.5  956.5    2.9   86.0   69.0  444.0
2024 109  4 18 1800  -34.9  957.6    1.5   88.0   70.0  444.0
2024 109  4 18 1900  -33.3  958.7    2.4  111.0   71.0  444.0
2024 109  4 18 2000  -31.8  959.3    1.6  102.0   72.5  444.0
2024 109  4 18 2100  -32.2  960.4    2.1  131.0   72.0  444.0
2024 109  4 18 2200  -32.8  961.2    2.2  130.0   72.0  444.0
2024 109  4 18 2300  -33.1  962.0    2.1  149.0   71.0  444.0
2024 110  4 19 0000  -33.4  962.6    2.4  176.0   71.0  444.0
2024 110  4 19 0100  -33.7  963.1    0.8  173.0   71.0  444.0
2024 110  4 19 0200  -33.7  963.4    0.9  199.0   71.0  444.0
2024 110  4 19 0300  -34.5  963.6    1.0  211.0   70.0  444.0
2024 110  4 19 0400  -35.1  963.9    0.7  212.0   70.0  444.0
2024 110  4 19 0500  -35.5  963.7    1.2  222.0   70.0  444.0
2024 110  4 19 0600  -36.1  963.6    1.3  232.0   69.5  444.0
2024 110  4 19 0700  -37.1  963.8    2.2  236.0   69.0  444.0
2024 110  4 19 0800  -37.5  963.7    1.4  256.0   69.0  444.0
2024 110  4 19 0900  -37.3  963.7    1.4  250.0   69.0  444.0
2024 110  4 19 1000  -37.0  963.4    1.8  257.0   69.0  444.0
2024 110  4 19 1100  -37.7  963.5    1.7  258.0   68.0  444.0
2024 110  4 19 1200  -37.5  963.2    1.8  281.0   69.0  444.0
2024 110  4 19 1300  -37.8  962.9    1.7  285.0   69.0  444.0
2024 110  4 19 1400  -37.4  962.5    2.5  251.0   69.0  444.0
2024 110  4 19 1500  -36.8  962.4    2.1  254.0   69.0  444.0
2024 110  4 19 1600  -37.3  962.0    1.9  270.0   69.0  444.0
2024 110  4 19 1700  -38.7  961.6    2.1  266.0   68.0  444.0
2024 110  4 19 1800  -39.2  962.0    1.8  292.0   67.6  444.0
2024 110  4 19 1900  -39.7  961.8    1.7  277.0   68.0  444.0
2024 110  4 19 2000  -39.8  961.8    1.3  270.0   68.0  444.0
2024 110  4 19 2100  -39.5  961.6    1.3  252.0   68.0  444.0
2024 110  4 19 2200  -38.1  962.0    2.7  196.0   69.0  444.0
2024 110  4 19 2300  -37.2  962.4    2.0  183.0   69.0  444.0
2024 111  4 20 0000  -36.8  962.7    3.5  178.0   69.0  444.0
2024 111  4 20 0100  -36.8  962.9    2.6  187.0   69.0  444.0
2024 111  4 20 0200  -37.8  963.2    3.0  199.0   68.0  444.0
2024 111  4 20 0300  -38.8  963.5    3.2  197.0   68.0  444.0
2024 111  4 20 0400  -38.7  963.7    1.7  201.0   68.0  444.0
2024 111  4 20 0500  -36.0  964.0    1.3  271.0   70.0  444.0
2024 111  4 20 0600  -35.4  963.9    3.6  255.0   69.0  444.0
2024 111  4 20 0700  -36.4  964.0    3.1  245.0   69.0  444.0
2024 111  4 20 0800  -36.0  963.9    3.4  243.0   69.0  444.0
2024 111  4 20 0900  -36.2  964.0    3.4  252.0   69.0  444.0
2024 111  4 20 1000  -36.5  964.0    2.1  280.0   69.0  444.0
2024 111  4 20 1100  -35.5  964.0    3.9  252.0   69.8  444.0
2024 111  4 20 1200  -33.9  963.9    3.8  263.0   71.0  444.0
2024 111  4 20 1300  -31.5  963.9    4.4  266.0   73.0  444.0
2024 111  4 20 1400  -30.4  963.5    4.5  268.0   73.2  444.0
2024 111  4 20 1500  -27.2  963.1    6.7  254.0   75.0  444.0
2024 111  4 20 1600  -26.3  963.4    6.2  248.0   76.0  444.0
2024 111  4 20 1700  -27.5  963.6    5.4  246.0   75.0  444.0
2024 111  4 20 1800  -30.0  964.6    5.5  224.0   73.0  444.0
2024 111  4 20 1900  -33.0  965.4    3.6  244.0   71.1  444.0
2024 111  4 20 2000  -33.6  965.6    4.7  218.0   71.0  444.0
2024 111  4 20 2100  -35.4  966.4    3.3  244.0   70.0  444.0
2024 111  4 20 2200  -36.6  966.8    3.6  237.0   69.0  444.0
2024 111  4 20 2300  -37.4  967.9    3.0  278.0   69.0  444.0
2024 112  4 21 0000  -37.9  968.3    3.2  251.0   68.0  444.0
2024 112  4 21 0100  -39.4  969.0    2.4  265.0   67.7  444.0
2024 112  4 21 0200  -39.6  969.4    2.4  242.0   68.0  444.0
2024 112  4 21 0300  -40.0  969.7    1.8  280.0   67.0  444.0
2024 112  4 21 0400  -40.5  970.1    3.4  224.0   67.0  444.0
2024 112  4 21 0500  -39.1  970.7    4.3  194.0   68.0  444.0
2024 112  4 21 0600  -39.3  971.6    3.7  184.0   68.0  444.0
2024 112  4 21 0700  -39.9  972.4    1.7  280.0   68.0  444.0
2024 112  4 21 0800  -39.1  972.9    1.4  238.0   68.0  444.0
2024 112  4 21 0900  -39.6  973.2    2.3  168.0   67.1  444.0
2024 112  4 21 1000  -41.0  973.8    0.0    0.0   67.0  444.0
2024 112  4 21 1100  -41.3  974.2    2.3  219.0   67.0  444.0
2024 112  4 21 1200  -42.0  974.8    2.0  220.0   66.0  444.0
2024 112  4 21 1300  -43.0  974.7    1.8  209.0   66.0  444.0
2024 112  4 21 1400  -43.9  974.7    2.7  203.0   65.3  444.0
2024 112  4 21 1500  -44.9  974.9    1.4  205.0   65.0  444.0
2024 112  4 21 1600  -44.5  974.9    3.0  190.0   65.0  444.0
2024 112  4 21 1700  -44.2  974.5    3.3  210.0   65.0  444.0
2024 112  4 21 1800  -44.5  974.6    2.9  212.0   65.0  444.0
2024 112  4 21 1900  -44.6  975.0    2.4  218.0   64.8  444.0
2024 112  4 21 2000  -44.9  974.8    2.0  219.0   65.0  444.0
2024 112  4 21 2100  -45.5  974.4    3.0  225.0   64.0  444.0
2024 112  4 21 2200  -46.3  974.1    2.6  235.0   64.0  444.0
2024 112  4 21 2300  -45.7  973.7    2.1  238.0   64.0  444.0
2024 113  4 22 0000  -45.8  973.5    1.6  222.0   64.3  444.0
2024 113  4 22 0100  -46.1  973.4    1.0  212.0   64.0  444.0
2024 113  4 22 0200  -46.6  972.8    1.1  234.0   64.0  444.0
2024 113  4 22 0300  -46.3  972.3    1.3  226.0   64.0  444.0
2024 113  4 22 0400  -45.0  971.8    2.2  220.0   65.0  444.0
2024 113  4 22 0500  -40.3  971.3    5.8  228.0   67.0  444.0
2024 113  4 22 0600  -38.0  970.9    4.6  236.0   68.0  444.0
2024 113  4 22 0700  -35.4  970.2    5.2  223.0   70.0  444.0
2024 113  4 22 0800  -34.2  970.1    5.6  235.0   70.0  444.0
2024 113  4 22 0900  -33.8  969.5    6.5  234.0   71.0  444.0
2024 113  4 22 1000  -34.6  969.2    6.3  230.0   70.0  444.0
2024 113  4 22 1100  -34.9  969.0    6.8  235.0   70.0  444.0
2024 113  4 22 1200  -35.6  968.7    6.3  236.0   69.5  444.0
2024 113  4 22 1300  -35.9  968.6    6.5  234.0   70.0  444.0
2024 113  4 22 1400  -35.9  968.4    5.8  236.0   69.0  444.0
2024 113  4 22 1500  -35.8  968.2    6.1  240.0   69.0  444.0
2024 113  4 22 1600  -35.1  968.1    6.4  238.0   70.0  444.0
2024 113  4 22 1700  -35.1  968.6    6.5  244.0   69.9  444.0
2024 113  4 22 1800  -34.1  968.8    7.3  247.0   70.0  444.0
2024 113  4 22 1900  -32.8  969.2    7.9  247.0   71.0  444.0
2024 113  4 22 2000  -32.7  969.6    7.5  250.0   71.0  444.0
2024 113  4 22 2100  -32.5  969.9    6.7  252.0   71.0  444.0
2024 113  4 22 2200  -32.4  970.3    0.0    0.0   71.7  444.0
2024 113  4 22 2300  -32.3  970.8    0.0    0.0   72.0  444.0
2024 114  4 23 0000  -31.6  971.4    0.1  266.0   72.0  444.0
2024 114  4 23 0100  -30.7  972.2    0.0    0.0   73.0  444.0
2024 114  4 23 0200  -30.7  973.0    2.4  266.0   73.0  444.0
2024 114  4 23 0300  -31.8  973.7    8.2  275.0   72.0  444.0
2024 114  4 23 0400  -32.8  974.6    7.2  283.0   71.0  444.0
2024 114  4 23 0500  -33.5  975.9    7.0  270.0   70.9  444.0
2024 114  4 23 0600  -34.9  976.8    6.8  281.0   70.0  444.0
2024 114  4 23 0700  -34.3  977.7    6.6  285.0   70.0  444.0
2024 114  4 23 0800  -35.3  978.9    6.5  287.0   70.0  444.0
2024 114  4 23 0900  -34.4  980.1    4.7  298.0   69.8  444.0
2024 114  4 23 1000  -35.7  981.3    4.5  284.0   69.5  444.0
2024 114  4 23 1100  -38.0  982.4    5.5  324.0   68.0  444.0
2024 114  4 23 1200  -39.1  983.2    2.8  331.0   68.0  444.0
2024 114  4 23 1300  -35.4  984.2    2.8  329.0   70.0  444.0
2024 114  4 23 1400  -34.8  984.9    1.4  347.0   70.2  444.0
2024 114  4 23 1500  -33.1  985.5    2.0  351.0   71.0  444.0
2024 114  4 23 1600  -31.4  986.1    4.0    3.0   73.0  444.0
2024 114  4 23 1700  -29.0  986.7    4.3  360.0   75.0  444.0
2024 114  4 23 1800  -27.5  987.3    3.5  355.0   75.0  444.0
2024 114  4 23 1900  -27.5  988.1    3.9    4.0   75.0  444.0
2024 114  4 23 2000  -27.5  988.7    4.1    7.0   75.0  444.0
2024 114  4 23 2100  -26.3  989.5    4.6    7.0   76.0  444.0
2024 114  4 23 2200  -25.6  990.5    4.8   12.0   77.0  444.0
2024 114  4 23 2300  -26.0  990.9    4.5   15.0   76.0  444.0
2024 115  4 24 0000  -26.6  991.2    3.9   27.0   76.0  444.0
2024 115  4 24 0100  -27.4  991.5    2.5   24.0   75.0  444.0
2024 115  4 24 0200  -28.6  991.8    1.5   65.0   74.4  444.0
2024 115  4 24 0300  -29.4  992.0    2.2   54.0   74.0  444.0
2024 115  4 24 0400  -27.8  992.3    2.1   63.0   75.0  444.0
2024 115  4 24 0500  -25.9  992.7    3.8   55.0   77.0  444.0
2024 115  4 24 0600  -25.6  993.0    3.0   74.0   77.0  444.0
2024 115  4 24 0700  -26.0  993.2    2.4   81.0   76.8  444.0
2024 115  4 24 0800  -26.3  993.1    3.1  140.0   76.0  444.0
2024 115  4 24 0900  -28.0  992.9    3.7  156.0   75.0  444.0
2024 115  4 24 1000  -26.5  992.4    5.3  150.0   76.0  444.0
2024 115  4 24 1100  -25.8  992.3    5.3  141.0   77.0  444.0
2024 115  4 24 1200  -26.2  992.1    6.1  125.0   76.7  444.0
2024 115  4 24 1300  -26.5  991.8    5.6  126.0   77.0  444.0
2024 115  4 24 1400  -26.6  991.4    6.5  137.0   77.0  444.0
2024 115  4 24 1500  -26.5  990.9    6.3  148.0   76.0  444.0
2024 115  4 24 1600  -26.4  990.6    6.3  138.0   77.0  444.0
2024 115  4 24 1700  -26.4  990.1    6.9  140.0   77.0  444.0
2024 115  4 24 1800  -25.8  989.6    6.2  154.0   77.0  444.0
2024 115  4 24 1900  -27.0  989.1    7.4  161.0   76.0  444.0
2024 115  4 24 2000  -27.1  988.6    7.3  163.0   76.0  444.0
2024 115  4 24 2100  -27.0  988.3    6.1  159.0   76.0  444.0
2024 115  4 24 2200  -27.2  987.7    5.2  170.0   75.9  444.0
2024 115  4 24 2300  -27.4  986.8    5.5  177.0   76.0  444.0
2024 116  4 25 0000  -27.5  985.5    6.2  197.0   75.8  444.0
2024 116  4 25 0100  -27.5  984.7    6.3  195.0   76.0  444.0
2024 116  4 25 0200  -27.7  983.8    6.6  191.0   76.0  444.0
2024 116  4 25 0300  -27.4  982.9    6.5  199.0   76.0  444.0
2024 116  4 25 0400  -26.8  981.7    0.0    0.0   76.0  444.0
2024 116  4 25 0500  -28.6  980.9    0.0    0.0   74.0  444.0
2024 116  4 25 0600  -31.0  979.6    5.1  232.0   73.0  444.0
2024 116  4 25 0700  -33.6  978.5    5.3  239.0   71.0  444.0
2024 116  4 25 0800  -35.0  977.8    5.2  238.0   71.0  444.0
2024 116  4 25 0900  -35.5  976.8    4.7  219.0   70.0  444.0
2024 116  4 25 1000  -35.9  976.1    4.7  230.0   70.0  444.0
2024 116  4 25 1100  -36.6  975.7    3.7  236.0   69.0  444.0
2024 116  4 25 1200  -36.4  974.6    3.2  237.0   70.0  444.0
2024 116  4 25 1300  -36.2  973.8    3.1  265.0   70.0  444.0
2024 116  4 25 1400  -37.1  973.1    3.0  263.0   69.0  444.0
2024 116  4 25 1500  -37.6  972.4    2.3  268.0   69.0  444.0
2024 116  4 25 1600  -38.9  971.6    0.9  286.0   68.0  444.0
2024 116  4 25 1700  -40.4  971.1    1.8  301.0   67.0  444.0
2024 116  4 25 1800  -40.5  970.6    1.2  331.0   68.0  444.0
2024 116  4 25 1900  -40.4  970.1    2.1  309.0   68.0  444.0
2024 116  4 25 2000  -40.0  969.8    1.7  337.0   67.7  444.0
2024 116  4 25 2100  -41.2  969.8    2.4  341.0   67.0  444.0
2024 116  4 25 2200  -40.7  969.5    1.8  343.0   67.0  444.0
2024 116  4 25 2300  -37.6  969.3    2.5    3.0   69.0  444.0
2024 117  4 26 0000  -36.2  969.0    1.6   13.0   70.0  444.0
2024 117  4 26 0100  -34.8  968.7    3.5   36.0   70.6  444.0
2024 117  4 26 0200  -34.5  968.9    2.6   24.0   71.0  444.0
2024 117  4 26 0300  -34.5  969.1    4.0   39.0   71.0  444.0
2024 117  4 26 0400  -34.2  969.2    3.5   49.0   71.0  444.0
2024 117  4 26 0500  -36.1  969.3    4.4   49.0   69.0  444.0
2024 117  4 26 0600  -38.2  969.5    3.9   58.0   68.5  444.0
2024 117  4 26 0700  -37.6  970.0    3.5   48.0   69.0  444.0
2024 117  4 26 0800  -37.8  970.5    2.9   57.0   69.0  444.0
2024 117  4 26 0900  -38.2  970.7    3.0   71.0   68.0  444.0
2024 117  4 26 1000  -37.7  971.0    3.7   68.0   69.0  444.0
2024 117  4 26 1100  -37.4  971.5    3.3   82.0   69.0  444.0
2024 117  4 26 1200  -36.0  971.8    3.3   86.0   70.0  444.0
2024 117  4 26 1300  -35.5  972.0    3.5  115.0   70.0  444.0
2024 117  4 26 1400  -35.5  972.5    4.2  123.0   70.0  444.0
2024 117  4 26 1500  -35.2  972.4    4.3  133.0   70.0  444.0
2024 117  4 26 1600  -34.6  972.7    5.1  120.0   70.0  444.0
2024 117  4 26 1700  -34.6  973.2    4.9  126.0   70.0  444.0
2024 117  4 26 1800  -35.0  973.7    4.9  121.0   70.0  444.0
2024 117  4 26 1900  -35.8  974.2    5.0  120.0   70.0  444.0
2024 117  4 26 2000  -34.4  974.9    5.5  110.0   70.0  444.0
2024 117  4 26 2100  -32.3  975.3    6.1  108.0   72.0  444.0
2024 117  4 26 2200  -31.4  976.0    5.8  105.0   72.6  444.0
2024 117  4 26 2300  -30.3  976.5    5.5  105.0   73.0  444.0
2024 118  4 27 0000  -30.8  976.9    5.6  116.0   73.0  444.0
2024 118  4 27 0100  -31.0  977.5    5.5  119.0   73.0  444.0
2024 118  4 27 0200  -30.9  977.7    6.5  119.0   73.0  444.0
2024 118  4 27 0300  -31.5  978.1    6.5  121.0   73.0  444.0
2024 118  4 27 0400  -32.5  978.2    7.4  127.0   71.9  444.0
2024 118  4 27 0500  -32.8  978.4    7.5  128.0   72.0  444.0
2024 118  4 27 0600  -32.8  978.3    7.5  123.0   71.8  444.0
2024 118  4 27 0700  -32.4  978.6    7.0  126.0   72.0  444.0
2024 118  4 27 0800  -32.0  978.5    8.4  134.0   72.4  444.0
2024 118  4 27 0900  -31.7  978.3    9.5  133.0   73.0  444.0
2024 118  4 27 1000  -31.0  978.4    9.9  133.0   73.0  444.0
2024 118  4 27 1100  -30.2  978.1   10.5  133.0   73.0  444.0
2024 118  4 27 1200  -30.0  978.3   11.4  131.0   73.0  444.0
2024 118  4 27 1300  -29.5  978.1   11.4  132.0   74.0  444.0
2024 118  4 27 1400  -28.9  977.7   11.8  130.0   74.0  444.0
2024 118  4 27 1500  -28.7  977.5   12.6  128.0   74.0  444.0
2024 118  4 27 1600  -29.6  977.2   13.1  131.0   73.8  444.0
2024 118  4 27 1700  -28.6  977.1   13.4  128.0   75.0  444.0
2024 118  4 27 1800  -27.2  976.2   14.7  128.0   76.0  444.0
2024 118  4 27 1900  -26.1  975.6   15.5  128.0   77.0  444.0
2024 118  4 27 2000  -25.6  975.6   15.7  130.0   77.0  444.0
2024 118  4 27 2100  -25.9  975.6   16.1  136.0   76.7  444.0
2024 118  4 27 2200  -26.9  975.3   16.3  143.0   76.0  444.0
2024 118  4 27 2300  -29.2  975.6   15.7  149.0   74.3  444.0
2024 119  4 28 0000  -30.8  975.3   15.0  150.0   73.0  444.0
2024 119  4 28 0100  -31.8  975.3   14.7  154.0   73.0  444.0
2024 119  4 28 0200  -32.6  975.1   15.4  158.0   72.0  444.0
2024 119  4 28 0300  -34.5  974.5   15.7  162.0   71.0  444.0
2024 119  4 28 0400  -35.3  974.0   14.6  166.0   70.4  444.0
2024 119  4 28 0500  -35.5  973.2   15.1  174.0   70.0  444.0
2024 119  4 28 0600  -35.8  972.2   14.5  182.0   70.0  444.0
2024 119  4 28 0700  -35.2  971.1   14.7  186.0   70.0  444.0
2024 119  4 28 0800  -35.1  970.1   14.9  192.0   70.3  444.0
2024 119  4 28 0900  -35.5  969.5   14.9  197.0   70.0  444.0
2024 119  4 28 1000  -34.8  968.6   14.9  196.0   70.0  444.0
2024 119  4 28 1100  -33.9  967.9   15.3  191.0   71.0  444.0
2024 119  4 28 1200  -32.3  967.4   14.5  198.0   72.0  444.0
2024 119  4 28 1300  -31.1  967.2   15.2  198.0   72.9  444.0
2024 119  4 28 1400  -30.8  967.1   13.4  201.0   73.2  444.0
2024 119  4 28 1500  -31.8  967.3   11.2  205.0   72.0  444.0
2024 119  4 28 1600  -32.2  967.2   11.8  210.0   72.0  444.0
2024 119  4 28 1700  -32.6  966.9   10.9  220.0   72.0  444.0
2024 119  4 28 1800  -33.8  966.9    9.8  222.0   71.0  444.0
2024 119  4 28 1900  -35.2  967.0    7.5  225.0   70.2  444.0
2024 119  4 28 2000  -36.2  967.4    6.0  225.0   70.0  444.0
2024 119  4 28 2100  -37.7  967.6    5.5  240.0   69.0  444.0
2024 119  4 28 2200  -37.7  967.9    5.0  230.0   69.0  444.0
2024 119  4 28 2300  -37.2  968.0    4.1  247.0   69.0  444.0
2024 120  4 29 0000  -33.6  967.8    5.8  242.0   71.6  444.0
2024 120  4 29 0100  -32.6  968.2    6.1  279.0   70.0  444.0
2024 120  4 29 0200  -35.1  968.4    5.0  280.0   70.6  444.0
2024 120  4 29 0300  -33.9  968.5    2.6  313.0   71.0  444.0
2024 120  4 29 0400  -35.2  968.9    2.9  328.0   70.0  444.0
2024 120  4 29 0500  -35.1  969.5    2.7  322.0   70.0  444.0
2024 120  4 29 0600  -34.3  969.4    1.8  314.0   71.0  444.0
2024 120  4 29 0700  -37.1  970.1    2.5    4.0   69.0  444.0
2024 120  4 29 0800  -36.4  970.4    2.6    8.0   70.0  444.0
2024 120  4 29 0900  -32.5  970.6    1.9   31.0   72.0  444.0
2024 120  4 29 1000  -30.2  971.0    2.3   21.0   74.0  444.0
2024 120  4 29 1100  -30.5  971.0    3.0   38.0   73.0  444.0
2024 120  4 29 1200  -33.6  971.2    3.0   40.0   70.7  444.0
2024 120  4 29 1300  -34.9  971.3    3.1   30.0   70.0  444.0
2024 120  4 29 1400  -34.6  971.5    3.3   34.0   70.0  444.0
2024 120  4 29 1500  -34.1  971.4    4.7   34.0   71.0  444.0
2024 120  4 29 1600  -34.2  971.5    4.3   40.0   70.0  444.0
2024 120  4 29 1700  -35.1  971.7    4.8   31.0   70.0  444.0
2024 120  4 29 1800  -34.8  972.3    3.0   30.0   70.0  444.0
2024 120  4 29 1900  -33.6  972.5    3.0   34.0   71.0  444.0
2024 120  4 29 2000  -32.1  972.5    3.4   30.0   72.0  444.0
2024 120  4 29 2100  -31.5  972.6    2.0    4.0   73.0  444.0
2024 120  4 29 2200  -30.4  972.5    2.3   32.0   73.0  444.0
2024 120  4 29 2300  -30.1  972.6    1.7  351.0   74.0  444.0
2024 121  4 30 0000  -29.9  972.4    1.3    1.0   74.0  444.0
2024 121  4 30 0100  -29.9  972.3    0.1   53.0   74.0  444.0
2024 121  4 30 0200  -29.9  972.3    0.0    0.0   74.0  444.0
2024 121  4 30 0300  -30.0  971.6    0.5   55.0   73.0  444.0
2024 121  4 30 0400  -30.7  970.9    1.1   70.0   73.0  444.0
2024 121  4 30 0500  -30.6  970.6    1.4   71.0   73.0  444.0
2024 121  4 30 0600  -30.4  970.2    1.3   71.0   73.0  444.0
2024 121  4 30 0700  -31.4  970.2    1.2   62.0   72.0  444.0
2024 121  4 30 0800  -31.5  970.1    0.0    0.0   73.0  444.0
2024 121  4 30 0900  -30.7  969.7    0.0    0.0   73.2  444.0
2024 121  4 30 1000  -30.8  969.5    0.5  251.0   73.0  444.0
2024 121  4 30 1100  -32.0  969.2    1.1  212.0   72.1  444.0
2024 121  4 30 1200  -32.9  969.3    1.2  232.0   71.0  444.0
2024 121  4 30 1300  -36.9  969.0    0.4  201.0   68.0  444.0
2024 121  4 30 1400  -38.7  969.4    0.2  249.0   68.0  444.0
2024 121  4 30 1500  -40.1  969.5  444.0  444.0   67.0  444.0
2024 121  4 30 1600  -41.3  969.6  444.0  444.0   66.5  444.0
2024 121  4 30 1700  -42.3  969.7  444.0  444.0   66.0  444.0
2024 121  4 30 1800  -42.3  970.0  444.0  444.0   66.0  444.0
2024 121  4 30 1900  -43.1  970.6  444.0  444.0   65.8  444.0
2024 121  4 30 2000  -42.9  971.2  444.0  444.0   66.0  444.0
2024 121  4 30 2100  -42.9  972.1  444.0  444.0   66.0  444.0
2024 121  4 30 2200  -42.0  972.9  444.0  444.0   66.0  444.0
2024 121  4 30 2300  -43.3  973.8  444.0  444.0   66.0  444.0
