Year: 2020  Month: 05  ID: GIL  ARGOS:  8911  Name: Gill                
Lat: 79.88S  Lon: 178.57W  Elev:   53m
2020 122  5  1 0000  -41.6  978.8    1.1  289.0   65.7  444.0
2020 122  5  1 0100  -40.6  978.5    0.8  275.0   66.0  444.0
2020 122  5  1 0200  -39.5  978.5    0.9  242.0   66.3  444.0
2020 122  5  1 0300  -39.5  978.5    0.2  190.0   66.0  444.0
2020 122  5  1 0400  -39.0  978.6    2.0  190.0   67.0  444.0
2020 122  5  1 0500  -39.5  978.4    5.5  164.0   66.6  444.0
2020 122  5  1 0600  -38.0  978.7    5.7  161.0   67.0  444.0
2020 122  5  1 0700  -37.7  978.8    4.0  181.0   68.0  444.0
2020 122  5  1 0800  -37.0  978.6    4.1  190.0   68.0  444.0
2020 122  5  1 0900  -37.4  978.7    4.1  211.0   67.8  444.0
2020 122  5  1 1000  -39.2  979.0    4.0  220.0   66.7  444.0
2020 122  5  1 1100  -40.3  979.1    4.4  201.0   66.0  444.0
2020 122  5  1 1200  -41.5  979.4    3.9  193.0   66.0  444.0
2020 122  5  1 1300  -42.5  979.3    5.0  183.0   66.0  444.0
2020 122  5  1 1400  -43.3  979.4    5.0  179.0   65.1  444.0
2020 122  5  1 1500  -44.1  979.4    5.7  185.0   65.0  444.0
2020 122  5  1 1600  -44.2  979.5    5.3  184.0   65.0  444.0
2020 122  5  1 1700  -45.0  979.7    4.7  199.0   64.0  444.0
2020 122  5  1 1800  -45.2  980.0    3.3  192.0   64.0  444.0
2020 122  5  1 1900  -45.3  979.8    3.6  183.0   64.2  444.0
2020 122  5  1 2000  -45.4  979.6    4.0  188.0   64.0  444.0
2020 122  5  1 2100  -45.9  980.0    3.5  185.0   64.0  444.0
2020 122  5  1 2200  -46.2  980.4    3.0  202.0   63.3  444.0
2020 122  5  1 2300  -46.1  980.5    2.4  205.0   64.0  444.0
2020 123  5  2 0000  -46.1  980.3    2.7  217.0   64.0  444.0
2020 123  5  2 0100  -46.2  980.4    2.9  224.0   63.0  444.0
2020 123  5  2 0200  -46.1  980.3    3.6  210.0   64.0  444.0
2020 123  5  2 0300  -45.6  980.3    4.0  211.0   63.8  444.0
2020 123  5  2 0400  -45.6  980.0    4.9  198.0   64.0  444.0
2020 123  5  2 0500  -44.8  980.4    3.5  196.0   64.3  444.0
2020 123  5  2 0600  -44.7  980.6    2.8  201.0   64.0  444.0
2020 123  5  2 0700  -44.3  980.4    3.9  216.0   64.4  444.0
2020 123  5  2 0800  -41.0  980.2    4.4  203.0   65.9  444.0
2020 123  5  2 0900  -40.5  980.3    3.8  224.0   66.0  444.0
2020 123  5  2 1000  -39.5  979.8    3.9  201.0   66.3  444.0
2020 123  5  2 1100  -39.8  979.9    3.2  206.0   66.0  444.0
2020 123  5  2 1200  -40.3  979.8    3.5  201.0   66.2  444.0
2020 123  5  2 1300  -42.5  979.8    3.3  171.0   65.0  444.0
2020 123  5  2 1400  -44.3  980.0    3.0  180.0   64.0  444.0
2020 123  5  2 1500  -45.3  980.3    3.7  185.0   64.0  444.0
2020 123  5  2 1600  -46.1  980.8    4.1  166.0   63.0  444.0
2020 123  5  2 1700  -47.2  981.4    3.6  174.0   62.9  444.0
2020 123  5  2 1800  -48.2  981.8    2.9  168.0   62.5  444.0
2020 123  5  2 1900  -48.6  982.4    4.4  164.0   62.0  444.0
2020 123  5  2 2000  -49.0  982.8    4.2  163.0   62.2  444.0
2020 123  5  2 2100  -48.9  983.5    4.3  163.0   62.0  444.0
2020 123  5  2 2200  -49.2  983.7    4.6  170.0   62.0  444.0
2020 123  5  2 2300  -48.9  984.1    4.9  171.0   62.0  444.0
2020 124  5  3 0000  -48.4  984.2    5.1  178.0   62.0  444.0
2020 124  5  3 0100  -47.9  984.6    4.3  187.0   62.3  444.0
2020 124  5  3 0200  -45.0  984.4    4.7  200.0   64.0  444.0
2020 124  5  3 0300  -40.6  984.4    4.6  191.0   66.0  444.0
2020 124  5  3 0400  -38.0  984.4    5.7  183.0   67.0  444.0
2020 124  5  3 0500  -38.1  984.8    5.7  195.0   67.0  444.0
2020 124  5  3 0600  -39.1  984.8    6.5  195.0   66.9  444.0
2020 124  5  3 0700  -38.2  984.7    5.0  205.0   67.0  444.0
2020 124  5  3 0800  -37.1  984.2    5.4  198.0   67.8  444.0
2020 124  5  3 0900  -36.1  984.4    4.7  208.0   68.0  444.0
2020 124  5  3 1000  -35.6  984.2    4.9  220.0   68.7  444.0
2020 124  5  3 1100  -35.1  984.2    4.6  219.0   68.9  444.0
2020 124  5  3 1200  -35.0  984.0    2.9  227.0   69.0  444.0
2020 124  5  3 1300  -34.9  983.7    4.7  236.0   69.0  444.0
2020 124  5  3 1400  -34.7  983.6    4.1  235.0   69.0  444.0
2020 124  5  3 1500  -34.3  982.9    3.8  259.0   69.5  444.0
2020 124  5  3 1600  -34.1  982.6    4.5  273.0   69.7  444.0
2020 124  5  3 1700  -34.0  982.5    3.1  282.0   70.0  444.0
2020 124  5  3 1800  -34.9  982.5    2.7  301.0   69.0  444.0
2020 124  5  3 1900  -37.1  982.5    2.0  336.0   68.0  444.0
2020 124  5  3 2000  -38.1  982.4    2.1  351.0   67.8  444.0
2020 124  5  3 2100  -38.5  982.5    2.8  346.0   67.5  444.0
2020 124  5  3 2200  -38.7  982.7    4.1    4.0   68.0  444.0
2020 124  5  3 2300  -35.9  983.0    4.0    1.0   68.9  444.0
2020 125  5  4 0000  -34.7  983.4    4.3  338.0   69.0  444.0
2020 125  5  4 0100  -35.7  983.7    3.8  342.0   68.6  444.0
2020 125  5  4 0200  -37.5  983.5    3.8   17.0   68.0  444.0
2020 125  5  4 0300  -39.3  983.9    3.4   29.0   67.0  444.0
2020 125  5  4 0400  -40.2  984.0    3.7   29.0   66.5  444.0
2020 125  5  4 0500  -40.9  984.4    2.6   28.0   66.0  444.0
2020 125  5  4 0600  -40.2  984.7    4.1   39.0   67.0  444.0
2020 125  5  4 0700  -40.8  985.0    2.8   47.0   66.0  444.0
2020 125  5  4 0800  -39.1  984.9    2.4   44.0   67.3  444.0
2020 125  5  4 0900  -37.5  985.4    3.1   54.0   68.0  444.0
2020 125  5  4 1000  -35.5  985.7    2.0   33.0   69.0  444.0
2020 125  5  4 1100  -37.4  985.9    2.0  351.0   67.9  444.0
2020 125  5  4 1200  -36.7  986.7    0.4  112.0   69.0  444.0
2020 125  5  4 1300  -35.5  987.0    0.4  313.0   69.0  444.0
2020 125  5  4 1400  -36.6  987.6    2.3  287.0   68.0  444.0
2020 125  5  4 1500  -37.4  987.9    1.5  278.0   68.0  444.0
2020 125  5  4 1600  -37.8  987.9    1.9  286.0   68.0  444.0
2020 125  5  4 1700  -37.8  988.1    2.2  246.0   68.0  444.0
2020 125  5  4 1800  -37.0  988.4    1.6  268.0   68.0  444.0
2020 125  5  4 1900  -36.8  988.5    1.5  235.0   68.0  444.0
2020 125  5  4 2000  -36.3  988.4    2.1  249.0   68.0  444.0
2020 125  5  4 2100  -35.6  988.3    0.7  225.0   68.9  444.0
2020 125  5  4 2200  -35.4  988.3    1.9  137.0   69.0  444.0
2020 125  5  4 2300  -34.9  988.1    2.3  137.0   69.4  444.0
2020 126  5  5 0000  -34.2  988.0    1.2  137.0   70.0  444.0
2020 126  5  5 0100  -33.4  987.6    3.7  151.0   70.0  444.0
2020 126  5  5 0200  -33.5  987.2    3.2  157.0   70.4  444.0
2020 126  5  5 0300  -33.2  986.6    2.7  153.0   71.0  444.0
2020 126  5  5 0400  -31.6  986.3    3.7  152.0   72.0  444.0
2020 126  5  5 0500  -29.6  986.1    4.4  135.0   73.0  444.0
2020 126  5  5 0600  -29.5  985.9    5.3  128.0   73.0  444.0
2020 126  5  5 0700  -30.6  985.7    4.3  155.0   72.0  444.0
2020 126  5  5 0800  -30.8  985.4    3.8  152.0   72.0  444.0
2020 126  5  5 0900  -30.1  984.8    4.5  161.0   72.7  444.0
2020 126  5  5 1000  -30.1  984.1    5.0  167.0   73.0  444.0
2020 126  5  5 1100  -30.3  983.5    5.1  170.0   73.0  444.0
2020 126  5  5 1200  -30.1  983.1    6.1  164.0   73.0  444.0
2020 126  5  5 1300  -30.6  982.6    5.4  179.0   72.0  444.0
2020 126  5  5 1400  -30.2  981.5    5.7  183.0   73.0  444.0
2020 126  5  5 1500  -29.9  980.6    6.8  189.0   73.0  444.0
2020 126  5  5 1600  -29.8  979.8    7.2  194.0   73.2  444.0
2020 126  5  5 1700  -29.8  978.5    7.5  200.0   73.0  444.0
2020 126  5  5 1800  -29.4  977.4    8.0  204.0   74.0  444.0
2020 126  5  5 1900  -30.1  976.8    7.9  197.0   72.8  444.0
2020 126  5  5 2000  -31.9  975.7    8.8  193.0   72.0  444.0
2020 126  5  5 2100  -34.3  975.0    7.2  192.0   70.1  444.0
2020 126  5  5 2200  -35.5  974.4    7.1  202.0   70.0  444.0
2020 126  5  5 2300  -35.9  973.8    7.5  202.0   69.0  444.0
2020 127  5  6 0000  -36.8  972.8    8.1  201.0   69.0  444.0
2020 127  5  6 0100  -37.5  972.1    7.4  199.0   69.0  444.0
2020 127  5  6 0200  -36.8  971.5    8.3  200.0   69.0  444.0
2020 127  5  6 0300  -36.6  970.8    7.7  199.0   68.9  444.0
2020 127  5  6 0400  -36.2  970.3    8.3  198.0   69.0  444.0
2020 127  5  6 0500  -35.4  969.9    8.4  199.0   69.0  444.0
2020 127  5  6 0600  -34.2  969.4    8.9  198.0   70.0  444.0
2020 127  5  6 0700  -33.8  968.8    9.3  197.0   71.0  444.0
2020 127  5  6 0800  -32.9  968.4    9.8  198.0   71.0  444.0
2020 127  5  6 0900  -31.8  967.9    9.7  206.0   72.0  444.0
2020 127  5  6 1000  -31.4  967.4    9.4  204.0   72.0  444.0
2020 127  5  6 1100  -31.0  967.1    9.0  211.0   72.0  444.0
2020 127  5  6 1200  -30.7  966.7    8.9  207.0   72.4  444.0
2020 127  5  6 1300  -30.4  966.7    7.9  210.0   73.0  444.0
2020 127  5  6 1400  -30.8  966.2    6.9  215.0   72.0  444.0
2020 127  5  6 1500  -31.2  965.7    6.9  221.0   72.0  444.0
2020 127  5  6 1600  -30.7  965.7    6.6  216.0   73.0  444.0
2020 127  5  6 1700  -29.4  965.2    5.9  228.0   74.0  444.0
2020 127  5  6 1800  -28.7  965.0    5.3  218.0   74.0  444.0
2020 127  5  6 1900  -28.6  964.8    4.9  135.0   74.0  444.0
2020 127  5  6 2000  -27.6  964.6    4.9  217.0   74.9  444.0
2020 127  5  6 2100  -26.1  964.4    4.8  212.0   76.0  444.0
2020 127  5  6 2200  -25.6  964.4    4.6  200.0   77.0  444.0
2020 127  5  6 2300  -24.1  964.5    5.3  190.0   78.0  444.0
2020 128  5  7 0000  -23.1  964.4    5.9  195.0   79.0  444.0
2020 128  5  7 0100  -22.5  964.7    6.3  189.0   79.1  444.0
2020 128  5  7 0200  -22.5  964.6    6.8  194.0   79.0  444.0
2020 128  5  7 0300  -24.0  964.2    7.9  197.0   78.0  444.0
2020 128  5  7 0400  -25.3  964.2    7.3  196.0   77.1  444.0
2020 128  5  7 0500  -27.3  964.1    7.5  197.0   75.0  444.0
2020 128  5  7 0600  -27.9  963.9    7.8  192.0   75.0  444.0
2020 128  5  7 0700  -28.2  964.0    7.6  183.0   75.0  444.0
2020 128  5  7 0800  -28.4  964.5    6.5  190.0   74.7  444.0
2020 128  5  7 0900  -28.1  964.8    7.4  186.0   74.8  444.0
2020 128  5  7 1000  -28.5  964.8    6.0  199.0   75.0  444.0
2020 128  5  7 1100  -28.8  965.0    6.2  201.0   75.0  444.0
2020 128  5  7 1200  -28.0  965.1    6.1  208.0   75.0  444.0
2020 128  5  7 1300  -28.8  965.3    5.7  212.0   74.9  444.0
2020 128  5  7 1400  -30.1  965.2    5.5  220.0   73.0  444.0
2020 128  5  7 1500  -31.3  965.3    5.0  230.0   73.0  444.0
2020 128  5  7 1600  -32.8  965.4    6.0  235.0   72.0  444.0
2020 128  5  7 1700  -32.2  965.7    6.3  236.0   73.0  444.0
2020 128  5  7 1800  -30.5  965.5    7.2  236.0   73.3  444.0
2020 128  5  7 1900  -30.3  965.7    6.6  227.0   73.0  444.0
2020 128  5  7 2000  -30.9  965.9    6.8  231.0   73.0  444.0
2020 128  5  7 2100  -30.4  965.7    7.1  236.0   73.0  444.0
2020 128  5  7 2200  -27.2  966.1    8.9  234.0   76.0  444.0
2020 128  5  7 2300  -29.3  966.4    7.6  238.0   73.5  444.0
2020 129  5  8 0000  -30.4  966.3    7.0  241.0   73.0  444.0
2020 129  5  8 0100  -31.0  966.5    6.8  242.0   73.0  444.0
2020 129  5  8 0200  -32.2  966.5    5.6  234.0   72.0  444.0
2020 129  5  8 0300  -32.9  966.5    5.7  249.0   72.0  444.0
2020 129  5  8 0400  -33.8  966.7    5.6  262.0   71.2  444.0
2020 129  5  8 0500  -34.4  967.1    4.5  269.0   71.0  444.0
2020 129  5  8 0600  -34.6  967.3    5.2  261.0   70.0  444.0
2020 129  5  8 0700  -35.1  968.3    3.6  279.0   70.2  444.0
2020 129  5  8 0800  -35.8  968.7    4.0  277.0   70.0  444.0
2020 129  5  8 0900  -36.3  969.1    3.4  285.0   70.0  444.0
2020 129  5  8 1000  -36.4  969.6    4.9  278.0   70.0  444.0
2020 129  5  8 1100  -36.3  970.2    5.0  279.0   69.4  444.0
2020 129  5  8 1200  -36.6  971.0    2.9  264.0   69.0  444.0
2020 129  5  8 1300  -37.3  971.9    2.1  290.0   69.0  444.0
2020 129  5  8 1400  -37.7  972.1    4.1  269.0   69.0  444.0
2020 129  5  8 1500  -37.6  972.7    3.3  260.0   69.0  444.0
2020 129  5  8 1600  -37.5  973.1    3.1  264.0   68.9  444.0
2020 129  5  8 1700  -37.6  973.9    2.0  260.0   69.0  444.0
2020 129  5  8 1800  -38.2  974.7    2.1  225.0   68.0  444.0
2020 129  5  8 1900  -39.0  975.3    1.9  270.0   68.0  444.0
2020 129  5  8 2000  -39.2  975.3    3.5  250.0   68.0  444.0
2020 129  5  8 2100  -38.7  975.6    4.9  209.0   68.3  444.0
2020 129  5  8 2200  -39.5  976.0    4.3  205.0   67.0  444.0
2020 129  5  8 2300  -40.5  976.6    3.5  192.0   67.0  444.0
2020 130  5  9 0000  -40.9  977.2    3.2  197.0   67.0  444.0
2020 130  5  9 0100  -39.8  977.5    4.0  198.0   67.0  444.0
2020 130  5  9 0200  -37.8  977.8    4.6  183.0   68.6  444.0
2020 130  5  9 0300  -35.7  977.8    4.3  190.0   70.0  444.0
2020 130  5  9 0400  -33.9  977.8    4.8  210.0   71.0  444.0
2020 130  5  9 0500  -32.6  977.7    5.1  215.0   71.7  444.0
2020 130  5  9 0600  -31.3  978.0    5.1  216.0   73.0  444.0
2020 130  5  9 0700  -30.4  977.8    7.4  199.0   73.0  444.0
2020 130  5  9 0800  -29.4  977.8    6.9  197.0   74.0  444.0
2020 130  5  9 0900  -28.5  977.8    6.3  198.0   74.0  444.0
2020 130  5  9 1000  -27.9  977.8    5.3  224.0   74.7  444.0
2020 130  5  9 1100  -28.4  977.7    6.8  211.0   75.0  444.0
2020 130  5  9 1200  -27.9  977.6    6.6  211.0   75.0  444.0
2020 130  5  9 1300  -28.2  977.5    6.1  203.0   75.0  444.0
2020 130  5  9 1400  -28.2  977.6    5.9  217.0   75.0  444.0
2020 130  5  9 1500  -27.6  977.5    6.7  220.0   75.3  444.0
2020 130  5  9 1600  -27.1  977.5    7.0  222.0   76.0  444.0
2020 130  5  9 1700  -26.5  977.4    6.6  237.0   76.0  444.0
2020 130  5  9 1800  -25.7  977.5    5.7  242.0   77.0  444.0
2020 130  5  9 1900  -24.4  977.3    6.8  236.0   78.0  444.0
2020 130  5  9 2000  -24.6  977.6    6.4  242.0   77.0  444.0
2020 130  5  9 2100  -25.3  978.0    6.0  246.0   77.0  444.0
2020 130  5  9 2200  -25.2  978.4    7.5  254.0   77.0  444.0
2020 130  5  9 2300  -25.1  978.9    8.9  251.0   77.0  444.0
2020 131  5 10 0000  -26.6  979.5    8.5  251.0   76.0  444.0
2020 131  5 10 0100  -28.3  980.1    7.0  262.0   75.0  444.0
2020 131  5 10 0200  -29.7  980.5    6.4  265.0   73.7  444.0
2020 131  5 10 0300  -30.2  980.9    5.9  272.0   73.0  444.0
2020 131  5 10 0400  -29.1  981.6    6.1  275.0   75.0  444.0
2020 131  5 10 0500  -29.8  982.0    4.7  297.0   73.0  444.0
2020 131  5 10 0600  -31.6  982.3    4.5  300.0   73.0  444.0
2020 131  5 10 0700  -32.9  982.3    1.7  326.0   71.7  444.0
2020 131  5 10 0800  -32.7  982.4    4.1  331.0   72.3  444.0
2020 131  5 10 0900  -32.5  982.7    2.6  341.0   72.0  444.0
2020 131  5 10 1000  -28.4  982.8    4.2  336.0   75.0  444.0
2020 131  5 10 1100  -27.4  982.6    5.6  351.0   75.0  444.0
2020 131  5 10 1200  -26.7  982.0    7.5  351.0   76.0  444.0
2020 131  5 10 1300  -27.7  982.5    7.0  335.0   75.2  444.0
2020 131  5 10 1400  -28.9  982.7    5.6  337.0   74.0  444.0
2020 131  5 10 1500  -30.8  982.8    4.2  343.0   73.0  444.0
2020 131  5 10 1600  -31.5  982.8    3.4    3.0   73.0  444.0
2020 131  5 10 1700  -25.9  982.4    5.6  356.0   77.0  444.0
2020 131  5 10 1800  -24.4  982.7    5.2  356.0   78.0  444.0
2020 131  5 10 1900  -23.9  982.6    5.2  355.0   78.0  444.0
2020 131  5 10 2000  -22.2  983.0    5.9  343.0   79.0  444.0
2020 131  5 10 2100  -21.9  983.0    4.3  335.0   80.0  444.0
2020 131  5 10 2200  -22.7  983.1    2.5    4.0   79.0  444.0
2020 131  5 10 2300  -23.2  983.1    1.4   45.0   78.8  444.0
2020 132  5 11 0000  -23.0  982.8    2.6   54.0   79.3  444.0
2020 132  5 11 0100  -22.7  982.5    1.5   55.0   79.0  444.0
2020 132  5 11 0200  -22.8  982.0    2.8   61.0   79.0  444.0
2020 132  5 11 0300  -22.9  981.7    2.0   53.0   79.0  444.0
2020 132  5 11 0400  -22.9  981.3    1.9   82.0   79.0  444.0
2020 132  5 11 0500  -23.2  981.1    1.8   85.0   79.0  444.0
2020 132  5 11 0600  -23.2  980.5    2.1  117.0   79.0  444.0
2020 132  5 11 0700  -23.3  979.9    2.9  144.0   79.0  444.0
2020 132  5 11 0800  -23.1  979.4    3.7  148.0   79.0  444.0
2020 132  5 11 0900  -23.2  978.7    4.7  152.0   79.0  444.0
2020 132  5 11 1000  -23.6  978.4    6.5  141.0   78.6  444.0
2020 132  5 11 1100  -24.1  977.8    8.1  147.0   78.6  444.0
2020 132  5 11 1200  -24.2  977.0    5.9  160.0   78.0  444.0
2020 132  5 11 1300  -24.1  976.5    7.4  167.0   78.0  444.0
2020 132  5 11 1400  -24.6  976.0    9.1  166.0   78.0  444.0
2020 132  5 11 1500  -24.1  975.8   10.0  165.0   78.6  444.0
2020 132  5 11 1600  -23.4  975.8   10.7  168.0   79.0  444.0
2020 132  5 11 1700  -23.4  975.5   11.4  174.0   79.0  444.0
2020 132  5 11 1800  -23.7  975.6   12.8  179.0   79.0  444.0
2020 132  5 11 1900  -25.0  975.8   13.9  185.0   77.0  444.0
2020 132  5 11 2000  -26.0  976.2   14.1  192.0   76.8  444.0
2020 132  5 11 2100  -26.7  977.0   13.6  197.0   76.0  444.0
2020 132  5 11 2200  -27.2  977.3   13.6  204.0   76.0  444.0
2020 132  5 11 2300  -27.7  977.4   13.6  204.0   76.0  444.0
2020 133  5 12 0000  -28.7  977.4   12.6  213.0   74.8  444.0
2020 133  5 12 0100  -29.5  977.8   12.8  217.0   74.2  444.0
2020 133  5 12 0200  -30.6  977.8   11.9  215.0   74.0  444.0
2020 133  5 12 0300  -31.0  977.9   11.1  215.0   73.3  444.0
2020 133  5 12 0400  -30.4  978.0   10.9  218.0   73.0  444.0
2020 133  5 12 0500  -30.0  978.6   11.1  218.0   74.0  444.0
2020 133  5 12 0600  -29.9  979.0   10.6  219.0   73.8  444.0
2020 133  5 12 0700  -30.6  979.5   10.0  226.0   73.0  444.0
2020 133  5 12 0800  -30.9  980.4    9.6  230.0   73.0  444.0
2020 133  5 12 0900  -32.5  980.9    8.5  236.0   72.0  444.0
2020 133  5 12 1000  -33.4  981.3    8.2  244.0   71.0  444.0
2020 133  5 12 1100  -34.9  981.9    8.3  243.0   71.0  444.0
2020 133  5 12 1200  -35.0  982.1    7.1  238.0   71.0  444.0
2020 133  5 12 1300  -35.3  982.1    7.7  245.0   70.3  444.0
2020 133  5 12 1400  -34.3  982.6    7.1  248.0   71.0  444.0
2020 133  5 12 1500  -33.5  983.3    6.8  244.0   71.0  444.0
2020 133  5 12 1600  -34.1  983.4    6.7  246.0   71.0  444.0
2020 133  5 12 1700  -34.8  983.7    6.0  253.0   70.0  444.0
2020 133  5 12 1800  -35.5  983.7    6.7  257.0   70.1  444.0
2020 133  5 12 1900  -34.6  983.6    8.0  256.0   71.0  444.0
2020 133  5 12 2000  -34.9  983.7    8.3  263.0   70.0  444.0
2020 133  5 12 2100  -34.0  983.5    8.8  260.0   71.0  444.0
2020 133  5 12 2200  -34.0  983.7    8.1  264.0   71.1  444.0
2020 133  5 12 2300  -34.5  984.0    7.5  256.0   70.6  444.0
2020 134  5 13 0000  -35.9  984.3    7.2  265.0   70.0  444.0
2020 134  5 13 0100  -37.0  983.5    7.8  264.0   69.0  444.0
2020 134  5 13 0200  -37.4  983.5    7.1  271.0   69.0  444.0
2020 134  5 13 0300  -36.9  983.1    7.7  278.0   69.3  444.0
2020 134  5 13 0400  -37.0  982.4    7.7  290.0   69.1  444.0
2020 134  5 13 0500  -39.3  982.2    7.2  306.0   68.0  444.0
2020 134  5 13 0600  -37.6  981.3    7.1  299.0   68.9  444.0
2020 134  5 13 0700  -38.1  981.1    8.0  312.0   68.0  444.0
2020 134  5 13 0800  -38.0  980.5    6.9  314.0   69.0  444.0
2020 134  5 13 0900  -37.1  979.8    6.7  306.0   69.0  444.0
2020 134  5 13 1000  -37.6  979.5    5.2  326.0   69.0  444.0
2020 134  5 13 1100  -37.8  978.8    5.0  333.0   68.7  444.0
2020 134  5 13 1200  -37.2  978.0    5.5  330.0   69.0  444.0
2020 134  5 13 1300  -37.6  977.4    3.8  334.0   69.0  444.0
2020 134  5 13 1400  -37.6  977.2    4.3  343.0   69.0  444.0
2020 134  5 13 1500  -37.8  976.7    4.1  326.0   69.0  444.0
2020 134  5 13 1600  -37.4  976.3    2.8  341.0   68.7  444.0
2020 134  5 13 1700  -36.2  976.1    1.9  339.0   69.0  444.0
2020 134  5 13 1800  -34.7  975.7    1.8   17.0   70.0  444.0
2020 134  5 13 1900  -34.0  975.7    2.1   75.0   71.0  444.0
2020 134  5 13 2000  -35.0  975.7    2.1   67.0   70.0  444.0
2020 134  5 13 2100  -34.7  975.8    2.0  110.0   70.2  444.0
2020 134  5 13 2200  -34.5  976.1    2.5  116.0   71.0  444.0
2020 134  5 13 2300  -33.3  976.0    3.0  119.0   71.0  444.0
2020 135  5 14 0000  -32.7  976.2    3.2  108.0   72.0  444.0
2020 135  5 14 0100  -32.4  976.2    3.0  117.0   71.8  444.0
2020 135  5 14 0200  -32.3  976.3    3.1  137.0   71.9  444.0
2020 135  5 14 0300  -32.3  976.5    3.2  144.0   72.0  444.0
2020 135  5 14 0400  -32.0  976.7    3.2  158.0   72.0  444.0
2020 135  5 14 0500  -31.4  976.8    3.4  145.0   72.0  444.0
2020 135  5 14 0600  -30.4  976.9    3.2  138.0   73.0  444.0
2020 135  5 14 0700  -29.4  977.2    3.2  135.0   74.0  444.0
2020 135  5 14 0800  -29.4  977.3    3.2  149.0   74.0  444.0
2020 135  5 14 0900  -29.4  977.8    4.6  134.0   73.0  444.0
2020 135  5 14 1000  -32.3  978.3    3.1  142.0   71.9  444.0
2020 135  5 14 1100  -34.4  978.9    4.0  159.0   70.0  444.0
2020 135  5 14 1200  -37.3  978.9    2.7  164.0   69.0  444.0
2020 135  5 14 1300  -38.1  979.2    2.5  181.0   68.0  444.0
2020 135  5 14 1400  -38.4  979.2    2.0  184.0   68.0  444.0
2020 135  5 14 1500  -37.8  979.1    2.5  185.0   69.0  444.0
2020 135  5 14 1600  -38.2  979.0    1.3  186.0   68.0  444.0
2020 135  5 14 1700  -37.5  978.8    0.9  188.0   69.0  444.0
2020 135  5 14 1800  -35.1  978.5    1.7  260.0   70.0  444.0
2020 135  5 14 1900  -33.9  978.2    3.6  273.0   70.8  444.0
2020 135  5 14 2000  -32.8  978.0    3.9  257.0   71.6  444.0
2020 135  5 14 2100  -32.2  977.7    4.8  260.0   72.0  444.0
2020 135  5 14 2200  -32.4  977.4    4.5  251.0   72.0  444.0
2020 135  5 14 2300  -35.1  977.4    4.2  264.0   69.7  444.0
2020 136  5 15 0000  -33.6  977.1    4.7  266.0   71.2  444.0
2020 136  5 15 0100  -32.4  976.5    6.0  250.0   72.0  444.0
2020 136  5 15 0200  -32.8  976.1    4.8  259.0   71.0  444.0
2020 136  5 15 0300  -36.0  975.9    5.3  246.0   70.0  444.0
2020 136  5 15 0400  -37.4  975.9    4.5  236.0   69.0  444.0
2020 136  5 15 0500  -38.0  975.9    3.9  229.0   68.0  444.0
2020 136  5 15 0600  -38.5  975.9    5.3  236.0   68.0  444.0
2020 136  5 15 0700  -38.7  976.1    4.2  234.0   68.0  444.0
2020 136  5 15 0800  -36.8  975.8    4.4  243.0   69.0  444.0
2020 136  5 15 0900  -32.5  975.7    5.8  240.0   72.0  444.0
2020 136  5 15 1000  -30.2  975.7    5.5  246.0   73.0  444.0
2020 136  5 15 1100  -29.2  975.5    4.6  245.0   74.0  444.0
2020 136  5 15 1200  -26.8  975.1    7.5  239.0   76.0  444.0
2020 136  5 15 1300  -26.1  975.2    8.5  234.0   76.3  444.0
2020 136  5 15 1400  -26.2  975.7    9.5  232.0   75.0  444.0
2020 136  5 15 1500  -29.4  976.1    8.6  231.0   74.0  444.0
2020 136  5 15 1600  -31.8  976.3    7.9  241.0   72.0  444.0
2020 136  5 15 1700  -32.8  976.1    8.0  237.0   72.0  444.0
2020 136  5 15 1800  -32.7  976.7    7.2  221.0   71.9  444.0
2020 136  5 15 1900  -33.9  977.4    5.8  228.0   71.0  444.0
2020 136  5 15 2000  -35.7  977.5    5.2  229.0   70.0  444.0
2020 136  5 15 2100  -36.7  977.6    3.6  237.0   69.0  444.0
2020 136  5 15 2200  -38.1  978.2    4.0  240.0   68.0  444.0
2020 136  5 15 2300  -38.3  978.1    4.2  216.0   68.5  444.0
2020 137  5 16 0000  -39.3  978.1    3.1  230.0   68.0  444.0
2020 137  5 16 0100  -40.1  977.8    2.7  234.0   67.0  444.0
2020 137  5 16 0200  -41.4  978.0    3.1  262.0   67.0  444.0
2020 137  5 16 0300  -41.6  977.5    3.3  262.0   67.0  444.0
2020 137  5 16 0400  -40.5  977.7    3.2  245.0   67.0  444.0
2020 137  5 16 0500  -39.0  977.2    3.2  238.0   68.0  444.0
2020 137  5 16 0600  -37.8  977.1    2.3  243.0   69.0  444.0
2020 137  5 16 0700  -36.4  976.9    2.8  240.0   69.0  444.0
2020 137  5 16 0800  -39.0  976.1    3.7  250.0   67.0  444.0
2020 137  5 16 0900  -41.4  976.0    2.9  257.0   67.0  444.0
2020 137  5 16 1000  -43.2  975.5    3.2  266.0   66.0  444.0
2020 137  5 16 1100  -43.2  975.0    3.3  273.0   65.8  444.0
2020 137  5 16 1200  -43.3  974.6    2.8  286.0   66.0  444.0
2020 137  5 16 1300  -43.0  973.8    2.4  322.0   66.0  444.0
2020 137  5 16 1400  -39.8  973.0    2.3  319.0   67.0  444.0
2020 137  5 16 1500  -36.8  972.4    3.6  315.0   69.0  444.0
2020 137  5 16 1600  -34.5  971.4    3.9  306.0   69.9  444.0
2020 137  5 16 1700  -32.9  970.6    6.2  307.0   71.0  444.0
2020 137  5 16 1800  -31.8  969.8    6.5  304.0   72.0  444.0
2020 137  5 16 1900  -30.6  969.4    6.3  296.0   73.0  444.0
2020 137  5 16 2000  -30.0  968.8    6.6  290.0   73.0  444.0
2020 137  5 16 2100  -29.8  968.8    5.9  287.0   73.0  444.0
2020 137  5 16 2200  -30.4  968.8    5.9  283.0   73.0  444.0
2020 137  5 16 2300  -30.8  969.1    4.7  275.0   72.0  444.0
2020 138  5 17 0000  -31.2  969.3    4.9  255.0   72.2  444.0
2020 138  5 17 0100  -32.0  969.7    5.4  242.0   72.0  444.0
2020 138  5 17 0200  -32.3  970.4    5.6  247.0   71.8  444.0
2020 138  5 17 0300  -33.8  970.7    4.3  251.0   71.0  444.0
2020 138  5 17 0400  -34.8  971.1    2.7  267.0   70.0  444.0
2020 138  5 17 0500  -36.8  971.6    2.1  303.0   69.0  444.0
2020 138  5 17 0600  -35.6  971.8    2.9  312.0   69.4  444.0
2020 138  5 17 0700  -34.0  971.9    3.4  330.0   71.0  444.0
2020 138  5 17 0800  -32.8  972.0    4.5  313.0   71.0  444.0
2020 138  5 17 0900  -34.9  971.9    3.6  308.0   70.0  444.0
2020 138  5 17 1000  -35.8  972.1    4.2  304.0   69.0  444.0
2020 138  5 17 1100  -34.1  972.6    4.5  299.0   71.0  444.0
2020 138  5 17 1200  -33.5  973.0    3.7  293.0   71.0  444.0
2020 138  5 17 1300  -34.3  973.2    1.7  307.0   70.0  444.0
2020 138  5 17 1400  -37.9  973.4    2.6  300.0   68.2  444.0
2020 138  5 17 1500  -40.6  973.5    4.8  262.0   67.0  444.0
2020 138  5 17 1600  -41.2  973.8    3.6  264.0   67.0  444.0
2020 138  5 17 1700  -40.1  974.2    4.5  276.0   67.0  444.0
2020 138  5 17 1800  -40.7  974.5    3.3  292.0   67.0  444.0
2020 138  5 17 1900  -42.6  974.6    3.0  305.0   66.2  444.0
2020 138  5 17 2000  -42.4  974.4    4.4  290.0   66.0  444.0
2020 138  5 17 2100  -43.6  974.6    4.3  296.0   66.0  444.0
2020 138  5 17 2200  -40.5  974.8    5.4  295.0   66.0  444.0
2020 138  5 17 2300  -40.8  975.3    5.4  294.0   67.0  444.0
2020 139  5 18 0000  -41.1  975.6    4.9  295.0   66.7  444.0
2020 139  5 18 0100  -42.7  976.0    5.6  297.0   66.0  444.0
2020 139  5 18 0200  -44.0  976.6    4.1  306.0   65.0  444.0
2020 139  5 18 0300  -44.3  977.0    4.3  288.0   65.1  444.0
2020 139  5 18 0400  -44.9  977.4    3.7  306.0   65.0  444.0
2020 139  5 18 0500  -45.4  977.9    2.8  297.0   64.0  444.0
2020 139  5 18 0600  -44.3  978.5    2.3  281.0   65.0  444.0
2020 139  5 18 0700  -43.2  979.2    2.0  296.0   66.0  444.0
2020 139  5 18 0800  -42.7  979.6    3.4  307.0   66.0  444.0
2020 139  5 18 0900  -42.3  980.3    2.2  301.0   66.0  444.0
2020 139  5 18 1000  -44.3  981.0    2.5  312.0   65.0  444.0
2020 139  5 18 1100  -46.3  981.4    2.5  306.0   64.0  444.0
2020 139  5 18 1200  -47.0  982.0    1.7  301.0   64.0  444.0
2020 139  5 18 1300  -47.2  982.2    2.4  299.0   63.0  444.0
2020 139  5 18 1400  -46.7  982.8    2.5  303.0   63.0  444.0
2020 139  5 18 1500  -46.9  983.3    2.5  283.0   63.0  444.0
2020 139  5 18 1600  -46.7  983.4    3.2  257.0   63.0  444.0
2020 139  5 18 1700  -46.9  984.1    1.0  302.0   63.4  444.0
2020 139  5 18 1800  -47.1  984.5    1.7  297.0   63.0  444.0
2020 139  5 18 1900  -47.0  984.9    2.1  264.0   63.0  444.0
2020 139  5 18 2000  -47.1  985.1    2.8  240.0   63.0  444.0
2020 139  5 18 2100  -46.8  985.4    1.9  240.0   63.0  444.0
2020 139  5 18 2200  -45.9  985.9    2.3  240.0   63.8  444.0
2020 139  5 18 2300  -45.1  986.3    3.0  230.0   64.0  444.0
2020 140  5 19 0000  -45.0  986.6    2.2  230.0   64.0  444.0
2020 140  5 19 0100  -44.8  986.7  444.0  444.0   64.5  444.0
2020 140  5 19 0200  -44.8  986.7  444.0  444.0   64.0  444.0
2020 140  5 19 0300  -45.1  986.6  444.0  444.0   64.0  444.0
2020 140  5 19 0400  -44.2  986.5  444.0  444.0   65.0  444.0
2020 140  5 19 0500  -43.2  986.3  444.0  444.0   65.0  444.0
2020 140  5 19 0600  -42.8  986.3  444.0  444.0   65.0  444.0
2020 140  5 19 0700  -42.3  986.2  444.0  444.0   66.0  444.0
2020 140  5 19 0800  -42.5  985.7  444.0  444.0   65.0  444.0
2020 140  5 19 0900  -42.2  985.4  444.0  444.0   65.6  444.0
2020 140  5 19 1000  -41.9  984.9  444.0  444.0   66.0  444.0
2020 140  5 19 1100  -42.6  984.5  444.0  444.0   65.0  444.0
2020 140  5 19 1200  -43.1  984.0  444.0  444.0   65.0  444.0
2020 140  5 19 1300  -43.0  983.6  444.0  444.0   65.0  444.0
2020 140  5 19 1400  -43.6  983.1    3.8  209.0   65.0  444.0
2020 140  5 19 1500  -45.1  982.6    2.9  201.0   64.0  444.0
2020 140  5 19 1600  -45.6  982.0    3.9  201.0   64.0  444.0
2020 140  5 19 1700  -45.8  981.8    3.3  201.0   64.0  444.0
2020 140  5 19 1800  -45.5  981.2    3.6  201.0   64.0  444.0
2020 140  5 19 1900  -44.8  980.6    4.0  201.0   64.0  444.0
2020 140  5 19 2000  -43.9  980.2    3.9  201.0   64.8  444.0
2020 140  5 19 2100  -42.2  979.6    4.5  201.0   65.0  444.0
2020 140  5 19 2200  -41.7  979.2    4.9  196.0   66.0  444.0
2020 140  5 19 2300  -41.9  978.9    4.7  199.0   65.0  444.0
2020 141  5 20 0000  -41.6  978.3    5.3  191.0   66.0  444.0
2020 141  5 20 0100  -40.0  977.8    4.7  189.0   66.2  444.0
2020 141  5 20 0200  -39.2  977.4    4.9  186.0   67.0  444.0
2020 141  5 20 0300  -38.8  977.0    4.1  202.0   67.0  444.0
2020 141  5 20 0400  -39.6  976.6    4.2  214.0   67.0  444.0
2020 141  5 20 0500  -40.2  975.9    3.7  218.0   66.0  444.0
2020 141  5 20 0600  -40.8  975.4    3.0  244.0   66.0  444.0
2020 141  5 20 0700  -40.5  974.7    3.2  246.0   66.2  444.0
2020 141  5 20 0800  -39.7  973.8    3.8  244.0   67.0  444.0
2020 141  5 20 0900  -40.0  973.3    3.4  262.0   67.0  444.0
2020 141  5 20 1000  -40.1  972.6    3.0  270.0   67.0  444.0
2020 141  5 20 1100  -40.6  971.7    3.6  275.0   66.0  444.0
2020 141  5 20 1200  -40.0  971.3    4.1  280.0   66.5  444.0
2020 141  5 20 1300  -40.5  971.4    2.1  277.0   66.4  444.0
2020 141  5 20 1400  -40.6  971.2    1.8  301.0   66.0  444.0
2020 141  5 20 1500  -40.8  971.2    0.5  324.0   66.0  444.0
2020 141  5 20 1600  -40.7  971.3    1.1  346.0   66.0  444.0
2020 141  5 20 1700  -41.0  971.1    0.1  347.0   66.0  444.0
2020 141  5 20 1800  -41.1  971.5    0.0    0.0   66.0  444.0
2020 141  5 20 1900  -40.8  971.9    0.0    0.0   66.0  444.0
2020 141  5 20 2000  -40.7  972.4    0.7  353.0   66.0  444.0
2020 141  5 20 2100  -42.0  973.4  444.0  444.0   66.0  444.0
2020 141  5 20 2200  -42.8  973.8  444.0  444.0   65.2  444.0
2020 141  5 20 2300  -42.8  974.5  444.0  444.0   65.2  444.0
2020 142  5 21 0000  -43.0  975.0  444.0  444.0   65.0  444.0
2020 142  5 21 0100  -43.3  975.7  444.0  444.0   65.0  444.0
2020 142  5 21 0200  -44.3  976.2  444.0  444.0   65.0  444.0
2020 142  5 21 0300  -44.1  976.7  444.0  444.0   64.6  444.0
2020 142  5 21 0400  -44.1  976.9  444.0  444.0   65.0  444.0
2020 142  5 21 0500  -44.0  977.3  444.0  444.0   64.6  444.0
2020 142  5 21 0600  -44.0  978.1  444.0  444.0   65.0  444.0
2020 142  5 21 0700  -44.0  978.4  444.0  444.0   65.0  444.0
2020 142  5 21 0800  -44.2  978.8  444.0  444.0   64.0  444.0
2020 142  5 21 0900  -45.1  979.3  444.0  444.0   64.0  444.0
2020 142  5 21 1000  -44.9  979.3  444.0  444.0   64.2  444.0
2020 142  5 21 1100  -43.0  979.5  444.0  444.0   65.0  444.0
2020 142  5 21 1200  -41.0  979.3  444.0  444.0   66.2  444.0
2020 142  5 21 1300  -38.7  979.2  444.0  444.0   67.0  444.0
2020 142  5 21 1400  -36.9  978.7    2.3  245.0   68.0  444.0
2020 142  5 21 1500  -35.7  978.6    1.7  260.0   68.7  444.0
2020 142  5 21 1600  -34.8  978.4    2.4  280.0   69.0  444.0
2020 142  5 21 1700  -34.0  978.3    1.0  257.0   70.0  444.0
2020 142  5 21 1800  -33.5  977.5    2.9  305.0   70.0  444.0
2020 142  5 21 1900  -34.0  977.3    2.4  286.0   70.0  444.0
2020 142  5 21 2000  -34.9  976.2    4.9  257.0   69.2  444.0
2020 142  5 21 2100  -35.0  975.5    3.9  278.0   69.0  444.0
2020 142  5 21 2200  -35.9  975.0    6.3  245.0   69.0  444.0
2020 142  5 21 2300  -35.3  974.0    5.8  226.0   69.0  444.0
2020 143  5 22 0000  -34.9  973.3    6.4  225.0   69.0  444.0
2020 143  5 22 0100  -34.8  972.9    5.6  228.0   69.6  444.0
2020 143  5 22 0200  -34.8  972.5    2.0  237.0   69.5  444.0
2020 143  5 22 0300  -35.1  972.1    2.2  291.0   69.0  444.0
2020 143  5 22 0400  -33.8  971.0    3.4  271.0   70.0  444.0
2020 143  5 22 0500  -31.2  970.2    3.6  261.0   72.0  444.0
2020 143  5 22 0600  -30.6  969.5    2.4  268.0   72.3  444.0
2020 143  5 22 0700  -31.0  969.2    2.2  284.0   72.0  444.0
2020 143  5 22 0800  -31.6  968.6    3.4  282.0   71.8  444.0
2020 143  5 22 0900  -31.6  968.5    1.9  299.0   72.0  444.0
2020 143  5 22 1000  -32.4  967.4    2.3  317.0   71.0  444.0
2020 143  5 22 1100  -32.9  966.8    1.9  308.0   71.0  444.0
2020 143  5 22 1200  -33.1  966.1    1.3  300.0   71.0  444.0
2020 143  5 22 1300  -33.2  965.8    0.7  355.0   71.1  444.0
2020 143  5 22 1400  -32.7  965.2    0.4  355.0   71.0  444.0
2020 143  5 22 1500  -32.0  964.8    1.4   22.0   72.0  444.0
2020 143  5 22 1600  -31.9  964.6    0.7   22.0   71.7  444.0
2020 143  5 22 1700  -32.6  964.9    2.0   58.0   71.0  444.0
2020 143  5 22 1800  -33.3  964.0    0.4   58.0   70.9  444.0
2020 143  5 22 1900  -33.1  963.8    0.3   58.0   71.0  444.0
2020 143  5 22 2000  -32.4  963.9    0.2   59.0   72.0  444.0
2020 143  5 22 2100  -32.4  964.1    0.4   81.0   71.0  444.0
2020 143  5 22 2200  -32.1  963.6    0.1   82.0   72.0  444.0
2020 143  5 22 2300  -31.4  963.6    0.9   83.0   71.9  444.0
2020 144  5 23 0000  -31.0  963.1    1.1   84.0   72.0  444.0
2020 144  5 23 0100  -30.4  963.0    0.0    0.0   73.0  444.0
2020 144  5 23 0200  -30.1  962.6    0.3   84.0   73.0  444.0
2020 144  5 23 0300  -30.3  961.9    0.1  123.0   72.7  444.0
2020 144  5 23 0400  -30.6  961.6  444.0  444.0   72.5  444.0
2020 144  5 23 0500  -30.4  961.5  444.0  444.0   73.0  444.0
2020 144  5 23 0600  -30.2  961.1  444.0  444.0   73.0  444.0
2020 144  5 23 0700  -30.0  961.1  444.0  444.0   73.0  444.0
2020 144  5 23 0800  -29.9  961.0  444.0  444.0   73.0  444.0
2020 144  5 23 0900  -29.8  960.5  444.0  444.0   73.3  444.0
2020 144  5 23 1000  -29.6  960.4  444.0  444.0   73.0  444.0
2020 144  5 23 1100  -29.4  960.1  444.0  444.0   73.6  444.0
2020 144  5 23 1200  -29.3  960.0  444.0  444.0   74.0  444.0
2020 144  5 23 1300  -29.7  959.9  444.0  444.0   73.0  444.0
2020 144  5 23 1400  -29.7  960.0  444.0  444.0   73.4  444.0
2020 144  5 23 1500  -31.0  960.0  444.0  444.0   72.0  444.0
2020 144  5 23 1600  -33.1  959.8  444.0  444.0   71.4  444.0
2020 144  5 23 1700  -32.5  959.5  444.0  444.0   72.0  444.0
2020 144  5 23 1800  -33.1  959.5  444.0  444.0   71.0  444.0
2020 144  5 23 1900  -32.7  959.7  444.0  444.0   71.6  444.0
2020 144  5 23 2000  -32.2  959.5  444.0  444.0   72.0  444.0
2020 144  5 23 2100  -33.3  959.3  444.0  444.0   71.1  444.0
2020 144  5 23 2200  -34.5  959.1  444.0  444.0   70.0  444.0
2020 144  5 23 2300  -35.9  959.0  444.0  444.0   70.0  444.0
2020 145  5 24 0000  -37.7  959.1  444.0  444.0   68.0  444.0
2020 145  5 24 0100  -39.0  959.0  444.0  444.0   67.0  444.0
2020 145  5 24 0200  -38.9  959.2  444.0  444.0   67.9  444.0
2020 145  5 24 0300  -38.4  959.0  444.0  444.0   68.0  444.0
2020 145  5 24 0400  -38.0  959.4  444.0  444.0   68.3  444.0
2020 145  5 24 0500  -38.3  959.4  444.0  444.0   68.0  444.0
2020 145  5 24 0600  -41.0  959.5  444.0  444.0   67.0  444.0
2020 145  5 24 0700  -40.2  959.8  444.0  444.0   66.9  444.0
2020 145  5 24 0800  -39.8  959.8  444.0  444.0   67.0  444.0
2020 145  5 24 0900  -39.1  959.8  444.0  444.0   67.6  444.0
2020 145  5 24 1000  -38.6  960.1  444.0  444.0   68.0  444.0
2020 145  5 24 1100  -38.4  960.1  444.0  444.0   68.0  444.0
2020 145  5 24 1200  -38.4  960.4  444.0  444.0   68.1  444.0
2020 145  5 24 1300  -37.5  960.8    3.3  196.0   68.0  444.0
2020 145  5 24 1400  -35.7  960.9    3.3  190.0   69.3  444.0
2020 145  5 24 1500  -34.3  960.8    4.0  188.0   70.0  444.0
2020 145  5 24 1600  -34.7  960.9    4.5  189.0   70.0  444.0
2020 145  5 24 1700  -35.3  961.1    4.5  184.0   69.5  444.0
2020 145  5 24 1800  -35.2  961.4    3.9  179.0   70.0  444.0
2020 145  5 24 1900  -34.9  961.1    4.7  186.0   69.9  444.0
2020 145  5 24 2000  -36.6  961.7    3.7  185.0   69.0  444.0
2020 145  5 24 2100  -38.9  961.9    4.6  177.0   68.0  444.0
2020 145  5 24 2200  -39.4  962.3    4.8  191.0   67.0  444.0
2020 145  5 24 2300  -38.9  962.3    4.2  188.0   68.0  444.0
2020 146  5 25 0000  -38.4  962.4    4.8  193.0   68.1  444.0
2020 146  5 25 0100  -39.7  962.6    5.3  193.0   67.0  444.0
2020 146  5 25 0200  -39.6  962.7    6.0  190.0   67.0  444.0
2020 146  5 25 0300  -37.9  963.0    6.6  185.0   68.0  444.0
2020 146  5 25 0400  -39.1  963.0    6.0  185.0   68.0  444.0
2020 146  5 25 0500  -38.8  963.4    5.2  192.0   67.7  444.0
2020 146  5 25 0600  -38.1  963.5    5.3  186.0   68.0  444.0
2020 146  5 25 0700  -37.7  963.4    4.5  195.0   68.0  444.0
2020 146  5 25 0800  -38.5  963.4    6.0  198.0   68.0  444.0
2020 146  5 25 0900  -38.8  963.3    4.1  205.0   68.0  444.0
2020 146  5 25 1000  -38.6  962.9    6.1  207.0   67.8  444.0
2020 146  5 25 1100  -38.7  962.9    5.6  226.0   68.0  444.0
2020 146  5 25 1200  -38.6  963.1    4.3  223.0   67.7  444.0
2020 146  5 25 1300  -37.5  962.9    5.1  207.0   68.0  444.0
2020 146  5 25 1400  -38.0  963.0    3.9  232.0   68.0  444.0
2020 146  5 25 1500  -39.6  963.0    4.7  237.0   67.2  444.0
2020 146  5 25 1600  -38.4  963.1    5.1  232.0   68.0  444.0
2020 146  5 25 1700  -37.2  963.2    5.9  233.0   68.3  444.0
2020 146  5 25 1800  -36.0  963.5    6.3  232.0   69.0  444.0
2020 146  5 25 1900  -36.2  963.6    5.5  233.0   69.0  444.0
2020 146  5 25 2000  -36.5  964.2    4.7  240.0   69.0  444.0
2020 146  5 25 2100  -35.9  964.5    6.0  236.0   69.0  444.0
2020 146  5 25 2200  -37.1  965.0    5.9  231.0   68.4  444.0
2020 146  5 25 2300  -37.5  965.1    6.3  231.0   68.0  444.0
2020 147  5 26 0000  -37.2  965.4    6.4  227.0   68.0  444.0
2020 147  5 26 0100  -37.1  965.6    6.0  230.0   68.0  444.0
2020 147  5 26 0200  -37.1  965.6    5.9  233.0   68.0  444.0
2020 147  5 26 0300  -36.9  966.4    5.3  235.0   68.3  444.0
2020 147  5 26 0400  -36.5  966.7    6.1  235.0   69.0  444.0
2020 147  5 26 0500  -35.6  966.7    7.0  235.0   69.2  444.0
2020 147  5 26 0600  -36.1  966.4    6.7  248.0   69.0  444.0
2020 147  5 26 0700  -33.5  966.1    6.5  255.0   70.6  444.0
2020 147  5 26 0800  -31.6  965.9    6.7  250.0   72.0  444.0
2020 147  5 26 0900  -30.5  965.7    7.4  242.0   73.0  444.0
2020 147  5 26 1000  -29.5  965.6    7.1  242.0   73.0  444.0
2020 147  5 26 1100  -28.0  965.3    8.8  239.0   74.0  444.0
2020 147  5 26 1200  -26.6  965.9    6.9  237.0   75.0  444.0
2020 147  5 26 1300  -26.0  966.3    5.7  232.0   76.0  444.0
2020 147  5 26 1400  -25.6  966.6    5.9  233.0   76.0  444.0
2020 147  5 26 1500  -26.0  967.1    5.6  218.0   76.1  444.0
2020 147  5 26 1600  -28.3  967.4    4.2  233.0   74.0  444.0
2020 147  5 26 1700  -30.7  967.2    4.3  237.0   73.0  444.0
2020 147  5 26 1800  -31.7  967.8    3.9  214.0   72.0  444.0
2020 147  5 26 1900  -33.1  968.4    5.7  199.0   71.0  444.0
2020 147  5 26 2000  -35.0  969.2    4.5  198.0   69.9  444.0
2020 147  5 26 2100  -36.1  969.5    4.1  210.0   69.0  444.0
2020 147  5 26 2200  -36.8  970.0    3.8  209.0   69.0  444.0
2020 147  5 26 2300  -35.2  970.4    3.6  213.0   70.0  444.0
2020 148  5 27 0000  -33.9  970.8    1.6  204.0   71.0  444.0
2020 148  5 27 0100  -34.3  970.6    0.0    0.0   70.0  444.0
2020 148  5 27 0200  -34.2  971.1    0.5  180.0   70.0  444.0
2020 148  5 27 0300  -33.8  971.2    0.1  180.0   70.0  444.0
2020 148  5 27 0400  -33.6  971.2    3.6  244.0   71.0  444.0
2020 148  5 27 0500  -33.9  971.2    3.2  249.0   70.8  444.0
2020 148  5 27 0600  -34.8  971.5    2.4  255.0   70.0  444.0
2020 148  5 27 0700  -36.1  971.5    2.8  251.0   69.0  444.0
2020 148  5 27 0800  -37.2  971.6    2.5  240.0   69.0  444.0
2020 148  5 27 0900  -37.6  972.0    1.4  191.0   68.0  444.0
2020 148  5 27 1000  -37.1  972.5    2.7  129.0   68.7  444.0
2020 148  5 27 1100  -37.8  973.0    1.7  142.0   68.0  444.0
2020 148  5 27 1200  -37.9  973.2    2.4  175.0   68.0  444.0
2020 148  5 27 1300  -38.6  973.4    3.5  170.0   68.0  444.0
2020 148  5 27 1400  -39.6  973.5    3.0  189.0   67.0  444.0
2020 148  5 27 1500  -39.8  973.6    2.9  206.0   67.0  444.0
2020 148  5 27 1600  -40.0  973.9    2.8  216.0   67.0  444.0
2020 148  5 27 1700  -40.5  973.3    2.5  207.0   67.0  444.0
2020 148  5 27 1800  -40.5  973.0    2.3  213.0   66.8  444.0
2020 148  5 27 1900  -39.1  972.8    2.6  222.0   68.0  444.0
2020 148  5 27 2000  -38.8  972.6    3.2  218.0   68.0  444.0
2020 148  5 27 2100  -39.1  972.1    3.1  223.0   68.0  444.0
2020 148  5 27 2200  -38.5  971.5    3.3  234.0   68.0  444.0
2020 148  5 27 2300  -38.2  970.9    4.2  238.0   68.0  444.0
2020 149  5 28 0000  -38.6  970.2    4.4  236.0   70.0  444.0
2020 149  5 28 0100  -39.3  969.6    4.3  227.0   67.0  444.0
2020 149  5 28 0200  -40.0  969.0    4.7  232.0   67.2  444.0
2020 149  5 28 0300  -40.1  968.2    3.4  252.0   67.2  444.0
2020 149  5 28 0400  -38.7  967.5    4.4  240.0   68.0  444.0
2020 149  5 28 0500  -36.8  966.9    4.3  238.0   68.0  444.0
2020 149  5 28 0600  -35.8  966.2    4.5  238.0   69.0  444.0
2020 149  5 28 0700  -33.3  965.6    5.6  234.0   71.0  444.0
2020 149  5 28 0800  -32.7  964.9    5.4  234.0   71.2  444.0
2020 149  5 28 0900  -30.9  963.9    6.6  238.0   72.0  444.0
2020 149  5 28 1000  -30.7  963.1    6.5  244.0   72.0  444.0
2020 149  5 28 1100  -29.8  962.6    7.4  242.0   73.0  444.0
2020 149  5 28 1200  -28.6  961.9    7.0  245.0   74.0  444.0
2020 149  5 28 1300  -28.5  961.0    7.0  250.0   74.0  444.0
2020 149  5 28 1400  -26.6  960.2    6.2  247.0   75.0  444.0
2020 149  5 28 1500  -25.3  959.8    5.3  239.0   77.0  444.0
2020 149  5 28 1600  -23.7  959.3    5.4  230.0   78.0  444.0
2020 149  5 28 1700  -24.4  959.0    5.8  217.0   77.0  444.0
2020 149  5 28 1800  -26.1  958.7    4.3  213.0   76.0  444.0
2020 149  5 28 1900  -27.2  958.7    5.6  186.0   75.2  444.0
2020 149  5 28 2000  -30.5  959.4    6.1  174.0   73.0  444.0
2020 149  5 28 2100  -34.9  960.1    8.0  165.0   70.0  444.0
2020 149  5 28 2200  -36.7  961.3    5.5  175.0   70.0  444.0
2020 149  5 28 2300  -36.5  961.6    5.0  196.0   69.0  444.0
2020 150  5 29 0000  -36.0  961.5    5.4  208.0   69.5  444.0
2020 150  5 29 0100  -36.1  961.2    4.3  218.0   69.0  444.0
2020 150  5 29 0200  -34.7  961.3    5.3  200.0   70.0  444.0
2020 150  5 29 0300  -34.1  961.6    5.8  185.0   70.6  444.0
2020 150  5 29 0400  -33.2  961.9    6.5  181.0   71.0  444.0
2020 150  5 29 0500  -32.6  962.2    5.5  192.0   72.0  444.0
2020 150  5 29 0600  -32.1  962.4    5.6  197.0   72.0  444.0
2020 150  5 29 0700  -30.8  962.0    6.6  194.0   73.0  444.0
2020 150  5 29 0800  -31.1  961.8    5.2  214.0   72.0  444.0
2020 150  5 29 0900  -31.0  961.4    5.7  205.0   73.0  444.0
2020 150  5 29 1000  -29.9  961.5    4.9  221.0   73.0  444.0
2020 150  5 29 1100  -29.5  960.8    5.3  222.0   73.6  444.0
2020 150  5 29 1200  -29.0  959.9    5.0  222.0   74.0  444.0
2020 150  5 29 1300  -28.5  959.1    4.4  247.0   74.0  444.0
2020 150  5 29 1400  -25.0  958.3    5.4  227.0   78.0  444.0
2020 150  5 29 1500  -18.3  957.0    6.6  227.0   84.0  444.0
2020 150  5 29 1600  -13.1  956.3   12.3  222.0   90.0  444.0
2020 150  5 29 1700  -13.7  955.1   17.0  227.0   89.0  444.0
2020 150  5 29 1800  -16.9  953.8   16.1  239.0   85.0  444.0
2020 150  5 29 1900  -16.6  952.5   16.8  238.0   86.0  444.0
2020 150  5 29 2000  -18.0  951.6   14.6  249.0   84.0  444.0
2020 150  5 29 2100  -18.7  950.6   13.2  251.0   84.0  444.0
2020 150  5 29 2200  -18.3  949.3   12.8  254.0   84.0  444.0
2020 150  5 29 2300  -16.3  948.2   12.0  248.0   87.0  444.0
2020 151  5 30 0000  -16.2  947.4    9.2  256.0   87.0  444.0
2020 151  5 30 0100  -16.2  946.6    7.3  262.0   86.8  444.0
2020 151  5 30 0200  -16.4  945.8    5.1  264.0   87.0  444.0
2020 151  5 30 0300  -16.1  945.4    3.0  251.0   87.0  444.0
2020 151  5 30 0400  -16.8  944.9    2.7  228.0   86.0  444.0
2020 151  5 30 0500  -17.9  945.0    3.6  225.0   84.9  444.0
2020 151  5 30 0600  -19.1  944.9    3.1  224.0   83.0  444.0
2020 151  5 30 0700  -20.2  944.5    2.3  223.0   82.0  444.0
2020 151  5 30 0800  -21.3  944.7    2.2  222.0   81.0  444.0
2020 151  5 30 0900  -22.5  944.9    1.9  221.0   80.0  444.0
2020 151  5 30 1000  -22.4  944.7    0.0    0.0   80.6  444.0
2020 151  5 30 1100  -22.3  945.5    1.8  218.0   80.0  444.0
2020 151  5 30 1200  -23.0  945.7    4.1  143.0   80.0  444.0
2020 151  5 30 1300  -23.2  946.4    4.6  164.0   79.0  444.0
2020 151  5 30 1400  -23.4  947.1    4.7  148.0   79.0  444.0
2020 151  5 30 1500  -24.0  947.6    6.9  153.0   79.0  444.0
2020 151  5 30 1600  -24.4  947.8    5.1  144.0   78.0  444.0
2020 151  5 30 1700  -25.1  948.5    6.3  162.0   78.0  444.0
2020 151  5 30 1800  -25.5  949.2    6.6  151.0   78.0  444.0
2020 151  5 30 1900  -25.7  949.5    7.1  154.0   77.0  444.0
2020 151  5 30 2000  -26.0  949.9    6.5  163.0   77.0  444.0
2020 151  5 30 2100  -24.7  950.4    6.3  176.0   78.0  444.0
2020 151  5 30 2200  -23.4  950.3    7.4  186.0   79.0  444.0
2020 151  5 30 2300  -21.6  950.3    5.6  183.0   80.0  444.0
2020 152  5 31 0000  -22.2  951.4    7.1  132.0   80.0  444.0
2020 152  5 31 0100  -24.5  952.3    7.6  140.0   78.0  444.0
2020 152  5 31 0200  -26.7  953.1    5.5  128.0   76.0  444.0
2020 152  5 31 0300  -27.5  954.3    4.9  130.0   75.8  444.0
2020 152  5 31 0400  -27.7  954.6    3.7  152.0   75.8  444.0
2020 152  5 31 0500  -28.8  954.9    3.9  166.0   75.0  444.0
2020 152  5 31 0600  -29.7  955.2    3.3  164.0   75.0  444.0
2020 152  5 31 0700  -29.9  956.0    4.7  142.0   74.0  444.0
2020 152  5 31 0800  -28.4  956.5    3.9  125.0   75.1  444.0
2020 152  5 31 0900  -27.2  956.9    1.6  139.0   76.0  444.0
2020 152  5 31 1000  -26.4  957.5    2.6  127.0   76.7  444.0
2020 152  5 31 1100  -26.1  958.0    2.5  108.0   77.0  444.0
2020 152  5 31 1200  -25.6  958.2    2.6  126.0   77.0  444.0
2020 152  5 31 1300  -25.3  958.3    3.1  159.0   77.5  444.0
2020 152  5 31 1400  -24.8  957.8    0.2  162.0   78.0  444.0
2020 152  5 31 1500  -24.0  957.7  444.0  444.0   78.0  444.0
2020 152  5 31 1600  -22.6  957.1  444.0  444.0   79.0  444.0
2020 152  5 31 1700  -21.8  956.4  444.0  444.0   80.0  444.0
2020 152  5 31 1800  -21.9  955.9  444.0  444.0   79.9  444.0
2020 152  5 31 1900  -23.6  956.4  444.0  444.0   79.0  444.0
2020 152  5 31 2000  -23.5  956.0  444.0  444.0   78.8  444.0
2020 152  5 31 2100  -24.1  955.7  444.0  444.0   78.0  444.0
2020 152  5 31 2200  -25.3  956.0  444.0  444.0   77.0  444.0
2020 152  5 31 2300  -27.5  956.2  444.0  444.0   75.4  444.0
