Year: 2019  Month: 02  ID: GIL  ARGOS:  8911  Name: Gill                
Lat: 79.88S  Lon: 178.57W  Elev:   53m
2019  32  2  1 0000   -4.6  987.1    7.2  356.0   87.0  444.0
2019  32  2  1 0100   -7.8  987.3    5.9  297.0   87.0  444.0
2019  32  2  1 0200   -8.1  987.5    4.5  306.0   83.0  444.0
2019  32  2  1 0300  -10.3  987.8    4.8  287.0   77.0  444.0
2019  32  2  1 0400  -11.2  987.8    3.8  293.0   84.0  444.0
2019  32  2  1 0500  -11.1  987.9    2.7  287.0   90.0  444.0
2019  32  2  1 0600  -10.4  987.9    1.5  270.0   89.0  444.0
2019  32  2  1 0700  -10.8  987.8    0.9  181.0   88.4  444.0
2019  32  2  1 0800  -10.6  987.7    1.3  138.0   87.0  444.0
2019  32  2  1 0900  -10.3  987.4    2.9  127.0   89.0  444.0
2019  32  2  1 1000  -10.0  986.9    4.3  114.0   90.0  444.0
2019  32  2  1 1100   -9.2  986.4    4.6  114.0   91.0  444.0
2019  32  2  1 1200   -8.1  985.9    3.1  120.0   92.8  444.0
2019  32  2  1 1300   -5.3  985.4    3.9   61.0   96.0  444.0
2019  32  2  1 1400   -5.2  984.7    5.4   58.0   96.0  444.0
2019  32  2  1 1500   -4.7  984.2    5.5   46.0   96.0  444.0
2019  32  2  1 1600   -5.4  984.0    3.8   21.0   95.0  444.0
2019  32  2  1 1700   -6.2  983.8    2.8   13.0   93.4  444.0
2019  32  2  1 1800   -6.7  983.7    1.5   39.0   92.0  444.0
2019  32  2  1 1900  444.0  983.8    0.6    5.0   91.0  444.0
2019  32  2  1 2000  444.0  983.8    0.8  275.0   91.0  444.0
2019  32  2  1 2100  444.0  983.9    0.1  355.0   89.5  444.0
2019  32  2  1 2200  444.0  984.0    0.7  263.0   89.4  444.0
2019  32  2  1 2300   -4.9  983.9    0.5  200.0   90.0  444.0
2019  33  2  2 0000   -4.8  983.8    0.9  186.0   85.0  444.0
2019  33  2  2 0100   -5.3  983.6    1.5  170.0   85.5  444.0
2019  33  2  2 0200   -4.8  983.4    1.6  179.0   84.0  444.0
2019  33  2  2 0300   -4.8  983.2    1.9  153.0   90.0  444.0
2019  33  2  2 0400   -4.3  982.8    2.5  142.0   91.0  444.0
2019  33  2  2 0500   -3.8  982.1    2.5  154.0   87.6  444.0
2019  33  2  2 0600   -4.1  981.8    3.3  134.0   92.0  444.0
2019  33  2  2 0700   -4.4  981.8    3.0  136.0   94.0  444.0
2019  33  2  2 0800   -4.3  981.4    3.7  114.0   98.0  444.0
2019  33  2  2 0900   -4.5  980.8    4.5  162.0   97.0  444.0
2019  33  2  2 1000   -5.2  980.5    5.3  126.0   95.1  444.0
2019  33  2  2 1100   -5.2  980.1    5.4  130.0   96.0  444.0
2019  33  2  2 1200   -5.3  979.6    5.5  126.0   95.0  444.0
2019  33  2  2 1300   -5.5  978.8    5.7  132.0   96.0  444.0
2019  33  2  2 1400   -5.6  978.1    4.4  124.0   95.5  444.0
2019  33  2  2 1500   -5.3  977.7    4.7  115.0   95.5  444.0
2019  33  2  2 1600   -5.5  976.8    5.5  125.0   94.0  444.0
2019  33  2  2 1700   -5.5  976.1    6.9  137.0   94.0  444.0
2019  33  2  2 1800   -5.8  975.1    8.5  149.0   93.0  444.0
2019  33  2  2 1900   -6.0  974.2    9.7  159.0   90.0  444.0
2019  33  2  2 2000   -7.5  973.7   10.8  141.0   86.4  444.0
2019  33  2  2 2100   -8.3  973.2   10.7  139.0   87.0  444.0
2019  33  2  2 2200   -8.7  972.4   10.4  140.0   85.0  444.0
2019  33  2  2 2300   -8.5  971.9    9.9  140.0   85.0  444.0
2019  34  2  3 0000   -7.8  971.5    8.9  136.0   86.0  444.0
2019  34  2  3 0100   -7.2  971.0    9.7  137.0   87.2  444.0
2019  34  2  3 0200   -6.8  970.6    9.4  137.0   88.0  444.0
2019  34  2  3 0300   -6.9  970.2    9.7  114.0   89.0  444.0
2019  34  2  3 0400   -7.1  969.9    9.5  141.0   88.0  444.0
2019  34  2  3 0500   -6.9  969.7    8.9  143.0   89.1  444.0
2019  34  2  3 0600   -6.6  969.5    8.1  146.0   91.0  444.0
2019  34  2  3 0700   -6.6  969.5    8.3  147.0   92.0  444.0
2019  34  2  3 0800   -6.3  969.1    7.9  148.0   93.1  444.0
2019  34  2  3 0900   -6.1  968.9    8.4  150.0   94.0  444.0
2019  34  2  3 1000   -5.8  968.8    8.1  151.0   94.0  444.0
2019  34  2  3 1100   -6.1  968.6    7.8  153.0   94.0  444.0
2019  34  2  3 1200   -6.1  968.4    8.4  154.0   95.0  444.0
2019  34  2  3 1300   -6.3  968.4    8.3  154.0   94.7  444.0
2019  34  2  3 1400   -6.3  968.4    8.1  154.0   94.1  444.0
2019  34  2  3 1500   -6.2  968.3    8.0  152.0   93.0  444.0
2019  34  2  3 1600   -6.6  968.3    7.6  146.0   94.0  444.0
2019  34  2  3 1700   -6.6  968.2    6.8  156.0   93.0  444.0
2019  34  2  3 1800   -6.5  968.1    8.1  152.0   91.7  444.0
2019  34  2  3 1900   -6.6  968.2    8.0  152.0   90.0  444.0
2019  34  2  3 2000   -6.0  968.2    8.0  153.0   85.0  444.0
2019  34  2  3 2100   -6.5  968.1    6.8  156.0   89.0  444.0
2019  34  2  3 2200   -5.7  968.2    7.1  158.0   88.0  444.0
2019  34  2  3 2300   -5.8  968.0    6.7  163.0   89.9  444.0
2019  35  2  4 0000   -5.5  967.7    7.3  160.0   89.0  444.0
2019  35  2  4 0100   -5.4  967.5    7.5  152.0   86.0  444.0
2019  35  2  4 0200   -5.4  967.4    7.4  145.0   87.0  444.0
2019  35  2  4 0300   -5.3  967.0    6.7  148.0   88.0  444.0
2019  35  2  4 0400   -5.2  966.8    6.1  156.0   90.0  444.0
2019  35  2  4 0500   -5.3  966.7    6.2  151.0   91.0  444.0
2019  35  2  4 0600   -5.9  966.6    5.5  157.0   91.8  444.0
2019  35  2  4 0700   -6.5  966.4    5.2  160.0   90.4  444.0
2019  35  2  4 0800   -6.4  966.4    5.1  154.0   92.0  444.0
2019  35  2  4 0900   -8.2  966.3    4.4  172.0   93.0  444.0
2019  35  2  4 1000   -8.0  966.2    5.4  171.0   92.0  444.0
2019  35  2  4 1100   -8.1  966.0    5.4  168.0   93.5  444.0
2019  35  2  4 1200   -7.6  965.8    5.1  168.0   94.0  444.0
2019  35  2  4 1300   -7.5  965.7    4.8  166.0   94.0  444.0
2019  35  2  4 1400   -7.2  965.5    4.9  167.0   94.0  444.0
2019  35  2  4 1500   -7.5  965.4    4.5  165.0   93.0  444.0
2019  35  2  4 1600   -7.4  965.3    5.8  156.0   93.0  444.0
2019  35  2  4 1700   -7.7  965.5    5.3  147.0   92.0  444.0
2019  35  2  4 1800   -6.9  965.5    6.0  143.0   87.0  444.0
2019  35  2  4 1900   -7.4  965.7    4.7  143.0   87.0  444.0
2019  35  2  4 2000   -7.4  965.8    4.3  152.0   85.0  444.0
2019  35  2  4 2100   -7.3  965.8    4.5  157.0   84.1  444.0
2019  35  2  4 2200   -7.5  965.9    3.6  161.0   90.0  444.0
2019  35  2  4 2300   -7.6  965.9    3.2  166.0   91.0  444.0
2019  36  2  5 0000   -7.9  965.9    3.2  159.0   92.0  444.0
2019  36  2  5 0100   -7.5  966.3    3.0  158.0   88.0  444.0
2019  36  2  5 0200   -7.1  966.4    3.0  170.0   86.0  444.0
2019  36  2  5 0300   -6.7  966.5    3.6  174.0   88.0  444.0
2019  36  2  5 0400   -5.3  966.5    3.7  156.0   89.6  444.0
2019  36  2  5 0500   -5.5  966.6    3.2  177.0   86.0  444.0
2019  36  2  5 0600   -6.9  966.7    3.7  171.0   85.0  444.0
2019  36  2  5 0700   -8.7  966.9    3.3  169.0   89.0  444.0
2019  36  2  5 0800   -9.8  967.2    4.0  164.0   88.0  444.0
2019  36  2  5 0900   -9.7  967.4    4.0  163.0   89.2  444.0
2019  36  2  5 1000  -10.7  967.6    4.8  152.0   92.0  444.0
2019  36  2  5 1100  -12.1  967.9    4.5  148.0   90.0  444.0
2019  36  2  5 1200  -13.7  968.2    4.2  142.0   89.0  444.0
2019  36  2  5 1300  -14.2  968.4    4.4  150.0   84.0  444.0
2019  36  2  5 1400  -14.5  968.7    3.4  153.0   82.8  444.0
2019  36  2  5 1500  -14.3  968.8    3.7  158.0   81.0  444.0
2019  36  2  5 1600  -14.1  969.2    4.0  156.0   79.0  444.0
2019  36  2  5 1700  -14.1  969.3    4.4  161.0   78.0  444.0
2019  36  2  5 1800  -14.2  969.7    4.4  156.0   79.0  444.0
2019  36  2  5 1900  -13.5  969.9    4.5  153.0   77.0  444.0
2019  36  2  5 2000  -12.7  970.4    4.6  142.0   77.0  444.0
2019  36  2  5 2100  -12.6  970.6    3.8  151.0   76.0  444.0
2019  36  2  5 2200  -11.8  970.7    5.3  141.0   76.0  444.0
2019  36  2  5 2300  -11.4  971.1    5.1  125.0   75.1  444.0
2019  37  2  6 0000  -11.4  971.2    4.7  130.0   77.0  444.0
2019  37  2  6 0100  -11.0  971.5    4.1  138.0   78.0  444.0
2019  37  2  6 0200  -10.1  971.6    4.7  140.0   75.0  444.0
2019  37  2  6 0300   -9.5  971.6    5.0  141.0   76.0  444.0
2019  37  2  6 0400   -9.7  971.7    4.7  150.0   75.3  444.0
2019  37  2  6 0500  -11.1  971.7    3.4  168.0   85.0  444.0
2019  37  2  6 0600  -12.4  971.9    3.8  162.0   85.0  444.0
2019  37  2  6 0700  -13.0  971.9    3.8  168.0   82.0  444.0
2019  37  2  6 0800  -12.4  971.8    4.2  163.0   80.0  444.0
2019  37  2  6 0900  -12.9  971.9    3.5  167.0   85.0  444.0
2019  37  2  6 1000  -12.7  972.0    4.3  159.0   87.0  444.0
2019  37  2  6 1100  -13.3  972.0    4.4  157.0   87.0  444.0
2019  37  2  6 1200  -13.0  972.1    4.8  145.0   88.0  444.0
2019  37  2  6 1300  -13.8  972.2    4.0  149.0   83.0  444.0
2019  37  2  6 1400  -13.0  972.2    4.9  152.0   85.0  444.0
2019  37  2  6 1500  -13.6  971.9    5.5  152.0   87.0  444.0
2019  37  2  6 1600  -13.5  971.9    5.0  163.0   85.0  444.0
2019  37  2  6 1700  -13.4  972.0    4.3  153.0   82.0  444.0
2019  37  2  6 1800  -12.1  971.8    4.9  156.0   78.0  444.0
2019  37  2  6 1900  -11.5  971.8    4.0  182.0   77.0  444.0
2019  37  2  6 2000  -11.6  971.7    5.5  179.0   76.0  444.0
2019  37  2  6 2100  -11.7  971.7    5.1  174.0   78.0  444.0
2019  37  2  6 2200  -10.6  971.8    4.7  180.0   77.0  444.0
2019  37  2  6 2300  -10.8  971.4    4.4  188.0   80.0  444.0
2019  38  2  7 0000   -9.7  971.0    5.4  186.0   81.0  444.0
2019  38  2  7 0100   -9.5  970.9    4.3  179.0   79.0  444.0
2019  38  2  7 0200   -8.9  970.6    4.2  190.0   79.6  444.0
2019  38  2  7 0300   -8.9  970.4    3.0  189.0   80.0  444.0
2019  38  2  7 0400   -9.3  969.9    4.2  195.0   84.0  444.0
2019  38  2  7 0500   -8.6  969.8    3.6  188.0   79.0  444.0
2019  38  2  7 0600   -8.9  969.6    4.2  193.0   79.0  444.0
2019  38  2  7 0700  -10.1  969.3    3.4  184.0   79.0  444.0
2019  38  2  7 0800  -12.2  969.0    2.8  205.0   88.0  444.0
2019  38  2  7 0900  -12.0  968.5    3.7  197.0   89.0  444.0
2019  38  2  7 1000  -12.7  968.3    1.8  218.0   85.0  444.0
2019  38  2  7 1100  -14.3  968.1    2.1  199.0   89.0  444.0
2019  38  2  7 1200  -15.2  967.6    3.6  211.0   90.0  444.0
2019  38  2  7 1300  -15.7  967.3    3.4  209.0   88.0  444.0
2019  38  2  7 1400  -16.7  966.9    2.7  210.0   84.0  444.0
2019  38  2  7 1500  -17.2  966.5    2.9  226.0   84.0  444.0
2019  38  2  7 1600  -17.4  966.2    1.3  215.0   83.0  444.0
2019  38  2  7 1700  -17.6  965.9    2.3  244.0   82.0  444.0
2019  38  2  7 1800  -16.6  965.8    2.9  249.0   82.0  444.0
2019  38  2  7 1900  -14.7  965.7    2.4  222.0   80.0  444.0
2019  38  2  7 2000  -13.9  965.2    3.0  223.0   78.0  444.0
2019  38  2  7 2100  -13.8  965.1    2.5  207.0   80.0  444.0
2019  38  2  7 2200  -12.7  965.0    3.1  207.0   79.0  444.0
2019  38  2  7 2300  -12.8  964.9    2.5  206.0   78.0  444.0
2019  39  2  8 0000  -13.2  964.8    2.5  214.0   76.2  444.0
2019  39  2  8 0100  -12.8  964.7    2.8  214.0   77.0  444.0
2019  39  2  8 0200  -12.2  964.5    2.0  215.0   80.0  444.0
2019  39  2  8 0300  -12.0  964.3    2.1  186.0   81.0  444.0
2019  39  2  8 0400  -11.6  964.3    1.7  205.0   81.1  444.0
2019  39  2  8 0500  -11.1  964.3    0.8  220.0   80.6  444.0
2019  39  2  8 0600  -11.6  964.5    1.6  240.0   83.0  444.0
2019  39  2  8 0700  -11.6  964.6    1.6  253.0   85.0  444.0
2019  39  2  8 0800  -12.0  964.8    3.2  236.0   88.1  444.0
2019  39  2  8 0900  -12.0  965.2    1.9  215.0   87.5  444.0
2019  39  2  8 1000  -11.8  965.4    1.3  196.0   88.0  444.0
2019  39  2  8 1100  -11.8  965.9    1.2  176.0   91.0  444.0
2019  39  2  8 1200  -11.7  966.3    0.3  176.0   95.0  444.0
2019  39  2  8 1300  -11.6  966.5    0.6  175.0   94.3  444.0
2019  39  2  8 1400  -11.5  967.1    1.1  321.0   94.2  444.0
2019  39  2  8 1500  -11.3  967.6    0.9  298.0   92.0  444.0
2019  39  2  8 1600  -11.7  968.1    0.8  224.0   90.0  444.0
2019  39  2  8 1700  -11.7  968.7    0.6  246.0   89.0  444.0
2019  39  2  8 1800  -11.6  969.4    0.6  260.0   88.0  444.0
2019  39  2  8 1900  -11.3  970.2    1.7  222.0   87.0  444.0
2019  39  2  8 2000  -11.1  971.1    1.4  167.0   86.0  444.0
2019  39  2  8 2100  -10.6  971.9    1.0  135.0   82.0  444.0
2019  39  2  8 2200   -9.6  972.6    0.6  131.0   79.0  444.0
2019  39  2  8 2300   -8.9  973.4    0.5  158.0   75.0  444.0
2019  40  2  9 0000   -8.7  974.0    1.2  169.0   81.0  444.0
2019  40  2  9 0100   -8.4  974.9    1.7  141.0   81.0  444.0
2019  40  2  9 0200   -7.3  975.7    1.4  126.0   79.0  444.0
2019  40  2  9 0300   -6.8  976.3    1.6  127.0   80.7  444.0
2019  40  2  9 0400   -6.4  977.0    1.9  105.0   86.0  444.0
2019  40  2  9 0500   -6.3  977.7    1.9   86.0   88.0  444.0
2019  40  2  9 0600   -6.4  978.6    2.4   82.0   89.6  444.0
2019  40  2  9 0700   -6.8  979.3    1.7   97.0   91.2  444.0
2019  40  2  9 0800   -7.6  980.0    2.3   98.0   93.0  444.0
2019  40  2  9 0900   -8.9  980.8    0.9   91.0   91.0  444.0
2019  40  2  9 1000   -8.9  981.4    2.3  138.0   94.0  444.0
2019  40  2  9 1100   -9.1  982.2    2.6  152.0   92.7  444.0
2019  40  2  9 1200   -9.2  982.8    3.0  144.0   93.7  444.0
2019  40  2  9 1300   -9.6  983.5    3.0  144.0   93.0  444.0
2019  40  2  9 1400   -9.8  984.1    2.6  167.0   92.0  444.0
2019  40  2  9 1500  -10.2  984.5    3.1  179.0   92.0  444.0
2019  40  2  9 1600  -10.8  984.9    3.5  203.0   90.5  444.0
2019  40  2  9 1700  -11.2  985.4    3.7  196.0   90.4  444.0
2019  40  2  9 1800  -12.5  985.8    6.0  188.0   90.0  444.0
2019  40  2  9 1900  -13.4  986.2    4.1  197.0   89.0  444.0
2019  40  2  9 2000  -15.5  986.5    4.4  205.0   85.0  444.0
2019  40  2  9 2100  -16.3  987.0    4.6  198.0   80.0  444.0
2019  40  2  9 2200  -16.4  987.5    3.2  214.0   79.9  444.0
2019  40  2  9 2300  -14.6  987.5    4.6  212.0   73.0  444.0
2019  41  2 10 0000  -12.1  987.6    4.9  216.0   80.0  444.0
2019  41  2 10 0100  -11.6  987.5    3.4  231.0   75.1  444.0
2019  41  2 10 0200  -11.2  987.4    4.8  220.0   81.0  444.0
2019  41  2 10 0300   -9.9  987.2    4.8  227.0   82.0  444.0
2019  41  2 10 0400   -9.9  987.0    4.9  227.0   82.0  444.0
2019  41  2 10 0500  -10.5  987.1    5.3  226.0   82.0  444.0
2019  41  2 10 0600  -10.4  986.9    2.9  247.0   87.0  444.0
2019  41  2 10 0700   -9.2  986.5    2.2  275.0   96.0  444.0
2019  41  2 10 0800   -8.1  986.4    5.2  229.0   92.0  444.0
2019  41  2 10 0900   -8.2  986.1    5.3  228.0   93.0  444.0
2019  41  2 10 1000   -8.6  985.9    4.7  232.0   93.0  444.0
2019  41  2 10 1100   -9.6  985.8    5.0  240.0   92.0  444.0
2019  41  2 10 1200   -9.5  985.6    4.4  244.0   93.0  444.0
2019  41  2 10 1300   -9.6  985.4    2.9  256.0   93.0  444.0
2019  41  2 10 1400   -9.5  984.9    4.1  266.0   93.0  444.0
2019  41  2 10 1500  -10.8  984.6    5.1  248.0   92.0  444.0
2019  41  2 10 1600  -13.2  984.2    5.1  252.0   90.0  444.0
2019  41  2 10 1700  -14.9  983.9    3.8  276.0   88.0  444.0
2019  41  2 10 1800  -15.2  983.7    2.4  278.0   84.0  444.0
2019  41  2 10 1900  -15.3  983.4    2.3  269.0   84.0  444.0
2019  41  2 10 2000  -15.4  983.2    2.5  228.0   81.0  444.0
2019  41  2 10 2100  -15.2  983.3    3.1  288.0   80.0  444.0
2019  41  2 10 2200  -14.8  983.2    3.3  287.0   77.0  444.0
2019  41  2 10 2300  -13.1  983.0    2.1  283.0   78.0  444.0
2019  42  2 11 0000  -11.5  982.8    2.6  280.0   78.0  444.0
2019  42  2 11 0100  -12.0  982.7    3.3  265.0   80.0  444.0
2019  42  2 11 0200  -11.2  982.4    3.4  260.0   78.0  444.0
2019  42  2 11 0300  -10.9  982.3    3.5  255.0   80.0  444.0
2019  42  2 11 0400  -10.7  982.3    2.8  257.0   82.0  444.0
2019  42  2 11 0500  -10.8  982.3    2.8  260.0   83.0  444.0
2019  42  2 11 0600  -11.1  982.4    3.4  251.0   84.0  444.0
2019  42  2 11 0700  -10.7  982.6    2.0  261.0   83.0  444.0
2019  42  2 11 0800  -10.9  982.8    2.8  260.0   85.1  444.0
2019  42  2 11 0900  -11.7  982.9    2.9  244.0   86.0  444.0
2019  42  2 11 1000  -12.3  983.1    2.9  245.0   92.0  444.0
2019  42  2 11 1100  -12.8  983.4    2.1  233.0   89.0  444.0
2019  42  2 11 1200  -14.6  983.6    1.5  232.0   89.0  444.0
2019  42  2 11 1300  -18.3  983.8    1.5  219.0   84.0  444.0
2019  42  2 11 1400  -16.4  984.0    1.9  245.0   87.0  444.0
2019  42  2 11 1500  -14.0  984.2    1.7  250.0   89.0  444.0
2019  42  2 11 1600  -13.3  984.3    0.9  254.0   89.0  444.0
2019  42  2 11 1700  -12.3  984.5    0.5  246.0   90.0  444.0
2019  42  2 11 1800  -11.5  984.8    3.2  244.0   89.0  444.0
2019  42  2 11 1900  -11.3  984.8    3.5  248.0   88.0  444.0
2019  42  2 11 2000  -11.3  984.8    4.1  239.0   89.0  444.0
2019  42  2 11 2100  -10.7  985.0    4.3  243.0   83.0  444.0
2019  42  2 11 2200  -10.4  985.3    4.0  256.0   82.8  444.0
2019  42  2 11 2300  -11.4  985.5    3.9  249.0   82.0  444.0
2019  43  2 12 0000  -11.3  985.6    6.4  248.0   80.0  444.0
2019  43  2 12 0100  -11.4  985.5    4.5  252.0   80.0  444.0
2019  43  2 12 0200  -11.0  985.5    4.2  259.0   76.7  444.0
2019  43  2 12 0300  -10.9  985.6    0.4  259.0   77.4  444.0
2019  43  2 12 0400  -10.8  985.6    3.5  262.0   78.0  444.0
2019  43  2 12 0500  -11.3  985.6    2.4  262.0   79.0  444.0
2019  43  2 12 0600  -11.2  985.8    3.1  273.0   83.1  444.0
2019  43  2 12 0700  -10.7  985.7    3.5  281.0   86.0  444.0
2019  43  2 12 0800  -11.6  985.8    3.4  269.0   87.0  444.0
2019  43  2 12 0900  -12.0  985.7    3.0  266.0   87.0  444.0
2019  43  2 12 1000  -11.8  985.8    2.6  262.0   88.0  444.0
2019  43  2 12 1100  -11.8  985.9    1.9  233.0   88.5  444.0
2019  43  2 12 1200  -11.8  986.2    1.5  253.0   94.0  444.0
2019  43  2 12 1300  -11.8  986.3    2.2  206.0   92.0  444.0
2019  43  2 12 1400  -11.9  986.4    1.8  216.0   91.0  444.0
2019  43  2 12 1500  -12.1  986.4    1.1  198.0   92.0  444.0
2019  43  2 12 1600  -12.2  986.5    1.1  180.0   93.0  444.0
2019  43  2 12 1700  -12.6  986.7    1.8  174.0   89.0  444.0
2019  43  2 12 1800  444.0  987.0    1.4  204.0   85.0  444.0
2019  43  2 12 1900  -14.0  987.2    1.3  239.0   79.0  444.0
2019  43  2 12 2000  -13.7  987.4    1.8  248.0   75.0  444.0
2019  43  2 12 2100  -13.1  987.6    1.1  257.0   64.0  444.0
2019  43  2 12 2200  -14.7  987.7    1.9  246.0   74.0  444.0
2019  43  2 12 2300  -14.4  988.1    2.1  237.0   74.0  444.0
2019  44  2 13 0000  -13.8  988.4    2.1  267.0   77.0  444.0
2019  44  2 13 0100  -12.9  988.5    1.7  268.0   78.3  444.0
2019  44  2 13 0200  -15.6  988.6    2.7  294.0   78.0  444.0
2019  44  2 13 0300  -14.0  988.5    1.4  283.0   78.9  444.0
2019  44  2 13 0400  444.0  988.5    1.2  296.0   79.0  444.0
2019  44  2 13 0500  -13.5  988.8    1.3  329.0   81.0  444.0
2019  44  2 13 0600  -13.6  989.0    2.4  310.0   82.9  444.0
2019  44  2 13 0700  -13.3  989.1    1.6  304.0   85.0  444.0
2019  44  2 13 0800  444.0  989.1    0.9  220.0   91.2  444.0
2019  44  2 13 0900  444.0  989.5    0.5   22.0   85.0  444.0
2019  44  2 13 1000  -16.2  989.8    0.4  316.0   82.0  444.0
2019  44  2 13 1100  -15.2  990.0    1.9  233.0   86.0  444.0
2019  44  2 13 1200  -14.8  990.4    0.5  246.0   81.0  444.0
2019  44  2 13 1300  -15.1  990.8    0.2  341.0   80.6  444.0
2019  44  2 13 1400  -15.1  990.9    0.1  174.0   85.0  444.0
2019  44  2 13 1500  -15.1  990.8    0.7    8.0   85.0  444.0
2019  44  2 13 1600  -15.0  991.2    0.8  302.0   86.0  444.0
2019  44  2 13 1700  -15.5  992.0    1.3  264.0   85.0  444.0
2019  44  2 13 1800  -15.2  992.7    1.4  286.0   84.0  444.0
2019  44  2 13 1900  -14.2  993.1    2.1  261.0   85.0  444.0
2019  44  2 13 2000  -13.6  993.5    2.8  234.0   78.0  444.0
2019  44  2 13 2100  -13.3  994.2    3.2  247.0   74.0  444.0
2019  44  2 13 2200  -13.7  994.9    3.3  253.0   69.0  444.0
2019  44  2 13 2300  -13.2  995.5    1.7  263.0   67.0  444.0
2019  45  2 14 0000  -13.4  996.3    2.8  260.0   66.0  444.0
2019  45  2 14 0100  -13.8  996.8    3.3  232.0   65.3  444.0
2019  45  2 14 0200  -13.7  997.1    1.3  281.0   65.0  444.0
2019  45  2 14 0300  -13.6  997.4    1.2  296.0   64.0  444.0
2019  45  2 14 0400  444.0  997.6    0.7  296.0   65.8  444.0
2019  45  2 14 0500  444.0  997.9    1.1  300.0   63.0  444.0
2019  45  2 14 0600  444.0  998.1    0.9  282.0   60.2  444.0
2019  45  2 14 0700  444.0  998.3    0.6  298.0   64.0  444.0
2019  45  2 14 0800  444.0  998.5    0.7  354.0   68.0  444.0
2019  45  2 14 0900  -16.5  998.8    0.6   10.0   72.0  444.0
2019  45  2 14 1000  444.0  998.9    1.0   18.0   75.0  444.0
2019  45  2 14 1100  -16.8  999.2    1.2  152.0   66.4  444.0
2019  45  2 14 1200  -15.9  999.4    2.2   90.0   68.0  444.0
2019  45  2 14 1300  -16.6  999.5    2.5   96.0   72.0  444.0
2019  45  2 14 1400  -15.5  999.5    2.2   94.0   74.0  444.0
2019  45  2 14 1500  -14.2  999.2    3.7  102.0   74.0  444.0
2019  45  2 14 1600  -13.4  999.4    4.2   84.0   74.0  444.0
2019  45  2 14 1700  -13.1  999.6    4.4   77.0   73.0  444.0
2019  45  2 14 1800  -12.5  999.7    3.2   55.0   73.0  444.0
2019  45  2 14 1900  -12.0  999.8    3.0   66.0   73.0  444.0
2019  45  2 14 2000  -11.6  999.8    3.6   61.0   73.0  444.0
2019  45  2 14 2100  -11.3 1000.1    0.6    4.0   71.8  444.0
2019  45  2 14 2200  -11.4 1000.2    3.9   53.0   72.0  444.0
2019  45  2 14 2300  -11.3 1000.2    4.0   42.0   68.0  444.0
2019  46  2 15 0000  -11.3 1000.2    3.0   36.0   73.0  444.0
2019  46  2 15 0100  -11.2 1000.1    3.4   38.0   71.0  444.0
2019  46  2 15 0200  -11.0 1000.0    3.6   37.0   69.6  444.0
2019  46  2 15 0300  -11.1  999.7    3.8   32.0   70.3  444.0
2019  46  2 15 0400  -11.0  999.2    4.3   36.0   72.0  444.0
2019  46  2 15 0500  -10.6  999.1    3.5   20.0   71.0  444.0
2019  46  2 15 0600  -10.4  998.7    3.4   12.0   75.0  444.0
2019  46  2 15 0700  -10.5  998.6    3.2    7.0   76.8  444.0
2019  46  2 15 0800  -10.7  998.3    2.7    2.0   82.0  444.0
2019  46  2 15 0900  -10.8  998.0    2.4  352.0   84.0  444.0
2019  46  2 15 1000  -11.0  997.4    2.0  344.0   85.0  444.0
2019  46  2 15 1100  -11.0  997.2    1.8  336.0   86.0  444.0
2019  46  2 15 1200  -11.3  996.7    1.3  244.0   95.0  444.0
2019  46  2 15 1300  -12.2  996.1    2.0  193.0   94.0  444.0
2019  46  2 15 1400  -12.8  995.6    2.1  203.0   90.6  444.0
2019  46  2 15 1500  -12.6  994.9    1.1  186.0   89.2  444.0
2019  46  2 15 1600  -12.9  994.3    1.3  200.0   89.0  444.0
2019  46  2 15 1700  -12.9  993.8    1.0  201.0   88.0  444.0
2019  46  2 15 1800  -13.2  993.5    2.6  210.0   87.0  444.0
2019  46  2 15 1900  -13.0  993.0    1.9  207.0   85.9  444.0
2019  46  2 15 2000  -13.2  992.7    3.3  202.0   84.0  444.0
2019  46  2 15 2100  -13.0  992.3    4.0  199.0   84.0  444.0
2019  46  2 15 2200  -12.7  992.1    4.7  204.0   83.0  444.0
2019  46  2 15 2300  -12.8  992.0    5.1  199.0   83.0  444.0
2019  47  2 16 0000  -14.6  991.9    5.5  227.0   79.0  444.0
2019  47  2 16 0100  -14.4  991.7    4.7  212.0   80.9  444.0
2019  47  2 16 0200  -14.4  991.5    4.4  233.0   81.0  444.0
2019  47  2 16 0300  -14.7  991.2    4.2  242.0   83.0  444.0
2019  47  2 16 0400  -15.3  991.2    4.2  240.0   80.0  444.0
2019  47  2 16 0500  -16.4  990.6    4.7  245.0   81.0  444.0
2019  47  2 16 0600  -16.4  990.5    4.2  235.0   82.0  444.0
2019  47  2 16 0700  -16.2  990.4    4.6  234.0   83.0  444.0
2019  47  2 16 0800  -15.8  990.2    4.7  275.0   85.0  444.0
2019  47  2 16 0900  -15.5  990.1    4.7  227.0   85.6  444.0
2019  47  2 16 1000  -14.3  989.9    5.1  215.0   89.0  444.0
2019  47  2 16 1100  -13.3  989.8    6.1  180.0   88.0  444.0
2019  47  2 16 1200  -12.9  989.7    6.5  171.0   89.0  444.0
2019  47  2 16 1300  -12.6  990.0    6.5  161.0   89.2  444.0
2019  47  2 16 1400  -13.8  990.1    6.4  167.0   87.8  444.0
2019  47  2 16 1500  -14.3  990.2    7.6  153.0   85.0  444.0
2019  47  2 16 1600  -15.7  990.7    7.8  159.0   82.0  444.0
2019  47  2 16 1700  -17.7  991.0    7.2  157.0   83.0  444.0
2019  47  2 16 1800  -20.7  991.4    6.8  166.0   78.3  444.0
2019  47  2 16 1900  -23.0  992.0    6.4  176.0   74.9  444.0
2019  47  2 16 2000  -24.2  992.4    4.3  184.0   69.0  444.0
2019  47  2 16 2100  -24.1  992.7    5.0  179.0   71.0  444.0
2019  47  2 16 2200  -23.6  992.8    5.6  188.0   72.0  444.0
2019  47  2 16 2300  -22.7  993.0    5.3  201.0   70.0  444.0
2019  48  2 17 0000  -22.3  993.1    6.3  189.0   68.0  444.0
2019  48  2 17 0100  -21.3  993.3    6.5  185.0   69.0  444.0
2019  48  2 17 0200  -20.7  993.2    6.3  188.0   68.0  444.0
2019  48  2 17 0300  -20.0  993.0    5.1  200.0   68.0  444.0
2019  48  2 17 0400  -21.7  992.9    4.6  219.0   69.0  444.0
2019  48  2 17 0500  -22.1  992.7    5.0  221.0   70.0  444.0
2019  48  2 17 0600  -22.7  992.2    4.8  235.0   70.0  444.0
2019  48  2 17 0700  -23.4  991.9    4.8  246.0   71.7  444.0
2019  48  2 17 0800  -23.5  991.4    5.0  237.0   73.0  444.0
2019  48  2 17 0900  -23.8  991.0    5.1  234.0   74.0  444.0
2019  48  2 17 1000  -23.7  990.9    5.6  220.0   75.0  444.0
2019  48  2 17 1100  -25.0  990.6    4.1  226.0   75.0  444.0
2019  48  2 17 1200  -25.2  990.4    4.5  214.0   75.6  444.0
2019  48  2 17 1300  -26.8  990.1    4.6  225.0   75.0  444.0
2019  48  2 17 1400  -25.6  989.9    4.0  217.0   75.0  444.0
2019  48  2 17 1500  -26.4  989.6    4.2  208.0   74.0  444.0
2019  48  2 17 1600  -26.1  989.5    3.6  224.0   74.0  444.0
2019  48  2 17 1700  -25.4  989.4    4.8  211.0   73.1  444.0
2019  48  2 17 1800  -24.0  989.5    5.5  195.0   72.0  444.0
2019  48  2 17 1900  -23.5  989.3    4.0  212.0   70.0  444.0
2019  48  2 17 2000  -23.0  989.3    4.4  208.0   69.0  444.0
2019  48  2 17 2100  -21.9  989.3    5.1  209.0   69.0  444.0
2019  48  2 17 2200  -20.4  989.3    5.3  220.0   67.1  444.0
2019  48  2 17 2300  -19.8  988.9    5.2  206.0   67.0  444.0
2019  49  2 18 0000  -18.5  988.8    5.8  182.0   67.0  444.0
2019  49  2 18 0100  -18.8  988.9    4.6  180.0   68.0  444.0
2019  49  2 18 0200  -19.2  988.6    4.8  182.0   68.4  444.0
2019  49  2 18 0300  -19.6  988.6    5.2  178.0   67.0  444.0
2019  49  2 18 0400  -20.3  988.7    4.8  161.0   67.0  444.0
2019  49  2 18 0500  -21.6  988.8    1.6  142.0   67.8  444.0
2019  49  2 18 0600  -23.0  989.1    4.8  158.0   68.0  444.0
2019  49  2 18 0700  -24.5  989.3    4.5  151.0   70.0  444.0
2019  49  2 18 0800  -25.8  989.6    5.3  149.0   70.0  444.0
2019  49  2 18 0900  -27.1  989.9    4.0  170.0   71.0  444.0
2019  49  2 18 1000  -28.2  990.2    3.5  183.0   71.4  444.0
2019  49  2 18 1100  -28.3  990.5    4.5  178.0   72.0  444.0
2019  49  2 18 1200  -29.5  990.8    4.0  183.0   72.0  444.0
2019  49  2 18 1300  -29.0  991.0    5.1  177.0   75.0  444.0
2019  49  2 18 1400  -29.8  991.2    3.2  208.0   75.0  444.0
2019  49  2 18 1500  -30.1  991.4    4.8  183.0   70.8  444.0
2019  49  2 18 1600  -30.1  991.7    4.3  186.0   70.0  444.0
2019  49  2 18 1700  -30.1  991.9    5.1  176.0   68.0  444.0
2019  49  2 18 1800  -29.8  992.4    5.2  172.0   67.0  444.0
2019  49  2 18 1900  -29.1  992.8    5.3  174.0   67.0  444.0
2019  49  2 18 2000  -28.3  993.2    5.6  165.0   68.1  444.0
2019  49  2 18 2100  -26.4  993.6    5.2  161.0   79.0  444.0
2019  49  2 18 2200  -24.1  994.2    5.2  162.0   79.0  444.0
2019  49  2 18 2300  -22.4  994.8    5.0  164.0   77.0  444.0
2019  50  2 19 0000  -21.5  995.0    4.9  167.0   76.6  444.0
2019  50  2 19 0100  -20.9  995.6    4.4  175.0   76.5  444.0
2019  50  2 19 0200  -20.7  995.9    3.5  178.0   77.0  444.0
2019  50  2 19 0300  -20.3  996.3    4.7  170.0   78.0  444.0
2019  50  2 19 0400  -19.9  996.4    4.6  179.0   78.4  444.0
2019  50  2 19 0500  -20.1  996.7    4.0  167.0   78.0  444.0
2019  50  2 19 0600  -23.4  997.0    3.1  178.0   71.0  444.0
2019  50  2 19 0700  -25.4  997.3    3.1  188.0   71.0  444.0
2019  50  2 19 0800  -26.3  997.6    4.1  197.0   71.6  444.0
2019  50  2 19 0900  -27.6  997.5    3.7  217.0   72.0  444.0
2019  50  2 19 1000  -29.1  997.4    3.8  215.0   72.0  444.0
2019  50  2 19 1100  -30.3  997.4    3.7  232.0   72.0  444.0
2019  50  2 19 1200  -31.2  997.2    3.3  247.0   72.0  444.0
2019  50  2 19 1300  -30.4  997.2    3.9  226.0   72.4  444.0
2019  50  2 19 1400  -31.5  996.5    2.4  262.0   72.0  444.0
2019  50  2 19 1500  -31.3  996.4    4.0  236.0   71.0  444.0
2019  50  2 19 1600  -30.9  996.0    3.0  239.0   70.0  444.0
2019  50  2 19 1700  -30.6  995.8    2.7  233.0   68.0  444.0
2019  50  2 19 1800  -28.5  996.1    1.7  198.0   68.3  444.0
2019  50  2 19 1900  -28.5  996.3    2.9  162.0   68.0  444.0
2019  50  2 19 2000  -27.1  996.4    2.3  165.0   68.0  444.0
2019  50  2 19 2100  -26.1  996.6    2.7  179.0   67.0  444.0
2019  50  2 19 2200  -24.4  996.7    3.2  207.0   69.0  444.0
2019  50  2 19 2300  -23.4  996.7    3.7  207.0   69.0  444.0
2019  51  2 20 0000  -22.4  996.7    2.4  226.0   69.0  444.0
2019  51  2 20 0100  -21.9  996.6    3.7  222.0   71.0  444.0
2019  51  2 20 0200  -21.6  996.1    3.7  236.0   70.0  444.0
2019  51  2 20 0300  -21.4  995.4    4.3  244.0   71.0  444.0
2019  51  2 20 0400  -21.3  995.1    3.6  245.0   71.0  444.0
2019  51  2 20 0500  -21.3  994.8    3.5  236.0   72.0  444.0
2019  51  2 20 0600  -21.1  994.6    3.1  232.0   72.2  444.0
2019  51  2 20 0700  -23.1  994.5    3.9  235.0   72.0  444.0
2019  51  2 20 0800  -22.5  994.3    4.0  214.0   74.0  444.0
2019  51  2 20 0900  -24.2  994.1    3.7  215.0   74.1  444.0
2019  51  2 20 1000  -24.9  994.0    3.5  215.0   74.5  444.0
2019  51  2 20 1100  -26.4  994.2    3.4  194.0   74.0  444.0
2019  51  2 20 1200  -26.8  994.2    3.7  195.0   74.0  444.0
2019  51  2 20 1300  -27.8  994.2    3.1  227.0   74.0  444.0
2019  51  2 20 1400  -27.6  993.9    3.9  209.0   73.6  444.0
2019  51  2 20 1500  -27.7  993.8    2.8  205.0   72.0  444.0
2019  51  2 20 1600  -27.1  993.9    1.4  205.0   70.0  444.0
2019  51  2 20 1700  -28.2  993.9    1.9  232.0   71.0  444.0
2019  51  2 20 1800  -27.7  993.9    2.8  242.0   71.0  444.0
2019  51  2 20 1900  -25.8  993.9    3.2  220.0   69.5  444.0
2019  51  2 20 2000  -24.8  994.0    3.5  230.0   69.0  444.0
2019  51  2 20 2100  -23.0  993.8    3.5  219.0   69.0  444.0
2019  51  2 20 2200  -20.0  993.9    2.6  208.0   69.0  444.0
2019  51  2 20 2300  -21.4  993.9    2.4  232.0   68.0  444.0
2019  52  2 21 0000  -20.7  993.7    2.0  231.0   68.0  444.0
2019  52  2 21 0100  444.0  993.6    0.2  287.0   68.0  444.0
2019  52  2 21 0200  444.0  993.4    0.5  241.0   63.0  444.0
2019  52  2 21 0300  444.0  993.3    0.2  325.0   65.0  444.0
2019  52  2 21 0400  -18.6  993.0    1.4  242.0   69.0  444.0
2019  52  2 21 0500  -20.3  992.8    2.5  237.0   70.0  444.0
2019  52  2 21 0600  -17.5  992.8    1.8  183.0   71.0  444.0
2019  52  2 21 0700  -22.5  992.8    3.0  238.0   72.5  444.0
2019  52  2 21 0800  -22.9  992.8    3.8  235.0   72.0  444.0
2019  52  2 21 0900  -23.8  992.7    4.1  197.0   73.0  444.0
2019  52  2 21 1000  -23.7  992.7    3.0  170.0   75.0  444.0
2019  52  2 21 1100  -25.5  992.8    2.4  186.0   74.0  444.0
2019  52  2 21 1200  -25.8  992.9    2.6  210.0   76.8  444.0
2019  52  2 21 1300  -25.2  992.8    2.4  168.0   78.1  444.0
2019  52  2 21 1400  -27.0  992.8    2.5  172.0   76.0  444.0
2019  52  2 21 1500  -25.3  992.6    2.5  166.0   75.0  444.0
2019  52  2 21 1600  -27.2  992.9    0.8  164.0   69.0  444.0
2019  52  2 21 1700  -26.0  992.8    2.5  148.0   72.0  444.0
2019  52  2 21 1800  -27.1  993.1    1.9  114.0   71.2  444.0
2019  52  2 21 1900  -25.3  993.3    1.1  152.0   64.0  444.0
2019  52  2 21 2000  -24.7  993.4    1.5  205.0   61.0  444.0
2019  52  2 21 2100  444.0  993.5    1.6  179.0   61.0  444.0
2019  52  2 21 2200  -23.7  993.4    2.0  158.0   63.9  444.0
2019  52  2 21 2300  -23.1  993.3    2.6  199.0   64.0  444.0
2019  53  2 22 0000  -22.6  993.3    2.7  191.0   62.4  444.0
2019  53  2 22 0100  -22.5  993.3    2.7  182.0   64.0  444.0
2019  53  2 22 0200  -21.9  993.0    2.4  178.0   61.0  444.0
2019  53  2 22 0300  -22.2  992.7    2.8  177.0   62.0  444.0
2019  53  2 22 0400  -22.5  992.3    3.3  186.0   63.4  444.0
2019  53  2 22 0500  -23.2  991.8    3.8  184.0   65.0  444.0
2019  53  2 22 0600  -23.9  991.5    3.6  180.0   65.0  444.0
2019  53  2 22 0700  -24.7  991.1    5.1  186.0   69.0  444.0
2019  53  2 22 0800  -24.9  990.7    5.7  187.0   75.0  444.0
2019  53  2 22 0900  -25.6  990.2    5.4  189.0   73.0  444.0
2019  53  2 22 1000  -25.5  989.6    4.4  187.0   74.0  444.0
2019  53  2 22 1100  -25.1  989.2    6.2  174.0   74.0  444.0
2019  53  2 22 1200  -25.0  988.6    6.2  172.0   75.0  444.0
2019  53  2 22 1300  -24.5  988.0    6.6  171.0   76.0  444.0
2019  53  2 22 1400  -23.8  987.1    7.6  166.0   78.0  444.0
2019  53  2 22 1500  -22.2  986.5    8.3  162.0   80.0  444.0
2019  53  2 22 1600  -19.9  985.9    8.6  161.0   80.7  444.0
2019  53  2 22 1700  -18.6  985.4    8.9  161.0   81.3  444.0
2019  53  2 22 1800  -17.2  984.9    9.2  162.0   82.0  444.0
2019  53  2 22 1900  -16.1  984.6    9.4  160.0   82.0  444.0
2019  53  2 22 2000  -14.9  984.4   10.4  157.0   82.0  444.0
2019  53  2 22 2100  -14.2  984.0   10.6  151.0   82.7  444.0
2019  53  2 22 2200  -13.7  983.8   10.6  153.0   82.1  444.0
2019  53  2 22 2300  -12.8  983.7   10.9  148.0   82.0  444.0
2019  54  2 23 0000  -12.4  983.4   10.4  150.0   83.0  444.0
2019  54  2 23 0100  -12.2  983.2   11.0  147.0   82.5  444.0
2019  54  2 23 0200  -12.4  982.8   11.0  150.0   82.6  444.0
2019  54  2 23 0300  -12.9  982.7   10.8  151.0   83.0  444.0
2019  54  2 23 0400  -13.5  982.9   10.5  152.0   82.0  444.0
2019  54  2 23 0500  -13.8  982.7   10.9  158.0   82.0  444.0
2019  54  2 23 0600  -14.0  982.9    9.7  158.0   84.0  444.0
2019  54  2 23 0700  -14.1  983.0    9.6  160.0   85.0  444.0
2019  54  2 23 0800  -14.5  982.9    9.3  162.0   84.0  444.0
2019  54  2 23 0900  -14.6  983.1    9.2  164.0   84.5  444.0
2019  54  2 23 1000  -14.9  982.9    9.0  165.0   85.0  444.0
2019  54  2 23 1100  -15.2  982.9    8.2  164.0   85.0  444.0
2019  54  2 23 1200  -15.5  982.7    8.3  169.0   85.0  444.0
2019  54  2 23 1300  -15.7  982.7    8.3  167.0   86.0  444.0
2019  54  2 23 1400  -15.6  982.6    6.2  169.0   85.0  444.0
2019  54  2 23 1500  -15.5  982.0    7.6  178.0   85.0  444.0
2019  54  2 23 1600  -15.3  982.1    6.8  182.0   86.0  444.0
2019  54  2 23 1700  -14.9  982.0    6.5  178.0   86.0  444.0
2019  54  2 23 1800  -14.6  981.9    5.7  183.0   86.0  444.0
2019  54  2 23 1900  -14.4  981.6    5.9  181.0   85.7  444.0
2019  54  2 23 2000  -13.4  981.6    4.8  177.0   86.0  444.0
2019  54  2 23 2100  -13.2  981.8    4.0  178.0   86.0  444.0
2019  54  2 23 2200  -12.7  981.6    2.4  198.0   86.0  444.0
2019  54  2 23 2300  -12.1  981.5    2.6  187.0   86.0  444.0
2019  55  2 24 0000  -11.5  981.5    3.2  183.0   86.2  444.0
2019  55  2 24 0100  -11.1  981.3    2.7  186.0   87.0  444.0
2019  55  2 24 0200  -10.5  981.1    3.7  176.0   87.0  444.0
2019  55  2 24 0300  -10.2  981.2    2.3  182.0   89.0  444.0
2019  55  2 24 0400  -10.1  981.0    3.3  192.0   89.2  444.0
2019  55  2 24 0500  -10.2  981.0    2.7  189.0   90.0  444.0
2019  55  2 24 0600   -9.8  981.3    2.3  197.0   91.0  444.0
2019  55  2 24 0700   -9.6  981.2    1.7  178.0   92.0  444.0
2019  55  2 24 0800   -9.7  981.0    1.8  182.0   92.4  444.0
2019  55  2 24 0900   -9.4  981.0    1.3  180.0   92.8  444.0
2019  55  2 24 1000   -9.5  981.1    2.1  143.0   93.0  444.0
2019  55  2 24 1100   -9.5  981.1    1.0  181.0   93.0  444.0
2019  55  2 24 1200   -9.8  981.0    1.0  155.0   93.0  444.0
2019  55  2 24 1300   -9.6  981.0    1.4  148.0   93.0  444.0
2019  55  2 24 1400   -9.7  980.8    1.6  175.0   93.0  444.0
2019  55  2 24 1500  -10.0  980.7    1.8  178.0   93.0  444.0
2019  55  2 24 1600  -10.6  980.4    2.1  178.0   92.0  444.0
2019  55  2 24 1700  -10.6  980.4    2.1  182.0   92.0  444.0
2019  55  2 24 1800  -10.2  980.3    1.7  172.0   92.0  444.0
2019  55  2 24 1900   -9.9  980.1    1.6  191.0   92.0  444.0
2019  55  2 24 2000   -9.9  979.7    3.9  206.0   90.0  444.0
2019  55  2 24 2100  -10.1  979.1    4.0  206.0   89.0  444.0
2019  55  2 24 2200  -10.5  978.6    4.3  224.0   89.0  444.0
2019  55  2 24 2300   -9.6  978.0    5.1  209.0   87.0  444.0
2019  56  2 25 0000   -9.8  977.4    4.8  212.0   89.0  444.0
2019  56  2 25 0100   -9.8  976.6    5.4  219.0   89.0  444.0
2019  56  2 25 0200   -9.7  975.9    5.7  220.0   89.4  444.0
2019  56  2 25 0300   -9.4  975.0    5.9  229.0   90.0  444.0
2019  56  2 25 0400   -9.4  974.2    6.6  216.0   89.9  444.0
2019  56  2 25 0500   -9.3  973.6    5.6  227.0   90.0  444.0
2019  56  2 25 0600   -9.3  972.9    6.2  231.0   91.0  444.0
2019  56  2 25 0700   -9.2  972.0    6.6  231.0   92.2  444.0
2019  56  2 25 0800   -9.2  971.1    6.8  230.0   93.0  444.0
2019  56  2 25 0900   -9.3  970.1    7.3  229.0   93.0  444.0
2019  56  2 25 1000   -9.4  969.0    6.3  252.0   94.0  444.0
2019  56  2 25 1100   -9.1  968.3    6.5  238.0   94.0  444.0
2019  56  2 25 1200   -9.2  967.2    6.9  236.0   93.5  444.0
2019  56  2 25 1300   -9.8  966.3    7.6  244.0   93.0  444.0
2019  56  2 25 1400   -9.7  965.0    7.0  248.0   93.0  444.0
2019  56  2 25 1500  -10.3  963.7    7.1  249.0   93.0  444.0
2019  56  2 25 1600   -8.4  962.6    7.8  250.0   94.0  444.0
2019  56  2 25 1700   -7.3  961.7    5.7  250.0   95.0  444.0
2019  56  2 25 1800   -6.7  960.7    5.8  238.0   95.0  444.0
2019  56  2 25 1900   -5.9  959.9    6.5  233.0   93.0  444.0
2019  56  2 25 2000   -6.1  959.0    6.0  248.0   95.0  444.0
2019  56  2 25 2100   -5.8  958.0    6.0  256.0   94.7  444.0
2019  56  2 25 2200   -4.9  957.1    6.9  253.0   96.0  444.0
2019  56  2 25 2300   -4.5  956.6    4.4  249.0   95.0  444.0
2019  57  2 26 0000   -4.6  956.4    4.7  228.0   94.0  444.0
2019  57  2 26 0100   -4.9  956.3    4.3  211.0   94.0  444.0
2019  57  2 26 0200   -5.8  956.3    5.0  226.0   93.5  444.0
2019  57  2 26 0300   -6.7  956.4    4.6  213.0   93.0  444.0
2019  57  2 26 0400   -7.5  956.8    4.6  244.0   93.0  444.0
2019  57  2 26 0500   -8.1  957.1    4.5  240.0   93.0  444.0
2019  57  2 26 0600   -8.3  957.8    2.6  258.0   93.4  444.0
2019  57  2 26 0700   -8.6  958.4    2.8  331.0   96.0  444.0
2019  57  2 26 0800   -9.1  959.1    3.7    4.0   95.0  444.0
2019  57  2 26 0900   -9.8  960.2    4.0   19.0   93.0  444.0
2019  57  2 26 1000  -11.1  961.3    4.7   47.0   91.0  444.0
2019  57  2 26 1100  -12.7  962.5    3.9   62.0   91.0  444.0
2019  57  2 26 1200  -11.0  963.6    4.1   65.0   92.0  444.0
2019  57  2 26 1300  -11.3  964.7    5.0   62.0   92.0  444.0
2019  57  2 26 1400  -11.6  965.5    5.7   65.0   92.0  444.0
2019  57  2 26 1500  -10.9  967.0    5.6   62.0   92.0  444.0
2019  57  2 26 1600  -10.9  968.1    4.6   58.0   92.0  444.0
2019  57  2 26 1700  -13.6  969.4    3.7   80.0   87.0  444.0
2019  57  2 26 1800  -15.4  970.6    4.0   76.0   84.0  444.0
2019  57  2 26 1900  -13.8  971.6    3.8   54.0   81.1  444.0
2019  57  2 26 2000  -15.0  972.6    4.5   50.0   84.0  444.0
2019  57  2 26 2100  -13.8  973.7    4.0   42.0   80.0  444.0
2019  57  2 26 2200  -12.8  974.9    4.1   32.0   81.0  444.0
2019  57  2 26 2300  -11.8  976.1    4.4   36.0   81.0  444.0
2019  58  2 27 0000  -11.7  977.1    5.2   27.0   80.7  444.0
2019  58  2 27 0100  -11.7  977.8    5.4   33.0   83.0  444.0
2019  58  2 27 0200  -11.6  978.8    4.8   36.0   80.0  444.0
2019  58  2 27 0300  -11.7  979.7    4.1   40.0   79.0  444.0
2019  58  2 27 0400  -11.9  980.3    4.1   41.0   80.0  444.0
2019  58  2 27 0500  -12.0  981.4    5.5   51.0   82.0  444.0
2019  58  2 27 0600  -10.8  982.0    5.8   47.0   84.0  444.0
2019  58  2 27 0700  -10.3  983.0    4.6   33.0   87.8  444.0
2019  58  2 27 0800  -10.4  983.7    2.9   74.0   93.0  444.0
2019  58  2 27 0900  -10.0  984.3    2.7   91.0   93.0  444.0
2019  58  2 27 1000  -10.0  984.8    3.2   98.0   92.0  444.0
2019  58  2 27 1100   -9.3  985.2    2.5  131.0   93.0  444.0
2019  58  2 27 1200   -9.4  985.8    2.4  133.0   94.1  444.0
2019  58  2 27 1300  -11.0  986.2    3.1  148.0   93.0  444.0
2019  58  2 27 1400  -12.4  986.2    3.5  166.0   91.0  444.0
2019  58  2 27 1500  -11.9  986.4    3.2  172.0   92.0  444.0
2019  58  2 27 1600  -11.3  986.5    2.9  174.0   92.0  444.0
2019  58  2 27 1700  -10.2  986.6    2.9  179.0   91.6  444.0
2019  58  2 27 1800   -9.5  986.8    2.2  206.0   92.0  444.0
2019  58  2 27 1900   -9.3  986.7    3.3  176.0   91.0  444.0
2019  58  2 27 2000  -10.4  986.5    3.2  170.0   86.0  444.0
2019  58  2 27 2100   -9.8  986.3    3.0  170.0   87.0  444.0
2019  58  2 27 2200   -9.4  986.2    2.9  172.0   84.4  444.0
2019  58  2 27 2300   -9.2  986.0    3.5  198.0   83.0  444.0
2019  59  2 28 0000   -8.1  985.5    4.2  203.0   84.0  444.0
2019  59  2 28 0100   -9.3  985.0    5.1  205.0   83.0  444.0
2019  59  2 28 0200  -12.0  984.3    4.2  219.0   82.0  444.0
2019  59  2 28 0300  -13.5  983.5    4.4  227.0   84.2  444.0
2019  59  2 28 0400  -13.6  982.8    5.1  224.0   83.0  444.0
2019  59  2 28 0500  -14.0  982.0    4.3  238.0   87.0  444.0
2019  59  2 28 0600  -13.1  981.1    3.8  248.0   88.0  444.0
2019  59  2 28 0700  -13.4  980.4    4.9  240.0   87.0  444.0
2019  59  2 28 0800  -13.6  979.6    3.6  241.0   89.0  444.0
2019  59  2 28 0900  -13.5  978.8    2.4  250.0   89.0  444.0
2019  59  2 28 1000  -13.5  978.1    1.6  230.0   90.2  444.0
2019  59  2 28 1100  -13.5  977.2    0.8  250.0   92.0  444.0
2019  59  2 28 1200  -13.0  976.5    0.5  237.0   92.0  444.0
2019  59  2 28 1300  -12.4  976.0    2.2  236.0   92.0  444.0
2019  59  2 28 1400  -12.2  975.3    3.2  236.0   92.0  444.0
2019  59  2 28 1500  -12.6  974.5    3.5  254.0   91.0  444.0
2019  59  2 28 1600  -12.5  973.9    3.7  268.0   91.0  444.0
2019  59  2 28 1700  -12.2  973.4    3.3  265.0   90.0  444.0
2019  59  2 28 1800  -12.2  973.2    3.6  241.0   87.0  444.0
2019  59  2 28 1900  -12.1  973.3    4.6  238.0   86.0  444.0
2019  59  2 28 2000  -11.9  973.3    4.8  230.0   85.6  444.0
2019  59  2 28 2100  -11.8  973.5    5.8  234.0   83.0  444.0
2019  59  2 28 2200  -12.0  973.7    5.5  229.0   82.0  444.0
2019  59  2 28 2300  -12.1  974.2    5.5  232.0   81.0  444.0
