Year: 2020  Month: 02  ID: GIL  ARGOS:  8911  Name: Gill                
Lat: 79.88S  Lon: 178.57W  Elev:   53m
2020  32  2  1 0000  -13.8  990.5    4.4  156.0   76.0  444.0
2020  32  2  1 0100  -13.3  990.5    4.9  147.0   76.4  444.0
2020  32  2  1 0200  -12.6  990.3    5.3  184.0   75.6  444.0
2020  32  2  1 0300  -12.3  990.2    6.0  155.0   74.9  444.0
2020  32  2  1 0400  -12.3  990.0    5.9  159.0   75.0  444.0
2020  32  2  1 0500  -12.6  989.9    6.2  154.0   75.0  444.0
2020  32  2  1 0600  -12.9  989.9    5.9  153.0   75.2  444.0
2020  32  2  1 0700  -13.4  989.9    5.9  155.0   77.0  444.0
2020  32  2  1 0800  -13.7  989.8    5.5  157.0   77.1  444.0
2020  32  2  1 0900  -14.2  989.8    5.9  160.0   79.0  444.0
2020  32  2  1 1000  -14.3  989.6    6.7  158.0   80.0  444.0
2020  32  2  1 1100  -14.8  989.8    5.8  157.0   80.5  444.0
2020  32  2  1 1200  -16.1  989.7    5.3  160.0   83.0  444.0
2020  32  2  1 1300  -16.1  989.7    6.0  212.0   82.6  444.0
2020  32  2  1 1400  -16.0  989.5    6.5  164.0   82.0  444.0
2020  32  2  1 1500  -16.2  989.4    6.5  168.0   78.0  444.0
2020  32  2  1 1600  -15.8  989.3    6.0  167.0   76.8  444.0
2020  32  2  1 1700  -14.7  989.1    6.1  163.0   77.0  444.0
2020  32  2  1 1800  -13.2  988.7    7.3  165.0   74.0  444.0
2020  32  2  1 1900  -12.2  988.7    7.2  162.0   70.0  444.0
2020  32  2  1 2000  -12.4  988.6    7.0  166.0   71.0  444.0
2020  32  2  1 2100  -11.6  988.4    7.4  169.0   72.1  444.0
2020  32  2  1 2200  -10.5  988.2    7.4  168.0   68.0  444.0
2020  32  2  1 2300  -10.7  988.2    6.7  169.0   70.1  444.0
2020  33  2  2 0000  -10.8  987.4    8.0  173.0   73.0  444.0
2020  33  2  2 0100  -10.3  987.1    7.5  166.0   73.0  444.0
2020  33  2  2 0200  -10.4  986.8    8.2  168.0   74.0  444.0
2020  33  2  2 0300  -10.4  986.3    8.5  162.0   74.0  444.0
2020  33  2  2 0400  -10.5  986.3    7.6  159.0   76.1  444.0
2020  33  2  2 0500  -10.7  986.2    7.7  164.0   79.0  444.0
2020  33  2  2 0600  -11.0  985.8    9.1  161.0   78.0  444.0
2020  33  2  2 0700  -11.7  985.8    8.1  155.0   80.0  444.0
2020  33  2  2 0800  -12.2  985.8    7.7  156.0   81.8  444.0
2020  33  2  2 0900  -12.5  985.5    7.3  157.0   81.3  444.0
2020  33  2  2 1000  -13.2  985.4    7.6  163.0   82.0  444.0
2020  33  2  2 1100  -13.4  985.3    7.4  159.0   81.0  444.0
2020  33  2  2 1200  -13.8  985.3    7.5  161.0   78.0  444.0
2020  33  2  2 1300  -14.8  985.2    6.2  164.0   78.4  444.0
2020  33  2  2 1400  -15.9  985.0    5.6  173.0   79.4  444.0
2020  33  2  2 1500  -16.3  984.6    7.3  169.0   80.0  444.0
2020  33  2  2 1600  -16.4  984.2    7.0  172.0   80.0  444.0
2020  33  2  2 1700  -16.0  983.8    7.1  173.0   79.0  444.0
2020  33  2  2 1800  -15.2  983.8    7.3  178.0   72.0  444.0
2020  33  2  2 1900  -14.7  983.9    6.1  178.0   73.3  444.0
2020  33  2  2 2000  -14.2  983.7    6.0  186.0   70.0  444.0
2020  33  2  2 2100  -13.4  983.5    6.7  186.0   70.2  444.0
2020  33  2  2 2200  -11.4  983.1    7.8  185.0   65.0  444.0
2020  33  2  2 2300  -10.2  983.0    7.8  180.0   64.0  444.0
2020  34  2  3 0000  -10.2  983.0    7.1  188.0   67.7  444.0
2020  34  2  3 0100  -11.0  982.6    7.1  194.0   70.0  444.0
2020  34  2  3 0200  -10.6  982.3    6.2  187.0   65.7  444.0
2020  34  2  3 0300  -10.7  981.8    6.3  201.0   67.0  444.0
2020  34  2  3 0400  -10.8  981.4    6.3  200.0   69.0  444.0
2020  34  2  3 0500  -11.1  981.1    6.1  209.0   70.0  444.0
2020  34  2  3 0600  -11.8  980.9    5.9  202.0   72.3  444.0
2020  34  2  3 0700  -12.4  980.6    5.7  205.0   72.3  444.0
2020  34  2  3 0800  -13.1  980.4    5.9  204.0   72.0  444.0
2020  34  2  3 0900  -14.2  980.2    5.8  208.0   73.0  444.0
2020  34  2  3 1000  -14.9  979.9    5.5  210.0   72.0  444.0
2020  34  2  3 1100  -15.4  979.8    5.7  204.0   70.3  444.0
2020  34  2  3 1200  -15.9  979.6    6.4  202.0   69.9  444.0
2020  34  2  3 1300  -16.5  979.5    6.3  199.0   70.0  444.0
2020  34  2  3 1400  -16.9  979.4    5.7  210.0   69.0  444.0
2020  34  2  3 1500  -16.5  979.0    6.5  205.0   68.0  444.0
2020  34  2  3 1600  -16.9  978.6    6.3  207.0   70.2  444.0
2020  34  2  3 1700  -16.4  978.6    6.7  199.0   68.7  444.0
2020  34  2  3 1800  -16.4  978.5    6.0  200.0   69.0  444.0
2020  34  2  3 1900  -15.6  978.5    5.5  141.0   69.0  444.0
2020  34  2  3 2000  -15.1  978.3    5.9  183.0   69.0  444.0
2020  34  2  3 2100  -14.4  978.5    3.5  206.0   69.0  444.0
2020  34  2  3 2200  -14.0  978.3    5.1  195.0   69.2  444.0
2020  34  2  3 2300  -13.3  978.1    4.7  198.0   69.0  444.0
2020  35  2  4 0000  -12.8  978.2    4.6  197.0   70.0  444.0
2020  35  2  4 0100  -12.1  978.2    3.7  205.0   71.0  444.0
2020  35  2  4 0200  -11.5  978.0    3.0  205.0   70.9  444.0
2020  35  2  4 0300  -11.7  977.8    3.2  190.0   73.0  444.0
2020  35  2  4 0400  -11.5  977.7    3.0  209.0   71.0  444.0
2020  35  2  4 0500  -10.7  977.5    1.9  220.0   72.0  444.0
2020  35  2  4 0600  -11.8  977.4    2.4  240.0   74.0  444.0
2020  35  2  4 0700  -12.8  977.5    3.4  241.0   75.3  444.0
2020  35  2  4 0800  -13.0  977.5    2.4  196.0   74.0  444.0
2020  35  2  4 0900  -13.7  977.5    3.4  233.0   75.1  444.0
2020  35  2  4 1000  -14.2  977.3    2.4  237.0   77.0  444.0
2020  35  2  4 1100  -15.2  977.3    2.9  253.0   78.0  444.0
2020  35  2  4 1200  -15.4  977.3    3.5  244.0   79.4  444.0
2020  35  2  4 1300  -15.0  977.1    4.3  246.0   76.0  444.0
2020  35  2  4 1400  -15.1  977.0    2.1  278.0   77.8  444.0
2020  35  2  4 1500  -15.9  976.5    2.6  297.0   78.5  444.0
2020  35  2  4 1600  -15.9  976.2    4.3  286.0   73.0  444.0
2020  35  2  4 1700  -15.2  975.9    2.2  300.0   72.1  444.0
2020  35  2  4 1800  -15.8  975.7    3.1  278.0   74.0  444.0
2020  35  2  4 1900  -15.9  975.5    3.8  253.0   74.8  444.0
2020  35  2  4 2000  -16.2  975.4    3.8  253.0   74.1  444.0
2020  35  2  4 2100  -16.2  975.2    4.3  252.0   75.0  444.0
2020  35  2  4 2200  -16.2  974.9    4.7  246.0   74.4  444.0
2020  35  2  4 2300  -16.3  975.0    5.0  239.0   75.0  444.0
2020  36  2  5 0000  -16.6  974.7    4.9  245.0   74.0  444.0
2020  36  2  5 0100  -16.0  974.4    5.8  228.0   74.0  444.0
2020  36  2  5 0200  -15.2  974.0    6.1  228.0   74.0  444.0
2020  36  2  5 0300  -14.2  973.6    6.6  232.0   73.4  444.0
2020  36  2  5 0400  -12.9  973.3    6.8  232.0   72.0  444.0
2020  36  2  5 0500  -12.3  973.2    7.2  230.0   71.2  444.0
2020  36  2  5 0600  -12.1  973.1    6.4  238.0   71.0  444.0
2020  36  2  5 0700  -12.5  972.6    6.2  239.0   71.0  444.0
2020  36  2  5 0800  -13.1  972.4    6.7  240.0   71.5  444.0
2020  36  2  5 0900  -13.7  972.2    6.4  236.0   72.0  444.0
2020  36  2  5 1000  -13.9  972.2    7.0  233.0   71.8  444.0
2020  36  2  5 1100  -13.3  972.0    6.3  226.0   70.0  444.0
2020  36  2  5 1200  -12.4  971.9    7.2  218.0   70.3  444.0
2020  36  2  5 1300  -14.0  971.9    5.7  239.0   71.0  444.0
2020  36  2  5 1400  -14.4  971.6    6.8  235.0   72.0  444.0
2020  36  2  5 1500  -13.6  971.4    7.6  225.0   68.0  444.0
2020  36  2  5 1600  -14.2  971.2    6.5  235.0   68.0  444.0
2020  36  2  5 1700  -13.4  971.2    6.2  233.0   67.1  444.0
2020  36  2  5 1800  -11.6  970.6    7.6  238.0   63.0  444.0
2020  36  2  5 1900  -10.4  970.4    7.9  239.0   62.0  444.0
2020  36  2  5 2000   -9.5  970.6    7.4  224.0   62.2  444.0
2020  36  2  5 2100   -8.6  970.7    9.0  224.0   65.0  444.0
2020  36  2  5 2200   -8.6  970.7    8.8  222.0   63.4  444.0
2020  36  2  5 2300   -8.9  970.8    5.9  220.0   67.0  444.0
2020  37  2  6 0000   -8.3  970.5    6.5  224.0   65.0  444.0
2020  37  2  6 0100   -6.9  970.2    7.2  218.0   65.3  444.0
2020  37  2  6 0200   -6.5  969.8    7.3  220.0   64.6  444.0
2020  37  2  6 0300   -6.9  969.3    7.6  232.0   63.8  444.0
2020  37  2  6 0400   -7.3  968.9    7.9  245.0   68.0  444.0
2020  37  2  6 0500   -7.6  969.0    6.8  240.0   70.0  444.0
2020  37  2  6 0600   -8.3  968.9    6.3  235.0   73.0  444.0
2020  37  2  6 0700   -9.2  968.7    5.5  238.0   76.0  444.0
2020  37  2  6 0800  -10.4  968.5    5.0  246.0   77.5  444.0
2020  37  2  6 0900  -11.0  968.5    4.8  223.0   83.0  444.0
2020  37  2  6 1000  -10.8  968.5    3.7  197.0   89.0  444.0
2020  37  2  6 1100  -14.2  968.6    3.6  182.0   83.0  444.0
2020  37  2  6 1200  -15.6  968.3    3.1  212.0   82.0  444.0
2020  37  2  6 1300  -15.9  968.4    3.5  184.0   88.2  444.0
2020  37  2  6 1400  -14.7  968.3    3.1  191.0   88.0  444.0
2020  37  2  6 1500  -13.5  968.2    2.6  192.0   86.2  444.0
2020  37  2  6 1600  -13.0  968.5    1.8  210.0   87.0  444.0
2020  37  2  6 1700  -12.0  968.6    2.5  214.0   86.0  444.0
2020  37  2  6 1800  -11.0  968.5    2.8  218.0   85.0  444.0
2020  37  2  6 1900  -10.5  968.6    3.2  190.0   87.0  444.0
2020  37  2  6 2000  -10.4  968.6    3.8  209.0   85.6  444.0
2020  37  2  6 2100  -11.2  968.6    4.4  230.0   80.0  444.0
2020  37  2  6 2200  -11.5  968.8    4.7  225.0   80.0  444.0
2020  37  2  6 2300  -12.0  968.8    4.7  242.0   78.5  444.0
2020  38  2  7 0000  -11.9  968.9    4.9  243.0   82.0  444.0
2020  38  2  7 0100  -11.9  969.0    4.9  239.0   79.4  444.0
2020  38  2  7 0200  -12.1  968.5    4.7  264.0   77.5  444.0
2020  38  2  7 0300  -11.7  968.2    4.9  267.0   76.0  444.0
2020  38  2  7 0400  -11.3  968.0    5.4  261.0   78.0  444.0
2020  38  2  7 0500  -10.9  968.0    5.1  260.0   81.0  444.0
2020  38  2  7 0600  -11.3  968.1    4.0  265.0   80.0  444.0
2020  38  2  7 0700  -11.2  967.9    4.2  261.0   82.0  444.0
2020  38  2  7 0800  -11.8  968.0    2.8  277.0   82.0  444.0
2020  38  2  7 0900  -12.7  968.2    2.9  263.0   83.0  444.0
2020  38  2  7 1000  -14.1  968.3    2.7  275.0   84.0  444.0
2020  38  2  7 1100  -15.2  968.4    2.5  285.0   87.0  444.0
2020  38  2  7 1200  -14.8  968.8    1.3  297.0   88.0  444.0
2020  38  2  7 1300  -15.4  969.2    1.0  308.0   86.0  444.0
2020  38  2  7 1400  -15.1  969.6    0.6  322.0   86.0  444.0
2020  38  2  7 1500  -14.7  970.0    0.1    6.0   87.0  444.0
2020  38  2  7 1600  -13.9  970.6    0.4  102.0   89.0  444.0
2020  38  2  7 1700  -13.1  971.3    2.0   79.0   88.0  444.0
2020  38  2  7 1800  -11.0  972.0    1.8   80.0   89.0  444.0
2020  38  2  7 1900  -10.2  972.7    2.9   83.0   89.0  444.0
2020  38  2  7 2000  -11.5  973.7    5.0   94.0   88.0  444.0
2020  38  2  7 2100  -12.1  974.5    4.0  100.0   86.0  444.0
2020  38  2  7 2200  -13.0  975.3    5.5  113.0   84.0  444.0
2020  38  2  7 2300  -13.1  975.9    5.3  106.0   82.0  444.0
2020  39  2  8 0000  -12.3  976.5    5.7  114.0   82.3  444.0
2020  39  2  8 0100  -11.7  976.7    5.7  127.0   84.0  444.0
2020  39  2  8 0200  -11.3  976.8    6.4  147.0   90.0  444.0
2020  39  2  8 0300   -9.9  976.6    5.4  152.0   87.0  444.0
2020  39  2  8 0400   -7.9  976.7    6.4  141.0   87.0  444.0
2020  39  2  8 0500   -6.5  976.9    6.2  128.0   87.0  444.0
2020  39  2  8 0600   -5.5  977.4    6.1  135.0   91.0  444.0
2020  39  2  8 0700   -5.2  977.6    5.5  149.0   94.0  444.0
2020  39  2  8 0800   -3.2  977.4    7.6  145.0   99.0  444.0
2020  39  2  8 0900   -4.9  977.5    7.3  154.0   97.0  444.0
2020  39  2  8 1000   -5.2  977.6    7.3  161.0   97.0  444.0
2020  39  2  8 1100   -7.6  977.4    7.7  154.0   94.0  444.0
2020  39  2  8 1200   -6.9  977.2    5.8  146.0   97.0  444.0
2020  39  2  8 1300   -8.1  977.1    5.6  181.0   94.0  444.0
2020  39  2  8 1400  -12.5  977.0    4.7  185.0   88.0  444.0
2020  39  2  8 1500  -14.2  976.3    2.9  210.0   84.0  444.0
2020  39  2  8 1600  -12.7  975.7    3.6  199.0   90.0  444.0
2020  39  2  8 1700  -13.1  975.2    4.1  198.0   87.8  444.0
2020  39  2  8 1800  -13.1  974.7    3.5  205.0   87.0  444.0
2020  39  2  8 1900  -12.1  974.3    2.7  204.0   87.0  444.0
2020  39  2  8 2000  -12.1  974.0    1.9  221.0   86.0  444.0
2020  39  2  8 2100  -12.0  973.7    1.6  232.0   83.0  444.0
2020  39  2  8 2200  -11.4  973.2    1.0  237.0   80.2  444.0
2020  39  2  8 2300  -11.3  972.9    3.9  197.0   84.0  444.0
2020  40  2  9 0000   -9.5  972.5    2.3  233.0   81.0  444.0
2020  40  2  9 0100   -9.4  971.6    3.0  249.0   80.0  444.0
2020  40  2  9 0200   -8.9  971.2    4.7  236.0   82.0  444.0
2020  40  2  9 0300   -7.6  970.7    3.5  256.0   86.9  444.0
2020  40  2  9 0400   -7.1  970.3    3.5  256.0   90.0  444.0
2020  40  2  9 0500   -6.7  970.0    3.5  238.0   90.4  444.0
2020  40  2  9 0600   -7.0  969.7    3.6  243.0   92.2  444.0
2020  40  2  9 0700   -6.6  969.4    3.3  239.0   94.0  444.0
2020  40  2  9 0800   -6.7  969.2    2.9  245.0   94.0  444.0
2020  40  2  9 0900   -7.3  969.0    4.0  243.0   94.0  444.0
2020  40  2  9 1000   -7.0  968.8    4.7  238.0   93.4  444.0
2020  40  2  9 1100   -6.6  968.6    5.2  233.0   95.0  444.0
2020  40  2  9 1200   -6.0  968.4    5.1  239.0   93.0  444.0
2020  40  2  9 1300   -5.5  968.3    5.7  256.0   87.0  444.0
2020  40  2  9 1400   -6.1  967.9    7.1  268.0   88.0  444.0
2020  40  2  9 1500   -6.0  967.6    6.6  259.0   88.7  444.0
2020  40  2  9 1600   -5.4  967.5    6.1  258.0   87.0  444.0
2020  40  2  9 1700   -5.7  967.6    6.1  258.0   87.0  444.0
2020  40  2  9 1800   -5.4  967.8    5.3  262.0   86.0  444.0
2020  40  2  9 1900   -5.6  968.0    4.9  266.0   86.0  444.0
2020  40  2  9 2000   -5.5  968.3    4.6  278.0   85.1  444.0
2020  40  2  9 2100   -4.9  968.6    4.4  275.0   88.0  444.0
2020  40  2  9 2200   -4.4  968.8    3.8  277.0   91.0  444.0
2020  40  2  9 2300   -3.4  969.3    3.2  255.0   94.0  444.0
2020  41  2 10 0000   -4.5  969.7    4.1  203.0   90.0  444.0
2020  41  2 10 0100   -4.9  970.2    0.7  170.0   86.7  444.0
2020  41  2 10 0200   -5.7  970.4    2.6  249.0   89.0  444.0
2020  41  2 10 0300   -5.4  970.6    1.4  308.0   89.0  444.0
2020  41  2 10 0400   -6.2  971.1    2.8  135.0   91.8  444.0
2020  41  2 10 0500   -7.2  971.5    3.6  167.0   89.0  444.0
2020  41  2 10 0600   -7.1  971.9    2.1  176.0   94.0  444.0
2020  41  2 10 0700   -7.1  972.4    1.6  199.0   99.0  444.0
2020  41  2 10 0800   -7.0  972.7    1.2  202.0   98.8  444.0
2020  41  2 10 0900   -6.7  972.9    0.0    0.0   98.3  444.0
2020  41  2 10 1000   -7.1  973.1    0.5  268.0   97.0  444.0
2020  41  2 10 1100   -7.2  973.2    0.1   97.0   97.0  444.0
2020  41  2 10 1200   -7.5  973.6    0.9   75.0   97.0  444.0
2020  41  2 10 1300   -7.8  973.8    0.7  128.0   98.2  444.0
2020  41  2 10 1400   -8.0  973.7    2.0  130.0   97.0  444.0
2020  41  2 10 1500   -7.4  973.6    2.4  128.0   99.0  444.0
2020  41  2 10 1600   -8.8  973.9    3.2   36.0   93.0  444.0
2020  41  2 10 1700  -10.2  974.1    1.1   42.0   94.0  444.0
2020  41  2 10 1800   -6.5  974.3    4.2   60.0   97.4  444.0
2020  41  2 10 1900   -6.2  974.3    5.2   62.0   96.0  444.0
2020  41  2 10 2000   -6.6  974.5    4.8   51.0   91.0  444.0
2020  41  2 10 2100   -6.4  974.6    5.0   59.0   94.0  444.0
2020  41  2 10 2200   -5.0  975.0    7.3   50.0   94.0  444.0
2020  41  2 10 2300   -4.7  975.2    6.7   48.0   92.1  444.0
2020  42  2 11 0000   -4.7  975.5    7.6   49.0   91.0  444.0
2020  42  2 11 0100   -5.1  976.0    6.7   28.0   89.6  444.0
2020  42  2 11 0200   -5.6  976.3    6.7   29.0   78.0  444.0
2020  42  2 11 0300   -6.8  976.7    4.9   40.0   81.0  444.0
2020  42  2 11 0400   -7.3  977.0    4.7   53.0   81.8  444.0
2020  42  2 11 0500   -7.1  977.3    3.9   68.0   82.0  444.0
2020  42  2 11 0600   -5.8  977.4    3.1   97.0   92.1  444.0
2020  42  2 11 0700   -4.6  977.5    4.0   89.0   97.7  444.0
2020  42  2 11 0800   -5.1  977.7    3.0    3.0   97.0  444.0
2020  42  2 11 0900   -6.5  978.2    3.3   74.0   94.0  444.0
2020  42  2 11 1000   -8.3  978.7    4.4   83.0   93.0  444.0
2020  42  2 11 1100   -6.8  978.6    7.0   92.0   94.5  444.0
2020  42  2 11 1200   -4.6  978.8    6.2   89.0   99.0  444.0
2020  42  2 11 1300   -5.1  979.0    6.0   87.0   99.0  444.0
2020  42  2 11 1400   -4.4  979.2    6.3   81.0   99.0  444.0
2020  42  2 11 1500   -4.5  979.3    5.5   96.0   98.0  444.0
2020  42  2 11 1600   -4.6  979.4    5.8   91.0   97.2  444.0
2020  42  2 11 1700   -4.5  979.5    5.2   90.0   98.0  444.0
2020  42  2 11 1800   -4.5  979.7    4.9  102.0   98.0  444.0
2020  42  2 11 1900   -4.3  979.8    5.0   98.0   97.0  444.0
2020  42  2 11 2000   -4.2  979.9    4.7  106.0   95.0  444.0
2020  42  2 11 2100   -4.3  979.8    4.6  103.0   95.4  444.0
2020  42  2 11 2200   -4.3  979.9    4.6  106.0   95.0  444.0
2020  42  2 11 2300   -4.4  980.1    5.1   93.0   96.1  444.0
2020  43  2 12 0000   -4.0  980.0    3.3   94.0   97.0  444.0
2020  43  2 12 0100   -4.1  979.9    4.3  124.0   85.0  444.0
2020  43  2 12 0200   -5.6  979.8    3.4  120.0   89.0  444.0
2020  43  2 12 0300   -4.7  979.5    3.6  133.0   94.0  444.0
2020  43  2 12 0400   -3.9  979.3    1.7  138.0   94.3  444.0
2020  43  2 12 0500   -4.4  979.3    1.8  139.0   94.2  444.0
2020  43  2 12 0600   -5.5  979.2    2.3  120.0   96.0  444.0
2020  43  2 12 0700   -5.2  979.3    1.7  166.0   99.0  444.0
2020  43  2 12 0800   -5.3  979.1    2.3  158.0  100.0  444.0
2020  43  2 12 0900   -5.4  979.0    2.0  154.0   98.9  444.0
2020  43  2 12 1000   -5.6  979.0    1.9  153.0   99.9  444.0
2020  43  2 12 1100   -6.3  978.9    2.4  130.0  100.0  444.0
2020  43  2 12 1200   -7.6  979.0    1.9  137.0   98.0  444.0
2020  43  2 12 1300   -7.8  978.8    2.1  142.0   99.0  444.0
2020  43  2 12 1400   -8.2  978.8    0.9  145.0   97.3  444.0
2020  43  2 12 1500   -7.8  978.6    1.2  154.0   97.0  444.0
2020  43  2 12 1600   -8.6  978.4    1.9  197.0   96.0  444.0
2020  43  2 12 1700  -10.4  978.5    1.7  179.0   94.0  444.0
2020  43  2 12 1800   -9.2  978.3    0.0    0.0   94.0  444.0
2020  43  2 12 1900   -8.2  978.3    0.4  245.0   94.1  444.0
2020  43  2 12 2000   -7.8  978.2    0.0    0.0   95.0  444.0
2020  43  2 12 2100   -7.0  978.1    0.5  284.0   96.0  444.0
2020  43  2 12 2200   -5.7  977.9    1.4  240.0   97.0  444.0
2020  43  2 12 2300   -5.6  978.0    1.7  232.0   97.0  444.0
2020  44  2 13 0000   -5.4  977.8    1.8  242.0   96.9  444.0
2020  44  2 13 0100   -5.2  977.5    2.9  235.0   97.0  444.0
2020  44  2 13 0200   -5.7  977.4    3.2  197.0   96.0  444.0
2020  44  2 13 0300   -6.3  977.4    3.0  185.0   95.0  444.0
2020  44  2 13 0400   -6.6  977.3    3.5  188.0   95.0  444.0
2020  44  2 13 0500   -7.2  977.3    3.1  200.0   94.3  444.0
2020  44  2 13 0600   -8.3  977.4    2.3  203.0   95.0  444.0
2020  44  2 13 0700   -8.0  977.3    2.3  240.0   96.0  444.0
2020  44  2 13 0800   -7.4  977.2    4.4  181.0   97.0  444.0
2020  44  2 13 0900   -7.6  977.2    3.4  158.0   97.0  444.0
2020  44  2 13 1000   -8.9  977.5    5.0  152.0   94.0  444.0
2020  44  2 13 1100  -12.8  977.9    4.2  148.0   84.0  444.0
2020  44  2 13 1200  -18.0  978.3    3.7  156.0   82.0  444.0
2020  44  2 13 1300  -20.0  978.4    3.5  168.0   82.0  444.0
2020  44  2 13 1400  -20.9  978.6    3.7  154.0   80.0  444.0
2020  44  2 13 1500  -21.4  978.7    3.6  150.0   80.0  444.0
2020  44  2 13 1600  -21.2  978.7    2.9  155.0   77.0  444.0
2020  44  2 13 1700  -20.2  978.9    2.1  169.0   75.8  444.0
2020  44  2 13 1800  -19.6  979.1    2.3  142.0   73.0  444.0
2020  44  2 13 1900  -19.6  979.5    1.5  180.0   72.0  444.0
2020  44  2 13 2000  -18.6  979.7    1.7  172.0   72.0  444.0
2020  44  2 13 2100  444.0  979.9    1.3  179.0   70.0  444.0
2020  44  2 13 2200  -17.9  980.3    1.0  213.0   69.9  444.0
2020  44  2 13 2300  -17.4  980.5    1.0  202.0   70.0  444.0
2020  45  2 14 0000  444.0  980.8    0.8  202.0   67.0  444.0
2020  45  2 14 0100  444.0  981.0    0.6   92.0   62.0  444.0
2020  45  2 14 0200  -15.4  981.1    1.0   74.0   63.2  444.0
2020  45  2 14 0300  444.0  981.3    0.2  356.0   57.0  444.0
2020  45  2 14 0400  -14.4  981.4    0.8  340.0   57.0  444.0
2020  45  2 14 0500  -15.0  981.5    1.0   47.0   57.0  444.0
2020  45  2 14 0600  -15.5  981.6    1.9   37.0   59.0  444.0
2020  45  2 14 0700  -16.4  981.7    2.4   52.0   59.0  444.0
2020  45  2 14 0800  -17.6  982.0    2.4   33.0   63.0  444.0
2020  45  2 14 0900  -18.7  982.3    1.8   34.0   66.0  444.0
2020  45  2 14 1000  -19.4  982.5    1.6   18.0   65.3  444.0
2020  45  2 14 1100  -17.2  982.7    1.5   38.0   71.0  444.0
2020  45  2 14 1200  -14.9  983.0    2.8   29.0   70.0  444.0
2020  45  2 14 1300  -14.2  983.5    2.1   22.0   73.0  444.0
2020  45  2 14 1400  -13.6  983.7    2.7   33.0   71.0  444.0
2020  45  2 14 1500  -13.3  983.8    1.1   26.0   70.0  444.0
2020  45  2 14 1600  -12.7  984.1    1.4   99.0   69.0  444.0
2020  45  2 14 1700  -12.3  984.4    1.8   73.0   70.0  444.0
2020  45  2 14 1800  -12.4  984.4    2.8   67.0   73.0  444.0
2020  45  2 14 1900  -11.8  984.6    3.0   61.0   77.0  444.0
2020  45  2 14 2000   -9.5  984.6    5.2   25.0   77.0  444.0
2020  45  2 14 2100   -9.1  985.1    5.0   18.0   79.0  444.0
2020  45  2 14 2200   -8.6  985.5    5.3   19.0   77.0  444.0
2020  45  2 14 2300   -8.9  985.8    5.3   17.0   77.0  444.0
2020  46  2 15 0000   -8.8  986.2    6.0   12.0   77.5  444.0
2020  46  2 15 0100   -8.6  986.4    5.3   19.0   78.0  444.0
2020  46  2 15 0200   -8.1  986.5    5.1   12.0   79.0  444.0
2020  46  2 15 0300   -7.8  986.6    4.9   15.0   81.0  444.0
2020  46  2 15 0400   -7.9  986.8    5.2    7.0   81.0  444.0
2020  46  2 15 0500   -8.7  986.9    4.7   10.0   80.8  444.0
2020  46  2 15 0600   -8.3  987.2    5.0   10.0   81.0  444.0
2020  46  2 15 0700   -8.6  987.5    4.6    9.0   84.0  444.0
2020  46  2 15 0800   -9.1  987.7    4.2    5.0   86.0  444.0
2020  46  2 15 0900  -10.6  987.9    3.8    6.0   87.0  444.0
2020  46  2 15 1000  -11.7  988.1    3.2   13.0   86.0  444.0
2020  46  2 15 1100  -13.0  988.4    2.6   10.0   85.0  444.0
2020  46  2 15 1200  -13.2  988.7    0.1   70.0   85.0  444.0
2020  46  2 15 1300  -12.6  988.8    1.2   13.0   83.0  444.0
2020  46  2 15 1400  -12.8  989.1    1.4    7.0   81.0  444.0
2020  46  2 15 1500  -13.5  989.0    1.4  358.0   79.0  444.0
2020  46  2 15 1600  -13.9  989.2    1.7   20.0   78.0  444.0
2020  46  2 15 1700  -14.1  989.4    1.9    7.0   76.0  444.0
2020  46  2 15 1800  -14.0  989.5    2.0    3.0   74.0  444.0
2020  46  2 15 1900  -14.5  989.7    1.2   20.0   74.4  444.0
2020  46  2 15 2000  -14.3  989.7    1.6  351.0   74.0  444.0
2020  46  2 15 2100  -13.2  989.7    2.8  345.0   74.0  444.0
2020  46  2 15 2200  -12.1  989.8    2.6  329.0   72.0  444.0
2020  46  2 15 2300  -12.0  990.0    2.0  296.0   69.0  444.0
2020  47  2 16 0000  444.0  990.2    0.9  254.0   66.0  444.0
2020  47  2 16 0100  444.0  990.2    1.1  102.0   69.0  444.0
2020  47  2 16 0200  444.0  990.1    0.6   46.0   65.0  444.0
2020  47  2 16 0300  -12.7  989.8    1.8   30.0   71.4  444.0
2020  47  2 16 0400  -12.2  989.5    1.5   29.0   70.4  444.0
2020  47  2 16 0500  -12.8  989.3    1.7   31.0   73.0  444.0
2020  47  2 16 0600  -11.7  989.2    2.6   41.0   73.0  444.0
2020  47  2 16 0700  -13.0  989.1    2.2   45.0   79.0  444.0
2020  47  2 16 0800  -13.8  988.9    1.8   90.0   82.0  444.0
2020  47  2 16 0900  -14.0  988.6    1.6   70.0   85.0  444.0
2020  47  2 16 1000  -11.8  988.3    1.9   78.0   89.0  444.0
2020  47  2 16 1100  -12.6  988.0    4.1  149.0   89.0  444.0
2020  47  2 16 1200  -12.5  987.8    4.0  139.0   88.8  444.0
2020  47  2 16 1300  -12.7  987.5    4.4  142.0   89.0  444.0
2020  47  2 16 1400  -12.8  987.3    4.3  180.0   89.0  444.0
2020  47  2 16 1500  -13.2  987.3    4.1  180.0   88.0  444.0
2020  47  2 16 1600  -12.7  987.3    4.1  201.0   88.0  444.0
2020  47  2 16 1700  -12.8  987.5    4.7  224.0   87.9  444.0
2020  47  2 16 1800  -13.9  987.5    4.4  201.0   87.0  444.0
2020  47  2 16 1900  -14.3  987.7    4.6  204.0   83.0  444.0
2020  47  2 16 2000  -16.5  988.1    3.2  252.0   80.0  444.0
2020  47  2 16 2100  -18.0  988.0    3.9  225.0   76.0  444.0
2020  47  2 16 2200  -17.9  988.2    4.1  254.0   77.8  444.0
2020  47  2 16 2300  -17.5  988.1    4.9  222.0   81.0  444.0
2020  48  2 17 0000  -17.4  988.3    3.4  221.0   81.0  444.0
2020  48  2 17 0100  -18.1  988.2    2.5  231.0   78.6  444.0
2020  48  2 17 0200  -18.1  987.5    2.8  174.0   80.0  444.0
2020  48  2 17 0300  -18.1  987.5    3.4  219.0   80.0  444.0
2020  48  2 17 0400  -18.2  987.3    3.3  220.0   81.0  444.0
2020  48  2 17 0500  -18.0  987.2    2.5  175.0   81.0  444.0
2020  48  2 17 0600  -17.1  987.0    1.3  173.0   82.0  444.0
2020  48  2 17 0700  -16.5  986.8    2.0  173.0   85.0  444.0
2020  48  2 17 0800  -16.0  986.7    0.4  223.0   85.0  444.0
2020  48  2 17 0900  -15.9  986.6    0.7  205.0   86.0  444.0
2020  48  2 17 1000  -15.9  986.3    0.5  212.0   86.0  444.0
2020  48  2 17 1100  -15.8  986.0    1.1  158.0   86.0  444.0
2020  48  2 17 1200  -15.8  986.0    1.7  227.0   86.0  444.0
2020  48  2 17 1300  -15.6  985.6    0.6  194.0   86.0  444.0
2020  48  2 17 1400  -15.6  985.5    1.0  157.0   86.0  444.0
2020  48  2 17 1500  -15.7  985.2    0.8  128.0   86.0  444.0
2020  48  2 17 1600  -15.4  985.0    0.9  139.0   86.0  444.0
2020  48  2 17 1700  -15.1  984.8    1.1  143.0   86.0  444.0
2020  48  2 17 1800  -14.9  984.7    1.3  177.0   87.0  444.0
2020  48  2 17 1900  -14.7  984.7    2.0  195.0   86.0  444.0
2020  48  2 17 2000  -14.4  984.6    1.6  187.0   84.0  444.0
2020  48  2 17 2100  -14.0  984.5    4.1  160.0   84.0  444.0
2020  48  2 17 2200  -13.7  984.4    1.6  153.0   83.0  444.0
2020  48  2 17 2300  -13.5  984.2    2.6  133.0   84.0  444.0
2020  49  2 18 0000  -13.4  984.0    2.6  174.0   83.0  444.0
2020  49  2 18 0100  -13.3  983.9    2.6  176.0   82.0  444.0
2020  49  2 18 0200  -13.3  983.7    2.5  155.0   82.5  444.0
2020  49  2 18 0300  -13.2  983.5    2.3  160.0   83.0  444.0
2020  49  2 18 0400  -13.4  983.3    2.3  156.0   83.4  444.0
2020  49  2 18 0500  -13.6  983.3    1.8  180.0   84.0  444.0
2020  49  2 18 0600  -13.9  983.4    2.4  193.0   85.0  444.0
2020  49  2 18 0700  -14.2  983.3    2.2  163.0   86.0  444.0
2020  49  2 18 0800  -14.4  983.2    2.0  165.0   87.0  444.0
2020  49  2 18 0900  -14.7  983.0    2.1  164.0   87.0  444.0
2020  49  2 18 1000  -15.1  983.1    1.7  163.0   87.0  444.0
2020  49  2 18 1100  -15.5  983.1    2.1  161.0   87.0  444.0
2020  49  2 18 1200  -16.0  982.9    2.0  174.0   86.0  444.0
2020  49  2 18 1300  -16.4  983.1    1.2  162.0   85.0  444.0
2020  49  2 18 1400  -16.7  982.8    2.2  174.0   85.0  444.0
2020  49  2 18 1500  -16.7  982.8    1.8  193.0   85.0  444.0
2020  49  2 18 1600  -16.7  982.8    1.8  187.0   84.0  444.0
2020  49  2 18 1700  -16.5  982.9    2.0  220.0   82.0  444.0
2020  49  2 18 1800  -16.3  982.9    2.8  187.0   81.0  444.0
2020  49  2 18 1900  -16.1  982.8    3.5  182.0   79.0  444.0
2020  49  2 18 2000  -16.3  982.7    3.1  166.0   78.0  444.0
2020  49  2 18 2100  -17.0  982.9    2.6  134.0   75.0  444.0
2020  49  2 18 2200  -17.6  983.1    0.4  149.0   73.0  444.0
2020  49  2 18 2300  -17.1  982.9    1.3  184.0   70.0  444.0
2020  50  2 19 0000  -17.5  982.8    1.3  215.0   72.0  444.0
2020  50  2 19 0100  -18.7  982.8    2.1  199.0   76.0  444.0
2020  50  2 19 0200  -19.0  982.6    3.9  188.0   77.5  444.0
2020  50  2 19 0300  -21.1  982.6    2.1  237.0   76.0  444.0
2020  50  2 19 0400  -19.6  982.4    2.9  174.0   69.0  444.0
2020  50  2 19 0500  -19.8  982.2    3.6  176.0   68.0  444.0
2020  50  2 19 0600  -19.0  982.3    2.9  191.0   69.0  444.0
2020  50  2 19 0700  -19.6  982.3    3.6  176.0   76.0  444.0
2020  50  2 19 0800  -18.8  982.3    3.3  184.0   77.8  444.0
2020  50  2 19 0900  -16.8  982.4    3.5  168.0   81.0  444.0
2020  50  2 19 1000  -17.2  982.5    3.1  185.0   82.0  444.0
2020  50  2 19 1100  -18.2  982.3    4.0  186.0   81.6  444.0
2020  50  2 19 1200  -17.5  982.2    4.5  180.0   81.0  444.0
2020  50  2 19 1300  -16.9  982.0    5.1  184.0   81.0  444.0
2020  50  2 19 1400  -16.5  981.6    4.9  186.0   84.0  444.0
2020  50  2 19 1500  -16.2  981.4    5.1  193.0   86.0  444.0
2020  50  2 19 1600  -15.4  981.3    4.7  200.0   84.6  444.0
2020  50  2 19 1700  -14.3  981.0    5.9  198.0   80.0  444.0
2020  50  2 19 1800  -14.1  980.7    5.4  199.0   78.0  444.0
2020  50  2 19 1900  -14.9  980.3    5.9  209.0   77.0  444.0
2020  50  2 19 2000  -16.1  979.7    7.5  192.0   74.0  444.0
2020  50  2 19 2100  -16.9  979.2    7.9  184.0   73.6  444.0
2020  50  2 19 2200  -17.0  979.0    7.3  190.0   76.0  444.0
2020  50  2 19 2300  -16.4  978.3    8.4  192.0   77.0  444.0
2020  51  2 20 0000  -16.3  977.7    8.1  196.0   77.0  444.0
2020  51  2 20 0100  -17.0  977.8    8.2  168.0   75.1  444.0
2020  51  2 20 0200  -18.4  977.6    7.2  159.0   76.0  444.0
2020  51  2 20 0300  -18.3  977.2    7.0  152.0   72.0  444.0
2020  51  2 20 0400  -18.7  976.4    6.9  179.0   74.0  444.0
2020  51  2 20 0500  -18.5  975.7    7.8  186.0   72.0  444.0
2020  51  2 20 0600  -19.1  975.7    7.0  180.0   77.0  444.0
2020  51  2 20 0700  -18.9  975.3    7.2  179.0   78.0  444.0
2020  51  2 20 0800  -18.8  974.8    6.1  185.0   80.0  444.0
2020  51  2 20 0900  -18.7  974.5    5.5  188.0   79.7  444.0
2020  51  2 20 1000  -18.8  974.0    5.1  184.0   80.0  444.0
2020  51  2 20 1100  -19.2  973.7    3.8  188.0   79.0  444.0
2020  51  2 20 1200  -19.2  973.2    3.6  213.0   80.0  444.0
2020  51  2 20 1300  -19.1  972.9    3.2  217.0   80.0  444.0
2020  51  2 20 1400  -18.8  972.4    1.5  244.0   80.0  444.0
2020  51  2 20 1500  -18.6  972.0    2.7  231.0   81.0  444.0
2020  51  2 20 1600  -18.3  971.2    2.4  234.0   81.0  444.0
2020  51  2 20 1700  -17.9  970.9    3.3  238.0   82.0  444.0
2020  51  2 20 1800  -17.5  970.6    3.1  243.0   81.6  444.0
2020  51  2 20 1900  -17.1  970.5    3.5  236.0   81.7  444.0
2020  51  2 20 2000  -16.6  970.3    2.4  210.0   81.0  444.0
2020  51  2 20 2100  -16.0  969.9    1.4  198.0   80.0  444.0
2020  51  2 20 2200  -15.7  969.7    0.7  160.0   78.0  444.0
2020  51  2 20 2300  -15.6  969.7    1.5  191.0   77.3  444.0
2020  52  2 21 0000  -15.7  969.5    1.5  213.0   78.5  444.0
2020  52  2 21 0100  -16.2  969.3    2.5  201.0   79.0  444.0
2020  52  2 21 0200  444.0  968.7    0.5  229.0   75.0  444.0
2020  52  2 21 0300  -17.1  968.2    1.5  236.0   77.0  444.0
2020  52  2 21 0400  -18.7  968.0    2.7  250.0   74.0  444.0
2020  52  2 21 0500  -19.2  968.0    2.0  279.0   72.0  444.0
2020  52  2 21 0600  -19.6  968.0    1.6  289.0   72.4  444.0
2020  52  2 21 0700  -20.4  967.3    3.0  289.0   74.0  444.0
2020  52  2 21 0800  -21.0  967.3    1.5  270.0   79.0  444.0
2020  52  2 21 0900  -19.7  966.8    1.7  270.0   90.0  444.0
2020  52  2 21 1000  -17.6  966.6    1.1  300.0   88.0  444.0
2020  52  2 21 1100  -16.6  966.3    1.3  317.0   87.1  444.0
2020  52  2 21 1200  -15.6  966.4    1.2  335.0   87.0  444.0
2020  52  2 21 1300  -14.9  966.2    0.5    3.0   88.0  444.0
2020  52  2 21 1400  -14.5  965.8    1.0  348.0   89.0  444.0
2020  52  2 21 1500  -14.4  965.4    1.0    4.0   89.0  444.0
2020  52  2 21 1600  -14.4  965.3    0.8  344.0   88.5  444.0
2020  52  2 21 1700  -13.8  965.1    0.1  342.0   89.0  444.0
2020  52  2 21 1800  -13.1  965.1    0.0    0.0   89.0  444.0
2020  52  2 21 1900  -12.3  964.9    0.0    0.0   88.0  444.0
2020  52  2 21 2000  -11.7  964.9    0.0    0.0   89.0  444.0
2020  52  2 21 2100  -11.4  964.6    2.5  322.0   88.4  444.0
2020  52  2 21 2200  444.0  964.9    1.0  310.0   90.1  444.0
2020  52  2 21 2300  444.0  964.7    0.5  317.0   91.0  444.0
2020  53  2 22 0000  -10.2  964.6    1.6  247.0   89.0  444.0
2020  53  2 22 0100  -10.0  964.5    2.1  253.0   88.0  444.0
2020  53  2 22 0200  -10.4  964.2    1.8  239.0   90.0  444.0
2020  53  2 22 0300  -10.5  964.0    2.6  267.0   90.0  444.0
2020  53  2 22 0400  -10.3  963.9    3.3  235.0   91.0  444.0
2020  53  2 22 0500  -10.5  963.5    3.6  251.0   90.0  444.0
2020  53  2 22 0600  -11.0  963.6    3.4  238.0   91.0  444.0
2020  53  2 22 0700  -12.4  963.6    3.8  234.0   89.0  444.0
2020  53  2 22 0800  -14.8  963.5    2.4  251.0   87.0  444.0
2020  53  2 22 0900  -15.2  963.3    2.6  262.0   87.0  444.0
2020  53  2 22 1000  -15.9  963.1    2.8  254.0   85.0  444.0
2020  53  2 22 1100  -16.8  963.4    2.6  251.0   86.0  444.0
2020  53  2 22 1200  -17.6  963.3    2.4  278.0   85.0  444.0
2020  53  2 22 1300  -17.9  963.3    2.5  275.0   85.0  444.0
2020  53  2 22 1400  -17.7  963.1    3.1  284.0   85.0  444.0
2020  53  2 22 1500  -17.3  963.2    2.7  282.0   84.8  444.0
2020  53  2 22 1600  -16.9  963.3    3.3  289.0   86.0  444.0
2020  53  2 22 1700  -15.7  963.3    3.4  282.0   86.0  444.0
2020  53  2 22 1800  -15.5  963.5    2.9  291.0   87.0  444.0
2020  53  2 22 1900  -15.3  963.7    2.3  291.0   85.1  444.0
2020  53  2 22 2000  -15.4  963.8    2.0  300.0   86.0  444.0
2020  53  2 22 2100  -14.3  964.0    2.3  303.0   86.0  444.0
2020  53  2 22 2200  -12.9  964.4    3.0  310.0   87.0  444.0
2020  53  2 22 2300  -12.0  964.9    3.0  302.0   88.0  444.0
2020  54  2 23 0000  -11.3  965.0    2.4  300.0   88.0  444.0
2020  54  2 23 0100  -11.9  965.0    4.1  315.0   89.3  444.0
2020  54  2 23 0200  -11.6  965.2    3.1  322.0   88.0  444.0
2020  54  2 23 0300  -11.3  965.3    2.3  310.0   89.0  444.0
2020  54  2 23 0400  -11.5  965.7    2.8  336.0   89.0  444.0
2020  54  2 23 0500  -11.5  965.9    1.9  310.0   90.0  444.0
2020  54  2 23 0600  -11.3  966.1    1.3  323.0   91.0  444.0
2020  54  2 23 0700  -11.8  966.5    1.2  279.0   90.2  444.0
2020  54  2 23 0800  -12.2  966.9    2.0  334.0   91.0  444.0
2020  54  2 23 0900  -12.3  967.3    1.5  318.0   91.0  444.0
2020  54  2 23 1000  -12.8  967.6    1.0  314.0   90.8  444.0
2020  54  2 23 1100  -13.2  968.0    0.8  319.0   91.0  444.0
2020  54  2 23 1200  -13.3  968.4    0.6  344.0   90.8  444.0
2020  54  2 23 1300  -13.2  968.7    0.1   18.0   91.0  444.0
2020  54  2 23 1400  -12.9  968.9  444.0  444.0   91.0  444.0
2020  54  2 23 1500  -13.1  969.1  444.0  444.0   90.8  444.0
2020  54  2 23 1600  -13.0  969.4  444.0  444.0   91.0  444.0
2020  54  2 23 1700  -12.4  969.6  444.0  444.0   91.0  444.0
2020  54  2 23 1800  -12.4  969.9  444.0  444.0   90.0  444.0
2020  54  2 23 1900  -12.0  970.3  444.0  444.0   90.0  444.0
2020  54  2 23 2000  -11.9  970.6  444.0  444.0   91.0  444.0
2020  54  2 23 2100  -11.4  970.8  444.0  444.0   91.0  444.0
2020  54  2 23 2200  -10.4  970.9  444.0  444.0   91.0  444.0
2020  54  2 23 2300  -10.0  971.0  444.0  444.0   92.0  444.0
2020  55  2 24 0000  -10.1  971.1    3.6  137.0   92.0  444.0
2020  55  2 24 0100  -12.6  971.2    2.9  348.0   86.0  444.0
2020  55  2 24 0200  -15.3  971.4    3.6  355.0   84.9  444.0
2020  55  2 24 0300  -15.9  971.7    3.2    2.0   84.0  444.0
2020  55  2 24 0400  -16.3  971.7    3.5   10.0   84.0  444.0
2020  55  2 24 0500  -17.0  972.0    3.0   25.0   84.0  444.0
2020  55  2 24 0600  -18.0  972.5    3.2   38.0   84.0  444.0
2020  55  2 24 0700  -18.9  972.9    2.8   44.0   84.0  444.0
2020  55  2 24 0800  -18.6  973.0    1.9   53.0   85.0  444.0
2020  55  2 24 0900  -17.7  973.3    2.1   69.0   87.0  444.0
2020  55  2 24 1000  -17.4  973.5    1.5   65.0   86.5  444.0
2020  55  2 24 1100  -17.2  973.5    0.9   46.0   86.0  444.0
2020  55  2 24 1200  -17.2  973.9    0.1    9.0   86.0  444.0
2020  55  2 24 1300  -16.9  974.0    0.0    0.0   87.0  444.0
2020  55  2 24 1400  -16.7  973.9    0.0    0.0   86.0  444.0
2020  55  2 24 1500  -16.4  973.8    0.0    0.0   86.5  444.0
2020  55  2 24 1600  -16.1  973.9    0.0    0.0   87.0  444.0
2020  55  2 24 1700  -16.2  974.1    0.8   18.0   86.5  444.0
2020  55  2 24 1800  -16.8  974.4    0.4   43.0   84.4  444.0
2020  55  2 24 1900  -16.2  974.6    0.2   65.0   86.0  444.0
2020  55  2 24 2000  -15.6  974.9    0.3   80.0   85.6  444.0
2020  55  2 24 2100  -14.8  975.0    0.3  125.0   83.0  444.0
2020  55  2 24 2200  -16.1  975.3    0.6  152.0   85.0  444.0
2020  55  2 24 2300  -15.1  975.3    1.3  148.0   86.0  444.0
2020  56  2 25 0000  -14.4  975.4    2.3  150.0   86.0  444.0
2020  56  2 25 0100  -14.1  975.4    2.5  166.0   87.6  444.0
2020  56  2 25 0200  -13.7  975.2    2.6  180.0   88.0  444.0
2020  56  2 25 0300  -13.2  975.2    3.6  174.0   88.0  444.0
2020  56  2 25 0400  -12.8  975.1    4.3  179.0   90.0  444.0
2020  56  2 25 0500  -12.5  975.0    5.3  176.0   89.7  444.0
2020  56  2 25 0600  -12.7  975.3    4.4  169.0   90.2  444.0
2020  56  2 25 0700  -12.5  975.5    4.2  195.0   91.0  444.0
2020  56  2 25 0800  -12.5  975.6    4.7  195.0   91.1  444.0
2020  56  2 25 0900  -12.7  975.8    3.9  194.0   91.0  444.0
2020  56  2 25 1000  -12.8  976.1    3.7  198.0   91.0  444.0
2020  56  2 25 1100  -12.8  976.5    4.1  194.0   91.1  444.0
2020  56  2 25 1200  -12.8  976.8    4.4  194.0   91.0  444.0
2020  56  2 25 1300  -12.7  977.1    4.2  182.0   91.5  444.0
2020  56  2 25 1400  -12.3  977.3    3.0  178.0   92.0  444.0
2020  56  2 25 1500  -11.9  977.6    2.7  194.0   92.0  444.0
2020  56  2 25 1600  -11.7  977.9    2.0  163.0   92.0  444.0
2020  56  2 25 1700  -11.6  978.2    2.5  191.0   91.7  444.0
2020  56  2 25 1800  -11.5  978.7    2.8  193.0   91.9  444.0
2020  56  2 25 1900  -11.1  979.3    2.8  169.0   92.0  444.0
2020  56  2 25 2000  -10.8  979.7    3.2  159.0   92.0  444.0
2020  56  2 25 2100  -10.5  980.2    3.0  139.0   91.0  444.0
2020  56  2 25 2200  -10.4  980.7    2.6  123.0   90.7  444.0
2020  56  2 25 2300  444.0  981.4    0.8   60.0   89.1  444.0
2020  57  2 26 0000  444.0  981.9    0.0    0.0   92.4  444.0
2020  57  2 26 0100   -9.1  982.5    0.9   14.0   88.0  444.0
2020  57  2 26 0200   -9.2  982.7    1.9  276.0   90.0  444.0
2020  57  2 26 0300   -9.6  982.8    0.7  217.0   89.9  444.0
2020  57  2 26 0400  444.0  983.2    0.0    0.0   90.8  444.0
2020  57  2 26 0500  -10.3  983.4    0.7  231.0   90.7  444.0
2020  57  2 26 0600  -10.8  983.7    0.8  176.0   91.0  444.0
2020  57  2 26 0700  -11.0  984.1    1.6  245.0   92.0  444.0
2020  57  2 26 0800  -11.3  984.3    1.7  196.0   92.5  444.0
2020  57  2 26 0900  -11.1  984.4    1.4  203.0   92.9  444.0
2020  57  2 26 1000  -11.5  984.5    2.1  221.0   93.0  444.0
2020  57  2 26 1100  -11.9  984.9    1.5  212.0   92.4  444.0
2020  57  2 26 1200  -11.8  985.0    1.9  194.0   92.0  444.0
2020  57  2 26 1300  -12.2  985.3    1.7  196.0   91.8  444.0
2020  57  2 26 1400  -12.5  985.4    1.4  143.0   91.6  444.0
2020  57  2 26 1500  -12.7  985.3    1.4  138.0   91.0  444.0
2020  57  2 26 1600  -14.8  985.4    2.4  128.0   85.0  444.0
2020  57  2 26 1700  -19.0  985.8    2.7  107.0   82.0  444.0
2020  57  2 26 1800  -20.0  986.1    3.1  103.0   80.0  444.0
2020  57  2 26 1900  -21.3  986.3    2.5  111.0   81.2  444.0
2020  57  2 26 2000  -20.5  986.6    2.6  120.0   79.0  444.0
2020  57  2 26 2100  -18.6  986.9    2.5  144.0   83.2  444.0
2020  57  2 26 2200  -16.5  987.1    3.1  144.0   83.0  444.0
2020  57  2 26 2300  -15.8  987.5    2.9  143.0   83.0  444.0
2020  58  2 27 0000  -16.5  987.7    2.8  156.0   81.0  444.0
2020  58  2 27 0100  -16.2  987.8    2.3  172.0   82.0  444.0
2020  58  2 27 0200  -15.1  987.9    2.5  131.0   82.1  444.0
2020  58  2 27 0300  -14.9  987.9    4.0  104.0   84.0  444.0
2020  58  2 27 0400  -15.6  988.3    2.8   98.0   84.4  444.0
2020  58  2 27 0500  -16.3  988.6    2.4   88.0   85.0  444.0
2020  58  2 27 0600  -16.9  988.9    3.0   88.0   84.4  444.0
2020  58  2 27 0700  -17.2  989.1    2.8   78.0   84.0  444.0
2020  58  2 27 0800  -18.2  989.1    1.9   78.0   84.0  444.0
2020  58  2 27 0900  -18.4  989.3    2.3   81.0   84.6  444.0
2020  58  2 27 1000  -18.5  989.2    1.9   57.0   85.0  444.0
2020  58  2 27 1100  -18.6  989.3    2.5   63.0   84.8  444.0
2020  58  2 27 1200  -19.2  989.4    2.2   43.0   83.0  444.0
2020  58  2 27 1300  -20.3  989.2    2.3   42.0   82.0  444.0
2020  58  2 27 1400  -20.6  989.2    2.7   46.0   81.9  444.0
2020  58  2 27 1500  -21.4  989.0    2.0   24.0   81.0  444.0
2020  58  2 27 1600  -22.3  989.0    1.6   20.0   79.1  444.0
2020  58  2 27 1700  -22.0  988.7    1.6   13.0   81.0  444.0
2020  58  2 27 1800  -19.6  988.7    1.8  334.0   83.0  444.0
2020  58  2 27 1900  -17.8  988.6    1.2  317.0   83.6  444.0
2020  58  2 27 2000  -16.8  988.7    2.0  289.0   83.0  444.0
2020  58  2 27 2100  -18.1  988.5    2.3  302.0   82.0  444.0
2020  58  2 27 2200  -18.4  988.2    2.1  337.0   80.0  444.0
2020  58  2 27 2300  -18.5  988.2    1.8  301.0   79.0  444.0
2020  59  2 28 0000  -18.4  988.0    1.9  346.0   78.0  444.0
2020  59  2 28 0100  -19.0  987.9    3.6  342.0   78.0  444.0
2020  59  2 28 0200  -19.0  987.5    2.7   18.0   78.2  444.0
2020  59  2 28 0300  -18.3  987.5    4.1  340.0   81.0  444.0
2020  59  2 28 0400  -17.9  987.1    3.3  349.0   80.4  444.0
2020  59  2 28 0500  -18.1  986.8    2.3  345.0   81.0  444.0
2020  59  2 28 0600  -18.1  986.9    2.0  339.0   82.0  444.0
2020  59  2 28 0700  -18.0  986.6    1.7  360.0   83.0  444.0
2020  59  2 28 0800  -17.6  986.4    2.4    1.0   85.0  444.0
2020  59  2 28 0900  -17.5  986.3    1.9    2.0   85.1  444.0
2020  59  2 28 1000  -17.1  986.2    1.4  355.0   86.0  444.0
2020  59  2 28 1100  -16.7  986.2    0.3    3.0   86.0  444.0
2020  59  2 28 1200  -16.9  986.2    1.6   36.0   86.0  444.0
2020  59  2 28 1300  -16.9  986.0    1.1   28.0   87.0  444.0
2020  59  2 28 1400  -16.9  985.9    1.3   10.0   86.0  444.0
2020  59  2 28 1500  -16.9  985.7    1.2  352.0   86.0  444.0
2020  59  2 28 1600  -17.1  985.7    1.0  356.0   85.0  444.0
2020  59  2 28 1700  -17.3  985.6    1.7   42.0   84.1  444.0
2020  59  2 28 1800  -17.9  985.4    1.8   72.0   82.0  444.0
2020  59  2 28 1900  -17.6  985.4    1.3   93.0   82.0  444.0
2020  59  2 28 2000  -17.3  985.3    0.9  101.0   81.0  444.0
2020  59  2 28 2100  -17.0  985.2    1.2   75.0   80.0  444.0
2020  59  2 28 2200  -16.7  985.4    1.9   42.0   81.0  444.0
2020  59  2 28 2300  444.0  985.5    0.5   92.0   78.0  444.0
2020  60  2 29 0000  -16.0  985.4    1.6   85.0   81.0  444.0
2020  60  2 29 0100  -15.9  985.3    2.1   91.0   82.0  444.0
2020  60  2 29 0200  -15.3  985.1    1.3   86.0   81.0  444.0
2020  60  2 29 0300  -15.6  984.5    2.3  115.0   83.0  444.0
2020  60  2 29 0400  -15.8  984.0    2.2  122.0   83.0  444.0
2020  60  2 29 0500  -16.2  983.7    2.6  108.0   84.0  444.0
2020  60  2 29 0600  -16.5  983.4    3.2  102.0   85.0  444.0
2020  60  2 29 0700  -16.5  982.7    3.8   85.0   86.0  444.0
2020  60  2 29 0800  -16.9  982.1    3.5   71.0   86.0  444.0
2020  60  2 29 0900  -17.3  981.6    3.7   65.0   86.0  444.0
2020  60  2 29 1000  -17.6  981.4    1.7   19.0   85.0  444.0
2020  60  2 29 1100  -17.7  980.8    0.7   37.0   85.0  444.0
2020  60  2 29 1200  -18.5  980.2    0.5  109.0   83.0  444.0
2020  60  2 29 1300  -18.3  979.6    1.7  110.0   84.0  444.0
2020  60  2 29 1400  -19.1  978.7    2.6  129.0   84.0  444.0
2020  60  2 29 1500  -20.1  978.0    2.9   99.0   82.0  444.0
2020  60  2 29 1600  -20.1  977.5    1.2  199.0   83.0  444.0
2020  60  2 29 1700  -19.7  976.9    1.9  154.0   81.0  444.0
2020  60  2 29 1800  -19.9  976.6    2.2  136.0   80.0  444.0
2020  60  2 29 1900  -19.9  976.0    2.0  142.0   80.0  444.0
2020  60  2 29 2000  -19.0  975.4    0.8  186.0   80.0  444.0
2020  60  2 29 2100  -19.3  974.7    3.0  230.0   76.0  444.0
2020  60  2 29 2200  -22.4  974.1    4.3  229.0   77.0  444.0
2020  60  2 29 2300  -21.1  973.6    4.2  220.0   78.4  444.0
