Year: 2024  Month: 10  ID: GIL  ARGOS:  8911  Name: Gill                
Lat: 79.83S  Lon: 178.54W  Elev:   53m
2024 275 10  1 0000  -20.4  971.6  444.0  444.0   81.0  444.0
2024 275 10  1 0100  -20.4  971.9  444.0  444.0   81.0  444.0
2024 275 10  1 0200  -20.5  972.3  444.0  444.0   81.0  444.0
2024 275 10  1 0300  -20.5  972.5  444.0  444.0   81.0  444.0
2024 275 10  1 0400  -20.4  972.7  444.0  444.0   81.0  444.0
2024 275 10  1 0500  -20.9  973.1  444.0  444.0   81.0  444.0
2024 275 10  1 0600  -22.6  973.8  444.0  444.0   79.0  444.0
2024 275 10  1 0700  -23.6  974.8  444.0  444.0   79.0  444.0
2024 275 10  1 0800  -23.6  975.4  444.0  444.0   79.0  444.0
2024 275 10  1 0900  -22.7  975.9  444.0  444.0   80.0  444.0
2024 275 10  1 1000  -21.9  976.1  444.0  444.0   81.0  444.0
2024 275 10  1 1100  -20.9  976.2  444.0  444.0   82.0  444.0
2024 275 10  1 1200  -20.5  976.7  444.0  444.0   81.9  444.0
2024 275 10  1 1300  -20.8  977.3  444.0  444.0   82.0  444.0
2024 275 10  1 1400  -21.9  977.8  444.0  444.0   80.0  444.0
2024 275 10  1 1500  -23.2  978.4  444.0  444.0   80.0  444.0
2024 275 10  1 1600  -23.4  978.7  444.0  444.0   79.0  444.0
2024 275 10  1 1700  -23.6  979.3  444.0  444.0   79.4  444.0
2024 275 10  1 1800  -23.2  979.8  444.0  444.0   79.0  444.0
2024 275 10  1 1900  -23.0  980.0  444.0  444.0   79.0  444.0
2024 275 10  1 2000  -22.9  980.7  444.0  444.0   79.0  444.0
2024 275 10  1 2100  -23.2  980.9  444.0  444.0   79.0  444.0
2024 275 10  1 2200  -23.4  981.5  444.0  444.0   79.0  444.0
2024 275 10  1 2300  -23.2  982.1  444.0  444.0   78.0  444.0
2024 276 10  2 0000  -22.7  982.4  444.0  444.0   78.0  444.0
2024 276 10  2 0100  -21.8  982.7  444.0  444.0   79.0  444.0
2024 276 10  2 0200  -22.6  982.5  444.0  444.0   78.0  444.0
2024 276 10  2 0300  -22.7  982.7  444.0  444.0   78.0  444.0
2024 276 10  2 0400  -23.0  982.4  444.0  444.0   78.0  444.0
2024 276 10  2 0500  -23.3  982.4  444.0  444.0   79.0  444.0
2024 276 10  2 0600  -23.2  982.5  444.0  444.0   79.0  444.0
2024 276 10  2 0700  -22.7  982.4  444.0  444.0   80.0  444.0
2024 276 10  2 0800  -22.0  982.5  444.0  444.0   81.0  444.0
2024 276 10  2 0900  -21.8  982.2  444.0  444.0   81.0  444.0
2024 276 10  2 1000  -21.5  981.7  444.0  444.0   81.0  444.0
2024 276 10  2 1100  -21.8  981.8  444.0  444.0   81.0  444.0
2024 276 10  2 1200  -22.1  981.5  444.0  444.0   81.0  444.0
2024 276 10  2 1300  -22.3  981.0  444.0  444.0   80.2  444.0
2024 276 10  2 1400  -24.4  980.5  444.0  444.0   78.0  444.0
2024 276 10  2 1500  -24.2  980.0  444.0  444.0   79.0  444.0
2024 276 10  2 1600  -23.2  979.9  444.0  444.0   80.0  444.0
2024 276 10  2 1700  -23.0  979.1  444.0  444.0   80.0  444.0
2024 276 10  2 1800  -22.9  978.6  444.0  444.0   79.8  444.0
2024 276 10  2 1900  -22.9  978.1  444.0  444.0   79.0  444.0
2024 276 10  2 2000  -22.7  977.7  444.0  444.0   79.0  444.0
2024 276 10  2 2100  -23.1  977.2  444.0  444.0   79.0  444.0
2024 276 10  2 2200  -23.2  976.7  444.0  444.0   79.0  444.0
2024 276 10  2 2300  -23.1  976.3  444.0  444.0   78.0  444.0
2024 277 10  3 0000  -23.6  975.6  444.0  444.0   78.0  444.0
2024 277 10  3 0100  -24.1  975.1  444.0  444.0   77.0  444.0
2024 277 10  3 0200  -24.3  974.5  444.0  444.0   77.0  444.0
2024 277 10  3 0300  -24.6  973.8  444.0  444.0   77.0  444.0
2024 277 10  3 0400  -25.1  973.1  444.0  444.0   77.0  444.0
2024 277 10  3 0500  -25.4  972.4  444.0  444.0   77.0  444.0
2024 277 10  3 0600  -25.6  971.7  444.0  444.0   77.0  444.0
2024 277 10  3 0700  -25.9  971.3  444.0  444.0   77.0  444.0
2024 277 10  3 0800  -26.3  970.6  444.0  444.0   77.0  444.0
2024 277 10  3 0900  -26.6  969.5  444.0  444.0   77.0  444.0
2024 277 10  3 1000  -26.3  968.7  444.0  444.0   77.0  444.0
2024 277 10  3 1100  -26.5  967.6  444.0  444.0   77.0  444.0
2024 277 10  3 1200  -26.7  966.7  444.0  444.0   77.0  444.0
2024 277 10  3 1300  -27.2  965.9  444.0  444.0   76.0  444.0
2024 277 10  3 1400  -27.6  965.4  444.0  444.0   76.0  444.0
2024 277 10  3 1500  -27.4  964.7  444.0  444.0   76.0  444.0
2024 277 10  3 1600  -27.1  964.5  444.0  444.0   76.4  444.0
2024 277 10  3 1700  -26.6  964.1  444.0  444.0   77.0  444.0
2024 277 10  3 1800  -26.0  964.1  444.0  444.0   77.0  444.0
2024 277 10  3 1900  -25.6  964.1  444.0  444.0   77.0  444.0
2024 277 10  3 2000  -25.3  964.2  444.0  444.0   75.0  444.0
2024 277 10  3 2100  -25.3  964.4  444.0  444.0   75.6  444.0
2024 277 10  3 2200  -24.6  964.4  444.0  444.0   76.0  444.0
2024 277 10  3 2300  -24.4  964.6  444.0  444.0   77.0  444.0
2024 278 10  4 0000  -23.7  964.9  444.0  444.0   77.0  444.0
2024 278 10  4 0100  -23.7  965.4  444.0  444.0   77.0  444.0
2024 278 10  4 0200  -23.4  965.4  444.0  444.0   78.0  444.0
2024 278 10  4 0300  -23.3  965.5  444.0  444.0   78.3  444.0
2024 278 10  4 0400  -22.9  965.8  444.0  444.0   79.0  444.0
2024 278 10  4 0500  -23.6  965.6  444.0  444.0   78.0  444.0
2024 278 10  4 0600  -23.9  966.1  444.0  444.0   78.0  444.0
2024 278 10  4 0700  -24.8  966.8  444.0  444.0   78.0  444.0
2024 278 10  4 0800  -25.1  966.9  444.0  444.0   78.0  444.0
2024 278 10  4 0900  -25.4  967.1  444.0  444.0   78.0  444.0
2024 278 10  4 1000  -25.8  967.1  444.0  444.0   77.0  444.0
2024 278 10  4 1100  -26.0  967.1  444.0  444.0   77.0  444.0
2024 278 10  4 1200  -26.7  967.4  444.0  444.0   76.0  444.0
2024 278 10  4 1300  -27.1  967.5  444.0  444.0   76.0  444.0
2024 278 10  4 1400  -27.2  967.2  444.0  444.0   76.0  444.0
2024 278 10  4 1500  -28.2  967.3  444.0  444.0   75.0  444.0
2024 278 10  4 1600  -29.4  967.3  444.0  444.0   75.0  444.0
2024 278 10  4 1700  -29.2  967.3  444.0  444.0   75.0  444.0
2024 278 10  4 1800  -29.8  967.1  444.0  444.0   74.0  444.0
2024 278 10  4 1900  -29.1  967.2  444.0  444.0   74.0  444.0
2024 278 10  4 2000  -28.1  967.3  444.0  444.0   75.0  444.0
2024 278 10  4 2100  -27.0  967.6  444.0  444.0   75.0  444.0
2024 278 10  4 2200  -26.4  967.8  444.0  444.0   76.0  444.0
2024 278 10  4 2300  -26.1  967.9  444.0  444.0   76.0  444.0
2024 279 10  5 0000  -25.7  968.0  444.0  444.0   76.0  444.0
2024 279 10  5 0100  -25.1  968.1  444.0  444.0   76.0  444.0
2024 279 10  5 0200  -24.8  968.2  444.0  444.0   76.0  444.0
2024 279 10  5 0300  -24.8  968.4  444.0  444.0   75.0  444.0
2024 279 10  5 0400  -25.4  968.7  444.0  444.0   74.0  444.0
2024 279 10  5 0500  -27.4  968.9  444.0  444.0   74.0  444.0
2024 279 10  5 0600  -28.8  969.1  444.0  444.0   73.0  444.0
2024 279 10  5 0700  -30.2  969.5  444.0  444.0   72.0  444.0
2024 279 10  5 0800  -32.0  970.1  444.0  444.0   71.9  444.0
2024 279 10  5 0900  -32.3  970.4  444.0  444.0   72.2  444.0
2024 279 10  5 1000  -33.4  970.6  444.0  444.0   72.0  444.0
2024 279 10  5 1100  -34.0  971.3  444.0  444.0   71.0  444.0
2024 279 10  5 1200  -34.0  971.8  444.0  444.0   71.0  444.0
2024 279 10  5 1300  -34.8  972.7  444.0  444.0   70.9  444.0
2024 279 10  5 1400  -33.7  973.2  444.0  444.0   72.0  444.0
2024 279 10  5 1500  -34.8  974.0  444.0  444.0   71.0  444.0
2024 279 10  5 1600  -35.2  975.1  444.0  444.0   70.0  444.0
2024 279 10  5 1700  -31.5  975.5  444.0  444.0   75.0  444.0
2024 279 10  5 1800  -32.1  976.4  444.0  444.0   70.7  444.0
2024 279 10  5 1900  -31.9  977.2  444.0  444.0   70.2  444.0
2024 279 10  5 2000  -30.7  977.9  444.0  444.0   70.0  444.0
2024 279 10  5 2100  -30.0  978.5  444.0  444.0   70.0  444.0
2024 279 10  5 2200  -29.4  978.9  444.0  444.0   71.0  444.0
2024 279 10  5 2300  -28.7  979.3  444.0  444.0   71.0  444.0
2024 280 10  6 0000  -28.2  979.9  444.0  444.0   71.8  444.0
2024 280 10  6 0100  -28.2  980.3  444.0  444.0   72.0  444.0
2024 280 10  6 0200  -28.2  981.4  444.0  444.0   72.5  444.0
2024 280 10  6 0300  -28.8  982.1  444.0  444.0   72.0  444.0
2024 280 10  6 0400  -29.3  982.2  444.0  444.0   72.0  444.0
2024 280 10  6 0500  -30.3  982.9  444.0  444.0   71.4  444.0
2024 280 10  6 0600  -31.3  983.2  444.0  444.0   72.0  444.0
2024 280 10  6 0700  -32.6  983.6  444.0  444.0   71.0  444.0
2024 280 10  6 0800  -32.6  983.6  444.0  444.0   72.0  444.0
2024 280 10  6 0900  -33.9  984.1  444.0  444.0   71.0  444.0
2024 280 10  6 1000  -34.5  984.0  444.0  444.0   70.7  444.0
2024 280 10  6 1100  -33.9  983.7  444.0  444.0   71.0  444.0
2024 280 10  6 1200  -32.8  983.2  444.0  444.0   72.0  444.0
2024 280 10  6 1300  -31.4  983.1  444.0  444.0   73.0  444.0
2024 280 10  6 1400  -30.8  982.7  444.0  444.0   73.0  444.0
2024 280 10  6 1500  -29.9  982.3  444.0  444.0   74.0  444.0
2024 280 10  6 1600  -28.3  982.5  444.0  444.0   75.0  444.0
2024 280 10  6 1700  -26.8  982.2  444.0  444.0   76.1  444.0
2024 280 10  6 1800  -25.8  981.8  444.0  444.0   77.0  444.0
2024 280 10  6 1900  -24.7  981.7  444.0  444.0   77.0  444.0
2024 280 10  6 2000  -22.4  981.4  444.0  444.0   79.0  444.0
2024 280 10  6 2100  -21.5  981.2  444.0  444.0   79.0  444.0
2024 280 10  6 2200  -20.8  981.2  444.0  444.0   79.6  444.0
2024 280 10  6 2300  -21.0  980.7  444.0  444.0   79.0  444.0
2024 281 10  7 0000  -21.1  980.5  444.0  444.0   79.0  444.0
2024 281 10  7 0100  -21.0  980.2  444.0  444.0   79.0  444.0
2024 281 10  7 0200  -21.1  979.8  444.0  444.0   79.0  444.0
2024 281 10  7 0300  -21.3  979.7  444.0  444.0   79.5  444.0
2024 281 10  7 0400  -21.7  979.5  444.0  444.0   79.0  444.0
2024 281 10  7 0500  -22.4  979.3  444.0  444.0   78.0  444.0
2024 281 10  7 0600  -24.5  979.0  444.0  444.0   77.0  444.0
2024 281 10  7 0700  -27.1  979.0  444.0  444.0   75.0  444.0
2024 281 10  7 0800  -28.1  978.6  444.0  444.0   76.0  444.0
2024 281 10  7 0900  -28.8  978.4  444.0  444.0   75.0  444.0
2024 281 10  7 1000  -30.9  977.9  444.0  444.0   73.4  444.0
2024 281 10  7 1100  -30.6  977.7  444.0  444.0   74.0  444.0
2024 281 10  7 1200  -31.1  977.3  444.0  444.0   74.0  444.0
2024 281 10  7 1300  -29.7  976.9  444.0  444.0   74.0  444.0
2024 281 10  7 1400  -30.4  976.8  444.0  444.0   74.0  444.0
2024 281 10  7 1500  -31.5  976.7  444.0  444.0   73.0  444.0
2024 281 10  7 1600  -29.9  976.1  444.0  444.0   74.0  444.0
2024 281 10  7 1700  -32.5  975.7  444.0  444.0   72.0  444.0
2024 281 10  7 1800  -29.7  974.8  444.0  444.0   74.0  444.0
2024 281 10  7 1900  -30.5  974.4  444.0  444.0   72.0  444.0
2024 281 10  7 2000  -30.9  973.6  444.0  444.0   72.0  444.0
2024 281 10  7 2100  -30.9  972.8  444.0  444.0   71.0  444.0
2024 281 10  7 2200  -29.3  972.5  444.0  444.0   73.0  444.0
2024 281 10  7 2300  -27.0  972.1  444.0  444.0   75.0  444.0
2024 282 10  8 0000  -26.0  971.9  444.0  444.0   75.0  444.0
2024 282 10  8 0100  -25.5  971.7  444.0  444.0   75.9  444.0
2024 282 10  8 0200  -25.7  971.5  444.0  444.0   76.1  444.0
2024 282 10  8 0300  -25.7  971.7  444.0  444.0   76.0  444.0
2024 282 10  8 0400  -26.2  971.4  444.0  444.0   76.0  444.0
2024 282 10  8 0500  -26.8  971.4  444.0  444.0   76.0  444.0
2024 282 10  8 0600  -26.9  971.0  444.0  444.0   76.0  444.0
2024 282 10  8 0700  -28.2  971.2  444.0  444.0   75.0  444.0
2024 282 10  8 0800  -29.4  970.9  444.0  444.0   74.0  444.0
2024 282 10  8 0900  -30.5  970.9  444.0  444.0   78.0  444.0
2024 282 10  8 1000  -31.8  970.7  444.0  444.0   72.0  444.0
2024 282 10  8 1100  -32.9  970.3  444.0  444.0   72.0  444.0
2024 282 10  8 1200  -34.1  970.0  444.0  444.0   71.0  444.0
2024 282 10  8 1300  -35.0  969.5  444.0  444.0   71.0  444.0
2024 282 10  8 1400  -33.9  968.9  444.0  444.0   72.0  444.0
2024 282 10  8 1500  -32.2  968.5  444.0  444.0   72.0  444.0
2024 282 10  8 1600  -33.1  968.0  444.0  444.0   71.0  444.0
2024 282 10  8 1700  -32.9  967.6  444.0  444.0   71.0  444.0
2024 282 10  8 1800  -33.1  967.7  444.0  444.0   70.0  444.0
2024 282 10  8 1900  -33.3  967.6  444.0  444.0   70.0  444.0
2024 282 10  8 2000  -31.6  967.3  444.0  444.0   71.0  444.0
2024 282 10  8 2100  -30.1  966.8  444.0  444.0   70.0  444.0
2024 282 10  8 2200  -28.9  966.6  444.0  444.0   71.0  444.0
2024 282 10  8 2300  -30.9  966.5  444.0  444.0   71.0  444.0
2024 283 10  9 0000  -31.0  966.1  444.0  444.0   71.0  444.0
2024 283 10  9 0100  -31.5  965.5  444.0  444.0   71.0  444.0
2024 283 10  9 0200  -31.1  965.5  444.0  444.0   73.0  444.0
2024 283 10  9 0300  -31.0  964.7  444.0  444.0   72.0  444.0
2024 283 10  9 0400  -31.2  964.4  444.0  444.0   72.0  444.0
2024 283 10  9 0500  -31.2  963.9  444.0  444.0   72.0  444.0
2024 283 10  9 0600  -31.6  963.7  444.0  444.0   72.0  444.0
2024 283 10  9 0700  -31.8  963.5  444.0  444.0   72.0  444.0
2024 283 10  9 0800  -32.2  963.1  444.0  444.0   72.0  444.0
2024 283 10  9 0900  -32.7  963.2  444.0  444.0   72.0  444.0
2024 283 10  9 1000  -33.4  963.1  444.0  444.0   71.0  444.0
2024 283 10  9 1100  -31.4  963.0  444.0  444.0   73.0  444.0
2024 283 10  9 1200  -31.0  962.9  444.0  444.0   73.0  444.0
2024 283 10  9 1300  -30.9  963.0  444.0  444.0   73.0  444.0
2024 283 10  9 1400  -31.4  963.1  444.0  444.0   73.0  444.0
2024 283 10  9 1500  -32.0  963.1  444.0  444.0   72.0  444.0
2024 283 10  9 1600  -32.9  963.3  444.0  444.0   71.0  444.0
2024 283 10  9 1700  -33.2  963.4  444.0  444.0   71.0  444.0
2024 283 10  9 1800  -31.4  963.3  444.0  444.0   73.0  444.0
2024 283 10  9 1900  -33.1  963.8  444.0  444.0   71.3  444.0
2024 283 10  9 2000  -31.7  963.8  444.0  444.0   72.2  444.0
2024 283 10  9 2100  -30.2  964.1  444.0  444.0   73.0  444.0
2024 283 10  9 2200  -29.6  964.4  444.0  444.0   73.0  444.0
2024 283 10  9 2300  -28.3  964.8  444.0  444.0   74.0  444.0
2024 284 10 10 0000  -27.9  965.0  444.0  444.0   74.2  444.0
2024 284 10 10 0100  -27.5  965.5  444.0  444.0   74.2  444.0
2024 284 10 10 0200  -27.3  965.6  444.0  444.0   75.0  444.0
2024 284 10 10 0300  -27.5  965.5  444.0  444.0   75.0  444.0
2024 284 10 10 0400  -27.7  965.4  444.0  444.0   75.0  444.0
2024 284 10 10 0500  -28.8  965.8  444.0  444.0   74.0  444.0
2024 284 10 10 0600  -28.3  965.7  444.0  444.0   74.7  444.0
2024 284 10 10 0700  -28.4  965.8  444.0  444.0   74.6  444.0
2024 284 10 10 0800  -27.9  965.7  444.0  444.0   75.0  444.0
2024 284 10 10 0900  -28.3  965.8  444.0  444.0   75.0  444.0
2024 284 10 10 1000  -28.4  965.6  444.0  444.0   75.0  444.0
2024 284 10 10 1100  -29.1  965.4  444.0  444.0   74.3  444.0
2024 284 10 10 1200  -29.9  965.2  444.0  444.0   73.5  444.0
2024 284 10 10 1300  -33.1  965.0  444.0  444.0   71.0  444.0
2024 284 10 10 1400  -34.1  964.9  444.0  444.0   71.0  444.0
2024 284 10 10 1500  -34.9  964.7  444.0  444.0   71.0  444.0
2024 284 10 10 1600  -35.1  964.6  444.0  444.0   71.0  444.0
2024 284 10 10 1700  -35.0  964.3  444.0  444.0   70.2  444.0
2024 284 10 10 1800  -34.4  964.2  444.0  444.0   71.0  444.0
2024 284 10 10 1900  -32.8  963.9  444.0  444.0   71.0  444.0
2024 284 10 10 2000  -30.5  963.7  444.0  444.0   72.0  444.0
2024 284 10 10 2100  -28.2  963.8  444.0  444.0   73.0  444.0
2024 284 10 10 2200  -26.8  963.6  444.0  444.0   75.0  444.0
2024 284 10 10 2300  -25.0  963.2  444.0  444.0   77.0  444.0
2024 285 10 11 0000  -23.9  963.1  444.0  444.0   77.0  444.0
2024 285 10 11 0100  -23.3  962.6  444.0  444.0   78.0  444.0
2024 285 10 11 0200  -22.0  962.7  444.0  444.0   79.0  444.0
2024 285 10 11 0300  -21.4  962.4  444.0  444.0   80.0  444.0
2024 285 10 11 0400  -20.6  962.5  444.0  444.0   80.0  444.0
2024 285 10 11 0500  -22.8  963.0  444.0  444.0   78.0  444.0
2024 285 10 11 0600  -23.8  963.5  444.0  444.0   78.0  444.0
2024 285 10 11 0700  -24.3  964.3  444.0  444.0   78.0  444.0
2024 285 10 11 0800  -27.0  965.0  444.0  444.0   74.0  444.0
2024 285 10 11 0900  -30.8  965.7  444.0  444.0   73.0  444.0
2024 285 10 11 1000  -32.7  966.4  444.0  444.0   71.8  444.0
2024 285 10 11 1100  -33.8  967.1  444.0  444.0   71.5  444.0
2024 285 10 11 1200  -35.3  967.6  444.0  444.0   70.0  444.0
2024 285 10 11 1300  -36.3  967.8  444.0  444.0   70.0  444.0
2024 285 10 11 1400  -36.9  967.8  444.0  444.0   69.0  444.0
2024 285 10 11 1500  -36.2  967.7  444.0  444.0   70.2  444.0
2024 285 10 11 1600  -33.2  967.2  444.0  444.0   72.1  444.0
2024 285 10 11 1700  -30.5  966.9  444.0  444.0   74.0  444.0
2024 285 10 11 1800  -29.2  966.7  444.0  444.0   74.0  444.0
2024 285 10 11 1900  -28.3  966.5  444.0  444.0   75.0  444.0
2024 285 10 11 2000  -27.2  966.2  444.0  444.0   75.3  444.0
2024 285 10 11 2100  -26.3  966.1  444.0  444.0   75.9  444.0
2024 285 10 11 2200  -25.4  966.1  444.0  444.0   77.0  444.0
2024 285 10 11 2300  -24.4  966.3  444.0  444.0   78.0  444.0
2024 286 10 12 0000  -24.9  966.5  444.0  444.0   76.0  444.0
2024 286 10 12 0100  -25.1  966.6  444.0  444.0   75.0  444.0
2024 286 10 12 0200  -25.8  966.8  444.0  444.0   75.7  444.0
2024 286 10 12 0300  -25.9  967.1  444.0  444.0   76.0  444.0
2024 286 10 12 0400  -26.1  967.4  444.0  444.0   75.8  444.0
2024 286 10 12 0500  -26.3  967.8  444.0  444.0   76.0  444.0
2024 286 10 12 0600  -27.2  968.4  444.0  444.0   75.0  444.0
2024 286 10 12 0700  -28.0  969.2  444.0  444.0   74.0  444.0
2024 286 10 12 0800  -30.1  969.7  444.0  444.0   73.0  444.0
2024 286 10 12 0900  -31.1  970.2  444.0  444.0   72.6  444.0
2024 286 10 12 1000  -32.8  970.4  444.0  444.0   71.0  444.0
2024 286 10 12 1100  -31.8  970.7  444.0  444.0   72.0  444.0
2024 286 10 12 1200  -32.1  971.2  444.0  444.0   72.0  444.0
2024 286 10 12 1300  -32.2  971.2  444.0  444.0   72.0  444.0
2024 286 10 12 1400  -32.5  971.6  444.0  444.0   71.3  444.0
2024 286 10 12 1500  -33.8  971.6  444.0  444.0   71.0  444.0
2024 286 10 12 1600  -32.7  971.5  444.0  444.0   71.0  444.0
2024 286 10 12 1700  -33.8  971.9  444.0  444.0   71.0  444.0
2024 286 10 12 1800  -32.5  971.6  444.0  444.0   72.0  444.0
2024 286 10 12 1900  -30.5  971.5  444.0  444.0   71.6  444.0
2024 286 10 12 2000  -30.0  971.9  444.0  444.0   72.0  444.0
2024 286 10 12 2100  -30.1  972.3  444.0  444.0   72.0  444.0
2024 286 10 12 2200  -31.1  972.4  444.0  444.0   70.8  444.0
2024 286 10 12 2300  -31.0  972.7  444.0  444.0   72.0  444.0
2024 287 10 13 0000  -29.6  973.0  444.0  444.0   73.2  444.0
2024 287 10 13 0100  -27.5  973.4  444.0  444.0   74.0  444.0
2024 287 10 13 0200  -27.0  973.4  444.0  444.0   75.0  444.0
2024 287 10 13 0300  -26.3  973.7  444.0  444.0   74.5  444.0
2024 287 10 13 0400  -25.1  974.3  444.0  444.0   75.0  444.0
2024 287 10 13 0500  -28.9  974.4  444.0  444.0   73.0  444.0
2024 287 10 13 0600  -29.1  975.0  444.0  444.0   74.0  444.0
2024 287 10 13 0700  -30.5  975.4  444.0  444.0   73.0  444.0
2024 287 10 13 0800  -30.6  975.7  444.0  444.0   73.0  444.0
2024 287 10 13 0900  -31.0  976.2  444.0  444.0   73.0  444.0
2024 287 10 13 1000  -31.3  976.5  444.0  444.0   72.8  444.0
2024 287 10 13 1100  -30.3  976.9  444.0  444.0   73.0  444.0
2024 287 10 13 1200  -30.0  976.9  444.0  444.0   73.6  444.0
2024 287 10 13 1300  -28.5  977.1  444.0  444.0   74.7  444.0
2024 287 10 13 1400  -27.6  977.0  444.0  444.0   75.0  444.0
2024 287 10 13 1500  -27.0  977.0  444.0  444.0   76.0  444.0
2024 287 10 13 1600  -26.5  977.0  444.0  444.0   76.0  444.0
2024 287 10 13 1700  -25.7  976.4  444.0  444.0   76.9  444.0
2024 287 10 13 1800  -25.4  976.3  444.0  444.0   77.0  444.0
2024 287 10 13 1900  -25.2  976.1  444.0  444.0   77.0  444.0
2024 287 10 13 2000  -25.7  976.3  444.0  444.0   76.1  444.0
2024 287 10 13 2100  -26.3  976.1  444.0  444.0   74.0  444.0
2024 287 10 13 2200  -27.1  975.9  444.0  444.0   74.3  444.0
2024 287 10 13 2300  -27.5  975.7  444.0  444.0   74.5  444.0
2024 288 10 14 0000  -27.2  975.9  444.0  444.0   74.0  444.0
2024 288 10 14 0100  -27.3  976.0  444.0  444.0   74.4  444.0
2024 288 10 14 0200  -26.7  975.9  444.0  444.0   75.0  444.0
2024 288 10 14 0300  -25.4  976.2  444.0  444.0   75.6  444.0
2024 288 10 14 0400  -26.7  976.6  444.0  444.0   73.0  444.0
2024 288 10 14 0500  -26.7  977.0  444.0  444.0   73.0  444.0
2024 288 10 14 0600  -28.5  977.3  444.0  444.0   71.8  444.0
2024 288 10 14 0700  -29.3  977.9  444.0  444.0   72.0  444.0
2024 288 10 14 0800  -32.4  978.4  444.0  444.0   70.0  444.0
2024 288 10 14 0900  -33.2  978.4  444.0  444.0   71.0  444.0
2024 288 10 14 1000  -34.7  978.7  444.0  444.0   70.3  444.0
2024 288 10 14 1100  -35.1  978.9  444.0  444.0   70.0  444.0
2024 288 10 14 1200  -35.9  979.0  444.0  444.0   70.0  444.0
2024 288 10 14 1300  -36.3  979.1  444.0  444.0   70.0  444.0
2024 288 10 14 1400  -36.7  979.0  444.0  444.0   69.0  444.0
2024 288 10 14 1500  -37.2  979.1  444.0  444.0   69.0  444.0
2024 288 10 14 1600  -36.7  979.2  444.0  444.0   69.0  444.0
2024 288 10 14 1700  -36.5  979.0  444.0  444.0   69.0  444.0
2024 288 10 14 1800  -35.5  979.1  444.0  444.0   66.9  444.0
2024 288 10 14 1900  -36.3  979.1  444.0  444.0   68.0  444.0
2024 288 10 14 2000  -36.4  979.1  444.0  444.0   68.0  444.0
2024 288 10 14 2100  -35.9  979.1  444.0  444.0   68.0  444.0
2024 288 10 14 2200  -34.9  978.9  444.0  444.0   69.0  444.0
2024 288 10 14 2300  -33.0  979.0  444.0  444.0   70.1  444.0
2024 289 10 15 0000  -33.5  978.6  444.0  444.0   70.0  444.0
2024 289 10 15 0100  -33.2  978.2  444.0  444.0   71.0  444.0
2024 289 10 15 0200  -31.6  977.9  444.0  444.0   71.0  444.0
2024 289 10 15 0300  -30.8  977.6  444.0  444.0   72.0  444.0
2024 289 10 15 0400  -30.6  977.4  444.0  444.0   72.0  444.0
2024 289 10 15 0500  -30.8  977.1  444.0  444.0   72.0  444.0
2024 289 10 15 0600  -31.2  977.1  444.0  444.0   72.1  444.0
2024 289 10 15 0700  -31.9  977.2  444.0  444.0   71.7  444.0
2024 289 10 15 0800  -32.5  977.5  444.0  444.0   71.0  444.0
2024 289 10 15 0900  -35.2  977.8  444.0  444.0   70.0  444.0
2024 289 10 15 1000  -37.5  977.6  444.0  444.0   68.0  444.0
2024 289 10 15 1100  -38.1  977.9  444.0  444.0   68.0  444.0
2024 289 10 15 1200  -39.2  978.0  444.0  444.0   68.0  444.0
2024 289 10 15 1300  -40.0  978.2  444.0  444.0   68.0  444.0
2024 289 10 15 1400  -40.1  978.2  444.0  444.0   67.0  444.0
2024 289 10 15 1500  -38.7  978.1  444.0  444.0   67.0  444.0
2024 289 10 15 1600  -37.7  977.9  444.0  444.0   66.6  444.0
2024 289 10 15 1700  -38.2  978.3  444.0  444.0   64.5  444.0
2024 289 10 15 1800  -40.5  978.8  444.0  444.0   63.0  444.0
2024 289 10 15 1900  -39.0  978.5  444.0  444.0   65.0  444.0
2024 289 10 15 2000  -38.4  978.6  444.0  444.0   65.0  444.0
2024 289 10 15 2100  -36.9  978.5  444.0  444.0   65.2  444.0
2024 289 10 15 2200  -35.2  978.2  444.0  444.0   67.0  444.0
2024 289 10 15 2300  -35.2  978.1  444.0  444.0   67.0  444.0
2024 290 10 16 0000  -33.7  978.6  444.0  444.0   67.0  444.0
2024 290 10 16 0100  -35.6  978.5  444.0  444.0   67.7  444.0
2024 290 10 16 0200  -33.4  978.2  444.0  444.0   69.6  444.0
2024 290 10 16 0300  -33.6  977.7  444.0  444.0   69.0  444.0
2024 290 10 16 0400  -33.2  977.5  444.0  444.0   70.0  444.0
2024 290 10 16 0500  -33.6  977.4  444.0  444.0   69.0  444.0
2024 290 10 16 0600  -34.0  977.6  444.0  444.0   69.0  444.0
2024 290 10 16 0700  -34.7  977.6  444.0  444.0   68.0  444.0
2024 290 10 16 0800  -34.3  977.4  444.0  444.0   69.0  444.0
2024 290 10 16 0900  -34.2  977.4  444.0  444.0   70.0  444.0
2024 290 10 16 1000  -35.4  977.4  444.0  444.0   69.2  444.0
2024 290 10 16 1100  -36.3  977.1  444.0  444.0   69.0  444.0
2024 290 10 16 1200  -34.0  977.3  444.0  444.0   71.0  444.0
2024 290 10 16 1300  -31.6  977.6  444.0  444.0   72.0  444.0
2024 290 10 16 1400  -29.8  977.8  444.0  444.0   73.0  444.0
2024 290 10 16 1500  -29.0  978.1  444.0  444.0   74.0  444.0
2024 290 10 16 1600  -27.6  978.2  444.0  444.0   75.0  444.0
2024 290 10 16 1700  -27.2  978.3  444.0  444.0   75.0  444.0
2024 290 10 16 1800  -27.1  978.7  444.0  444.0   75.0  444.0
2024 290 10 16 1900  -26.6  978.7  444.0  444.0   75.0  444.0
2024 290 10 16 2000  -27.5  979.2  444.0  444.0   74.0  444.0
2024 290 10 16 2100  -26.9  979.3  444.0  444.0   74.0  444.0
2024 290 10 16 2200  -26.8  979.5  444.0  444.0   74.0  444.0
2024 290 10 16 2300  -25.7  979.7  444.0  444.0   75.0  444.0
2024 291 10 17 0000  -29.1  979.8  444.0  444.0   72.0  444.0
2024 291 10 17 0100  -28.9  980.0  444.0  444.0   71.0  444.0
2024 291 10 17 0200  -29.4  980.0  444.0  444.0   72.0  444.0
2024 291 10 17 0300  -31.6  979.9  444.0  444.0   70.0  444.0
2024 291 10 17 0400  -31.5  980.0  444.0  444.0   70.0  444.0
2024 291 10 17 0500  -33.1  980.4  444.0  444.0   70.0  444.0
2024 291 10 17 0600  -34.5  980.6  444.0  444.0   69.0  444.0
2024 291 10 17 0700  -35.4  980.8  444.0  444.0   68.0  444.0
2024 291 10 17 0800  -35.6  980.8  444.0  444.0   68.4  444.0
2024 291 10 17 0900  -35.4  981.2  444.0  444.0   68.9  444.0
2024 291 10 17 1000  -35.0  981.1  444.0  444.0   69.0  444.0
2024 291 10 17 1100  -34.6  981.0  444.0  444.0   68.0  444.0
2024 291 10 17 1200  -36.8  981.0  444.0  444.0   68.0  444.0
2024 291 10 17 1300  -36.1  981.0  444.0  444.0   68.4  444.0
2024 291 10 17 1400  -38.2  980.9  444.0  444.0   68.0  444.0
2024 291 10 17 1500  -38.2  981.0  444.0  444.0   68.0  444.0
2024 291 10 17 1600  -36.6  981.0  444.0  444.0   69.0  444.0
2024 291 10 17 1700  -35.6  981.5  444.0  444.0   69.0  444.0
2024 291 10 17 1800  -35.9  981.9  444.0  444.0   69.0  444.0
2024 291 10 17 1900  -35.6  982.1  444.0  444.0   68.0  444.0
2024 291 10 17 2000  -34.8  982.2  444.0  444.0   69.0  444.0
2024 291 10 17 2100  -32.8  982.2  444.0  444.0   70.0  444.0
2024 291 10 17 2200  -32.8  982.3  444.0  444.0   69.0  444.0
2024 291 10 17 2300  -32.8  982.5  444.0  444.0   69.5  444.0
2024 292 10 18 0000  -31.9  982.4  444.0  444.0   69.5  444.0
2024 292 10 18 0100  -31.5  982.3  444.0  444.0   70.0  444.0
2024 292 10 18 0200  -32.2  982.4  444.0  444.0   70.0  444.0
2024 292 10 18 0300  -32.6  982.8  444.0  444.0   70.0  444.0
2024 292 10 18 0400  -33.3  982.9  444.0  444.0   70.0  444.0
2024 292 10 18 0500  -34.1  983.2  444.0  444.0   70.0  444.0
2024 292 10 18 0600  -34.2  983.4  444.0  444.0   70.0  444.0
2024 292 10 18 0700  -34.1  983.6  444.0  444.0   70.0  444.0
2024 292 10 18 0800  -35.1  983.8  444.0  444.0   69.0  444.0
2024 292 10 18 0900  -36.0  983.9  444.0  444.0   69.0  444.0
2024 292 10 18 1000  -36.6  983.6  444.0  444.0   69.0  444.0
2024 292 10 18 1100  -36.7  983.5  444.0  444.0   69.0  444.0
2024 292 10 18 1200  -36.9  983.4  444.0  444.0   69.0  444.0
2024 292 10 18 1300  -38.1  982.8  444.0  444.0   68.0  444.0
2024 292 10 18 1400  -38.3  982.4  444.0  444.0   68.0  444.0
2024 292 10 18 1500  -38.7  982.1  444.0  444.0   67.0  444.0
2024 292 10 18 1600  -38.1  981.8  444.0  444.0   67.0  444.0
2024 292 10 18 1700  -37.4  981.7  444.0  444.0   66.0  444.0
2024 292 10 18 1800  -38.1  981.4  444.0  444.0   65.0  444.0
2024 292 10 18 1900  -38.5  980.8  444.0  444.0   65.0  444.0
2024 292 10 18 2000  -35.1  980.6  444.0  444.0   66.0  444.0
2024 292 10 18 2100  -36.7  980.6  444.0  444.0   64.0  444.0
2024 292 10 18 2200  -35.0  980.6  444.0  444.0   65.9  444.0
2024 292 10 18 2300  -36.8  980.5  444.0  444.0   65.0  444.0
2024 293 10 19 0000  -35.6  980.6  444.0  444.0   66.0  444.0
2024 293 10 19 0100  -35.3  980.5  444.0  444.0   66.0  444.0
2024 293 10 19 0200  -35.6  980.2  444.0  444.0   66.0  444.0
2024 293 10 19 0300  -36.3  980.3  444.0  444.0   66.5  444.0
2024 293 10 19 0400  -35.9  980.3  444.0  444.0   66.9  444.0
2024 293 10 19 0500  -35.3  980.3  444.0  444.0   67.0  444.0
2024 293 10 19 0600  -36.3  980.3  444.0  444.0   66.0  444.0
2024 293 10 19 0700  -37.9  980.4  444.0  444.0   66.0  444.0
2024 293 10 19 0800  -38.8  980.3  444.0  444.0   66.0  444.0
2024 293 10 19 0900  -38.9  980.1  444.0  444.0   66.0  444.0
2024 293 10 19 1000  -39.2  979.9  444.0  444.0   66.0  444.0
2024 293 10 19 1100  -39.3  979.6  444.0  444.0   64.0  444.0
2024 293 10 19 1200  -39.1  979.6  444.0  444.0   67.0  444.0
2024 293 10 19 1300  -39.9  979.5  444.0  444.0   67.0  444.0
2024 293 10 19 1400  -40.1  979.3  444.0  444.0   65.8  444.0
2024 293 10 19 1500  -40.8  979.5  444.0  444.0   66.0  444.0
2024 293 10 19 1600  -41.2  979.3  444.0  444.0   66.0  444.0
2024 293 10 19 1700  -40.4  978.8  444.0  444.0   66.0  444.0
2024 293 10 19 1800  -38.7  978.5  444.0  444.0   66.0  444.0
2024 293 10 19 1900  -38.8  978.0  444.0  444.0   66.0  444.0
2024 293 10 19 2000  -39.0  977.7  444.0  444.0   66.0  444.0
2024 293 10 19 2100  -36.7  977.7  444.0  444.0   67.0  444.0
2024 293 10 19 2200  -34.8  977.3  444.0  444.0   68.0  444.0
2024 293 10 19 2300  -33.2  977.0  444.0  444.0   68.9  444.0
2024 294 10 20 0000  -31.8  976.8  444.0  444.0   70.0  444.0
2024 294 10 20 0100  -31.2  976.5  444.0  444.0   70.0  444.0
2024 294 10 20 0200  -30.9  976.4  444.0  444.0   71.0  444.0
2024 294 10 20 0300  -32.3  976.6  444.0  444.0   70.0  444.0
2024 294 10 20 0400  -33.6  976.6  444.0  444.0   69.0  444.0
2024 294 10 20 0500  -34.5  976.8  444.0  444.0   69.0  444.0
2024 294 10 20 0600  -35.5  977.0  444.0  444.0   68.0  444.0
2024 294 10 20 0700  -36.0  977.2  444.0  444.0   68.0  444.0
2024 294 10 20 0800  -36.6  977.5  444.0  444.0   68.0  444.0
2024 294 10 20 0900  -37.0  977.0  444.0  444.0   68.0  444.0
2024 294 10 20 1000  -36.9  977.1  444.0  444.0   68.0  444.0
2024 294 10 20 1100  -37.3  977.0  444.0  444.0   68.0  444.0
2024 294 10 20 1200  -37.2  976.2  444.0  444.0   68.0  444.0
2024 294 10 20 1300  -37.6  975.8  444.0  444.0   68.0  444.0
2024 294 10 20 1400  -36.1  975.6  444.0  444.0   68.0  444.0
2024 294 10 20 1500  -36.0  975.4  444.0  444.0   68.0  444.0
2024 294 10 20 1600  -35.3  975.3  444.0  444.0   68.0  444.0
2024 294 10 20 1700  -36.4  975.7  444.0  444.0   67.0  444.0
2024 294 10 20 1800  -37.8  976.0  444.0  444.0   66.0  444.0
2024 294 10 20 1900  -37.5  976.2  444.0  444.0   65.0  444.0
2024 294 10 20 2000  -37.0  976.1  444.0  444.0   66.0  444.0
2024 294 10 20 2100  -36.6  976.0  444.0  444.0   65.6  444.0
2024 294 10 20 2200  -36.2  975.6  444.0  444.0   66.0  444.0
2024 294 10 20 2300  -35.5  975.5  444.0  444.0   67.0  444.0
2024 295 10 21 0000  -35.0  975.3  444.0  444.0   67.0  444.0
2024 295 10 21 0100  -34.5  975.3  444.0  444.0   68.0  444.0
2024 295 10 21 0200  -33.9  974.9  444.0  444.0   68.4  444.0
2024 295 10 21 0300  -33.6  975.1  444.0  444.0   68.0  444.0
2024 295 10 21 0400  -33.8  974.8  444.0  444.0   68.0  444.0
2024 295 10 21 0500  -34.0  974.5  444.0  444.0   68.0  444.0
2024 295 10 21 0600  -34.3  974.3  444.0  444.0   68.0  444.0
2024 295 10 21 0700  -34.8  974.0  444.0  444.0   68.0  444.0
2024 295 10 21 0800  -36.4  974.0  444.0  444.0   67.0  444.0
2024 295 10 21 0900  -36.5  973.9  444.0  444.0   67.0  444.0
2024 295 10 21 1000  -37.3  974.0  444.0  444.0   67.0  444.0
2024 295 10 21 1100  -38.4  974.0  444.0  444.0   66.0  444.0
2024 295 10 21 1200  -36.8  973.4  444.0  444.0   68.0  444.0
2024 295 10 21 1300  -37.2  973.1  444.0  444.0   67.0  444.0
2024 295 10 21 1400  -39.8  972.8  444.0  444.0   66.5  444.0
2024 295 10 21 1500  -38.8  972.5  444.0  444.0   67.0  444.0
2024 295 10 21 1600  -38.6  972.5  444.0  444.0   66.0  444.0
2024 295 10 21 1700  -37.5  972.2  444.0  444.0   65.0  444.0
2024 295 10 21 1800  -37.4  972.2  444.0  444.0   64.0  444.0
2024 295 10 21 1900  -37.2  971.9  444.0  444.0   63.7  444.0
2024 295 10 21 2000  444.0  972.0  444.0  444.0   65.0  444.0
2024 295 10 21 2100  -35.1  972.1  444.0  444.0   65.0  444.0
2024 295 10 21 2200  -33.9  972.4  444.0  444.0   66.0  444.0
2024 295 10 21 2300  -34.5  972.3  444.0  444.0   65.0  444.0
2024 296 10 22 0000  -33.9  972.5  444.0  444.0   67.0  444.0
2024 296 10 22 0100  -33.8  972.8  444.0  444.0   68.0  444.0
2024 296 10 22 0200  -33.3  973.1  444.0  444.0   68.0  444.0
2024 296 10 22 0300  -33.1  973.3  444.0  444.0   69.0  444.0
2024 296 10 22 0400  -32.9  973.6  444.0  444.0   68.4  444.0
2024 296 10 22 0500  -33.2  973.8  444.0  444.0   68.0  444.0
2024 296 10 22 0600  -34.0  974.1  444.0  444.0   68.0  444.0
2024 296 10 22 0700  -34.8  974.3  444.0  444.0   67.4  444.0
2024 296 10 22 0800  -35.2  974.4  444.0  444.0   68.0  444.0
2024 296 10 22 0900  -36.3  974.7  444.0  444.0   67.0  444.0
2024 296 10 22 1000  -37.3  974.6  444.0  444.0   67.0  444.0
2024 296 10 22 1100  -36.9  974.9  444.0  444.0   68.0  444.0
2024 296 10 22 1200  -37.9  975.1  444.0  444.0   67.8  444.0
2024 296 10 22 1300  -36.7  975.2  444.0  444.0   68.0  444.0
2024 296 10 22 1400  -40.2  975.5  444.0  444.0   66.0  444.0
2024 296 10 22 1500  -38.3  975.2  444.0  444.0   66.0  444.0
2024 296 10 22 1600  -41.5  975.6  444.0  444.0   65.0  444.0
2024 296 10 22 1700  -39.7  975.7  444.0  444.0   65.0  444.0
2024 296 10 22 1800  -39.0  975.9  444.0  444.0   65.0  444.0
2024 296 10 22 1900  -39.3  976.0  444.0  444.0   64.0  444.0
2024 296 10 22 2000  -38.4  976.5  444.0  444.0   64.0  444.0
2024 296 10 22 2100  -38.3  977.1  444.0  444.0   65.0  444.0
2024 296 10 22 2200  -37.6  977.6  444.0  444.0   65.0  444.0
2024 296 10 22 2300  -36.8  978.0  444.0  444.0   65.0  444.0
2024 297 10 23 0000  -36.0  978.8  444.0  444.0   66.0  444.0
2024 297 10 23 0100  -35.0  979.0  444.0  444.0   67.0  444.0
2024 297 10 23 0200  -34.0  979.1  444.0  444.0   68.0  444.0
2024 297 10 23 0300  -33.2  979.3  444.0  444.0   69.0  444.0
2024 297 10 23 0400  -31.9  979.7  444.0  444.0   69.0  444.0
2024 297 10 23 0500  -31.1  979.6  444.0  444.0   69.0  444.0
2024 297 10 23 0600  -30.8  980.1  444.0  444.0   70.0  444.0
2024 297 10 23 0700  -30.5  980.2  444.0  444.0   71.0  444.0
2024 297 10 23 0800  -29.3  980.1  444.0  444.0   72.0  444.0
2024 297 10 23 0900  -30.3  980.0  444.0  444.0   71.0  444.0
2024 297 10 23 1000  -30.6  979.8  444.0  444.0   71.0  444.0
2024 297 10 23 1100  -29.6  979.5  444.0  444.0   73.4  444.0
2024 297 10 23 1200  -28.9  979.6  444.0  444.0   73.0  444.0
2024 297 10 23 1300  -29.9  979.8  444.0  444.0   72.0  444.0
2024 297 10 23 1400  -31.2  979.9  444.0  444.0   71.0  444.0
2024 297 10 23 1500  -31.0  980.1  444.0  444.0   71.0  444.0
2024 297 10 23 1600  -32.2  980.8  444.0  444.0   69.2  444.0
2024 297 10 23 1700  -33.0  981.2  444.0  444.0   68.7  444.0
2024 297 10 23 1800  -33.4  981.6  444.0  444.0   68.0  444.0
2024 297 10 23 1900  -33.6  982.2  444.0  444.0   68.0  444.0
2024 297 10 23 2000  -33.5  982.6  444.0  444.0   68.0  444.0
2024 297 10 23 2100  -33.6  982.9  444.0  444.0   67.1  444.0
2024 297 10 23 2200  -33.8  983.4  444.0  444.0   66.9  444.0
2024 297 10 23 2300  -33.7  984.2  444.0  444.0   67.0  444.0
2024 298 10 24 0000  -33.3  984.9  444.0  444.0   68.0  444.0
2024 298 10 24 0100  -32.7  984.3  444.0  444.0   68.1  444.0
2024 298 10 24 0200  -32.0  985.6  444.0  444.0   69.0  444.0
2024 298 10 24 0300  -31.5  985.5  444.0  444.0   69.0  444.0
2024 298 10 24 0400  -31.5  985.8  444.0  444.0   70.0  444.0
2024 298 10 24 0500  -31.7  985.7  444.0  444.0   70.0  444.0
2024 298 10 24 0600  -32.4  986.0  444.0  444.0   69.0  444.0
2024 298 10 24 0700  -33.3  986.3  444.0  444.0   69.0  444.0
2024 298 10 24 0800  -34.4  986.7  444.0  444.0   68.0  444.0
2024 298 10 24 0900  -35.5  987.1  444.0  444.0   68.0  444.0
2024 298 10 24 1000  -36.7  987.5  444.0  444.0   68.0  444.0
2024 298 10 24 1100  -37.2  987.7  444.0  444.0   68.0  444.0
2024 298 10 24 1200  -37.9  988.0  444.0  444.0   67.0  444.0
2024 298 10 24 1300  -37.8  988.0  444.0  444.0   67.0  444.0
2024 298 10 24 1400  -39.1  987.8  444.0  444.0   66.0  444.0
2024 298 10 24 1500  -39.3  987.7  444.0  444.0   65.0  444.0
2024 298 10 24 1600  -38.4  987.8  444.0  444.0   66.0  444.0
2024 298 10 24 1700  -37.5  987.8  444.0  444.0   66.0  444.0
2024 298 10 24 1800  -38.5  987.6  444.0  444.0   65.0  444.0
2024 298 10 24 1900  -38.3  987.1  444.0  444.0   65.0  444.0
2024 298 10 24 2000  -37.0  986.9  444.0  444.0   65.0  444.0
2024 298 10 24 2100  -35.0  986.9  444.0  444.0   66.0  444.0
2024 298 10 24 2200  -34.1  987.0  444.0  444.0   67.0  444.0
2024 298 10 24 2300  -32.4  986.4  444.0  444.0   68.0  444.0
2024 299 10 25 0000  -31.7  986.0  444.0  444.0   69.0  444.0
2024 299 10 25 0100  -30.8  985.8  444.0  444.0   69.0  444.0
2024 299 10 25 0200  -29.9  985.6  444.0  444.0   70.1  444.0
2024 299 10 25 0300  -29.3  985.3  444.0  444.0   71.0  444.0
2024 299 10 25 0400  -28.4  984.9  444.0  444.0   71.0  444.0
2024 299 10 25 0500  -29.4  984.7  444.0  444.0   70.0  444.0
2024 299 10 25 0600  -29.9  984.3  444.0  444.0   71.0  444.0
2024 299 10 25 0700  -30.9  984.1  444.0  444.0   70.0  444.0
2024 299 10 25 0800  -30.0  983.5  444.0  444.0   71.0  444.0
2024 299 10 25 0900  -32.8  983.4  444.0  444.0   70.0  444.0
2024 299 10 25 1000  -32.8  983.1  444.0  444.0   70.0  444.0
2024 299 10 25 1100  -33.4  983.2  444.0  444.0   70.0  444.0
2024 299 10 25 1200  -32.7  982.7  444.0  444.0   70.0  444.0
2024 299 10 25 1300  -35.5  982.5  444.0  444.0   69.0  444.0
2024 299 10 25 1400  -35.7  982.2  444.0  444.0   68.0  444.0
2024 299 10 25 1500  -35.4  981.8  444.0  444.0   68.0  444.0
2024 299 10 25 1600  -34.2  981.4  444.0  444.0   68.0  444.0
2024 299 10 25 1700  -33.3  981.2  444.0  444.0   68.0  444.0
2024 299 10 25 1800  -32.4  981.0  444.0  444.0   68.0  444.0
2024 299 10 25 1900  -30.3  980.8  444.0  444.0   70.0  444.0
2024 299 10 25 2000  -28.9  980.6  444.0  444.0   70.0  444.0
2024 299 10 25 2100  -27.7  980.5  444.0  444.0   71.0  444.0
2024 299 10 25 2200  -27.0  980.4  444.0  444.0   72.0  444.0
2024 299 10 25 2300  -26.2  980.5  444.0  444.0   73.0  444.0
2024 300 10 26 0000  -25.9  980.2  444.0  444.0   73.0  444.0
2024 300 10 26 0100  -25.9  980.6  444.0  444.0   73.0  444.0
2024 300 10 26 0200  -26.3  980.5  444.0  444.0   73.0  444.0
2024 300 10 26 0300  -26.8  980.5  444.0  444.0   73.0  444.0
2024 300 10 26 0400  -26.8  980.6  444.0  444.0   74.0  444.0
2024 300 10 26 0500  -26.1  980.7  444.0  444.0   74.5  444.0
2024 300 10 26 0600  -25.8  980.3  444.0  444.0   75.0  444.0
2024 300 10 26 0700  -26.6  980.2  444.0  444.0   74.0  444.0
2024 300 10 26 0800  -27.4  979.7  444.0  444.0   73.7  444.0
2024 300 10 26 0900  -26.8  979.3  444.0  444.0   75.0  444.0
2024 300 10 26 1000  -26.9  979.2  444.0  444.0   75.0  444.0
2024 300 10 26 1100  -28.1  978.8  444.0  444.0   74.0  444.0
2024 300 10 26 1200  -26.9  978.5  444.0  444.0   76.0  444.0
2024 300 10 26 1300  -24.8  978.1  444.0  444.0   76.0  444.0
2024 300 10 26 1400  -23.4  977.5  444.0  444.0   78.0  444.0
2024 300 10 26 1500  -23.8  977.4  444.0  444.0   76.0  444.0
2024 300 10 26 1600  -25.2  977.3  444.0  444.0   74.3  444.0
2024 300 10 26 1700  -23.7  977.0  444.0  444.0   75.0  444.0
2024 300 10 26 1800  -23.1  976.8  444.0  444.0   75.0  444.0
2024 300 10 26 1900  -23.5  976.5  444.0  444.0   75.0  444.0
2024 300 10 26 2000  -24.1  976.4  444.0  444.0   75.0  444.0
2024 300 10 26 2100  -24.1  976.5  444.0  444.0   74.3  444.0
2024 300 10 26 2200  -22.6  976.3  444.0  444.0   78.0  444.0
2024 300 10 26 2300  -21.7  976.9  444.0  444.0   76.0  444.0
2024 301 10 27 0000  -21.6  977.0  444.0  444.0   77.0  444.0
2024 301 10 27 0100  -20.8  977.2  444.0  444.0   77.0  444.0
2024 301 10 27 0200  -20.6  977.1  444.0  444.0   78.1  444.0
2024 301 10 27 0300  -19.0  976.9  444.0  444.0   79.0  444.0
2024 301 10 27 0400  -19.4  976.8  444.0  444.0   79.0  444.0
2024 301 10 27 0500  -19.9  976.5  444.0  444.0   79.0  444.0
2024 301 10 27 0600  -19.9  976.0  444.0  444.0   79.8  444.0
2024 301 10 27 0700  -20.2  975.8  444.0  444.0   79.0  444.0
2024 301 10 27 0800  -21.3  975.6  444.0  444.0   79.0  444.0
2024 301 10 27 0900  -22.0  975.2  444.0  444.0   79.0  444.0
2024 301 10 27 1000  -22.2  975.1  444.0  444.0   78.0  444.0
2024 301 10 27 1100  -24.0  975.3  444.0  444.0   77.0  444.0
2024 301 10 27 1200  -28.1  976.0  444.0  444.0   75.0  444.0
2024 301 10 27 1300  -29.8  976.7  444.0  444.0   73.0  444.0
2024 301 10 27 1400  -32.5  977.2  444.0  444.0   71.0  444.0
2024 301 10 27 1500  -32.5  978.0  444.0  444.0   70.0  444.0
2024 301 10 27 1600  -33.0  978.5  444.0  444.0   69.0  444.0
2024 301 10 27 1700  -33.1  979.0  444.0  444.0   69.0  444.0
2024 301 10 27 1800  -32.8  979.4  444.0  444.0   68.0  444.0
2024 301 10 27 1900  -32.5  979.9  444.0  444.0   67.9  444.0
2024 301 10 27 2000  -32.0  980.3  444.0  444.0   68.0  444.0
2024 301 10 27 2100  -31.7  980.9  444.0  444.0   68.0  444.0
2024 301 10 27 2200  -31.0  981.1  444.0  444.0   69.0  444.0
2024 301 10 27 2300  -30.5  981.5  444.0  444.0   69.0  444.0
2024 302 10 28 0000  -30.4  981.9  444.0  444.0   69.0  444.0
2024 302 10 28 0100  -30.6  982.0  444.0  444.0   69.0  444.0
2024 302 10 28 0200  -30.7  982.1  444.0  444.0   69.0  444.0
2024 302 10 28 0300  -30.7  982.3  444.0  444.0   69.0  444.0
2024 302 10 28 0400  -31.1  982.6  444.0  444.0   69.0  444.0
2024 302 10 28 0500  -31.5  983.2  444.0  444.0   69.0  444.0
2024 302 10 28 0600  -32.1  983.6  444.0  444.0   69.0  444.0
2024 302 10 28 0700  -32.7  983.7  444.0  444.0   69.0  444.0
2024 302 10 28 0800  -33.6  983.9  444.0  444.0   69.0  444.0
2024 302 10 28 0900  -33.9  983.9  444.0  444.0   68.0  444.0
2024 302 10 28 1000  -35.0  983.9  444.0  444.0   68.6  444.0
2024 302 10 28 1100  -34.9  983.6  444.0  444.0   68.0  444.0
2024 302 10 28 1200  -36.0  983.9  444.0  444.0   67.0  444.0
2024 302 10 28 1300  -36.6  984.0  444.0  444.0   68.0  444.0
2024 302 10 28 1400  -35.9  983.6  444.0  444.0   68.0  444.0
2024 302 10 28 1500  -37.0  983.2  444.0  444.0   66.7  444.0
2024 302 10 28 1600  -36.1  982.8  444.0  444.0   66.0  444.0
2024 302 10 28 1700  -35.8  982.8  444.0  444.0   66.0  444.0
2024 302 10 28 1800  -33.9  982.6  444.0  444.0   66.0  444.0
2024 302 10 28 1900  -32.6  982.3  444.0  444.0   66.0  444.0
2024 302 10 28 2000  -31.3  981.8  444.0  444.0   67.8  444.0
2024 302 10 28 2100  -29.7  981.7  444.0  444.0   67.2  444.0
2024 302 10 28 2200  -28.7  981.7  444.0  444.0   69.0  444.0
2024 302 10 28 2300  -27.3  981.8  444.0  444.0   70.0  444.0
2024 303 10 29 0000  -25.6  982.0  444.0  444.0   71.0  444.0
2024 303 10 29 0100  -25.8  981.8  444.0  444.0   71.6  444.0
2024 303 10 29 0200  -24.6  981.7  444.0  444.0   69.4  444.0
2024 303 10 29 0300  -25.0  982.0  444.0  444.0   72.0  444.0
2024 303 10 29 0400  -25.7  981.9  444.0  444.0   72.0  444.0
2024 303 10 29 0500  -26.1  981.6  444.0  444.0   72.0  444.0
2024 303 10 29 0600  -26.6  981.4  444.0  444.0   73.0  444.0
2024 303 10 29 0700  -26.8  981.4  444.0  444.0   74.5  444.0
2024 303 10 29 0800  -27.0  981.0  444.0  444.0   74.3  444.0
2024 303 10 29 0900  -28.1  980.8  444.0  444.0   73.0  444.0
2024 303 10 29 1000  -29.1  980.6  444.0  444.0   72.0  444.0
2024 303 10 29 1100  -30.4  980.1  444.0  444.0   72.0  444.0
2024 303 10 29 1200  -30.5  979.5  444.0  444.0   71.5  444.0
2024 303 10 29 1300  -30.8  979.4  444.0  444.0   71.2  444.0
2024 303 10 29 1400  -30.3  979.2  444.0  444.0   71.0  444.0
2024 303 10 29 1500  -29.9  978.8  444.0  444.0   71.0  444.0
2024 303 10 29 1600  -30.3  978.6  444.0  444.0   70.0  444.0
2024 303 10 29 1700  -29.6  978.4  444.0  444.0   70.0  444.0
2024 303 10 29 1800  -28.4  978.3  444.0  444.0   70.5  444.0
2024 303 10 29 1900  -26.7  978.2  444.0  444.0   72.0  444.0
2024 303 10 29 2000  -24.7  978.4  444.0  444.0   73.0  444.0
2024 303 10 29 2100  -24.7  978.7  444.0  444.0   72.0  444.0
2024 303 10 29 2200  -23.3  978.8  444.0  444.0   74.0  444.0
2024 303 10 29 2300  -21.6  978.7  444.0  444.0   75.5  444.0
2024 304 10 30 0000  -19.9  978.7  444.0  444.0   77.0  444.0
2024 304 10 30 0100  -18.7  978.8  444.0  444.0   78.0  444.0
2024 304 10 30 0200  -18.2  979.0  444.0  444.0   78.0  444.0
2024 304 10 30 0300  -17.9  979.1  444.0  444.0   77.0  444.0
2024 304 10 30 0400  -18.5  979.3  444.0  444.0   77.0  444.0
2024 304 10 30 0500  -18.5  979.6  444.0  444.0   77.0  444.0
2024 304 10 30 0600  -18.9  979.9  444.0  444.0   77.0  444.0
2024 304 10 30 0700  -18.7  980.6  444.0  444.0   77.0  444.0
2024 304 10 30 0800  -20.0  981.0  444.0  444.0   73.0  444.0
2024 304 10 30 0900  -21.1  981.3  444.0  444.0   76.0  444.0
2024 304 10 30 1000  -21.6  982.0  444.0  444.0   75.5  444.0
2024 304 10 30 1100  -23.1  982.1  444.0  444.0   78.0  444.0
2024 304 10 30 1200  -23.4  982.6  444.0  444.0   77.0  444.0
2024 304 10 30 1300  -24.0  983.1  444.0  444.0   76.0  444.0
2024 304 10 30 1400  -24.9  983.8  444.0  444.0   75.0  444.0
2024 304 10 30 1500  -25.4  983.7  444.0  444.0   74.0  444.0
2024 304 10 30 1600  -24.6  984.6  444.0  444.0   74.0  444.0
2024 304 10 30 1700  -24.0  984.9  444.0  444.0   73.0  444.0
2024 304 10 30 1800  -23.8  985.3  444.0  444.0   73.0  444.0
2024 304 10 30 1900  -23.7  985.5  444.0  444.0   72.0  444.0
2024 304 10 30 2000  -23.4  985.9  444.0  444.0   73.0  444.0
2024 304 10 30 2100  -22.6  986.4  444.0  444.0   73.0  444.0
2024 304 10 30 2200  -22.0  987.0  444.0  444.0   72.0  444.0
2024 304 10 30 2300  -21.4  987.6  444.0  444.0   73.6  444.0
2024 305 10 31 0000  -20.9  988.0  444.0  444.0   74.0  444.0
2024 305 10 31 0100  -20.4  988.2  444.0  444.0   75.0  444.0
2024 305 10 31 0200  -19.9  988.5  444.0  444.0   74.0  444.0
2024 305 10 31 0300  -20.1  988.8  444.0  444.0   75.0  444.0
2024 305 10 31 0400  -20.3  989.1  444.0  444.0   74.1  444.0
2024 305 10 31 0500  -21.1  989.2  444.0  444.0   74.0  444.0
2024 305 10 31 0600  -21.8  989.8  444.0  444.0   76.0  444.0
2024 305 10 31 0700  -23.0  990.1  444.0  444.0   76.0  444.0
2024 305 10 31 0800  -24.5  990.4  444.0  444.0   76.0  444.0
2024 305 10 31 0900  -25.0  990.8  444.0  444.0   76.0  444.0
2024 305 10 31 1000  -26.7  991.1  444.0  444.0   76.0  444.0
2024 305 10 31 1100  -27.5  991.4  444.0  444.0   76.0  444.0
2024 305 10 31 1200  -27.3  991.4  444.0  444.0   75.0  444.0
2024 305 10 31 1300  -28.1  991.8  444.0  444.0   75.0  444.0
2024 305 10 31 1400  -28.7  991.9  444.0  444.0   73.0  444.0
2024 305 10 31 1500  -28.5  992.1  444.0  444.0   72.0  444.0
2024 305 10 31 1600  -28.2  992.2  444.0  444.0   71.0  444.0
2024 305 10 31 1700  -28.8  992.5  444.0  444.0   70.0  444.0
2024 305 10 31 1800  -28.7  992.4  444.0  444.0   70.0  444.0
2024 305 10 31 1900  -28.1  992.6  444.0  444.0   70.0  444.0
2024 305 10 31 2000  -26.8  992.6  444.0  444.0   70.0  444.0
2024 305 10 31 2100  -25.5  992.7  444.0  444.0   71.0  444.0
2024 305 10 31 2200  -24.5  992.9  444.0  444.0   71.0  444.0
2024 305 10 31 2300  -23.3  992.9  444.0  444.0   72.0  444.0
