Year: 2018  Month: 05  ID: GIL  ARGOS:  8911  Name: Gill                
Lat: 79.88S  Lon: 178.57W  Elev:   53m
2018 121  5  1 0000  -30.1  444.0    3.8  222.0   73.0  444.0
2018 121  5  1 0100  -32.7  444.0    2.9  239.0   71.0  444.0
2018 121  5  1 0200  -33.3  444.0    2.9  234.0   71.2  444.0
2018 121  5  1 0300  -34.2  444.0    3.1  241.0   71.0  444.0
2018 121  5  1 0400  -34.9  444.0    3.4  251.0   69.8  444.0
2018 121  5  1 0500  -34.8  444.0    3.3  238.0   70.0  444.0
2018 121  5  1 0600  -36.8  444.0    2.7  225.0   69.0  444.0
2018 121  5  1 0700  -39.2  444.0    2.4  208.0   68.0  444.0
2018 121  5  1 0800  -40.8  444.0    2.5  204.0   67.0  444.0
2018 121  5  1 0900  -42.3  444.0    3.5  185.0   66.0  444.0
2018 121  5  1 1000  -42.5  444.0    3.2  174.0   66.0  444.0
2018 121  5  1 1100  -42.9  444.0    2.9  178.0   65.9  444.0
2018 121  5  1 1200  -43.1  444.0    2.6  183.0   66.0  444.0
2018 121  5  1 1300  -43.3  444.0    2.9  186.0   66.0  444.0
2018 121  5  1 1400  -43.2  444.0    2.2  196.0   65.6  444.0
2018 121  5  1 1500  -42.6  444.0    2.9  182.0   66.0  444.0
2018 121  5  1 1600  -41.3  444.0    3.0  187.0   66.3  444.0
2018 121  5  1 1700  -38.9  444.0    3.4  183.0   68.0  444.0
2018 121  5  1 1800  -36.3  444.0    3.3  188.0   69.0  444.0
2018 121  5  1 1900  -33.3  444.0    2.4  170.0   71.0  444.0
2018 121  5  1 2000  -29.6  444.0    2.3  144.0   73.0  444.0
2018 121  5  1 2100  -27.5  444.0    3.3  124.0   74.7  444.0
2018 121  5  1 2200  -27.1  444.0    2.9  127.0   75.0  444.0
2018 121  5  1 2300  -27.0  444.0    3.1  130.0   75.0  444.0
2018 122  5  2 0000  -27.2  444.0    2.8  148.0   75.0  444.0
2018 122  5  2 0100  -27.6  444.0    2.8  157.0   74.0  444.0
2018 122  5  2 0200  -27.1  444.0    2.6  164.0   74.9  444.0
2018 122  5  2 0300  -27.3  444.0    2.4  161.0   74.7  444.0
2018 122  5  2 0400  -27.4  444.0    2.1  168.0   74.6  444.0
2018 122  5  2 0500  -27.7  444.0    1.9  172.0   74.0  444.0
2018 122  5  2 0600  -28.1  444.0    1.7  156.0   74.0  444.0
2018 122  5  2 0700  -28.3  444.0    1.5  163.0   74.2  444.0
2018 122  5  2 0800  -28.4  444.0    0.8  188.0   74.1  444.0
2018 122  5  2 0900  -28.4  444.0    1.0  210.0   74.0  444.0
2018 122  5  2 1000  -28.4  444.0    1.3  211.0   74.0  444.0
2018 122  5  2 1100  -28.1  444.0    1.0  230.0   74.0  444.0
2018 122  5  2 1200  -28.1  444.0    1.3  251.0   74.2  444.0
2018 122  5  2 1300  -27.7  444.0    1.4  248.0   74.4  444.0
2018 122  5  2 1400  -27.5  444.0    1.1  263.0   74.7  444.0
2018 122  5  2 1500  -28.2  444.0    1.3  281.0   74.0  444.0
2018 122  5  2 1600  -29.3  444.0    1.4  268.0   74.0  444.0
2018 122  5  2 1700  -29.8  444.0    2.0  242.0   73.0  444.0
2018 122  5  2 1800  -29.8  444.0    1.1  229.0   73.0  444.0
2018 122  5  2 1900  -29.8  444.0    1.6  216.0   73.4  444.0
2018 122  5  2 2000  -29.7  444.0    1.5  230.0   73.0  444.0
2018 122  5  2 2100  -30.1  444.0    2.2  255.0   73.0  444.0
2018 122  5  2 2200  -31.2  444.0    2.5  242.0   72.0  444.0
2018 122  5  2 2300  -32.2  444.0    2.7  281.0   72.0  444.0
2018 123  5  3 0000  -34.8  444.0    2.5  261.0   70.1  444.0
2018 123  5  3 0100  -37.0  444.0    2.7  276.0   69.0  444.0
2018 123  5  3 0200  -38.1  444.0    1.9  296.0   68.7  444.0
2018 123  5  3 0300  -39.5  444.0    1.5  295.0   67.0  444.0
2018 123  5  3 0400  -40.7  444.0    1.6  271.0   67.0  444.0
2018 123  5  3 0500  -41.6  444.0    1.3  276.0   66.6  444.0
2018 123  5  3 0600  -42.8  444.0    2.0  212.0   66.1  444.0
2018 123  5  3 0700  -44.5  444.0    2.4  184.0   65.2  444.0
2018 123  5  3 0800  -45.5  444.0    2.2  179.0   65.0  444.0
2018 123  5  3 0900  -46.2  444.0    2.6  179.0   64.0  444.0
2018 123  5  3 1000  -46.6  444.0    2.4  180.0   64.0  444.0
2018 123  5  3 1100  -47.0  444.0    2.9  180.0   64.0  444.0
2018 123  5  3 1200  -47.1  444.0    2.6  186.0   63.7  444.0
2018 123  5  3 1300  -46.9  444.0    2.0  188.0   64.0  444.0
2018 123  5  3 1400  -46.5  444.0    2.3  199.0   64.0  444.0
2018 123  5  3 1500  -47.0  444.0    1.4  208.0   64.0  444.0
2018 123  5  3 1600  -46.9  444.0    1.3  217.0   64.0  444.0
2018 123  5  3 1700  -47.1  444.0    1.8  223.0   63.6  444.0
2018 123  5  3 1800  -46.4  444.0    1.7  190.0   64.0  444.0
2018 123  5  3 1900  -47.3  444.0    2.2  163.0   63.0  444.0
2018 123  5  3 2000  -48.3  444.0    3.8  173.0   63.0  444.0
2018 123  5  3 2100  -48.7  444.0    4.4  181.0   63.0  444.0
2018 123  5  3 2200  -47.7  444.0    5.0  180.0   63.0  444.0
2018 123  5  3 2300  -47.1  444.0    4.1  182.0   63.0  444.0
2018 124  5  4 0000  -47.0  444.0    4.1  180.0   64.0  444.0
2018 124  5  4 0100  -45.8  444.0    4.3  178.0   64.0  444.0
2018 124  5  4 0200  -43.5  444.0    4.2  174.0   65.0  444.0
2018 124  5  4 0300  -41.9  444.0    4.2  185.0   66.0  444.0
2018 124  5  4 0400  -40.8  444.0    4.0  184.0   66.0  444.0
2018 124  5  4 0500  -39.0  444.0    3.7  172.0   67.0  444.0
2018 124  5  4 0600  -36.6  444.0    3.7  190.0   68.6  444.0
2018 124  5  4 0700  -34.1  444.0    4.5  179.0   70.0  444.0
2018 124  5  4 0800  -32.1  444.0    5.0  171.0   71.0  444.0
2018 124  5  4 0900  -31.8  444.0    4.8  168.0   71.0  444.0
2018 124  5  4 1000  -33.0  444.0    5.0  176.0   71.0  444.0
2018 124  5  4 1100  -35.1  444.0    5.1  178.0   69.3  444.0
2018 124  5  4 1200  -36.8  444.0    4.9  185.0   69.0  444.0
2018 124  5  4 1300  -37.2  444.0    4.9  180.0   68.0  444.0
2018 124  5  4 1400  -37.4  444.0    4.8  174.0   68.0  444.0
2018 124  5  4 1500  -37.8  444.0    4.3  188.0   68.0  444.0
2018 124  5  4 1600  -39.7  444.0    4.3  192.0   67.1  444.0
2018 124  5  4 1700  -40.6  444.0    4.2  190.0   67.0  444.0
2018 124  5  4 1800  -41.2  444.0    3.7  191.0   66.0  444.0
2018 124  5  4 1900  -41.2  444.0    3.5  205.0   66.0  444.0
2018 124  5  4 2000  -41.4  444.0    3.4  209.0   66.0  444.0
2018 124  5  4 2100  -43.1  444.0    2.7  198.0   65.5  444.0
2018 124  5  4 2200  -42.9  444.0    1.6  204.0   66.0  444.0
2018 124  5  4 2300  -44.0  444.0    2.7  227.0   65.0  444.0
2018 125  5  5 0000  -43.3  444.0    0.9  226.0   65.0  444.0
2018 125  5  5 0100  -43.6  444.0    1.8  267.0   65.0  444.0
2018 125  5  5 0200  -45.0  444.0    2.1  250.0   65.0  444.0
2018 125  5  5 0300  -43.8  444.0    1.5  275.0   65.1  444.0
2018 125  5  5 0400  -45.4  444.0    1.2  298.0   64.3  444.0
2018 125  5  5 0500  -45.3  444.0    1.4  303.0   64.0  444.0
2018 125  5  5 0600  -45.6  444.0    1.9  320.0   64.0  444.0
2018 125  5  5 0700  -44.6  444.0    2.9  297.0   65.0  444.0
2018 125  5  5 0800  -42.9  444.0    1.9  308.0   65.3  444.0
2018 125  5  5 0900  -44.1  444.0    1.9  286.0   64.8  444.0
2018 125  5  5 1000  -44.7  444.0    2.2  256.0   64.0  444.0
2018 125  5  5 1100  -45.9  444.0    3.0  232.0   64.0  444.0
2018 125  5  5 1200  -46.4  444.0    2.5  234.0   64.0  444.0
2018 125  5  5 1300  -46.5  444.0    2.4  224.0   64.0  444.0
2018 125  5  5 1400  -46.7  444.0    2.6  216.0   63.6  444.0
2018 125  5  5 1500  -46.8  444.0    2.8  221.0   63.0  444.0
2018 125  5  5 1600  -46.9  444.0    2.7  215.0   63.0  444.0
2018 125  5  5 1700  -47.5  444.0    2.3  222.0   63.0  444.0
2018 125  5  5 1800  -47.4  444.0    2.5  208.0   63.0  444.0
2018 125  5  5 1900  -47.3  444.0    2.1  205.0   63.0  444.0
2018 125  5  5 2000  -46.3  444.0    2.4  226.0   64.0  444.0
2018 125  5  5 2100  -47.0  444.0    1.0  243.0   63.2  444.0
2018 125  5  5 2200  -47.7  444.0    2.6  196.0   63.0  444.0
2018 125  5  5 2300  -47.9  444.0    2.4  226.0   63.0  444.0
2018 126  5  6 0000  -48.3  444.0    1.3  233.0   62.0  444.0
2018 126  5  6 0100  -48.7  444.0    0.9  225.0   62.1  444.0
2018 126  5  6 0200  -46.8  444.0    2.0  244.0   63.2  444.0
2018 126  5  6 0300  -48.1  444.0    1.4  281.0   62.0  444.0
2018 126  5  6 0400  -48.1  444.0    1.7  280.0   62.0  444.0
2018 126  5  6 0500  -46.4  444.0    2.0  254.0   63.0  444.0
2018 126  5  6 0600  -45.0  444.0    1.7  281.0   64.0  444.0
2018 126  5  6 0700  -45.9  444.0    1.7  264.0   63.0  444.0
2018 126  5  6 0800  -44.7  444.0    1.8  282.0   64.0  444.0
2018 126  5  6 0900  -46.9  444.0    2.0  178.0   63.0  444.0
2018 126  5  6 1000  -47.0  444.0    0.0    0.0   63.0  444.0
2018 126  5  6 1100  -40.5  444.0    2.9  164.0   66.0  444.0
2018 126  5  6 1200  -45.7  444.0    0.3  150.0   64.0  444.0
2018 126  5  6 1300  -46.5  444.0    1.8  223.0   63.0  444.0
2018 126  5  6 1400  -47.1  444.0    0.6  146.0   63.0  444.0
2018 126  5  6 1500  -48.1  444.0    1.1  155.0   62.0  444.0
2018 126  5  6 1600  -49.3  444.0    1.8  182.0   62.0  444.0
2018 126  5  6 1700  -50.9  444.0    1.5  164.0   61.0  444.0
2018 126  5  6 1800  -51.2  444.0    1.4  176.0   61.0  444.0
2018 126  5  6 1900  -51.7  444.0    1.0  161.0   61.0  444.0
2018 126  5  6 2000  -52.1  444.0    2.0  190.0   61.0  444.0
2018 126  5  6 2100  -51.8  444.0    2.9  176.0   60.7  444.0
2018 126  5  6 2200  -51.7  444.0    3.0  177.0   61.0  444.0
2018 126  5  6 2300  -51.8  444.0    2.5  180.0   61.0  444.0
2018 127  5  7 0000  -52.0  444.0    1.9  192.0   60.0  444.0
2018 127  5  7 0100  -52.3  444.0    2.8  183.0   60.0  444.0
2018 127  5  7 0200  -52.2  444.0    2.5  175.0   60.3  444.0
2018 127  5  7 0300  -51.8  444.0    2.7  188.0   60.5  444.0
2018 127  5  7 0400  -52.6  444.0    2.3  204.0   60.0  444.0
2018 127  5  7 0500  -52.9  444.0    2.6  203.0   60.0  444.0
2018 127  5  7 0600  -52.2  444.0    2.0  210.0   60.0  444.0
2018 127  5  7 0700  -52.3  444.0    2.1  210.0   60.0  444.0
2018 127  5  7 0800  -51.6  444.0    1.0  207.0   60.0  444.0
2018 127  5  7 0900  -52.0  444.0    0.5  211.0   60.0  444.0
2018 127  5  7 1000  -51.2  444.0    0.5  174.0   61.0  444.0
2018 127  5  7 1100  -51.8  444.0    0.0    0.0   60.0  444.0
2018 127  5  7 1200  -51.5  444.0    1.1  282.0   61.0  444.0
2018 127  5  7 1300  -53.1  444.0    1.3  228.0   60.0  444.0
2018 127  5  7 1400  -48.1  444.0    0.9  260.0   62.0  444.0
2018 127  5  7 1500  -49.9  444.0    0.7  307.0   61.0  444.0
2018 127  5  7 1600  -51.3  444.0    0.1   43.0   61.0  444.0
2018 127  5  7 1700  -52.1  444.0    1.3   28.0   60.0  444.0
2018 127  5  7 1800  -51.5  444.0    0.0    0.0   61.0  444.0
2018 127  5  7 1900  -50.6  444.0    1.3  156.0   60.8  444.0
2018 127  5  7 2000  -48.2  444.0    1.3  110.0   62.0  444.0
2018 127  5  7 2100  -49.2  444.0    0.0    0.0   61.0  444.0
2018 127  5  7 2200  -51.3  444.0    2.0  134.0   61.0  444.0
2018 127  5  7 2300  -51.9  444.0    1.8  183.0   60.0  444.0
2018 128  5  8 0000  -53.7  444.0    1.6  174.0   59.6  444.0
2018 128  5  8 0100  -53.7  444.0    2.8  184.0   59.5  444.0
2018 128  5  8 0200  -54.0  444.0    1.9  203.0   59.0  444.0
2018 128  5  8 0300  -54.0  444.0    2.7  206.0   59.0  444.0
2018 128  5  8 0400  -53.1  444.0    2.6  222.0   60.0  444.0
2018 128  5  8 0500  -52.8  444.0    2.6  227.0   59.8  444.0
2018 128  5  8 0600  -52.8  444.0    2.7  231.0   59.7  444.0
2018 128  5  8 0700  -52.3  444.0    3.4  223.0   59.9  444.0
2018 128  5  8 0800  -51.6  444.0    2.8  228.0   60.0  444.0
2018 128  5  8 0900  -52.0  444.0    2.6  234.0   60.0  444.0
2018 128  5  8 1000  -51.3  444.0    2.7  250.0   60.0  444.0
2018 128  5  8 1100  -51.5  444.0    2.7  254.0   60.2  444.0
2018 128  5  8 1200  -51.2  444.0    2.9  272.0   60.3  444.0
2018 128  5  8 1300  -50.6  444.0    2.8  266.0   61.0  444.0
2018 128  5  8 1400  -51.2  444.0    1.7  265.0   60.0  444.0
2018 128  5  8 1500  -51.7  444.0    2.0  259.0   60.0  444.0
2018 128  5  8 1600  -52.0  444.0    1.6  257.0   60.0  444.0
2018 128  5  8 1700  -52.0  444.0    2.2  239.0   59.8  444.0
2018 128  5  8 1800  -52.1  444.0    0.9  238.0   60.0  444.0
2018 128  5  8 1900  -52.3  444.0    1.3  253.0   60.0  444.0
2018 128  5  8 2000  -51.9  444.0    1.3  243.0   60.0  444.0
2018 128  5  8 2100  -52.0  444.0    1.0  249.0   59.9  444.0
2018 128  5  8 2200  -52.2  444.0    1.8  238.0   59.7  444.0
2018 128  5  8 2300  -52.3  444.0    1.0  259.0   60.0  444.0
2018 129  5  9 0000  -52.1  444.0    0.8  305.0   59.7  444.0
2018 129  5  9 0100  -51.2  444.0    0.7  140.0   60.0  444.0
2018 129  5  9 0200  -49.7  444.0    1.4  238.0   61.0  444.0
2018 129  5  9 0300  -50.2  444.0    2.0  222.0   60.6  444.0
2018 129  5  9 0400  -49.2  444.0    2.0  218.0   61.0  444.0
2018 129  5  9 0500  -48.5  444.0    2.2  204.0   61.4  444.0
2018 129  5  9 0600  -49.0  444.0    2.7  182.0   61.2  444.0
2018 129  5  9 0700  -49.9  444.0    3.7  177.0   61.0  444.0
2018 129  5  9 0800  -51.4  444.0    2.2  164.0   60.0  444.0
2018 129  5  9 0900  -52.2  444.0    3.4  161.0   60.0  444.0
2018 129  5  9 1000  -52.6  444.0    3.1  186.0   59.7  444.0
2018 129  5  9 1100  -53.1  444.0    3.0  175.0   59.6  444.0
2018 129  5  9 1200  -53.8  444.0    2.5  186.0   59.0  444.0
2018 129  5  9 1300  -54.3  444.0    3.3  185.0   59.0  444.0
2018 129  5  9 1400  -54.8  444.0    2.9  182.0   59.0  444.0
2018 129  5  9 1500  -55.1  444.0    2.9  187.0   58.4  444.0
2018 129  5  9 1600  -55.3  444.0    3.4  183.0   58.0  444.0
2018 129  5  9 1700  -55.3  444.0    3.9  182.0   58.0  444.0
2018 129  5  9 1800  -55.4  444.0    3.9  184.0   58.0  444.0
2018 129  5  9 1900  -55.4  444.0    3.9  185.0   58.0  444.0
2018 129  5  9 2000  -55.3  444.0    3.6  181.0   58.4  444.0
2018 129  5  9 2100  -55.3  444.0    2.1  205.0   58.0  444.0
2018 129  5  9 2200  -55.4  444.0    2.2  196.0   58.0  444.0
2018 129  5  9 2300  -55.5  444.0    2.1  196.0   58.0  444.0
2018 130  5 10 0000  -55.8  444.0    1.6  218.0   58.0  444.0
2018 130  5 10 0100  -55.8  444.0    2.7  210.0   58.0  444.0
2018 130  5 10 0200  -55.8  444.0    2.3  209.0   58.0  444.0
2018 130  5 10 0300  -55.6  444.0    2.6  217.0   58.2  444.0
2018 130  5 10 0400  -55.5  444.0    2.8  220.0   58.2  444.0
2018 130  5 10 0500  -54.8  444.0    3.1  226.0   58.0  444.0
2018 130  5 10 0600  -53.8  444.0    3.5  215.0   59.0  444.0
2018 130  5 10 0700  -53.9  444.0    3.0  230.0   59.0  444.0
2018 130  5 10 0800  -53.2  444.0    3.2  227.0   59.1  444.0
2018 130  5 10 0900  -52.5  444.0    3.5  227.0   59.5  444.0
2018 130  5 10 1000  -52.4  444.0    2.9  226.0   60.0  444.0
2018 130  5 10 1100  -51.2  444.0    3.4  222.0   60.0  444.0
2018 130  5 10 1200  -50.9  444.0    2.8  220.0   60.0  444.0
2018 130  5 10 1300  -51.0  444.0    3.4  215.0   60.0  444.0
2018 130  5 10 1400  -50.6  444.0    3.3  210.0   60.2  444.0
2018 130  5 10 1500  -50.1  444.0    1.9  224.0   60.0  444.0
2018 130  5 10 1600  -50.5  444.0    2.6  233.0   60.0  444.0
2018 130  5 10 1700  -50.7  444.0    2.2  246.0   60.0  444.0
2018 130  5 10 1800  -50.1  444.0    3.0  260.0   60.0  444.0
2018 130  5 10 1900  -48.8  444.0    3.4  262.0   60.9  444.0
2018 130  5 10 2000  -48.4  444.0    3.5  270.0   61.0  444.0
2018 130  5 10 2100  -45.9  444.0    3.6  265.0   63.0  444.0
2018 130  5 10 2200  -42.9  444.0    3.9  262.0   64.0  444.0
2018 130  5 10 2300  -40.4  444.0    3.5  278.0   65.0  444.0
2018 131  5 11 0000  -37.9  444.0    3.1  280.0   66.7  444.0
2018 131  5 11 0100  -36.0  444.0    2.8  298.0   67.0  444.0
2018 131  5 11 0200  -35.8  444.0    1.7  327.0   67.6  444.0
2018 131  5 11 0300  -36.0  444.0    1.7  322.0   68.0  444.0
2018 131  5 11 0400  -38.8  444.0    1.1  343.0   66.0  444.0
2018 131  5 11 0500  -42.9  444.0    1.1   41.0   64.0  444.0
2018 131  5 11 0600  -43.9  444.0    1.5   89.0   64.0  444.0
2018 131  5 11 0700  -46.3  444.0    1.0  104.0   62.7  444.0
2018 131  5 11 0800  -45.8  444.0    2.7  131.0   63.0  444.0
2018 131  5 11 0900  -45.2  444.0    3.5  142.0   64.0  444.0
2018 131  5 11 1000  -45.7  444.0    3.1  156.0   63.0  444.0
2018 131  5 11 1100  -45.8  444.0    4.0  169.0   63.0  444.0
2018 131  5 11 1200  -46.0  444.0    3.1  177.0   63.1  444.0
2018 131  5 11 1300  -47.3  444.0    3.0  216.0   62.0  444.0
2018 131  5 11 1400  -47.3  444.0    3.0  232.0   62.0  444.0
2018 131  5 11 1500  -46.9  444.0    3.0  246.0   63.0  444.0
2018 131  5 11 1600  -45.1  444.0    4.1  243.0   63.0  444.0
2018 131  5 11 1700  -44.2  444.0    3.6  247.0   63.8  444.0
2018 131  5 11 1800  -43.7  444.0    3.2  250.0   64.0  444.0
2018 131  5 11 1900  -43.0  444.0    2.8  262.0   64.0  444.0
2018 131  5 11 2000  -42.2  444.0    2.8  274.0   65.0  444.0
2018 131  5 11 2100  -40.2  444.0    2.9  261.0   66.0  444.0
2018 131  5 11 2200  -38.6  444.0    2.9  267.0   66.5  444.0
2018 131  5 11 2300  -37.1  444.0    2.0  278.0   67.0  444.0
2018 132  5 12 0000  -35.0  444.0    2.0  285.0   68.0  444.0
2018 132  5 12 0100  -33.8  444.0    1.2  276.0   69.1  444.0
2018 132  5 12 0200  -32.8  444.0    1.2  308.0   69.9  444.0
2018 132  5 12 0300  -32.3  444.0    1.5  311.0   70.0  444.0
2018 132  5 12 0400  -31.3  444.0    0.8  311.0   71.0  444.0
2018 132  5 12 0500  -30.7  444.0    0.8  301.0   71.4  444.0
2018 132  5 12 0600  -30.3  444.0    0.8  321.0   72.0  444.0
2018 132  5 12 0700  -29.7  444.0  444.0  444.0   72.0  444.0
2018 132  5 12 0800  -30.2  444.0  444.0  444.0   72.0  444.0
2018 132  5 12 0900  -30.0  444.0  444.0  444.0   72.0  444.0
2018 132  5 12 1000  -30.6  444.0  444.0  444.0   71.7  444.0
2018 132  5 12 1100  -30.3  444.0  444.0  444.0   72.0  444.0
2018 132  5 12 1200  -30.7  444.0  444.0  444.0   72.0  444.0
2018 132  5 12 1300  -30.6  444.0  444.0  444.0   72.0  444.0
2018 132  5 12 1400  -32.1  444.0  444.0  444.0   71.0  444.0
2018 132  5 12 1500  -32.9  444.0  444.0  444.0   70.5  444.0
2018 132  5 12 1600  -33.7  444.0  444.0  444.0   70.0  444.0
2018 132  5 12 1700  -33.8  444.0  444.0  444.0   70.0  444.0
2018 132  5 12 1800  -32.9  444.0  444.0  444.0   70.6  444.0
2018 132  5 12 1900  -32.1  444.0  444.0  444.0   71.0  444.0
2018 132  5 12 2000  -32.6  444.0  444.0  444.0   71.0  444.0
2018 132  5 12 2100  -31.3  444.0  444.0  444.0   71.0  444.0
2018 132  5 12 2200  -30.1  444.0  444.0  444.0   72.0  444.0
2018 132  5 12 2300  -30.0  444.0  444.0  444.0   72.3  444.0
2018 133  5 13 0000  -30.3  444.0  444.0  444.0   72.3  444.0
2018 133  5 13 0100  -30.2  444.0  444.0  444.0   72.0  444.0
2018 133  5 13 0200  -31.3  444.0  444.0  444.0   71.0  444.0
2018 133  5 13 0300  -33.7  444.0  444.0  444.0   70.0  444.0
2018 133  5 13 0400  -32.7  444.0  444.0  444.0   71.3  444.0
2018 133  5 13 0500  -33.0  444.0  444.0  444.0   70.6  444.0
2018 133  5 13 0600  -35.1  444.0  444.0  444.0   69.5  444.0
2018 133  5 13 0700  -33.5  444.0  444.0  444.0   71.0  444.0
2018 133  5 13 0800  -31.0  444.0  444.0  444.0   72.0  444.0
2018 133  5 13 0900  -31.4  444.0  444.0  444.0   71.0  444.0
2018 133  5 13 1000  -31.6  444.0  444.0  444.0   72.0  444.0
2018 133  5 13 1100  -30.9  444.0  444.0  444.0   72.1  444.0
2018 133  5 13 1200  -31.8  444.0  444.0  444.0   71.0  444.0
2018 133  5 13 1300  -31.4  444.0  444.0  444.0   72.0  444.0
2018 133  5 13 1400  -31.8  444.0  444.0  444.0   72.0  444.0
2018 133  5 13 1500  -31.6  444.0  444.0  444.0   72.0  444.0
2018 133  5 13 1600  -31.9  444.0  444.0  444.0   71.5  444.0
2018 133  5 13 1700  -31.0  444.0  444.0  444.0   72.0  444.0
2018 133  5 13 1800  -30.2  444.0  444.0  444.0   73.0  444.0
2018 133  5 13 1900  -29.5  444.0  444.0  444.0   73.0  444.0
2018 133  5 13 2000  -28.8  444.0  444.0  444.0   74.0  444.0
2018 133  5 13 2100  -28.7  444.0  444.0  444.0   73.7  444.0
2018 133  5 13 2200  -28.6  444.0  444.0  444.0   74.0  444.0
2018 133  5 13 2300  -28.5  444.0  444.0  444.0   74.0  444.0
2018 134  5 14 0000  -28.2  444.0  444.0  444.0   74.0  444.0
2018 134  5 14 0100  -28.5  444.0  444.0  444.0   74.0  444.0
2018 134  5 14 0200  -28.9  444.0  444.0  444.0   73.6  444.0
2018 134  5 14 0300  -29.6  444.0  444.0  444.0   73.0  444.0
2018 134  5 14 0400  -30.5  444.0  444.0  444.0   72.3  444.0
2018 134  5 14 0500  -32.0  444.0  444.0  444.0   71.0  444.0
2018 134  5 14 0600  -32.2  444.0  444.0  444.0   71.0  444.0
2018 134  5 14 0700  -33.8  444.0  444.0  444.0   70.0  444.0
2018 134  5 14 0800  -36.6  444.0  444.0  444.0   69.0  444.0
2018 134  5 14 0900  -39.1  444.0  444.0  444.0   67.4  444.0
2018 134  5 14 1000  -38.9  444.0  444.0  444.0   68.0  444.0
2018 134  5 14 1100  -39.2  444.0  444.0  444.0   67.4  444.0
2018 134  5 14 1200  -39.3  444.0  444.0  444.0   67.0  444.0
2018 134  5 14 1300  -40.1  444.0  444.0  444.0   67.0  444.0
2018 134  5 14 1400  -39.6  444.0  444.0  444.0   67.4  444.0
2018 134  5 14 1500  -38.8  444.0  444.0  444.0   68.0  444.0
2018 134  5 14 1600  -37.9  444.0  444.0  444.0   68.0  444.0
2018 134  5 14 1700  -38.2  444.0  444.0  444.0   68.0  444.0
2018 134  5 14 1800  -38.5  444.0  444.0  444.0   68.0  444.0
2018 134  5 14 1900  -39.0  444.0  444.0  444.0   67.3  444.0
2018 134  5 14 2000  -39.3  444.0  444.0  444.0   67.0  444.0
2018 134  5 14 2100  -39.2  444.0  444.0  444.0   67.2  444.0
2018 134  5 14 2200  -39.5  444.0  444.0  444.0   67.0  444.0
2018 134  5 14 2300  -38.9  444.0  444.0  444.0   67.0  444.0
2018 135  5 15 0000  -39.1  444.0  444.0  444.0   67.0  444.0
2018 135  5 15 0100  -38.5  444.0  444.0  444.0   67.0  444.0
2018 135  5 15 0200  -39.0  444.0  444.0  444.0   67.1  444.0
2018 135  5 15 0300  -37.8  444.0  444.0  444.0   67.9  444.0
2018 135  5 15 0400  -36.4  444.0  444.0  444.0   68.6  444.0
2018 135  5 15 0500  -36.5  444.0  444.0  444.0   68.0  444.0
2018 135  5 15 0600  -35.7  444.0  444.0  444.0   69.0  444.0
2018 135  5 15 0700  -36.0  444.0  444.0  444.0   68.9  444.0
2018 135  5 15 0800  -34.5  444.0  444.0  444.0   70.0  444.0
2018 135  5 15 0900  -33.1  444.0  444.0  444.0   71.0  444.0
2018 135  5 15 1000  -29.8  444.0  444.0  444.0   73.0  444.0
2018 135  5 15 1100  -28.5  444.0  444.0  444.0   74.0  444.0
2018 135  5 15 1200  -27.6  444.0  444.0  444.0   74.0  444.0
2018 135  5 15 1300  -26.9  444.0  444.0  444.0   75.0  444.0
2018 135  5 15 1400  -26.0  444.0  444.0  444.0   75.7  444.0
2018 135  5 15 1500  -24.6  444.0  444.0  444.0   77.0  444.0
2018 135  5 15 1600  -22.6  444.0  444.0  444.0   79.0  444.0
2018 135  5 15 1700  -21.7  444.0  444.0  444.0   79.0  444.0
2018 135  5 15 1800  -20.6  444.0  444.0  444.0   80.0  444.0
2018 135  5 15 1900  -19.4  444.0  444.0  444.0   81.3  444.0
2018 135  5 15 2000  -18.6  444.0  444.0  444.0   82.0  444.0
2018 135  5 15 2100  -18.7  444.0  444.0  444.0   82.0  444.0
2018 135  5 15 2200  -18.5  444.0  444.0  444.0   82.0  444.0
2018 135  5 15 2300  -18.8  444.0  444.0  444.0   82.0  444.0
2018 136  5 16 0000  -19.1  444.0  444.0  444.0   81.9  444.0
2018 136  5 16 0100  -19.1  444.0  444.0  444.0   82.0  444.0
2018 136  5 16 0200  -19.8  444.0  444.0  444.0   81.0  444.0
2018 136  5 16 0300  -20.2  444.0  444.0  444.0   81.0  444.0
2018 136  5 16 0400  -20.5  444.0  444.0  444.0   81.0  444.0
2018 136  5 16 0500  -20.6  444.0  444.0  444.0   81.0  444.0
2018 136  5 16 0600  -21.6  444.0  444.0  444.0   79.8  444.0
2018 136  5 16 0700  -23.8  444.0  444.0  444.0   78.0  444.0
2018 136  5 16 0800  -24.2  444.0  444.0  444.0   78.0  444.0
2018 136  5 16 0900  -24.7  444.0  444.0  444.0   77.0  444.0
2018 136  5 16 1000  -25.5  444.0  444.0  444.0   77.0  444.0
2018 136  5 16 1100  -27.9  444.0  444.0  444.0   74.2  444.0
2018 136  5 16 1200  -31.1  444.0  444.0  444.0   72.9  444.0
2018 136  5 16 1300  -31.4  444.0  444.0  444.0   73.0  444.0
2018 136  5 16 1400  -29.3  444.0  444.0  444.0   74.0  444.0
2018 136  5 16 1500  -27.9  444.0  444.0  444.0   75.0  444.0
2018 136  5 16 1600  -25.7  444.0  444.0  444.0   76.5  444.0
2018 136  5 16 1700  -24.0  444.0  444.0  444.0   77.5  444.0
2018 136  5 16 1800  -22.9  444.0  444.0  444.0   78.0  444.0
2018 136  5 16 1900  -22.7  444.0  444.0  444.0   79.0  444.0
2018 136  5 16 2000  -21.2  444.0  444.0  444.0   80.0  444.0
2018 136  5 16 2100  -20.8  444.0  444.0  444.0   81.0  444.0
2018 136  5 16 2200  -21.3  444.0  444.0  444.0   80.1  444.0
2018 136  5 16 2300  -21.7  444.0  444.0  444.0   80.0  444.0
2018 137  5 17 0000  -22.6  444.0  444.0  444.0   79.0  444.0
2018 137  5 17 0100  -22.4  444.0  444.0  444.0   79.2  444.0
2018 137  5 17 0200  -22.6  444.0  444.0  444.0   79.0  444.0
2018 137  5 17 0300  -23.0  444.0  444.0  444.0   79.0  444.0
2018 137  5 17 0400  -24.0  444.0  444.0  444.0   77.9  444.0
2018 137  5 17 0500  -24.0  444.0  444.0  444.0   78.0  444.0
2018 137  5 17 0600  -23.7  444.0  444.0  444.0   78.0  444.0
2018 137  5 17 0700  -23.6  444.0  444.0  444.0   78.0  444.0
2018 137  5 17 0800  -24.0  444.0  444.0  444.0   78.0  444.0
2018 137  5 17 0900  -23.6  444.0  444.0  444.0   78.0  444.0
2018 137  5 17 1000  -24.4  444.0  444.0  444.0   77.0  444.0
2018 137  5 17 1100  -25.2  444.0  444.0  444.0   77.0  444.0
2018 137  5 17 1200  -25.6  444.0  444.0  444.0   77.0  444.0
2018 137  5 17 1300  -25.1  444.0  444.0  444.0   77.1  444.0
2018 137  5 17 1400  -28.7  444.0  444.0  444.0   74.0  444.0
2018 137  5 17 1500  -30.2  444.0  444.0  444.0   73.0  444.0
2018 137  5 17 1600  -30.3  444.0  444.0  444.0   73.0  444.0
2018 137  5 17 1700  -30.4  444.0  444.0  444.0   73.0  444.0
2018 137  5 17 1800  -30.8  444.0  444.0  444.0   73.0  444.0
2018 137  5 17 1900  -32.0  444.0  444.0  444.0   72.0  444.0
2018 137  5 17 2000  -32.5  444.0  444.0  444.0   72.0  444.0
2018 137  5 17 2100  -34.8  444.0  444.0  444.0   71.0  444.0
2018 137  5 17 2200  -36.1  444.0  444.0  444.0   70.0  444.0
2018 137  5 17 2300  -37.3  444.0  444.0  444.0   69.1  444.0
2018 138  5 18 0000  -38.1  444.0  444.0  444.0   69.0  444.0
2018 138  5 18 0100  -38.2  444.0  444.0  444.0   69.0  444.0
2018 138  5 18 0200  -39.3  444.0  444.0  444.0   68.0  444.0
2018 138  5 18 0300  -39.2  444.0  444.0  444.0   68.1  444.0
2018 138  5 18 0400  -38.9  444.0  444.0  444.0   68.1  444.0
2018 138  5 18 0500  -39.6  444.0  444.0  444.0   68.0  444.0
2018 138  5 18 0600  -38.2  444.0  444.0  444.0   68.0  444.0
2018 138  5 18 0700  -39.3  444.0  444.0  444.0   68.0  444.0
2018 138  5 18 0800  -37.6  444.0  444.0  444.0   69.0  444.0
2018 138  5 18 0900  -37.7  444.0  444.0  444.0   68.0  444.0
2018 138  5 18 1000  -37.2  444.0  444.0  444.0   68.0  444.0
2018 138  5 18 1100  -37.8  444.0  444.0  444.0   68.0  444.0
2018 138  5 18 1200  -38.4  444.0  444.0  444.0   68.0  444.0
2018 138  5 18 1300  -38.6  444.0  444.0  444.0   68.0  444.0
2018 138  5 18 1400  -39.0  444.0  444.0  444.0   68.0  444.0
2018 138  5 18 1500  -39.2  444.0  444.0  444.0   68.0  444.0
2018 138  5 18 1600  -37.7  444.0  444.0  444.0   68.3  444.0
2018 138  5 18 1700  -38.3  444.0  444.0  444.0   68.0  444.0
2018 138  5 18 1800  -38.2  444.0  444.0  444.0   68.0  444.0
2018 138  5 18 1900  -38.9  444.0  444.0  444.0   67.0  444.0
2018 138  5 18 2000  -39.6  444.0  444.0  444.0   67.0  444.0
2018 138  5 18 2100  -39.6  444.0  444.0  444.0   67.5  444.0
2018 138  5 18 2200  -38.7  444.0  444.0  444.0   67.7  444.0
2018 138  5 18 2300  -39.2  444.0  444.0  444.0   67.0  444.0
2018 139  5 19 0000  -39.4  444.0  444.0  444.0   67.0  444.0
2018 139  5 19 0100  -40.8  444.0  444.0  444.0   66.0  444.0
2018 139  5 19 0200  -41.8  444.0  444.0  444.0   66.0  444.0
2018 139  5 19 0300  -42.5  444.0  444.0  444.0   65.6  444.0
2018 139  5 19 0400  -42.8  444.0  444.0  444.0   65.5  444.0
2018 139  5 19 0500  -43.5  444.0  444.0  444.0   65.0  444.0
2018 139  5 19 0600  -43.6  444.0  444.0  444.0   65.0  444.0
2018 139  5 19 0700  -44.1  444.0  444.0  444.0   65.0  444.0
2018 139  5 19 0800  -43.8  444.0  444.0  444.0   65.0  444.0
2018 139  5 19 0900  -44.4  444.0  444.0  444.0   65.0  444.0
2018 139  5 19 1000  -44.6  444.0  444.0  444.0   65.0  444.0
2018 139  5 19 1100  -45.0  444.0  444.0  444.0   64.0  444.0
2018 139  5 19 1200  -44.7  444.0  444.0  444.0   65.0  444.0
2018 139  5 19 1300  -43.6  444.0  444.0  444.0   65.0  444.0
2018 139  5 19 1400  -41.5  444.0  444.0  444.0   66.0  444.0
2018 139  5 19 1500  -39.6  444.0  444.0  444.0   67.0  444.0
2018 139  5 19 1600  -38.4  444.0  444.0  444.0   68.0  444.0
2018 139  5 19 1700  -37.7  444.0  444.0  444.0   68.0  444.0
2018 139  5 19 1800  -37.5  444.0  444.0  444.0   68.0  444.0
2018 139  5 19 1900  -37.2  444.0  444.0  444.0   68.0  444.0
2018 139  5 19 2000  -36.7  444.0  444.0  444.0   68.5  444.0
2018 139  5 19 2100  -35.6  444.0  444.0  444.0   69.1  444.0
2018 139  5 19 2200  -34.8  444.0  444.0  444.0   70.0  444.0
2018 139  5 19 2300  -34.4  444.0  444.0  444.0   70.0  444.0
2018 140  5 20 0000  -33.8  444.0  444.0  444.0   71.0  444.0
2018 140  5 20 0100  -33.1  444.0  444.0  444.0   70.8  444.0
2018 140  5 20 0200  -32.9  444.0  444.0  444.0   70.9  444.0
2018 140  5 20 0300  -32.8  444.0  444.0  444.0   71.0  444.0
2018 140  5 20 0400  -32.7  444.0  444.0  444.0   71.0  444.0
2018 140  5 20 0500  -32.8  444.0  444.0  444.0   71.0  444.0
2018 140  5 20 0600  -33.1  444.0  444.0  444.0   70.7  444.0
2018 140  5 20 0700  -34.4  444.0  444.0  444.0   70.0  444.0
2018 140  5 20 0800  -34.5  444.0  444.0  444.0   70.0  444.0
2018 140  5 20 0900  -36.5  444.0  444.0  444.0   69.0  444.0
2018 140  5 20 1000  -39.0  444.0  444.0  444.0   67.0  444.0
2018 140  5 20 1100  -39.8  444.0  444.0  444.0   67.0  444.0
2018 140  5 20 1200  -39.5  444.0  444.0  444.0   67.5  444.0
2018 140  5 20 1300  -39.3  444.0  444.0  444.0   67.4  444.0
2018 140  5 20 1400  -38.2  444.0  444.0  444.0   68.0  444.0
2018 140  5 20 1500  -37.0  444.0  444.0  444.0   68.0  444.0
2018 140  5 20 1600  -36.2  444.0  444.0  444.0   69.0  444.0
2018 140  5 20 1700  -36.2  444.0  444.0  444.0   68.7  444.0
2018 140  5 20 1800  -35.0  444.0  444.0  444.0   70.0  444.0
2018 140  5 20 1900  -31.3  444.0  444.0  444.0   72.0  444.0
2018 140  5 20 2000  -31.9  444.0  444.0  444.0   71.0  444.0
2018 140  5 20 2100  -32.2  444.0  444.0  444.0   71.0  444.0
2018 140  5 20 2200  -31.6  444.0  444.0  444.0   71.4  444.0
2018 140  5 20 2300  -31.8  444.0  444.0  444.0   71.1  444.0
2018 141  5 21 0000  -35.6  444.0  444.0  444.0   68.8  444.0
2018 141  5 21 0100  -39.0  444.0  444.0  444.0   67.0  444.0
2018 141  5 21 0200  -41.4  444.0  444.0  444.0   66.0  444.0
2018 141  5 21 0300  -42.7  444.0  444.0  444.0   66.0  444.0
2018 141  5 21 0400  -42.3  444.0  444.0  444.0   66.0  444.0
2018 141  5 21 0500  -43.3  444.0  444.0  444.0   65.4  444.0
2018 141  5 21 0600  -46.1  444.0  444.0  444.0   64.0  444.0
2018 141  5 21 0700  -47.2  444.0  444.0  444.0   63.0  444.0
2018 141  5 21 0800  -47.1  444.0  444.0  444.0   64.0  444.0
2018 141  5 21 0900  -46.9  444.0  444.0  444.0   64.0  444.0
2018 141  5 21 1000  -46.5  444.0  444.0  444.0   63.8  444.0
2018 141  5 21 1100  -46.4  444.0  444.0  444.0   63.9  444.0
2018 141  5 21 1200  -46.7  444.0  444.0  444.0   64.0  444.0
2018 141  5 21 1300  -47.2  444.0  444.0  444.0   63.0  444.0
2018 141  5 21 1400  -46.7  444.0  444.0  444.0   64.0  444.0
2018 141  5 21 1500  -47.0  444.0  444.0  444.0   63.4  444.0
2018 141  5 21 1600  -47.0  444.0  444.0  444.0   63.3  444.0
2018 141  5 21 1700  -46.9  444.0  444.0  444.0   63.0  444.0
2018 141  5 21 1800  -46.7  444.0  444.0  444.0   63.0  444.0
2018 141  5 21 1900  -46.1  444.0  444.0  444.0   64.0  444.0
2018 141  5 21 2000  -45.4  444.0  444.0  444.0   64.0  444.0
2018 141  5 21 2100  -45.0  444.0  444.0  444.0   64.2  444.0
2018 141  5 21 2200  -43.6  444.0  444.0  444.0   65.0  444.0
2018 141  5 21 2300  -42.7  444.0  444.0  444.0   65.0  444.0
2018 142  5 22 0000  -41.5  444.0  444.0  444.0   66.0  444.0
2018 142  5 22 0100  -42.6  444.0  444.0  444.0   65.0  444.0
2018 142  5 22 0200  -43.4  444.0  444.0  444.0   65.0  444.0
2018 142  5 22 0300  -44.0  444.0  444.0  444.0   64.6  444.0
2018 142  5 22 0400  -43.9  444.0  444.0  444.0   64.0  444.0
2018 142  5 22 0500  -44.2  444.0  444.0  444.0   64.0  444.0
2018 142  5 22 0600  -44.3  444.0  444.0  444.0   64.0  444.0
2018 142  5 22 0700  -44.4  444.0  444.0  444.0   64.0  444.0
2018 142  5 22 0800  -44.9  444.0  444.0  444.0   64.0  444.0
2018 142  5 22 0900  -43.7  444.0  444.0  444.0   64.0  444.0
2018 142  5 22 1000  -43.0  444.0  444.0  444.0   65.0  444.0
2018 142  5 22 1100  -42.5  444.0  444.0  444.0   65.0  444.0
2018 142  5 22 1200  -41.6  444.0  444.0  444.0   66.0  444.0
2018 142  5 22 1300  -40.9  444.0  444.0  444.0   66.0  444.0
2018 142  5 22 1400  -39.1  444.0  444.0  444.0   67.0  444.0
2018 142  5 22 1500  -38.1  444.0  444.0  444.0   68.0  444.0
2018 142  5 22 1600  -37.6  444.0  444.0  444.0   67.0  444.0
2018 142  5 22 1700  -37.5  444.0  444.0  444.0   68.0  444.0
2018 142  5 22 1800  -36.8  444.0  444.0  444.0   68.0  444.0
2018 142  5 22 1900  -36.5  444.0  444.0  444.0   68.0  444.0
2018 142  5 22 2000  -36.0  444.0  444.0  444.0   68.0  444.0
2018 142  5 22 2100  -35.8  444.0  444.0  444.0   69.0  444.0
2018 142  5 22 2200  -35.7  444.0  444.0  444.0   69.0  444.0
2018 142  5 22 2300  -35.9  444.0  444.0  444.0   68.7  444.0
2018 143  5 23 0000  -35.0  444.0  444.0  444.0   69.0  444.0
2018 143  5 23 0100  -34.0  444.0  444.0  444.0   70.0  444.0
2018 143  5 23 0200  -33.3  444.0  444.0  444.0   70.0  444.0
2018 143  5 23 0300  -33.8  444.0  444.0  444.0   69.8  444.0
2018 143  5 23 0400  -34.8  444.0  444.0  444.0   69.4  444.0
2018 143  5 23 0500  -34.9  444.0  444.0  444.0   69.0  444.0
2018 143  5 23 0600  -35.3  444.0  444.0  444.0   69.0  444.0
2018 143  5 23 0700  -35.9  444.0  444.0  444.0   69.0  444.0
2018 143  5 23 0800  -37.6  444.0  444.0  444.0   68.0  444.0
2018 143  5 23 0900  -37.2  444.0  444.0  444.0   68.0  444.0
2018 143  5 23 1000  -38.1  444.0  444.0  444.0   68.0  444.0
2018 143  5 23 1100  -37.8  444.0  444.0  444.0   68.0  444.0
2018 143  5 23 1200  -37.1  444.0  444.0  444.0   68.0  444.0
2018 143  5 23 1300  -35.7  444.0  444.0  444.0   69.0  444.0
2018 143  5 23 1400  -34.8  444.0  444.0  444.0   69.0  444.0
2018 143  5 23 1500  -36.0  444.0  444.0  444.0   69.0  444.0
2018 143  5 23 1600  -36.3  444.0  444.0  444.0   69.0  444.0
2018 143  5 23 1700  -36.1  444.0  444.0  444.0   69.0  444.0
2018 143  5 23 1800  -36.2  444.0  444.0  444.0   69.0  444.0
2018 143  5 23 1900  -36.3  444.0  444.0  444.0   69.0  444.0
2018 143  5 23 2000  -36.2  444.0  444.0  444.0   69.0  444.0
2018 143  5 23 2100  -36.7  444.0  444.0  444.0   68.2  444.0
2018 143  5 23 2200  -36.9  444.0  444.0  444.0   68.0  444.0
2018 143  5 23 2300  -37.1  444.0  444.0  444.0   68.0  444.0
2018 144  5 24 0000  -36.5  444.0  444.0  444.0   69.0  444.0
2018 144  5 24 0100  -36.2  444.0  444.0  444.0   69.0  444.0
2018 144  5 24 0200  -36.9  444.0  444.0  444.0   68.2  444.0
2018 144  5 24 0300  -37.5  444.0  444.0  444.0   68.0  444.0
2018 144  5 24 0400  -37.5  444.0  444.0  444.0   68.0  444.0
2018 144  5 24 0500  -37.7  444.0  444.0  444.0   68.0  444.0
2018 144  5 24 0600  -37.9  444.0  444.0  444.0   67.5  444.0
2018 144  5 24 0700  -38.3  444.0  444.0  444.0   67.6  444.0
2018 144  5 24 0800  -37.9  444.0  444.0  444.0   68.0  444.0
2018 144  5 24 0900  -36.8  444.0  444.0  444.0   69.0  444.0
2018 144  5 24 1000  -35.5  444.0  444.0  444.0   69.0  444.0
2018 144  5 24 1100  -35.3  444.0  444.0  444.0   69.0  444.0
2018 144  5 24 1200  -35.3  444.0  444.0  444.0   69.0  444.0
2018 144  5 24 1300  -34.5  444.0  444.0  444.0   70.0  444.0
2018 144  5 24 1400  -33.9  444.0  444.0  444.0   70.0  444.0
2018 144  5 24 1500  -33.3  444.0  444.0  444.0   70.0  444.0
2018 144  5 24 1600  -33.1  444.0  444.0  444.0   70.0  444.0
2018 144  5 24 1700  -33.1  444.0  444.0  444.0   70.0  444.0
2018 144  5 24 1800  -30.8  444.0  444.0  444.0   73.0  444.0
2018 144  5 24 1900  -28.3  444.0  444.0  444.0   74.0  444.0
2018 144  5 24 2000  -28.4  444.0  444.0  444.0   73.1  444.0
2018 144  5 24 2100  -31.9  444.0  444.0  444.0   71.0  444.0
2018 144  5 24 2200  -34.6  444.0  444.0  444.0   70.0  444.0
2018 144  5 24 2300  -35.5  444.0  444.0  444.0   69.0  444.0
2018 145  5 25 0000  -36.1  444.0  444.0  444.0   68.8  444.0
2018 145  5 25 0100  -36.6  444.0  444.0  444.0   68.4  444.0
2018 145  5 25 0200  -37.0  444.0  444.0  444.0   68.0  444.0
2018 145  5 25 0300  -37.0  444.0  444.0  444.0   68.0  444.0
2018 145  5 25 0400  -36.6  444.0  444.0  444.0   69.0  444.0
2018 145  5 25 0500  -36.4  444.0  444.0  444.0   68.7  444.0
2018 145  5 25 0600  -36.4  444.0  444.0  444.0   68.7  444.0
2018 145  5 25 0700  -36.8  444.0  444.0  444.0   68.0  444.0
2018 145  5 25 0800  -37.5  444.0  444.0  444.0   68.0  444.0
2018 145  5 25 0900  -36.8  444.0  444.0  444.0   68.0  444.0
2018 145  5 25 1000  -35.7  444.0  444.0  444.0   69.0  444.0
2018 145  5 25 1100  -35.2  444.0  444.0  444.0   69.4  444.0
2018 145  5 25 1200  -34.1  444.0  444.0  444.0   70.0  444.0
2018 145  5 25 1300  -33.9  444.0  444.0  444.0   70.0  444.0
2018 145  5 25 1400  -33.3  444.0  444.0  444.0   71.0  444.0
2018 145  5 25 1500  -32.6  444.0  444.0  444.0   71.0  444.0
2018 145  5 25 1600  -32.6  444.0  444.0  444.0   71.0  444.0
2018 145  5 25 1700  -31.7  444.0  444.0  444.0   71.0  444.0
2018 145  5 25 1800  -31.5  444.0  444.0  444.0   71.3  444.0
2018 145  5 25 1900  -31.5  444.0  444.0  444.0   71.0  444.0
2018 145  5 25 2000  -31.7  444.0  444.0  444.0   71.0  444.0
2018 145  5 25 2100  -31.6  444.0  444.0  444.0   71.0  444.0
2018 145  5 25 2200  -32.2  444.0  444.0  444.0   71.0  444.0
2018 145  5 25 2300  -32.3  444.0  444.0  444.0   71.0  444.0
2018 146  5 26 0000  -31.4  444.0  444.0  444.0   71.8  444.0
2018 146  5 26 0100  -30.4  444.0  444.0  444.0   72.0  444.0
2018 146  5 26 0200  -29.7  444.0  444.0  444.0   73.0  444.0
2018 146  5 26 0300  -29.2  444.0  444.0  444.0   73.0  444.0
2018 146  5 26 0400  -28.6  444.0  444.0  444.0   73.6  444.0
2018 146  5 26 0500  -28.0  444.0  444.0  444.0   74.0  444.0
2018 146  5 26 0600  -27.0  444.0  444.0  444.0   75.0  444.0
2018 146  5 26 0700  -26.4  444.0  444.0  444.0   75.0  444.0
2018 146  5 26 0800  -26.6  444.0  444.0  444.0   75.0  444.0
2018 146  5 26 0900  -26.6  444.0  444.0  444.0   75.1  444.0
2018 146  5 26 1000  -27.3  444.0  444.0  444.0   75.0  444.0
2018 146  5 26 1100  -27.9  444.0  444.0  444.0   74.2  444.0
2018 146  5 26 1200  -28.5  444.0  444.0  444.0   74.0  444.0
2018 146  5 26 1300  -27.0  444.0  444.0  444.0   75.0  444.0
2018 146  5 26 1400  -26.6  444.0  444.0  444.0   75.0  444.0
2018 146  5 26 1500  -27.6  444.0  444.0  444.0   74.0  444.0
2018 146  5 26 1600  -29.9  444.0  444.0  444.0   72.7  444.0
2018 146  5 26 1700  -29.0  444.0  444.0  444.0   74.0  444.0
2018 146  5 26 1800  -27.2  444.0  444.0  444.0   75.0  444.0
2018 146  5 26 1900  -27.0  444.0  444.0  444.0   75.0  444.0
2018 146  5 26 2000  -27.1  444.0  444.0  444.0   75.0  444.0
2018 146  5 26 2100  -26.6  444.0  444.0  444.0   75.2  444.0
2018 146  5 26 2200  -25.8  444.0  444.0  444.0   76.0  444.0
2018 146  5 26 2300  -25.2  444.0  444.0  444.0   76.0  444.0
2018 147  5 27 0000  -25.2  444.0  444.0  444.0   76.0  444.0
2018 147  5 27 0100  -24.5  444.0  444.0  444.0   77.0  444.0
2018 147  5 27 0200  -23.3  444.0  444.0  444.0   77.9  444.0
2018 147  5 27 0300  -23.9  444.0  444.0  444.0   77.0  444.0
2018 147  5 27 0400  -24.1  444.0  444.0  444.0   77.0  444.0
2018 147  5 27 0500  -24.0  444.0  444.0  444.0   77.5  444.0
2018 147  5 27 0600  -24.1  444.0  444.0  444.0   77.0  444.0
2018 147  5 27 0700  -24.3  444.0  444.0  444.0   77.0  444.0
2018 147  5 27 0800  -24.3  444.0  444.0  444.0   77.0  444.0
2018 147  5 27 0900  -24.3  444.0  444.0  444.0   77.5  444.0
2018 147  5 27 1000  -24.2  444.0  444.0  444.0   77.5  444.0
2018 147  5 27 1100  -23.4  444.0  444.0  444.0   78.0  444.0
2018 147  5 27 1200  -23.5  444.0  444.0  444.0   78.0  444.0
2018 147  5 27 1300  -24.7  444.0  444.0  444.0   77.0  444.0
2018 147  5 27 1400  -24.5  444.0  444.0  444.0   77.3  444.0
2018 147  5 27 1500  -24.1  444.0  444.0  444.0   78.0  444.0
2018 147  5 27 1600  -24.3  444.0  444.0  444.0   77.0  444.0
2018 147  5 27 1700  -24.7  444.0  444.0  444.0   77.0  444.0
2018 147  5 27 1800  -25.8  444.0  444.0  444.0   76.0  444.0
2018 147  5 27 1900  -26.0  444.0  444.0  444.0   76.2  444.0
2018 147  5 27 2000  -26.0  444.0  444.0  444.0   76.0  444.0
2018 147  5 27 2100  -26.2  444.0  444.0  444.0   76.0  444.0
2018 147  5 27 2200  -26.3  444.0  444.0  444.0   76.0  444.0
2018 147  5 27 2300  -26.3  444.0  444.0  444.0   76.0  444.0
2018 148  5 28 0000  -26.3  444.0  444.0  444.0   76.0  444.0
2018 148  5 28 0100  -26.3  444.0  444.0  444.0   75.8  444.0
2018 148  5 28 0200  -26.6  444.0  444.0  444.0   76.0  444.0
2018 148  5 28 0300  -27.6  444.0  444.0  444.0   74.8  444.0
2018 148  5 28 0400  -30.3  444.0  444.0  444.0   72.0  444.0
2018 148  5 28 0500  -33.3  444.0  444.0  444.0   71.0  444.0
2018 148  5 28 0600  -36.3  444.0  444.0  444.0   69.0  444.0
2018 148  5 28 0700  -37.6  444.0  444.0  444.0   69.0  444.0
2018 148  5 28 0800  -37.6  444.0  444.0  444.0   68.8  444.0
2018 148  5 28 0900  -38.0  444.0  444.0  444.0   69.0  444.0
2018 148  5 28 1000  -38.0  444.0  444.0  444.0   69.0  444.0
2018 148  5 28 1100  -38.6  444.0  444.0  444.0   68.0  444.0
2018 148  5 28 1200  -39.3  444.0  444.0  444.0   68.0  444.0
2018 148  5 28 1300  -39.5  444.0  444.0  444.0   67.7  444.0
2018 148  5 28 1400  -39.9  444.0  444.0  444.0   67.0  444.0
2018 148  5 28 1500  -40.0  444.0  444.0  444.0   68.0  444.0
2018 148  5 28 1600  -40.7  444.0  444.0  444.0   67.0  444.0
2018 148  5 28 1700  -41.8  444.0  444.0  444.0   66.0  444.0
2018 148  5 28 1800  -41.7  444.0  444.0  444.0   66.0  444.0
2018 148  5 28 1900  -42.0  444.0  444.0  444.0   66.0  444.0
2018 148  5 28 2000  -41.1  444.0  444.0  444.0   66.9  444.0
2018 148  5 28 2100  -40.7  444.0  444.0  444.0   67.0  444.0
2018 148  5 28 2200  -40.8  444.0  444.0  444.0   67.0  444.0
2018 148  5 28 2300  -40.0  444.0  444.0  444.0   67.0  444.0
2018 149  5 29 0000  -38.1  444.0  444.0  444.0   68.0  444.0
2018 149  5 29 0100  -38.1  444.0  444.0  444.0   68.1  444.0
2018 149  5 29 0200  -37.5  444.0  444.0  444.0   68.0  444.0
2018 149  5 29 0300  -36.8  444.0  444.0  444.0   69.0  444.0
2018 149  5 29 0400  -37.7  444.0  444.0  444.0   68.0  444.0
2018 149  5 29 0500  -38.1  444.0  444.0  444.0   68.0  444.0
2018 149  5 29 0600  -38.4  444.0  444.0  444.0   67.9  444.0
2018 149  5 29 0700  -39.2  444.0  444.0  444.0   67.0  444.0
2018 149  5 29 0800  -39.5  444.0  444.0  444.0   67.3  444.0
2018 149  5 29 0900  -39.8  444.0  444.0  444.0   67.0  444.0
2018 149  5 29 1000  -40.7  444.0  444.0  444.0   67.0  444.0
2018 149  5 29 1100  -41.1  444.0  444.0  444.0   67.0  444.0
2018 149  5 29 1200  -41.4  444.0  444.0  444.0   66.0  444.0
2018 149  5 29 1300  -42.0  444.0  444.0  444.0   65.9  444.0
2018 149  5 29 1400  -42.2  444.0  444.0  444.0   66.0  444.0
2018 149  5 29 1500  -42.4  444.0  444.0  444.0   66.0  444.0
2018 149  5 29 1600  -42.3  444.0  444.0  444.0   66.0  444.0
2018 149  5 29 1700  -42.6  444.0  444.0  444.0   65.0  444.0
2018 149  5 29 1800  -43.3  444.0  444.0  444.0   65.2  444.0
2018 149  5 29 1900  -43.3  444.0  444.0  444.0   65.0  444.0
2018 149  5 29 2000  -43.3  444.0  444.0  444.0   65.0  444.0
2018 149  5 29 2100  -42.7  444.0  444.0  444.0   66.0  444.0
2018 149  5 29 2200  -42.3  444.0  444.0  444.0   66.0  444.0
2018 149  5 29 2300  -42.2  444.0  444.0  444.0   66.0  444.0
2018 150  5 30 0000  -42.1  444.0  444.0  444.0   66.0  444.0
2018 150  5 30 0100  -42.6  444.0  444.0  444.0   65.2  444.0
2018 150  5 30 0200  -42.8  444.0  444.0  444.0   66.0  444.0
2018 150  5 30 0300  -43.0  444.0  444.0  444.0   65.0  444.0
2018 150  5 30 0400  -43.2  444.0  444.0  444.0   65.4  444.0
2018 150  5 30 0500  -42.1  444.0  444.0  444.0   66.0  444.0
2018 150  5 30 0600  -40.7  444.0  444.0  444.0   66.5  444.0
2018 150  5 30 0700  -41.4  444.0  444.0  444.0   65.7  444.0
2018 150  5 30 0800  -40.8  444.0  444.0  444.0   67.0  444.0
2018 150  5 30 0900  -40.6  444.0  444.0  444.0   66.0  444.0
2018 150  5 30 1000  -40.5  444.0  444.0  444.0   67.0  444.0
2018 150  5 30 1100  -40.9  444.0  444.0  444.0   66.3  444.0
2018 150  5 30 1200  -40.8  444.0  444.0  444.0   66.4  444.0
2018 150  5 30 1300  -40.5  444.0  444.0  444.0   66.0  444.0
2018 150  5 30 1400  -39.5  444.0  444.0  444.0   67.0  444.0
2018 150  5 30 1500  -38.4  444.0  444.0  444.0   68.0  444.0
2018 150  5 30 1600  -38.0  444.0  444.0  444.0   67.6  444.0
2018 150  5 30 1700  -38.7  444.0  444.0  444.0   67.1  444.0
2018 150  5 30 1800  -38.1  444.0  444.0  444.0   68.0  444.0
2018 150  5 30 1900  -35.5  444.0  444.0  444.0   69.0  444.0
2018 150  5 30 2000  -33.3  444.0  444.0  444.0   70.0  444.0
2018 150  5 30 2100  -33.0  444.0  444.0  444.0   70.7  444.0
2018 150  5 30 2200  -32.5  444.0  444.0  444.0   71.4  444.0
2018 150  5 30 2300  -30.5  444.0  444.0  444.0   72.0  444.0
2018 151  5 31 0000  -29.6  444.0  444.0  444.0   72.5  444.0
2018 151  5 31 0100  -29.2  444.0  444.0  444.0   73.0  444.0
2018 151  5 31 0200  -28.4  444.0  444.0  444.0   73.8  444.0
2018 151  5 31 0300  -30.0  444.0  444.0  444.0   71.9  444.0
2018 151  5 31 0400  -31.0  444.0  444.0  444.0   72.0  444.0
2018 151  5 31 0500  -30.0  444.0  444.0  444.0   72.8  444.0
2018 151  5 31 0600  -30.2  444.0  444.0  444.0   72.0  444.0
2018 151  5 31 0700  -31.3  444.0  444.0  444.0   71.0  444.0
2018 151  5 31 0800  -33.1  444.0  444.0  444.0   71.0  444.0
2018 151  5 31 0900  -33.9  444.0  444.0  444.0   69.8  444.0
2018 151  5 31 1000  -35.6  444.0  444.0  444.0   68.7  444.0
2018 151  5 31 1100  -37.0  444.0  444.0  444.0   68.0  444.0
2018 151  5 31 1200  -38.3  444.0  444.0  444.0   67.5  444.0
2018 151  5 31 1300  -40.0  444.0  444.0  444.0   67.0  444.0
2018 151  5 31 1400  -41.7  444.0  444.0  444.0   65.8  444.0
2018 151  5 31 1500  -43.3  444.0  444.0  444.0   65.3  444.0
2018 151  5 31 1600  -44.5  444.0  444.0  444.0   65.0  444.0
2018 151  5 31 1700  -45.2  444.0  444.0  444.0   65.0  444.0
2018 151  5 31 1800  -45.5  444.0  444.0  444.0   64.0  444.0
2018 151  5 31 1900  -45.8  444.0  444.0  444.0   64.0  444.0
2018 151  5 31 2000  -46.0  444.0  444.0  444.0   64.0  444.0
2018 151  5 31 2100  -46.1  444.0  444.0  444.0   64.0  444.0
2018 151  5 31 2200  -46.1  444.0  444.0  444.0   64.0  444.0
2018 151  5 31 2300  -46.5  444.0  444.0  444.0   64.0  444.0
