Year: 2022  Month: 05  ID: GIL  ARGOS:  8911  Name: Gill                
Lat: 79.83S  Lon: 178.54W  Elev:   53m
2022 121  5  1 0000  -38.4  977.2  444.0  444.0   69.0  444.0
2022 121  5  1 0100  -38.6  976.7  444.0  444.0   69.0  444.0
2022 121  5  1 0200  -37.3  976.1  444.0  444.0   70.0  444.0
2022 121  5  1 0300  -37.6  975.4  444.0  444.0   70.0  444.0
2022 121  5  1 0400  -34.8  975.2  444.0  444.0   71.0  444.0
2022 121  5  1 0500  -34.2  974.8  444.0  444.0   71.3  444.0
2022 121  5  1 0600  -33.6  974.2  444.0  444.0   72.0  444.0
2022 121  5  1 0700  -34.7  973.5  444.0  444.0   71.0  444.0
2022 121  5  1 0800  -35.6  972.6  444.0  444.0   70.0  444.0
2022 121  5  1 0900  -35.3  971.8  444.0  444.0   70.5  444.0
2022 121  5  1 1000  -34.7  970.7  444.0  444.0   71.0  444.0
2022 121  5  1 1100  -33.8  970.0  444.0  444.0   72.0  444.0
2022 121  5  1 1200  -31.8  969.2  444.0  444.0   73.0  444.0
2022 121  5  1 1300  -30.7  968.4  444.0  444.0   74.0  444.0
2022 121  5  1 1400  -30.2  967.6  444.0  444.0   74.0  444.0
2022 121  5  1 1500  -29.8  967.0  444.0  444.0   74.0  444.0
2022 121  5  1 1600  -29.6  966.0  444.0  444.0   74.0  444.0
2022 121  5  1 1700  -28.5  964.8  444.0  444.0   75.0  444.0
2022 121  5  1 1800  -27.8  964.1  444.0  444.0   76.0  444.0
2022 121  5  1 1900  -26.9  963.4  444.0  444.0   77.0  444.0
2022 121  5  1 2000  -26.3  963.1  444.0  444.0   77.0  444.0
2022 121  5  1 2100  -25.7  962.7  444.0  444.0   78.0  444.0
2022 121  5  1 2200  -25.4  962.2  444.0  444.0   78.0  444.0
2022 121  5  1 2300  -25.9  961.7  444.0  444.0   77.0  444.0
2022 122  5  2 0000  -26.0  961.8  444.0  444.0   77.0  444.0
2022 122  5  2 0100  -25.6  961.3  444.0  444.0   77.0  444.0
2022 122  5  2 0200  -25.8  961.2  444.0  444.0   77.0  444.0
2022 122  5  2 0300  -25.8  961.3  444.0  444.0   77.3  444.0
2022 122  5  2 0400  -27.0  961.3  444.0  444.0   76.0  444.0
2022 122  5  2 0500  -28.1  961.2  444.0  444.0   76.0  444.0
2022 122  5  2 0600  -26.0  961.7  444.0  444.0   77.0  444.0
2022 122  5  2 0700  -26.0  961.7  444.0  444.0   77.0  444.0
2022 122  5  2 0800  -25.7  961.3  444.0  444.0   77.5  444.0
2022 122  5  2 0900  -25.7  961.2  444.0  444.0   77.0  444.0
2022 122  5  2 1000  -25.5  961.1  444.0  444.0   78.0  444.0
2022 122  5  2 1100  -24.8  960.8  444.0  444.0   78.0  444.0
2022 122  5  2 1200  -24.3  960.2  444.0  444.0   79.0  444.0
2022 122  5  2 1300  -23.7  960.3  444.0  444.0   79.2  444.0
2022 122  5  2 1400  -23.3  959.8  444.0  444.0   80.0  444.0
2022 122  5  2 1500  -22.7  959.3  444.0  444.0   80.0  444.0
2022 122  5  2 1600  -22.5  959.3  444.0  444.0   80.0  444.0
2022 122  5  2 1700  -22.1  959.2  444.0  444.0   81.0  444.0
2022 122  5  2 1800  -21.3  958.6  444.0  444.0   81.6  444.0
2022 122  5  2 1900  -20.8  958.5  444.0  444.0   82.0  444.0
2022 122  5  2 2000  -20.1  958.3  444.0  444.0   83.0  444.0
2022 122  5  2 2100  -19.2  958.2  444.0  444.0   84.0  444.0
2022 122  5  2 2200  -18.9  958.3  444.0  444.0   84.0  444.0
2022 122  5  2 2300  -18.3  958.3  444.0  444.0   84.5  444.0
2022 123  5  3 0000  -18.1  958.5  444.0  444.0   85.0  444.0
2022 123  5  3 0100  -18.5  958.8  444.0  444.0   84.2  444.0
2022 123  5  3 0200  -19.9  959.0  444.0  444.0   83.0  444.0
2022 123  5  3 0300  -19.3  959.3  444.0  444.0   83.8  444.0
2022 123  5  3 0400  -19.1  959.5  444.0  444.0   83.8  444.0
2022 123  5  3 0500  -19.2  960.0  444.0  444.0   84.0  444.0
2022 123  5  3 0600  -19.7  960.3  444.0  444.0   83.3  444.0
2022 123  5  3 0700  -18.9  960.7  444.0  444.0   84.0  444.0
2022 123  5  3 0800  -19.3  961.1  444.0  444.0   84.0  444.0
2022 123  5  3 0900  -19.9  961.7  444.0  444.0   83.0  444.0
2022 123  5  3 1000  -19.9  962.3  444.0  444.0   83.0  444.0
2022 123  5  3 1100  -20.3  962.7  444.0  444.0   82.7  444.0
2022 123  5  3 1200  -20.9  963.0  444.0  444.0   82.1  444.0
2022 123  5  3 1300  -21.4  963.4  444.0  444.0   82.0  444.0
2022 123  5  3 1400  -21.0  964.2  444.0  444.0   82.0  444.0
2022 123  5  3 1500  -20.8  964.5  444.0  444.0   82.0  444.0
2022 123  5  3 1600  -20.2  964.5  444.0  444.0   82.8  444.0
2022 123  5  3 1700  -19.9  964.5  444.0  444.0   83.0  444.0
2022 123  5  3 1800  -19.7  964.3  444.0  444.0   83.0  444.0
2022 123  5  3 1900  -19.7  964.3  444.0  444.0   83.0  444.0
2022 123  5  3 2000  -19.9  964.5  444.0  444.0   83.0  444.0
2022 123  5  3 2100  -20.3  964.6  444.0  444.0   82.0  444.0
2022 123  5  3 2200  -20.0  964.6  444.0  444.0   83.0  444.0
2022 123  5  3 2300  -20.5  964.9  444.0  444.0   82.0  444.0
2022 124  5  4 0000  -20.3  964.8  444.0  444.0   83.0  444.0
2022 124  5  4 0100  -20.2  965.2  444.0  444.0   82.3  444.0
2022 124  5  4 0200  -21.3  965.7  444.0  444.0   81.5  444.0
2022 124  5  4 0300  -24.5  966.2  444.0  444.0   79.0  444.0
2022 124  5  4 0400  -27.4  966.9  444.0  444.0   76.4  444.0
2022 124  5  4 0500  -29.8  966.9  444.0  444.0   75.0  444.0
2022 124  5  4 0600  -31.3  967.6  444.0  444.0   74.0  444.0
2022 124  5  4 0700  -31.5  968.0  444.0  444.0   74.0  444.0
2022 124  5  4 0800  -32.8  968.8  444.0  444.0   73.0  444.0
2022 124  5  4 0900  -32.1  969.3  444.0  444.0   73.5  444.0
2022 124  5  4 1000  -32.8  970.2  444.0  444.0   73.0  444.0
2022 124  5  4 1100  -33.0  970.6  444.0  444.0   73.0  444.0
2022 124  5  4 1200  -33.4  970.9  444.0  444.0   73.0  444.0
2022 124  5  4 1300  -32.7  971.2  444.0  444.0   73.0  444.0
2022 124  5  4 1400  -33.2  971.6  444.0  444.0   73.1  444.0
2022 124  5  4 1500  -32.6  972.0  444.0  444.0   73.0  444.0
2022 124  5  4 1600  -32.8  972.2  444.0  444.0   73.0  444.0
2022 124  5  4 1700  -30.7  972.1  444.0  444.0   74.0  444.0
2022 124  5  4 1800  -31.5  972.3  444.0  444.0   74.0  444.0
2022 124  5  4 1900  -32.0  972.7  444.0  444.0   73.3  444.0
2022 124  5  4 2000  -31.8  972.8  444.0  444.0   73.0  444.0
2022 124  5  4 2100  -32.0  973.3  444.0  444.0   73.0  444.0
2022 124  5  4 2200  -32.9  973.4  444.0  444.0   73.0  444.0
2022 124  5  4 2300  -33.0  973.1  444.0  444.0   72.0  444.0
2022 125  5  5 0000  -32.1  973.3  444.0  444.0   73.1  444.0
2022 125  5  5 0100  -33.1  973.2  444.0  444.0   72.0  444.0
2022 125  5  5 0200  -33.7  973.1  444.0  444.0   72.0  444.0
2022 125  5  5 0300  -33.1  973.1  444.0  444.0   72.0  444.0
2022 125  5  5 0400  -32.3  973.1  444.0  444.0   73.0  444.0
2022 125  5  5 0500  -33.3  973.0  444.0  444.0   72.5  444.0
2022 125  5  5 0600  -33.4  972.8  444.0  444.0   72.0  444.0
2022 125  5  5 0700  -33.1  972.8  444.0  444.0   72.6  444.0
2022 125  5  5 0800  -35.3  972.9  444.0  444.0   70.0  444.0
2022 125  5  5 0900  -34.6  972.6  444.0  444.0   71.0  444.0
2022 125  5  5 1000  -34.5  972.5  444.0  444.0   70.6  444.0
2022 125  5  5 1100  -33.6  972.3  444.0  444.0   73.0  444.0
2022 125  5  5 1200  -33.5  972.5  444.0  444.0   72.3  444.0
2022 125  5  5 1300  -35.1  972.1  444.0  444.0   71.0  444.0
2022 125  5  5 1400  -31.5  972.1  444.0  444.0   74.0  444.0
2022 125  5  5 1500  -32.2  971.9  444.0  444.0   73.0  444.0
2022 125  5  5 1600  -33.0  971.8  444.0  444.0   72.0  444.0
2022 125  5  5 1700  -31.9  971.6  444.0  444.0   73.0  444.0
2022 125  5  5 1800  -30.8  971.5  444.0  444.0   74.0  444.0
2022 125  5  5 1900  -29.1  970.9  444.0  444.0   75.0  444.0
2022 125  5  5 2000  -27.8  970.8  444.0  444.0   76.0  444.0
2022 125  5  5 2100  -26.2  970.7  444.0  444.0   77.0  444.0
2022 125  5  5 2200  -25.8  970.5  444.0  444.0   77.0  444.0
2022 125  5  5 2300  -26.1  970.7  444.0  444.0   77.0  444.0
2022 126  5  6 0000  -26.7  970.9  444.0  444.0   77.0  444.0
2022 126  5  6 0100  -27.9  970.9  444.0  444.0   76.0  444.0
2022 126  5  6 0200  -29.3  970.7  444.0  444.0   75.0  444.0
2022 126  5  6 0300  -29.6  970.8  444.0  444.0   74.4  444.0
2022 126  5  6 0400  -29.7  971.0  444.0  444.0   74.0  444.0
2022 126  5  6 0500  -30.4  971.0  444.0  444.0   73.6  444.0
2022 126  5  6 0600  -31.0  971.3  444.0  444.0   73.0  444.0
2022 126  5  6 0700  -32.0  971.3  444.0  444.0   73.0  444.0
2022 126  5  6 0800  -32.5  971.4  444.0  444.0   72.6  444.0
2022 126  5  6 0900  -33.0  971.9  444.0  444.0   72.0  444.0
2022 126  5  6 1000  -34.0  972.1  444.0  444.0   71.5  444.0
2022 126  5  6 1100  -35.0  972.3  444.0  444.0   71.0  444.0
2022 126  5  6 1200  -35.0  972.4  444.0  444.0   71.0  444.0
2022 126  5  6 1300  -35.3  973.1  444.0  444.0   70.6  444.0
2022 126  5  6 1400  -35.4  972.9  444.0  444.0   70.0  444.0
2022 126  5  6 1500  -32.9  972.8  444.0  444.0   72.5  444.0
2022 126  5  6 1600  -30.0  972.9  444.0  444.0   74.0  444.0
2022 126  5  6 1700  -27.9  973.3  444.0  444.0   76.0  444.0
2022 126  5  6 1800  -26.8  973.2  444.0  444.0   77.0  444.0
2022 126  5  6 1900  -26.8  973.1  444.0  444.0   76.0  444.0
2022 126  5  6 2000  -27.6  973.3  444.0  444.0   76.0  444.0
2022 126  5  6 2100  -27.7  973.4  444.0  444.0   75.8  444.0
2022 126  5  6 2200  -29.3  973.7  444.0  444.0   74.0  444.0
2022 126  5  6 2300  -29.9  974.0  444.0  444.0   74.0  444.0
2022 127  5  7 0000  -29.9  974.3  444.0  444.0   74.0  444.0
2022 127  5  7 0100  -31.2  974.4  444.0  444.0   73.0  444.0
2022 127  5  7 0200  -31.9  974.3  444.0  444.0   73.0  444.0
2022 127  5  7 0300  -32.5  974.4  444.0  444.0   72.8  444.0
2022 127  5  7 0400  -33.4  974.6  444.0  444.0   72.0  444.0
2022 127  5  7 0500  -34.1  974.7  444.0  444.0   72.0  444.0
2022 127  5  7 0600  -34.2  974.7  444.0  444.0   71.0  444.0
2022 127  5  7 0700  -34.8  974.7  444.0  444.0   70.6  444.0
2022 127  5  7 0800  -35.1  974.8  444.0  444.0   70.8  444.0
2022 127  5  7 0900  -34.3  975.6  444.0  444.0   71.0  444.0
2022 127  5  7 1000  -34.8  975.5  444.0  444.0   71.0  444.0
2022 127  5  7 1100  -34.4  975.5  444.0  444.0   71.0  444.0
2022 127  5  7 1200  -33.6  975.8  444.0  444.0   72.0  444.0
2022 127  5  7 1300  -32.9  975.9  444.0  444.0   72.0  444.0
2022 127  5  7 1400  -33.7  975.8  444.0  444.0   71.0  444.0
2022 127  5  7 1500  -34.6  976.2  444.0  444.0   71.0  444.0
2022 127  5  7 1600  -34.2  976.6  444.0  444.0   71.0  444.0
2022 127  5  7 1700  -34.5  976.9  444.0  444.0   71.2  444.0
2022 127  5  7 1800  -34.5  977.0  444.0  444.0   71.3  444.0
2022 127  5  7 1900  -33.9  977.2  444.0  444.0   71.0  444.0
2022 127  5  7 2000  -33.6  977.4  444.0  444.0   72.0  444.0
2022 127  5  7 2100  -34.2  977.9  444.0  444.0   71.0  444.0
2022 127  5  7 2200  -33.5  978.4  444.0  444.0   71.7  444.0
2022 127  5  7 2300  -33.8  978.5  444.0  444.0   72.0  444.0
2022 128  5  8 0000  -32.8  978.9  444.0  444.0   72.0  444.0
2022 128  5  8 0100  -33.2  979.1  444.0  444.0   72.0  444.0
2022 128  5  8 0200  -31.6  979.6  444.0  444.0   73.0  444.0
2022 128  5  8 0300  -31.7  979.8  444.0  444.0   71.3  444.0
2022 128  5  8 0400  -33.2  980.0  444.0  444.0   71.4  444.0
2022 128  5  8 0500  -34.7  980.4  444.0  444.0   70.7  444.0
2022 128  5  8 0600  -34.5  980.8  444.0  444.0   72.0  444.0
2022 128  5  8 0700  -36.5  981.0  444.0  444.0   70.0  444.0
2022 128  5  8 0800  -38.8  981.4  444.0  444.0   68.0  444.0
2022 128  5  8 0900  -38.4  981.9  444.0  444.0   69.0  444.0
2022 128  5  8 1000  -37.8  982.4  444.0  444.0   68.4  444.0
2022 128  5  8 1100  -39.2  983.4  444.0  444.0   69.0  444.0
2022 128  5  8 1200  -38.0  983.7  444.0  444.0   69.0  444.0
2022 128  5  8 1300  -35.8  983.9  444.0  444.0   70.0  444.0
2022 128  5  8 1400  -35.7  984.6  444.0  444.0   70.0  444.0
2022 128  5  8 1500  -35.3  985.0  444.0  444.0   70.0  444.0
2022 128  5  8 1600  -34.6  985.4  444.0  444.0   70.8  444.0
2022 128  5  8 1700  -34.8  985.7  444.0  444.0   71.0  444.0
2022 128  5  8 1800  -34.3  986.2  444.0  444.0   71.0  444.0
2022 128  5  8 1900  -33.4  986.6  444.0  444.0   72.0  444.0
2022 128  5  8 2000  -32.2  986.9  444.0  444.0   72.5  444.0
2022 128  5  8 2100  -32.2  987.4  444.0  444.0   72.2  444.0
2022 128  5  8 2200  -33.0  987.6  444.0  444.0   71.7  444.0
2022 128  5  8 2300  -33.2  987.8  444.0  444.0   72.0  444.0
2022 129  5  9 0000  -33.1  988.2  444.0  444.0   72.0  444.0
2022 129  5  9 0100  -32.7  988.2  444.0  444.0   71.8  444.0
2022 129  5  9 0200  -32.5  988.4  444.0  444.0   72.0  444.0
2022 129  5  9 0300  -31.9  988.2  444.0  444.0   72.4  444.0
2022 129  5  9 0400  -31.4  988.1  444.0  444.0   73.0  444.0
2022 129  5  9 0500  -31.2  988.1  444.0  444.0   73.0  444.0
2022 129  5  9 0600  -31.4  988.3  444.0  444.0   73.0  444.0
2022 129  5  9 0700  -31.8  988.2  444.0  444.0   72.0  444.0
2022 129  5  9 0800  -32.5  988.3  444.0  444.0   72.0  444.0
2022 129  5  9 0900  -32.1  988.2  444.0  444.0   72.0  444.0
2022 129  5  9 1000  -32.8  988.1  444.0  444.0   72.0  444.0
2022 129  5  9 1100  -33.0  988.2  444.0  444.0   72.0  444.0
2022 129  5  9 1200  -32.6  988.2  444.0  444.0   72.0  444.0
2022 129  5  9 1300  -32.8  987.7  444.0  444.0   72.0  444.0
2022 129  5  9 1400  -32.5  987.7  444.0  444.0   72.0  444.0
2022 129  5  9 1500  -31.8  987.8  444.0  444.0   73.0  444.0
2022 129  5  9 1600  -31.6  987.5  444.0  444.0   73.0  444.0
2022 129  5  9 1700  -31.7  987.4  444.0  444.0   72.6  444.0
2022 129  5  9 1800  -32.2  987.4  444.0  444.0   72.2  444.0
2022 129  5  9 1900  -32.2  987.4  444.0  444.0   72.0  444.0
2022 129  5  9 2000  -32.9  987.4  444.0  444.0   72.0  444.0
2022 129  5  9 2100  -34.0  987.7  444.0  444.0   71.0  444.0
2022 129  5  9 2200  -35.1  987.6  444.0  444.0   70.0  444.0
2022 129  5  9 2300  -36.7  987.6  444.0  444.0   69.4  444.0
2022 130  5 10 0000  -37.3  987.7  444.0  444.0   69.0  444.0
2022 130  5 10 0100  -37.9  987.7  444.0  444.0   68.8  444.0
2022 130  5 10 0200  -38.7  987.4  444.0  444.0   68.0  444.0
2022 130  5 10 0300  -39.3  987.3  444.0  444.0   68.0  444.0
2022 130  5 10 0400  -40.1  987.3  444.0  444.0   67.3  444.0
2022 130  5 10 0500  -40.6  987.0  444.0  444.0   67.0  444.0
2022 130  5 10 0600  -41.0  986.8  444.0  444.0   66.7  444.0
2022 130  5 10 0700  -40.9  986.9  444.0  444.0   67.0  444.0
2022 130  5 10 0800  -42.8  987.1  444.0  444.0   66.0  444.0
2022 130  5 10 0900  -43.5  986.9  444.0  444.0   66.0  444.0
2022 130  5 10 1000  -43.3  986.6  444.0  444.0   66.1  444.0
2022 130  5 10 1100  -40.6  986.7  444.0  444.0   67.3  444.0
2022 130  5 10 1200  -39.7  986.3  444.0  444.0   68.0  444.0
2022 130  5 10 1300  -38.7  986.1  444.0  444.0   68.0  444.0
2022 130  5 10 1400  -38.8  985.7  444.0  444.0   68.0  444.0
2022 130  5 10 1500  -38.5  985.3  444.0  444.0   68.3  444.0
2022 130  5 10 1600  -37.9  985.1  444.0  444.0   69.0  444.0
2022 130  5 10 1700  -38.5  984.8  444.0  444.0   68.0  444.0
2022 130  5 10 1800  -39.8  984.5  444.0  444.0   67.0  444.0
2022 130  5 10 1900  -42.5  984.3  444.0  444.0   66.0  444.0
2022 130  5 10 2000  -44.2  984.3  444.0  444.0   65.1  444.0
2022 130  5 10 2100  -45.5  983.7  444.0  444.0   64.4  444.0
2022 130  5 10 2200  -45.9  983.3  444.0  444.0   64.0  444.0
2022 130  5 10 2300  -46.2  982.9  444.0  444.0   64.1  444.0
2022 131  5 11 0000  -46.5  982.7  444.0  444.0   64.0  444.0
2022 131  5 11 0100  -46.6  982.2  444.0  444.0   64.0  444.0
2022 131  5 11 0200  -46.7  981.9  444.0  444.0   63.8  444.0
2022 131  5 11 0300  -46.9  981.5  444.0  444.0   64.0  444.0
2022 131  5 11 0400  -46.9  981.3  444.0  444.0   63.8  444.0
2022 131  5 11 0500  -46.5  980.5  444.0  444.0   64.0  444.0
2022 131  5 11 0600  -46.2  979.8  444.0  444.0   64.0  444.0
2022 131  5 11 0700  -45.5  979.5  444.0  444.0   64.7  444.0
2022 131  5 11 0800  -45.0  979.3  444.0  444.0   65.0  444.0
2022 131  5 11 0900  -44.2  978.7  444.0  444.0   65.1  444.0
2022 131  5 11 1000  -44.2  978.4  444.0  444.0   65.0  444.0
2022 131  5 11 1100  -43.8  977.9  444.0  444.0   65.0  444.0
2022 131  5 11 1200  -42.8  977.4  444.0  444.0   66.0  444.0
2022 131  5 11 1300  -41.3  976.7  444.0  444.0   67.0  444.0
2022 131  5 11 1400  -40.7  975.8  444.0  444.0   67.0  444.0
2022 131  5 11 1500  -37.9  975.4  444.0  444.0   68.0  444.0
2022 131  5 11 1600  -36.6  974.6  444.0  444.0   69.0  444.0
2022 131  5 11 1700  -35.1  973.7  444.0  444.0   70.0  444.0
2022 131  5 11 1800  -33.6  973.0  444.0  444.0   71.0  444.0
2022 131  5 11 1900  -33.1  972.6  444.0  444.0   71.0  444.0
2022 131  5 11 2000  -32.7  972.1  444.0  444.0   72.0  444.0
2022 131  5 11 2100  -33.0  971.5  444.0  444.0   71.0  444.0
2022 131  5 11 2200  -32.1  970.9  444.0  444.0   72.0  444.0
2022 131  5 11 2300  -31.9  970.7  444.0  444.0   72.0  444.0
2022 132  5 12 0000  -31.6  970.3  444.0  444.0   72.4  444.0
2022 132  5 12 0100  -30.8  969.9  444.0  444.0   73.0  444.0
2022 132  5 12 0200  -30.0  969.5  444.0  444.0   73.2  444.0
2022 132  5 12 0300  -29.4  969.2  444.0  444.0   74.0  444.0
2022 132  5 12 0400  -29.4  968.9  444.0  444.0   74.0  444.0
2022 132  5 12 0500  -28.9  968.5  444.0  444.0   74.6  444.0
2022 132  5 12 0600  -28.8  968.0  444.0  444.0   74.0  444.0
2022 132  5 12 0700  -28.3  968.0  444.0  444.0   74.9  444.0
2022 132  5 12 0800  -29.1  967.7  444.0  444.0   74.0  444.0
2022 132  5 12 0900  -29.8  967.4  444.0  444.0   74.0  444.0
2022 132  5 12 1000  -30.2  967.7  444.0  444.0   73.0  444.0
2022 132  5 12 1100  -31.5  968.1  444.0  444.0   72.3  444.0
2022 132  5 12 1200  -35.8  968.3  444.0  444.0   70.0  444.0
2022 132  5 12 1300  -37.9  969.0  444.0  444.0   68.6  444.0
2022 132  5 12 1400  -40.1  969.7  444.0  444.0   68.0  444.0
2022 132  5 12 1500  -41.2  970.1  444.0  444.0   67.0  444.0
2022 132  5 12 1600  -42.9  971.5  444.0  444.0   66.0  444.0
2022 132  5 12 1700  -43.3  971.8  444.0  444.0   66.0  444.0
2022 132  5 12 1800  -42.1  972.3  444.0  444.0   67.0  444.0
2022 132  5 12 1900  -42.6  973.3  444.0  444.0   66.0  444.0
2022 132  5 12 2000  -43.1  973.9  444.0  444.0   66.0  444.0
2022 132  5 12 2100  -43.6  975.0  444.0  444.0   65.9  444.0
2022 132  5 12 2200  -43.6  975.3  444.0  444.0   65.8  444.0
2022 132  5 12 2300  -43.2  975.9  444.0  444.0   70.0  444.0
2022 133  5 13 0000  -42.6  975.7  444.0  444.0   66.1  444.0
2022 133  5 13 0100  -41.9  975.7  444.0  444.0   66.0  444.0
2022 133  5 13 0200  -40.5  975.7  444.0  444.0   67.0  444.0
2022 133  5 13 0300  -40.0  975.9  444.0  444.0   67.0  444.0
2022 133  5 13 0400  -39.9  975.5  444.0  444.0   67.0  444.0
2022 133  5 13 0500  -40.0  976.1  444.0  444.0   67.2  444.0
2022 133  5 13 0600  -40.2  976.2  444.0  444.0   67.0  444.0
2022 133  5 13 0700  -40.5  976.1  444.0  444.0   67.0  444.0
2022 133  5 13 0800  -39.7  976.0  444.0  444.0   68.0  444.0
2022 133  5 13 0900  -38.7  976.1  444.0  444.0   68.1  444.0
2022 133  5 13 1000  -37.9  976.0  444.0  444.0   68.3  444.0
2022 133  5 13 1100  -37.7  975.7  444.0  444.0   68.8  444.0
2022 133  5 13 1200  -36.9  975.5  444.0  444.0   69.0  444.0
2022 133  5 13 1300  -35.6  975.2  444.0  444.0   70.0  444.0
2022 133  5 13 1400  -33.9  974.8  444.0  444.0   72.0  444.0
2022 133  5 13 1500  -32.0  974.2  444.0  444.0   73.0  444.0
2022 133  5 13 1600  -30.2  974.2  444.0  444.0   73.0  444.0
2022 133  5 13 1700  -29.5  973.8  444.0  444.0   74.0  444.0
2022 133  5 13 1800  -29.5  973.8  444.0  444.0   74.0  444.0
2022 133  5 13 1900  -28.5  973.6  444.0  444.0   75.0  444.0
2022 133  5 13 2000  -27.2  973.2  444.0  444.0   76.0  444.0
2022 133  5 13 2100  -26.7  972.8  444.0  444.0   76.0  444.0
2022 133  5 13 2200  -25.5  971.9  444.0  444.0   78.0  444.0
2022 133  5 13 2300  -24.1  971.2  444.0  444.0   78.0  444.0
2022 134  5 14 0000  -22.8  971.1  444.0  444.0   79.4  444.0
2022 134  5 14 0100  -21.1  971.0  444.0  444.0   81.0  444.0
2022 134  5 14 0200  -20.4  970.1  444.0  444.0   81.5  444.0
2022 134  5 14 0300  -21.0  969.0  444.0  444.0   81.0  444.0
2022 134  5 14 0400  -21.5  968.4  444.0  444.0   80.9  444.0
2022 134  5 14 0500  -18.9  967.3   10.8  204.0   84.0  444.0
2022 134  5 14 0600  -19.1  966.3   14.6  205.0   83.2  444.0
2022 134  5 14 0700  -19.7  965.9   13.3  208.0   83.0  444.0
2022 134  5 14 0800  -18.6  964.4   13.2  218.0   84.0  444.0
2022 134  5 14 0900  -17.4  963.3   14.6  218.0   85.0  444.0
2022 134  5 14 1000  -17.4  962.1   18.7  209.0   85.0  444.0
2022 134  5 14 1100  -16.3  960.2   19.2  217.0   86.7  444.0
2022 134  5 14 1200  -14.6  959.8   17.9  201.0   88.0  444.0
2022 134  5 14 1300  -15.3  959.3   18.7  194.0   87.0  444.0
2022 134  5 14 1400  -15.8  958.8   17.4  189.0   86.4  444.0
2022 134  5 14 1500  -16.4  958.4   17.5  188.0   86.0  444.0
2022 134  5 14 1600  -17.6  958.8   17.5  183.0   84.3  444.0
2022 134  5 14 1700  -22.7  960.4   14.3  172.0   80.0  444.0
2022 134  5 14 1800  -24.2  961.3   13.9  169.0   79.0  444.0
2022 134  5 14 1900  -27.9  962.8   13.2  158.0   76.0  444.0
2022 134  5 14 2000  -28.2  964.2   11.7  165.0   76.0  444.0
2022 134  5 14 2100  -27.8  965.3   12.8  160.0   76.0  444.0
2022 134  5 14 2200  -28.3  966.9   11.6  166.0   75.3  444.0
2022 134  5 14 2300  -28.1  968.1   11.9  164.0   76.0  444.0
2022 135  5 15 0000  -28.5  969.5   12.4  161.0   75.0  444.0
2022 135  5 15 0100  -29.6  971.5   11.3  162.0   75.0  444.0
2022 135  5 15 0200  -28.8  973.1   10.6  158.0   75.0  444.0
2022 135  5 15 0300  -27.2  974.8    8.9  160.0   77.0  444.0
2022 135  5 15 0400  -25.4  976.7    9.7  156.0   78.0  444.0
2022 135  5 15 0500  -20.8  979.0   10.9  127.0   82.0  444.0
2022 135  5 15 0600  -17.9  981.4    9.0  119.0   83.0  444.0
2022 135  5 15 0700  -17.9  983.4    7.3  134.0   83.7  444.0
2022 135  5 15 0800  -18.5  985.0    6.4  159.0   82.0  444.0
2022 135  5 15 0900  -20.4  986.2    8.2  158.0   81.0  444.0
2022 135  5 15 1000  -23.4  987.1    7.6  170.0   80.0  444.0
2022 135  5 15 1100  -24.4  988.1    7.3  165.0   79.0  444.0
2022 135  5 15 1200  -25.5  988.8    6.7  169.0   78.4  444.0
2022 135  5 15 1300  -24.4  988.9    6.1  167.0   79.0  444.0
2022 135  5 15 1400  -22.9  989.0    7.8  167.0   80.0  444.0
2022 135  5 15 1500  -22.9  989.2    6.6  172.0   79.0  444.0
2022 135  5 15 1600  -24.8  989.4    6.5  189.0   78.0  444.0
2022 135  5 15 1700  -26.6  989.2    6.5  191.0   77.0  444.0
2022 135  5 15 1800  -28.3  988.8    5.1  210.0   76.0  444.0
2022 135  5 15 1900  -29.1  988.2    5.5  217.0   75.6  444.0
2022 135  5 15 2000  -30.0  987.5    5.0  216.0   75.0  444.0
2022 135  5 15 2100  -30.9  986.6    5.1  217.0   74.0  444.0
2022 135  5 15 2200  -31.8  985.7    4.8  205.0   73.7  444.0
2022 135  5 15 2300  -32.6  985.4    3.7  215.0   73.0  444.0
2022 136  5 16 0000  -33.2  984.6    4.1  223.0   73.0  444.0
2022 136  5 16 0100  -33.0  983.9    4.8  209.0   72.8  444.0
2022 136  5 16 0200  -32.7  983.3    5.0  211.0   73.0  444.0
2022 136  5 16 0300  -32.8  982.4    4.5  202.0   73.0  444.0
2022 136  5 16 0400  -31.7  981.3    5.2  198.0   73.0  444.0
2022 136  5 16 0500  -31.3  980.8    5.5  203.0   73.6  444.0
2022 136  5 16 0600  -31.3  980.5    4.7  218.0   74.0  444.0
2022 136  5 16 0700  -31.0  979.8    5.5  205.0   74.0  444.0
2022 136  5 16 0800  -32.9  979.1    3.8  230.0   72.0  444.0
2022 136  5 16 0900  -32.6  978.4    4.8  227.0   73.0  444.0
2022 136  5 16 1000  -31.6  977.5    5.6  244.0   73.5  444.0
2022 136  5 16 1100  -27.5  976.5    7.4  214.0   76.0  444.0
2022 136  5 16 1200  -25.6  975.4    7.9  219.0   78.0  444.0
2022 136  5 16 1300  -24.3  974.4    7.8  220.0   70.0  444.0
2022 136  5 16 1400  -24.0  973.8    8.3  230.0   70.0  444.0
2022 136  5 16 1500  -25.6  973.0    7.2  226.0   69.0  444.0
2022 136  5 16 1600  -27.2  972.4    5.1  230.0   69.0  444.0
2022 136  5 16 1700  -28.9  971.6    5.3  226.0   69.7  444.0
2022 136  5 16 1800  -28.6  971.1    8.0  239.0   70.0  444.0
2022 136  5 16 1900  -30.4  970.5    7.5  241.0   72.0  444.0
2022 136  5 16 2000  -30.0  969.9    7.7  245.0   68.3  444.0
2022 136  5 16 2100  -28.3  969.2    7.8  240.0   66.0  444.0
2022 136  5 16 2200  -31.1  968.2    7.8  246.0   71.0  444.0
2022 136  5 16 2300  -32.4  967.7    5.7  230.0   73.0  444.0
2022 137  5 17 0000  -33.3  967.1    5.1  250.0   72.9  444.0
2022 137  5 17 0100  -33.8  966.0    5.6  268.0   72.5  444.0
2022 137  5 17 0200  -34.9  965.1    5.3  271.0   71.0  444.0
2022 137  5 17 0300  -35.7  964.4    5.4  264.0   71.0  444.0
2022 137  5 17 0400  -35.9  963.7    6.3  254.0   71.0  444.0
2022 137  5 17 0500  -36.9  963.4    3.5  257.0   69.9  444.0
2022 137  5 17 0600  -37.0  962.8    5.0  248.0   70.0  444.0
2022 137  5 17 0700  -36.6  962.1    4.3  230.0   70.2  444.0
2022 137  5 17 0800  -36.7  961.2    4.4  241.0   70.0  444.0
2022 137  5 17 0900  -36.4  960.9    5.2  224.0   70.0  444.0
2022 137  5 17 1000  -36.2  959.8    5.1  223.0   70.1  444.0
2022 137  5 17 1100  -37.0  959.2    4.0  227.0   70.0  444.0
2022 137  5 17 1200  -36.5  958.3    4.9  201.0   69.9  444.0
2022 137  5 17 1300  -37.7  958.2    2.7  216.0   69.2  444.0
2022 137  5 17 1400  -38.0  958.1    3.4  247.0   69.0  444.0
2022 137  5 17 1500  -39.0  957.5    3.7  236.0   68.0  444.0
2022 137  5 17 1600  -38.9  957.2    3.8  233.0   69.0  444.0
2022 137  5 17 1700  -38.8  956.9    3.6  217.0   68.5  444.0
2022 137  5 17 1800  -37.1  956.7    3.7  217.0   69.4  444.0
2022 137  5 17 1900  -38.7  956.1    2.4  264.0   69.0  444.0
2022 137  5 17 2000  -37.0  955.8    3.1  260.0   69.0  444.0
2022 137  5 17 2100  -36.9  954.7    3.8  248.0   70.0  444.0
2022 137  5 17 2200  -37.2  954.3    3.4  227.0   69.0  444.0
2022 137  5 17 2300  -37.7  954.2    5.1  180.0   69.1  444.0
2022 138  5 18 0000  -41.2  954.2    6.6  162.0   67.0  444.0
2022 138  5 18 0100  -42.6  954.8    5.7  157.0   67.0  444.0
2022 138  5 18 0200  -43.6  954.2    4.9  172.0   66.0  444.0
2022 138  5 18 0300  -44.4  954.4    3.3  175.0   65.4  444.0
2022 138  5 18 0400  -45.2  954.6    2.3  164.0   65.0  444.0
2022 138  5 18 0500  -45.9  954.5    3.0  199.0   64.7  444.0
2022 138  5 18 0600  -46.1  954.9    2.9  190.0   65.0  444.0
2022 138  5 18 0700  -45.8  955.0    3.2  167.0   65.0  444.0
2022 138  5 18 0800  -46.0  955.5    3.1  167.0   64.4  444.0
2022 138  5 18 0900  -45.8  955.4    2.0  126.0   64.0  444.0
2022 138  5 18 1000  -45.9  955.9    3.1  178.0   64.7  444.0
2022 138  5 18 1100  -46.5  956.4    1.2  167.0   64.0  444.0
2022 138  5 18 1200  -46.8  956.8    2.1  224.0   64.0  444.0
2022 138  5 18 1300  -46.4  957.3    0.0    0.0   64.0  444.0
2022 138  5 18 1400  -47.0  957.7    0.0    0.0   64.0  444.0
2022 138  5 18 1500  -47.2  957.8    1.6  252.0   63.9  444.0
2022 138  5 18 1600  -47.5  958.7    0.0    0.0   64.0  444.0
2022 138  5 18 1700  -48.0  959.8    2.4  137.0   64.0  444.0
2022 138  5 18 1800  -46.9  960.7    4.3  123.0   63.7  444.0
2022 138  5 18 1900  -46.7  961.8    4.1  140.0   64.0  444.0
2022 138  5 18 2000  -44.5  963.0    3.6  152.0   65.1  444.0
2022 138  5 18 2100  -44.1  964.0    5.5  162.0   65.0  444.0
2022 138  5 18 2200  -42.9  964.8    7.1  156.0   66.0  444.0
2022 138  5 18 2300  -42.1  966.0    6.6  166.0   66.0  444.0
2022 139  5 19 0000  -41.0  967.5    5.3  162.0   67.0  444.0
2022 139  5 19 0100  -40.5  968.3    6.7  167.0   67.0  444.0
2022 139  5 19 0200  -40.5  969.6    7.0  166.0   67.0  444.0
2022 139  5 19 0300  -38.9  970.3    5.2  183.0   67.7  444.0
2022 139  5 19 0400  -37.2  971.4    5.5  182.0   69.0  444.0
2022 139  5 19 0500  -35.6  972.4    5.2  182.0   70.0  444.0
2022 139  5 19 0600  -34.7  973.0    5.4  188.0   70.2  444.0
2022 139  5 19 0700  -34.0  973.2    6.0  187.0   71.0  444.0
2022 139  5 19 0800  -33.6  973.2    6.5  210.0   71.1  444.0
2022 139  5 19 0900  -33.2  973.2    5.7  221.0   71.4  444.0
2022 139  5 19 1000  -33.5  973.3    7.1  207.0   71.0  444.0
2022 139  5 19 1100  -33.6  972.1    6.7  230.0   71.3  444.0
2022 139  5 19 1200  -35.3  971.8    7.7  229.0   70.0  444.0
2022 139  5 19 1300  -36.9  971.4    7.3  218.0   69.3  444.0
2022 139  5 19 1400  -37.7  970.9    6.8  219.0   69.0  444.0
2022 139  5 19 1500  -38.1  970.9    6.4  213.0   69.0  444.0
2022 139  5 19 1600  -38.4  971.4    3.8  210.0   68.5  444.0
2022 139  5 19 1700  -38.1  971.3    4.9  196.0   68.0  444.0
2022 139  5 19 1800  -39.0  971.3    5.4  190.0   68.1  444.0
2022 139  5 19 1900  -39.6  971.3    4.0  200.0   67.0  444.0
2022 139  5 19 2000  -40.3  972.2    3.3  186.0   67.0  444.0
2022 139  5 19 2100  -40.1  972.3    4.1  203.0   67.4  444.0
2022 139  5 19 2200  -39.8  971.9    5.1  208.0   68.0  444.0
2022 139  5 19 2300  -38.2  972.0    4.7  191.0   69.0  444.0
2022 140  5 20 0000  -36.8  971.9    4.9  199.0   69.0  444.0
2022 140  5 20 0100  -37.2  972.1    4.5  179.0   69.0  444.0
2022 140  5 20 0200  -38.1  972.6    5.5  174.0   68.5  444.0
2022 140  5 20 0300  -39.2  973.5    5.7  173.0   67.9  444.0
2022 140  5 20 0400  -40.3  974.2    4.6  175.0   67.1  444.0
2022 140  5 20 0500  -40.9  974.9    3.2  194.0   67.0  444.0
2022 140  5 20 0600  -41.2  975.6    3.5  197.0   66.7  444.0
2022 140  5 20 0700  -41.0  975.8    4.2  218.0   67.0  444.0
2022 140  5 20 0800  -40.9  976.1    4.7  208.0   67.0  444.0
2022 140  5 20 0900  -40.5  976.0    4.1  207.0   67.0  444.0
2022 140  5 20 1000  -40.3  976.0    3.1  213.0   67.0  444.0
2022 140  5 20 1100  -41.2  976.2    2.2  201.0   66.6  444.0
2022 140  5 20 1200  -40.4  976.6    2.2  196.0   67.3  444.0
2022 140  5 20 1300  -40.3  976.6    2.2  220.0   67.0  444.0
2022 140  5 20 1400  -40.2  976.1    2.2  199.0   67.3  444.0
2022 140  5 20 1500  -40.3  976.3    3.0  226.0   67.0  444.0
2022 140  5 20 1600  -40.5  975.9    1.7  226.0   67.2  444.0
2022 140  5 20 1700  -40.5  975.4    2.7  220.0   67.0  444.0
2022 140  5 20 1800  -42.0  975.6    2.8  250.0   66.0  444.0
2022 140  5 20 1900  -40.9  975.2    1.8  211.0   66.7  444.0
2022 140  5 20 2000  -41.2  975.2    2.1  228.0   66.0  444.0
2022 140  5 20 2100  -40.6  975.0    2.5  227.0   66.7  444.0
2022 140  5 20 2200  -41.7  975.1    2.6  230.0   66.0  444.0
2022 140  5 20 2300  -41.1  974.3    2.9  231.0   67.0  444.0
2022 141  5 21 0000  -41.5  974.3    3.2  243.0   66.3  444.0
2022 141  5 21 0100  -41.6  973.5    4.0  232.0   66.0  444.0
2022 141  5 21 0200  -41.3  972.8    3.5  226.0   67.0  444.0
2022 141  5 21 0300  -41.0  972.6    3.5  226.0   67.0  444.0
2022 141  5 21 0400  -41.3  972.4    3.2  244.0   67.0  444.0
2022 141  5 21 0500  -41.9  972.2    1.8  272.0   66.0  444.0
2022 141  5 21 0600  -40.1  971.4    2.4  232.0   67.0  444.0
2022 141  5 21 0700  -34.8  970.7    2.5  211.0   69.4  444.0
2022 141  5 21 0800  -38.4  970.2    2.1  210.0   68.0  444.0
2022 141  5 21 0900  -38.0  970.0    1.9  249.0   68.4  444.0
2022 141  5 21 1000  -40.6  969.7    0.0    0.0   66.0  444.0
2022 141  5 21 1100  -39.5  968.9    0.0    0.0   68.0  444.0
2022 141  5 21 1200  -39.7  968.5    0.0    0.0   67.4  444.0
2022 141  5 21 1300  -42.3  968.1    0.0    0.0   66.0  444.0
2022 141  5 21 1400  -44.0  968.1    0.0    0.0   65.3  444.0
2022 141  5 21 1500  -40.7  967.7    0.0    0.0   67.0  444.0
2022 141  5 21 1600  -43.8  967.2    0.0    0.0   66.0  444.0
2022 141  5 21 1700  -45.9  967.3    0.8  346.0   63.9  444.0
2022 141  5 21 1800  -44.8  967.1    0.0    0.0   64.0  444.0
2022 141  5 21 1900  -44.8  967.0    0.0    0.0   64.7  444.0
2022 141  5 21 2000  -47.5  967.0    2.0   74.0   64.0  444.0
2022 141  5 21 2100  -47.6  967.2    1.7   96.0   63.0  444.0
2022 141  5 21 2200  -48.7  967.5    1.4   95.0   63.1  444.0
2022 141  5 21 2300  -48.2  967.9    0.0    0.0   63.0  444.0
2022 142  5 22 0000  -47.6  968.0    0.0    0.0   63.0  444.0
2022 142  5 22 0100  -47.8  968.2    0.0    0.0   63.0  444.0
2022 142  5 22 0200  -48.4  968.5    3.0  144.0   63.0  444.0
2022 142  5 22 0300  -45.7  968.8    1.2  120.0   63.8  444.0
2022 142  5 22 0400  -44.0  969.2    2.5  130.0   65.0  444.0
2022 142  5 22 0500  -42.2  969.6    3.1  152.0   65.8  444.0
2022 142  5 22 0600  -41.9  970.0    2.8  152.0   65.9  444.0
2022 142  5 22 0700  -42.2  970.4    0.2  148.0   66.0  444.0
2022 142  5 22 0800  -41.1  970.9    0.0    0.0   66.0  444.0
2022 142  5 22 0900  -41.5  971.4    2.7  163.0   66.0  444.0
2022 142  5 22 1000  -42.4  971.8    3.4  153.0   65.8  444.0
2022 142  5 22 1100  -43.2  972.9    0.0    0.0   65.4  444.0
2022 142  5 22 1200  -43.8  973.0    0.4  162.0   65.0  444.0
2022 142  5 22 1300  -45.2  974.4    2.5  152.0   64.0  444.0
2022 142  5 22 1400  -46.2  975.4    0.0    0.0   64.0  444.0
2022 142  5 22 1500  -46.4  975.7    1.1  168.0   63.6  444.0
2022 142  5 22 1600  -45.8  975.7    3.5  160.0   64.0  444.0
2022 142  5 22 1700  -44.6  976.5    1.6  153.0   65.0  444.0
2022 142  5 22 1800  -44.6  977.0    3.3  153.0   65.0  444.0
2022 142  5 22 1900  -44.0  978.0    4.4  144.0   65.0  444.0
2022 142  5 22 2000  -43.3  979.0    4.4  147.0   65.2  444.0
2022 142  5 22 2100  -42.7  979.6    4.7  144.0   65.5  444.0
2022 142  5 22 2200  -42.9  981.0    4.2  128.0   65.3  444.0
2022 142  5 22 2300  -43.2  981.5    4.4  130.0   65.0  444.0
2022 143  5 23 0000  -42.7  982.2    5.3  135.0   65.0  444.0
2022 143  5 23 0100  -42.8  982.8    6.0  140.0   65.0  444.0
2022 143  5 23 0200  -43.0  983.4    5.7  146.0   65.2  444.0
2022 143  5 23 0300  -42.6  983.9    5.9  146.0   65.0  444.0
2022 143  5 23 0400  -42.2  985.1    5.1  146.0   65.5  444.0
2022 143  5 23 0500  -42.0  985.9    4.8  141.0   66.0  444.0
2022 143  5 23 0600  -41.8  986.2    5.6  148.0   66.0  444.0
2022 143  5 23 0700  -41.8  986.7    5.9  142.0   66.0  444.0
2022 143  5 23 0800  -41.9  987.4    6.0  144.0   65.8  444.0
2022 143  5 23 0900  -41.3  988.1    5.6  142.0   66.0  444.0
2022 143  5 23 1000  -42.0  988.5    6.3  156.0   66.0  444.0
2022 143  5 23 1100  -43.2  988.7    6.6  159.0   65.0  444.0
2022 143  5 23 1200  -43.6  989.1    5.7  157.0   65.0  444.0
2022 143  5 23 1300  -43.8  989.4    6.3  157.0   65.0  444.0
2022 143  5 23 1400  -43.6  989.8    6.8  153.0   65.0  444.0
2022 143  5 23 1500  -41.8  990.3    6.2  162.0   66.0  444.0
2022 143  5 23 1600  -40.7  989.6    6.8  170.0   66.0  444.0
2022 143  5 23 1700  -40.6  988.7    7.5  170.0   67.0  444.0
2022 143  5 23 1800  -40.0  989.0    6.6  177.0   67.0  444.0
2022 143  5 23 1900  -39.5  988.9    7.1  179.0   67.0  444.0
2022 143  5 23 2000  -39.3  988.3    8.2  183.0   67.0  444.0
2022 143  5 23 2100  -38.6  987.8    8.2  183.0   68.0  444.0
2022 143  5 23 2200  -38.4  987.8    7.8  183.0   68.0  444.0
2022 143  5 23 2300  -38.3  987.3    7.7  188.0   68.0  444.0
2022 144  5 24 0000  -37.6  986.2    8.1  186.0   68.2  444.0
2022 144  5 24 0100  -36.1  985.4    8.0  182.0   69.0  444.0
2022 144  5 24 0200  -34.7  984.3    9.2  183.0   69.5  444.0
2022 144  5 24 0300  -34.5  983.3    8.7  186.0   70.0  444.0
2022 144  5 24 0400  -34.2  982.0    9.6  188.0   70.0  444.0
2022 144  5 24 0500  -33.9  981.7   10.8  180.0   70.5  444.0
2022 144  5 24 0600  -32.4  981.5   10.5  179.0   72.0  444.0
2022 144  5 24 0700  -30.8  981.1    9.7  185.0   72.8  444.0
2022 144  5 24 0800  -29.7  980.5   11.4  193.0   73.0  444.0
2022 144  5 24 0900  -29.5  979.5   11.4  194.0   73.0  444.0
2022 144  5 24 1000  -30.4  978.3   11.0  201.0   73.0  444.0
2022 144  5 24 1100  -31.0  977.7   11.8  188.0   72.0  444.0
2022 144  5 24 1200  -31.3  976.7   11.6  187.0   72.3  444.0
2022 144  5 24 1300  -30.5  976.3   11.3  231.0   73.0  444.0
2022 144  5 24 1400  -30.2  976.2   10.6  188.0   73.0  444.0
2022 144  5 24 1500  -29.2  975.7   11.4  184.0   74.0  444.0
2022 144  5 24 1600  -29.0  975.6   10.7  181.0   74.0  444.0
2022 144  5 24 1700  -28.3  975.2   10.9  179.0   75.0  444.0
2022 144  5 24 1800  -27.6  974.8   10.8  181.0   75.0  444.0
2022 144  5 24 1900  -28.1  974.6   10.5  172.0   75.0  444.0
2022 144  5 24 2000  -27.5  974.3   10.6  184.0   76.0  444.0
2022 144  5 24 2100  -27.1  974.5   11.6  176.0   76.0  444.0
2022 144  5 24 2200  -27.0  974.9   10.6  178.0   75.9  444.0
2022 144  5 24 2300  -26.3  974.7   10.1  173.0   77.0  444.0
2022 145  5 25 0000  -26.2  974.8   11.1  168.0   76.7  444.0
2022 145  5 25 0100  -25.8  975.2   10.3  169.0   77.0  444.0
2022 145  5 25 0200  -25.9  974.9   10.4  169.0   77.0  444.0
2022 145  5 25 0300  -25.6  975.5    8.5  163.0   77.2  444.0
2022 145  5 25 0400  -26.1  975.4    7.7  178.0   77.0  444.0
2022 145  5 25 0500  -24.6  975.9    9.3  172.0   78.1  444.0
2022 145  5 25 0600  -24.7  976.4    9.1  171.0   78.0  444.0
2022 145  5 25 0700  -24.8  976.7    9.0  181.0   77.9  444.0
2022 145  5 25 0800  -23.5  977.2    8.1  175.0   79.0  444.0
2022 145  5 25 0900  -23.7  977.3    8.2  189.0   79.0  444.0
2022 145  5 25 1000  -24.3  977.9    9.4  183.0   78.2  444.0
2022 145  5 25 1100  -24.7  978.3    8.3  174.0   78.0  444.0
2022 145  5 25 1200  -24.7  978.6    8.0  188.0   78.0  444.0
2022 145  5 25 1300  -24.8  979.2    7.8  188.0   78.0  444.0
2022 145  5 25 1400  -25.2  980.2    6.6  187.0   78.0  444.0
2022 145  5 25 1500  -25.5  980.3    6.9  185.0   77.5  444.0
2022 145  5 25 1600  -25.8  980.8    6.9  183.0   77.0  444.0
2022 145  5 25 1700  -26.2  981.4    6.2  189.0   77.0  444.0
2022 145  5 25 1800  -26.3  982.1    5.1  177.0   77.0  444.0
2022 145  5 25 1900  -26.9  982.8    5.8  179.0   77.0  444.0
2022 145  5 25 2000  -27.4  983.6    4.9  157.0   76.0  444.0
2022 145  5 25 2100  -27.6  984.0    4.6  168.0   76.0  444.0
2022 145  5 25 2200  -27.3  984.8    5.3  175.0   76.0  444.0
2022 145  5 25 2300  -26.8  985.0    6.1  184.0   77.0  444.0
2022 146  5 26 0000  -26.0  985.3    5.2  183.0   77.0  444.0
2022 146  5 26 0100  -24.9  985.9    5.5  176.0   78.2  444.0
2022 146  5 26 0200  -23.4  986.1    6.2  179.0   79.0  444.0
2022 146  5 26 0300  -22.4  986.5    5.9  178.0   80.2  444.0
2022 146  5 26 0400  -22.4  986.7    7.2  174.0   80.0  444.0
2022 146  5 26 0500  -22.3  987.0    7.2  177.0   81.0  444.0
2022 146  5 26 0600  -22.0  986.9    7.0  188.0   80.7  444.0
2022 146  5 26 0700  -22.3  986.8    6.7  190.0   81.0  444.0
2022 146  5 26 0800  -22.6  986.7    6.7  182.0   80.4  444.0
2022 146  5 26 0900  -22.8  986.5    6.2  191.0   80.0  444.0
2022 146  5 26 1000  -22.3  986.0    7.6  182.0   81.0  444.0
2022 146  5 26 1100  -22.1  985.9    6.2  198.0   81.0  444.0
2022 146  5 26 1200  -21.4  985.5    4.5  217.0   81.0  444.0
2022 146  5 26 1300  -21.9  984.7    6.6  197.0   81.0  444.0
2022 146  5 26 1400  -22.3  984.3    6.1  204.0   81.0  444.0
2022 146  5 26 1500  -21.8  984.0    6.5  192.0   81.0  444.0
2022 146  5 26 1600  -21.1  983.5    6.4  200.0   82.0  444.0
2022 146  5 26 1700  -21.1  983.3    7.0  199.0   82.0  444.0
2022 146  5 26 1800  -21.4  983.2    7.5  201.0   82.0  444.0
2022 146  5 26 1900  -22.1  982.9    7.1  200.0   81.0  444.0
2022 146  5 26 2000  -23.7  982.2    6.8  207.0   79.0  444.0
2022 146  5 26 2100  -24.5  981.8    7.7  212.0   79.0  444.0
2022 146  5 26 2200  -25.8  981.9    6.1  205.0   78.0  444.0
2022 146  5 26 2300  -27.2  981.7    6.4  210.0   76.9  444.0
2022 147  5 27 0000  -28.0  981.1    6.7  202.0   76.0  444.0
2022 147  5 27 0100  -29.0  980.4    5.1  205.0   75.3  444.0
2022 147  5 27 0200  -29.7  979.9    5.2  221.0   75.0  444.0
2022 147  5 27 0300  -30.9  979.5    5.0  232.0   74.0  444.0
2022 147  5 27 0400  -31.8  978.6    4.9  243.0   73.5  444.0
2022 147  5 27 0500  -32.7  978.3    2.7  256.0   73.0  444.0
2022 147  5 27 0600  -32.9  977.2    4.3  251.0   72.7  444.0
2022 147  5 27 0700  -33.3  976.2    2.8  254.0   72.0  444.0
2022 147  5 27 0800  -34.6  975.6    3.0  276.0   71.0  444.0
2022 147  5 27 0900  -34.3  974.7    1.6  270.0   71.0  444.0
2022 147  5 27 1000  -34.4  973.9    2.1  249.0   71.0  444.0
2022 147  5 27 1100  -33.4  973.2    4.0  225.0   72.4  444.0
2022 147  5 27 1200  -34.5  972.6    4.2  232.0   71.0  444.0
2022 147  5 27 1300  -35.1  972.3    3.9  203.0   71.0  444.0
2022 147  5 27 1400  -34.2  972.0    4.2  229.0   72.0  444.0
2022 147  5 27 1500  -34.5  972.0    3.2  197.0   71.0  444.0
2022 147  5 27 1600  -34.6  971.6    4.0  248.0   71.0  444.0
2022 147  5 27 1700  -34.7  971.1    3.0  225.0   71.0  444.0
2022 147  5 27 1800  -34.0  971.0    2.9  231.0   72.0  444.0
2022 147  5 27 1900  -33.4  971.2    4.8  254.0   72.0  444.0
2022 147  5 27 2000  -33.4  971.3    4.1  239.0   72.0  444.0
2022 147  5 27 2100  -34.0  971.0    4.7  235.0   72.0  444.0
2022 147  5 27 2200  -35.2  971.0    2.9  236.0   70.6  444.0
2022 147  5 27 2300  -35.8  971.5    2.6  282.0   70.0  444.0
2022 148  5 28 0000  -35.2  971.4    0.2  276.0   71.0  444.0
2022 148  5 28 0100  -34.6  971.2    0.0    0.0   71.0  444.0
2022 148  5 28 0200  -35.9  971.0    0.0    0.0   70.2  444.0
2022 148  5 28 0300  -35.1  971.0    0.0    0.0   70.9  444.0
2022 148  5 28 0400  -35.7  971.2    0.0    0.0   70.0  444.0
2022 148  5 28 0500  -37.8  971.7    0.0    0.0   69.0  444.0
2022 148  5 28 0600  -36.9  972.1    0.0    0.0   69.8  444.0
2022 148  5 28 0700  -38.1  972.5    2.7  192.0   68.0  444.0
2022 148  5 28 0800  -38.4  972.6    3.2  144.0   69.0  444.0
2022 148  5 28 0900  -37.3  972.6    2.9  140.0   69.0  444.0
2022 148  5 28 1000  -39.5  972.5    0.0    0.0   67.7  444.0
2022 148  5 28 1100  -40.2  972.4    2.3  124.0   68.0  444.0
2022 148  5 28 1200  -40.3  972.3    1.2  111.0   68.0  444.0
2022 148  5 28 1300  -39.7  972.1    0.0    0.0   68.0  444.0
2022 148  5 28 1400  -40.8  971.9    0.0    0.0   67.4  444.0
2022 148  5 28 1500  -40.6  971.7    0.0    0.0   67.0  444.0
2022 148  5 28 1600  -41.2  971.3    0.0    0.0   67.0  444.0
2022 148  5 28 1700  -41.9  971.2    2.1  192.0   67.0  444.0
2022 148  5 28 1800  -39.7  970.7    3.1  180.0   68.0  444.0
2022 148  5 28 1900  -33.2  970.3    0.6  176.0   71.7  444.0
2022 148  5 28 2000  -31.1  969.7    3.2  199.0   73.3  444.0
2022 148  5 28 2100  -29.4  969.0    4.9  221.0   74.0  444.0
2022 148  5 28 2200  -28.3  968.2    7.0  192.0   75.0  444.0
2022 148  5 28 2300  -26.8  966.9    6.0  202.0   76.0  444.0
2022 149  5 29 0000  -24.5  965.8    6.9  194.0   78.5  444.0
2022 149  5 29 0100  -22.6  964.7    7.8  192.0   79.9  444.0
2022 149  5 29 0200  -20.4  963.4    9.4  174.0   82.0  444.0
2022 149  5 29 0300  -20.3  961.7    9.8  182.0   82.0  444.0
2022 149  5 29 0400  -19.4  960.5    9.5  176.0   83.0  444.0
2022 149  5 29 0500  -17.8  959.3   11.2  166.0   84.6  444.0
2022 149  5 29 0600  -17.1  958.1   12.7  165.0   85.0  444.0
2022 149  5 29 0700  -18.4  957.4   12.4  166.0   84.0  444.0
2022 149  5 29 0800  -18.5  957.2   11.7  161.0   84.4  444.0
2022 149  5 29 0900  -17.6  956.7   10.9  156.0   86.0  444.0
2022 149  5 29 1000  -16.2  956.5   10.4  152.0   87.0  444.0
2022 149  5 29 1100  -15.5  956.5    9.8  153.0   88.0  444.0
2022 149  5 29 1200  -15.0  956.8    8.8  151.0   88.0  444.0
2022 149  5 29 1300  -14.9  956.9    9.4  153.0   88.3  444.0
2022 149  5 29 1400  -14.2  956.5    8.6  156.0   89.0  444.0
2022 149  5 29 1500  -14.7  957.1   10.0  154.0   89.0  444.0
2022 149  5 29 1600  -13.4  957.0    9.5  160.0   90.0  444.0
2022 149  5 29 1700  -12.5  956.1   10.5  170.0   91.0  444.0
2022 149  5 29 1800  -11.4  955.6    9.9  165.0   92.8  444.0
2022 149  5 29 1900  -12.6  955.1    9.6  169.0   91.0  444.0
2022 149  5 29 2000  -12.6  954.2   10.1  184.0   92.0  444.0
2022 149  5 29 2100  -14.0  954.3   10.7  174.0   90.0  444.0
2022 149  5 29 2200  -14.6  953.9    9.6  168.0   89.0  444.0
2022 149  5 29 2300  -14.7  953.2    8.5  168.0   89.1  444.0
2022 150  5 30 0000  -15.4  952.8    6.7  164.0   88.0  444.0
2022 150  5 30 0100  -17.0  953.0    6.2  158.0   87.0  444.0
2022 150  5 30 0200  -19.0  953.7    7.1  137.0   84.0  444.0
2022 150  5 30 0300  -20.9  953.4    5.2  149.0   82.0  444.0
2022 150  5 30 0400  -21.0  954.4    5.6  140.0   82.8  444.0
2022 150  5 30 0500  -18.7  955.5    4.5  121.0   85.5  444.0
2022 150  5 30 0600  -15.4  956.2    3.0   71.0   89.0  444.0
2022 150  5 30 0700  -15.5  958.0    2.4   92.0   88.0  444.0
2022 150  5 30 0800  -15.1  959.2    6.1   69.0   89.0  444.0
2022 150  5 30 0900  -16.1  960.2    5.4   34.0   88.0  444.0
2022 150  5 30 1000  -17.0  961.1    2.9   37.0   86.6  444.0
2022 150  5 30 1100  -17.9  962.6    1.8   70.0   85.7  444.0
2022 150  5 30 1200  -19.1  962.3    1.5   91.0   84.0  444.0
2022 150  5 30 1300  -20.7  962.1    0.4   33.0   82.0  444.0
2022 150  5 30 1400  -20.8  962.1    1.0    3.0   81.9  444.0
2022 150  5 30 1500  -23.2  961.7    2.3  329.0   79.8  444.0
2022 150  5 30 1600  -22.4  961.4    3.4  319.0   81.3  444.0
2022 150  5 30 1700  -21.8  961.3    3.7  311.0   82.0  444.0
2022 150  5 30 1800  -20.9  960.5    4.8  306.0   82.0  444.0
2022 150  5 30 1900  -20.4  960.4    4.9  324.0   83.2  444.0
2022 150  5 30 2000  -20.3  960.1    5.9  331.0   83.0  444.0
2022 150  5 30 2100  -20.0  960.1    5.5  329.0   83.3  444.0
2022 150  5 30 2200  -20.4  959.8    6.2  336.0   83.0  444.0
2022 150  5 30 2300  -20.8  960.5    4.9  356.0   82.0  444.0
2022 151  5 31 0000  -21.2  961.4    4.6    9.0   82.4  444.0
2022 151  5 31 0100  -21.0  961.8    5.0    5.0   82.0  444.0
2022 151  5 31 0200  -21.7  962.0    4.8    2.0   81.6  444.0
2022 151  5 31 0300  -22.8  962.5    3.5  359.0   80.4  444.0
2022 151  5 31 0400  -23.6  962.5    3.8    2.0   80.0  444.0
2022 151  5 31 0500  -23.3  963.1    3.7  355.0   80.0  444.0
2022 151  5 31 0600  -23.2  963.6    3.6  354.0   80.0  444.0
2022 151  5 31 0700  -22.1  963.1    6.4  334.0   81.0  444.0
2022 151  5 31 0800  -21.8  962.8    7.0  339.0   81.6  444.0
2022 151  5 31 0900  -21.5  963.0    6.9  336.0   82.0  444.0
2022 151  5 31 1000  -21.4  963.0    7.1  335.0   82.0  444.0
2022 151  5 31 1100  -21.2  962.7    6.4  330.0   82.0  444.0
2022 151  5 31 1200  -20.9  962.9    6.8  341.0   82.3  444.0
2022 151  5 31 1300  -20.2  963.1    5.4  342.0   83.0  444.0
2022 151  5 31 1400  -19.8  963.8    4.3  348.0   83.4  444.0
2022 151  5 31 1500  -19.4  964.1    4.9    8.0   84.0  444.0
2022 151  5 31 1600  -19.5  965.2    5.9   38.0   84.0  444.0
2022 151  5 31 1700  -19.6  965.9    7.3   35.0   83.5  444.0
2022 151  5 31 1800  -19.3  967.6    6.6   58.0   84.0  444.0
2022 151  5 31 1900  -19.6  968.8    5.9   55.0   83.5  444.0
2022 151  5 31 2000  -20.0  969.8    3.9   67.0   83.0  444.0
2022 151  5 31 2100  -21.1  971.2    3.9   96.0   82.0  444.0
2022 151  5 31 2200  -21.6  972.2    3.6   94.0   81.7  444.0
2022 151  5 31 2300  -21.9  973.3    2.4  112.0   81.0  444.0
