Year: 2023  Month: 09  ID: GIL  ARGOS:  8911  Name: Gill                
Lat: 79.83S  Lon: 178.54W  Elev:   53m
2023 244  9  1 0000  -39.6  978.3    5.0  240.0   68.0  444.0
2023 244  9  1 0100  -40.8  978.3  444.0  444.0   67.0  444.0
2023 244  9  1 0200  -42.0  978.0  444.0  444.0   67.0  444.0
2023 244  9  1 0300  -42.5  977.4  444.0  444.0   66.0  444.0
2023 244  9  1 0400  -42.6  977.3  444.0  444.0   66.1  444.0
2023 244  9  1 0500  -42.4  977.4  444.0  444.0   66.2  444.0
2023 244  9  1 0600  -43.6  977.3  444.0  444.0   66.0  444.0
2023 244  9  1 0700  -43.3  976.9  444.0  444.0   66.0  444.0
2023 244  9  1 0800  -43.6  976.6  444.0  444.0   66.0  444.0
2023 244  9  1 0900  -44.1  976.7  444.0  444.0   65.4  444.0
2023 244  9  1 1000  -43.9  976.9  444.0  444.0   65.3  444.0
2023 244  9  1 1100  -44.4  977.1  444.0  444.0   65.0  444.0
2023 244  9  1 1200  -44.6  977.3  444.0  444.0   65.0  444.0
2023 244  9  1 1300  -43.9  977.5  444.0  444.0   65.0  444.0
2023 244  9  1 1400  -41.9  977.7  444.0  444.0   66.0  444.0
2023 244  9  1 1500  -40.8  978.0  444.0  444.0   66.5  444.0
2023 244  9  1 1600  -41.1  978.0  444.0  444.0   67.0  444.0
2023 244  9  1 1700  -40.7  978.5  444.0  444.0   67.0  444.0
2023 244  9  1 1800  -41.0  978.7  444.0  444.0   67.0  444.0
2023 244  9  1 1900  -40.8  979.1  444.0  444.0   67.0  444.0
2023 244  9  1 2000  -40.4  979.5  444.0  444.0   67.0  444.0
2023 244  9  1 2100  -38.4  979.8  444.0  444.0   68.0  444.0
2023 244  9  1 2200  -37.9  980.2  444.0  444.0   68.0  444.0
2023 244  9  1 2300  -36.6  980.5  444.0  444.0   69.0  444.0
2023 245  9  2 0000  -36.5  980.5  444.0  444.0   69.0  444.0
2023 245  9  2 0100  -34.8  980.5  444.0  444.0   69.3  444.0
2023 245  9  2 0200  -36.4  980.4  444.0  444.0   69.0  444.0
2023 245  9  2 0300  -38.1  980.6  444.0  444.0   68.0  444.0
2023 245  9  2 0400  -39.5  980.4  444.0  444.0   67.0  444.0
2023 245  9  2 0500  -40.6  980.3  444.0  444.0   67.0  444.0
2023 245  9  2 0600  -41.5  980.4  444.0  444.0   66.0  444.0
2023 245  9  2 0700  -39.5  979.6  444.0  444.0   67.0  444.0
2023 245  9  2 0800  -39.9  979.6    3.4  230.0   67.0  444.0
2023 245  9  2 0900  -41.7  979.4    2.2  233.0   66.0  444.0
2023 245  9  2 1000  -42.8  979.4    0.3  233.0   66.0  444.0
2023 245  9  2 1100  -45.0  979.1    1.1  233.0   64.0  444.0
2023 245  9  2 1200  -46.3  979.1    2.0  233.0   64.0  444.0
2023 245  9  2 1300  -46.5  978.7    2.1  233.0   64.0  444.0
2023 245  9  2 1400  -44.7  978.0    5.0  204.0   65.0  444.0
2023 245  9  2 1500  -45.3  977.5    4.7  205.0   65.0  444.0
2023 245  9  2 1600  -45.5  977.2    3.4  198.0   64.0  444.0
2023 245  9  2 1700  -46.4  976.7    3.6  199.0   64.0  444.0
2023 245  9  2 1800  -47.0  976.6    2.9  196.0   63.5  444.0
2023 245  9  2 1900  -47.6  976.7    3.5  182.0   63.0  444.0
2023 245  9  2 2000  -48.4  976.4    3.9  189.0   63.0  444.0
2023 245  9  2 2100  -48.9  976.3    6.0  180.0   63.0  444.0
2023 245  9  2 2200  -48.0  976.7    5.5  181.0   63.0  444.0
2023 245  9  2 2300  -46.1  976.4    6.3  187.0   63.6  444.0
2023 246  9  3 0000  -45.1  976.2    7.7  201.0   64.0  444.0
2023 246  9  3 0100  -44.6  976.0    8.3  195.0   64.0  444.0
2023 246  9  3 0200  -43.4  975.6    7.4  192.0   65.0  444.0
2023 246  9  3 0300  -42.8  975.0    7.4  203.0   65.0  444.0
2023 246  9  3 0400  -43.3  974.5    8.3  200.0   65.2  444.0
2023 246  9  3 0500  -43.4  974.0    8.8  192.0   65.0  444.0
2023 246  9  3 0600  -43.0  973.4    9.8  191.0   65.0  444.0
2023 246  9  3 0700  -42.0  972.9    9.5  192.0   65.6  444.0
2023 246  9  3 0800  -40.7  972.6    9.1  194.0   66.0  444.0
2023 246  9  3 0900  -39.4  972.3   10.0  188.0   67.0  444.0
2023 246  9  3 1000  -37.7  972.2    9.7  190.0   68.0  444.0
2023 246  9  3 1100  -35.5  971.9   11.0  187.0   69.0  444.0
2023 246  9  3 1200  -34.0  971.4   10.7  187.0   70.0  444.0
2023 246  9  3 1300  -32.7  971.1   11.5  193.0   71.0  444.0
2023 246  9  3 1400  -31.6  971.1   10.8  189.0   72.0  444.0
2023 246  9  3 1500  -30.9  970.9   10.8  192.0   72.0  444.0
2023 246  9  3 1600  -30.9  970.6   10.2  184.0   72.0  444.0
2023 246  9  3 1700  -30.6  970.4   10.2  192.0   72.4  444.0
2023 246  9  3 1800  -30.0  970.3    9.2  190.0   73.0  444.0
2023 246  9  3 1900  -29.7  970.6    8.4  195.0   73.0  444.0
2023 246  9  3 2000  -29.8  970.5    9.1  197.0   73.0  444.0
2023 246  9  3 2100  -29.9  970.5    9.0  195.0   73.0  444.0
2023 246  9  3 2200  -29.8  970.8    8.3  198.0   73.0  444.0
2023 246  9  3 2300  -29.5  971.0    7.9  190.0   73.0  444.0
2023 247  9  4 0000  -29.8  970.8    7.1  196.0   73.0  444.0
2023 247  9  4 0100  -30.5  971.1    6.9  195.0   72.5  444.0
2023 247  9  4 0200  -31.2  971.5    6.5  195.0   72.0  444.0
2023 247  9  4 0300  -32.4  971.7    5.6  201.0   72.0  444.0
2023 247  9  4 0400  -33.8  972.2    4.9  210.0   71.0  444.0
2023 247  9  4 0500  -33.6  972.1    6.4  198.0   71.0  444.0
2023 247  9  4 0600  -33.8  972.4    6.6  204.0   71.0  444.0
2023 247  9  4 0700  -33.5  972.2    7.1  209.0   71.0  444.0
2023 247  9  4 0800  -32.9  972.7    7.2  210.0   71.0  444.0
2023 247  9  4 0900  -31.4  972.9    7.1  212.0   72.0  444.0
2023 247  9  4 1000  -31.3  973.5    6.7  212.0   72.2  444.0
2023 247  9  4 1100  -30.5  974.1    6.6  208.0   73.0  444.0
2023 247  9  4 1200  -30.1  974.3    5.8  205.0   73.0  444.0
2023 247  9  4 1300  -29.8  974.5    5.3  226.0   74.0  444.0
2023 247  9  4 1400  -29.5  975.1  444.0  444.0   74.0  444.0
2023 247  9  4 1500  -31.0  975.2  444.0  444.0   72.0  444.0
2023 247  9  4 1600  -32.6  975.7  444.0  444.0   72.0  444.0
2023 247  9  4 1700  -33.9  975.9  444.0  444.0   71.0  444.0
2023 247  9  4 1800  -34.9  976.3  444.0  444.0   70.0  444.0
2023 247  9  4 1900  -35.9  976.9  444.0  444.0   66.0  444.0
2023 247  9  4 2000  -36.5  976.8  444.0  444.0   69.0  444.0
2023 247  9  4 2100  -36.8  977.3  444.0  444.0   69.0  444.0
2023 247  9  4 2200  -36.0  977.4  444.0  444.0   69.0  444.0
2023 247  9  4 2300  -35.2  977.7  444.0  444.0   70.0  444.0
2023 248  9  5 0000  -35.2  977.9  444.0  444.0   70.0  444.0
2023 248  9  5 0100  -35.2  978.3    5.3  231.0   70.0  444.0
2023 248  9  5 0200  -35.4  978.5    5.8  237.0   70.0  444.0
2023 248  9  5 0300  -35.5  978.4    5.9  243.0   70.0  444.0
2023 248  9  5 0400  -35.5  978.5    6.5  252.0   70.0  444.0
2023 248  9  5 0500  -34.0  978.4    5.8  252.0   71.0  444.0
2023 248  9  5 0600  -32.6  978.5    6.0  258.0   71.7  444.0
2023 248  9  5 0700  -33.0  978.3    6.0  264.0   71.0  444.0
2023 248  9  5 0800  -32.7  978.1    5.3  265.0   72.0  444.0
2023 248  9  5 0900  -31.2  977.6    5.9  262.0   73.0  444.0
2023 248  9  5 1000  -29.4  977.7    5.4  267.0   73.0  444.0
2023 248  9  5 1100  -29.4  977.2    7.0  261.0   74.0  444.0
2023 248  9  5 1200  -28.6  976.8    7.3  253.0   74.1  444.0
2023 248  9  5 1300  -30.0  976.2    7.8  248.0   73.0  444.0
2023 248  9  5 1400  -31.7  975.9    6.6  258.0   72.0  444.0
2023 248  9  5 1500  -32.2  975.5    7.0  255.0   72.0  444.0
2023 248  9  5 1600  -33.7  974.9    6.0  260.0   71.0  444.0
2023 248  9  5 1700  -33.5  974.1    5.7  259.0   71.2  444.0
2023 248  9  5 1800  -34.1  973.7    4.4  258.0   71.0  444.0
2023 248  9  5 1900  -34.0  973.5    4.8  239.0   71.0  444.0
2023 248  9  5 2000  -32.7  972.9    5.5  243.0   72.0  444.0
2023 248  9  5 2100  -33.0  973.2    5.0  250.0   71.0  444.0
2023 248  9  5 2200  -32.6  972.6    4.6  259.0   71.5  444.0
2023 248  9  5 2300  -32.4  972.1    5.2  249.0   72.0  444.0
2023 249  9  6 0000  -31.9  971.9    5.1  246.0   72.0  444.0
2023 249  9  6 0100  -31.9  971.4    6.1  245.0   72.0  444.0
2023 249  9  6 0200  -31.9  971.3    5.3  240.0   72.0  444.0
2023 249  9  6 0300  -32.5  971.2    5.5  257.0   71.0  444.0
2023 249  9  6 0400  -32.8  970.9    5.7  257.0   71.0  444.0
2023 249  9  6 0500  -32.6  970.4    5.2  248.0   71.5  444.0
2023 249  9  6 0600  -32.2  970.3    4.8  256.0   72.0  444.0
2023 249  9  6 0700  -32.0  970.1    4.8  270.0   72.0  444.0
2023 249  9  6 0800  -32.1  970.0    5.0  268.0   72.0  444.0
2023 249  9  6 0900  -32.0  970.0    4.6  266.0   72.0  444.0
2023 249  9  6 1000  -32.2  969.7    5.4  267.0   71.9  444.0
2023 249  9  6 1100  -32.5  969.7    4.9  263.0   72.0  444.0
2023 249  9  6 1200  -33.1  969.7    6.9  272.0   71.0  444.0
2023 249  9  6 1300  -33.9  970.1    5.6  288.0   71.0  444.0
2023 249  9  6 1400  -36.1  970.0    4.2  283.0   69.0  444.0
2023 249  9  6 1500  -36.9  970.2    5.8  285.0   69.0  444.0
2023 249  9  6 1600  -35.5  970.9    5.5  286.0   70.0  444.0
2023 249  9  6 1700  -34.5  971.1    8.9  278.0   71.0  444.0
2023 249  9  6 1800  -34.0  971.9    7.8  276.0   71.0  444.0
2023 249  9  6 1900  -35.7  972.4    6.8  294.0   69.0  444.0
2023 249  9  6 2000  -36.5  972.9    6.2  282.0   69.2  444.0
2023 249  9  6 2100  -36.8  973.6    5.5  286.0   69.0  444.0
2023 249  9  6 2200  -37.4  974.2    5.4  286.0   69.0  444.0
2023 249  9  6 2300  -37.4  974.8    3.2  289.0   68.0  444.0
2023 250  9  7 0000  -37.8  975.6    2.6  289.0   68.0  444.0
2023 250  9  7 0100  -38.0  975.9    3.3  289.0   68.0  444.0
2023 250  9  7 0200  -36.1  976.3    4.6  284.0   69.0  444.0
2023 250  9  7 0300  -35.8  976.2    4.8  257.0   68.8  444.0
2023 250  9  7 0400  -37.2  976.5    4.1  246.0   68.0  444.0
2023 250  9  7 0500  -37.1  976.7    6.1  259.0   69.0  444.0
2023 250  9  7 0600  -37.0  977.0    5.3  251.0   69.0  444.0
2023 250  9  7 0700  -36.8  977.3    4.3  258.0   70.0  444.0
2023 250  9  7 0800  -34.9  978.0  444.0  444.0   71.0  444.0
2023 250  9  7 0900  -34.7  978.5  444.0  444.0   70.0  444.0
2023 250  9  7 1000  -34.5  978.7  444.0  444.0   70.0  444.0
2023 250  9  7 1100  -34.8  979.7  444.0  444.0   70.0  444.0
2023 250  9  7 1200  -36.4  980.2  444.0  444.0   69.0  444.0
2023 250  9  7 1300  -37.8  980.6  444.0  444.0   68.0  444.0
2023 250  9  7 1400  -37.9  980.8  444.0  444.0   68.0  444.0
2023 250  9  7 1500  -37.5  981.0  444.0  444.0   69.0  444.0
2023 250  9  7 1600  -36.3  981.1  444.0  444.0   69.0  444.0
2023 250  9  7 1700  -35.6  981.4  444.0  444.0   69.0  444.0
2023 250  9  7 1800  -36.1  981.7  444.0  444.0   69.0  444.0
2023 250  9  7 1900  -35.7  981.7  444.0  444.0   70.0  444.0
2023 250  9  7 2000  -36.1  981.2    2.0  198.0   69.0  444.0
2023 250  9  7 2100  -36.6  980.9    4.8  186.0   69.0  444.0
2023 250  9  7 2200  -35.9  980.5    7.4  165.0   70.0  444.0
2023 250  9  7 2300  -35.1  980.2    8.8  159.0   70.0  444.0
2023 251  9  8 0000  -35.0  978.7   10.7  164.0   70.0  444.0
2023 251  9  8 0100  -35.0  976.9   12.2  162.0   70.0  444.0
2023 251  9  8 0200  -34.2  976.2   11.5  161.0   71.0  444.0
2023 251  9  8 0300  -34.0  974.9   13.4  163.0   71.0  444.0
2023 251  9  8 0400  -34.5  973.9   13.4  164.0   70.0  444.0
2023 251  9  8 0500  -33.9  972.3   13.6  167.0   71.0  444.0
2023 251  9  8 0600  -31.1  971.1   13.8  162.0   72.0  444.0
2023 251  9  8 0700  -29.0  970.1   14.8  154.0   74.0  444.0
2023 251  9  8 0800  -27.6  969.0   14.7  156.0   75.0  444.0
2023 251  9  8 0900  -26.3  968.2   14.4  156.0   76.0  444.0
2023 251  9  8 1000  -25.4  967.6   13.6  158.0   77.0  444.0
2023 251  9  8 1100  -24.2  967.0   12.5  156.0   78.0  444.0
2023 251  9  8 1200  -22.8  966.5   12.5  154.0   79.0  444.0
2023 251  9  8 1300  -21.7  966.3   11.5  156.0   80.0  444.0
2023 251  9  8 1400  -20.5  966.3   11.2  202.0   81.0  444.0
2023 251  9  8 1500  -19.6  966.2   10.8  149.0   81.6  444.0
2023 251  9  8 1600  -19.1  966.3   10.2  147.0   82.0  444.0
2023 251  9  8 1700  -18.4  966.8    9.4  147.0   82.8  444.0
2023 251  9  8 1800  -17.8  967.5    8.2  145.0   84.0  444.0
2023 251  9  8 1900  -19.1  968.1    7.9  147.0   83.0  444.0
2023 251  9  8 2000  -19.6  968.8    7.3  146.0   82.0  444.0
2023 251  9  8 2100  -19.2  969.3    7.3  144.0   83.0  444.0
2023 251  9  8 2200  -18.3  969.9    6.5  142.0   83.5  444.0
2023 251  9  8 2300  -17.8  970.8    6.7  144.0   84.0  444.0
2023 252  9  9 0000  -17.8  971.6    6.2  137.0   84.0  444.0
2023 252  9  9 0100  -18.9  972.4    5.8  140.0   83.0  444.0
2023 252  9  9 0200  -19.2  973.4    4.4  131.0   83.0  444.0
2023 252  9  9 0300  -20.1  974.5    3.7  131.0   82.1  444.0
2023 252  9  9 0400  -19.9  975.5    4.7  142.0   82.0  444.0
2023 252  9  9 0500  -19.8  976.8    4.1  144.0   82.0  444.0
2023 252  9  9 0600  -19.9  977.9    4.6  138.0   82.0  444.0
2023 252  9  9 0700  -19.3  979.1    4.5  137.0   83.0  444.0
2023 252  9  9 0800  -19.9  980.3    4.2  137.0   82.3  444.0
2023 252  9  9 0900  -19.3  981.0    4.1  137.0   83.0  444.0
2023 252  9  9 1000  -19.9  982.4    3.1  137.0   82.0  444.0
2023 252  9  9 1100  -21.3  983.6    2.2  137.0   81.0  444.0
2023 252  9  9 1200  -22.7  985.0    4.8  159.0   80.0  444.0
2023 252  9  9 1300  -23.1  985.9    4.6  155.0   79.5  444.0
2023 252  9  9 1400  -23.3  986.9    3.6  150.0   79.0  444.0
2023 252  9  9 1500  -23.4  987.6    3.3  157.0   79.0  444.0
2023 252  9  9 1600  -25.0  988.4    3.8  161.0   78.0  444.0
2023 252  9  9 1700  -27.0  989.5    5.1  157.0   77.0  444.0
2023 252  9  9 1800  -27.1  990.2    3.8  159.0   77.0  444.0
2023 252  9  9 1900  -27.1  990.9    3.1  175.0   77.0  444.0
2023 252  9  9 2000  -26.9  991.5    2.9  177.0   77.0  444.0
2023 252  9  9 2100  -25.9  992.0    3.2  186.0   77.0  444.0
2023 252  9  9 2200  -24.8  992.7    4.1  162.0   78.0  444.0
2023 252  9  9 2300  -23.9  993.1    3.6  185.0   78.0  444.0
2023 253  9 10 0000  -22.6  993.2    4.2  182.0   80.0  444.0
2023 253  9 10 0100  -20.6  993.3    4.8  181.0   81.0  444.0
2023 253  9 10 0200  -18.9  993.0    4.7  178.0   83.0  444.0
2023 253  9 10 0300  -18.8  992.9    5.1  182.0   83.0  444.0
2023 253  9 10 0400  -18.5  992.7    4.7  188.0   83.0  444.0
2023 253  9 10 0500  -17.7  992.1    5.3  194.0   84.0  444.0
2023 253  9 10 0600  -18.1  991.5    4.7  200.0   84.0  444.0
2023 253  9 10 0700  -17.9  991.3    7.5  178.0   84.0  444.0
2023 253  9 10 0800  -19.2  991.1    8.6  180.0   83.0  444.0
2023 253  9 10 0900  -19.7  990.9    7.6  184.0   82.0  444.0
2023 253  9 10 1000  -20.3  990.7    5.6  194.0   82.0  444.0
2023 253  9 10 1100  -21.0  989.5    7.1  204.0   82.0  444.0
2023 253  9 10 1200  -21.4  989.0    5.7  205.0   81.0  444.0
2023 253  9 10 1300  -21.9  988.3    5.4  209.0   80.7  444.0
2023 253  9 10 1400  -22.4  987.8    4.5  210.0   80.0  444.0
2023 253  9 10 1500  -22.5  986.6    3.9  217.0   80.0  444.0
2023 253  9 10 1600  -22.5  986.1    4.0  236.0   80.0  444.0
2023 253  9 10 1700  -22.6  985.3    5.0  232.0   80.0  444.0
2023 253  9 10 1800  -23.4  985.1    2.8  219.0   79.2  444.0
2023 253  9 10 1900  -23.3  984.7  444.0  444.0   79.0  444.0
2023 253  9 10 2000  -23.3  984.4  444.0  444.0   79.0  444.0
2023 253  9 10 2100  -23.0  984.2  444.0  444.0   80.0  444.0
2023 253  9 10 2200  -22.7  983.8  444.0  444.0   80.0  444.0
2023 253  9 10 2300  -22.9  983.7  444.0  444.0   79.6  444.0
2023 254  9 11 0000  -22.7  984.0  444.0  444.0   80.0  444.0
2023 254  9 11 0100  -22.4  983.8  444.0  444.0   80.0  444.0
2023 254  9 11 0200  -22.2  983.6  444.0  444.0   80.3  444.0
2023 254  9 11 0300  -21.9  983.5  444.0  444.0   81.0  444.0
2023 254  9 11 0400  -21.5  983.3  444.0  444.0   81.0  444.0
2023 254  9 11 0500  -21.1  983.5  444.0  444.0   81.0  444.0
2023 254  9 11 0600  -20.8  983.2  444.0  444.0   82.0  444.0
2023 254  9 11 0700  -20.5  982.9  444.0  444.0   82.0  444.0
2023 254  9 11 0800  -20.0  983.1  444.0  444.0   82.3  444.0
2023 254  9 11 0900  -19.7  983.1  444.0  444.0   82.6  444.0
2023 254  9 11 1000  -19.4  983.2  444.0  444.0   83.0  444.0
2023 254  9 11 1100  -19.5  983.5  444.0  444.0   83.0  444.0
2023 254  9 11 1200  -19.6  983.8  444.0  444.0   83.0  444.0
2023 254  9 11 1300  -19.8  984.2  444.0  444.0   82.3  444.0
2023 254  9 11 1400  -20.1  984.0  444.0  444.0   82.1  444.0
2023 254  9 11 1500  -20.2  984.6  444.0  444.0   82.0  444.0
2023 254  9 11 1600  -20.1  985.1  444.0  444.0   82.0  444.0
2023 254  9 11 1700  -19.8  985.7  444.0  444.0   82.0  444.0
2023 254  9 11 1800  -19.3  986.4  444.0  444.0   83.0  444.0
2023 254  9 11 1900  -19.5  986.8  444.0  444.0   82.5  444.0
2023 254  9 11 2000  -19.3  987.2  444.0  444.0   83.0  444.0
2023 254  9 11 2100  -19.5  987.7  444.0  444.0   82.0  444.0
2023 254  9 11 2200  -19.3  987.8  444.0  444.0   83.0  444.0
2023 254  9 11 2300  -19.1  988.2  444.0  444.0   83.0  444.0
2023 255  9 12 0000  -18.4  988.3  444.0  444.0   84.0  444.0
2023 255  9 12 0100  -18.1  988.6  444.0  444.0   84.0  444.0
2023 255  9 12 0200  -17.6  988.3  444.0  444.0   84.0  444.0
2023 255  9 12 0300  -17.7  988.1  444.0  444.0   84.0  444.0
2023 255  9 12 0400  -18.3  988.4  444.0  444.0   84.0  444.0
2023 255  9 12 0500  -19.9  988.1  444.0  444.0   82.4  444.0
2023 255  9 12 0600  -19.7  988.0  444.0  444.0   82.0  444.0
2023 255  9 12 0700  -18.7  988.0    6.1  142.0   83.0  444.0
2023 255  9 12 0800  -17.9  988.0    7.1  136.0   84.0  444.0
2023 255  9 12 0900  -18.1  987.7    6.7  144.0   84.0  444.0
2023 255  9 12 1000  -18.5  987.1    7.5  142.0   83.0  444.0
2023 255  9 12 1100  -18.7  986.3    7.7  142.0   83.0  444.0
2023 255  9 12 1200  -18.3  985.9    8.3  136.0   84.0  444.0
2023 255  9 12 1300  -17.9  985.2    8.6  143.0   84.0  444.0
2023 255  9 12 1400  -18.4  984.5    9.0  151.0   84.0  444.0
2023 255  9 12 1500  -17.9  983.5   10.1  152.0   84.0  444.0
2023 255  9 12 1600  -17.6  982.5   10.5  154.0   84.0  444.0
2023 255  9 12 1700  -17.2  981.5   11.2  157.0   85.0  444.0
2023 255  9 12 1800  -16.2  980.7   12.2  157.0   86.0  444.0
2023 255  9 12 1900  -15.9  980.2   12.7  150.0   86.0  444.0
2023 255  9 12 2000  -15.7  979.6   12.4  148.0   86.0  444.0
2023 255  9 12 2100  -14.7  979.7   11.0  144.0   87.0  444.0
2023 255  9 12 2200  -13.5  979.9    9.8  140.0   89.0  444.0
2023 255  9 12 2300  -12.6  979.9    9.3  136.0   90.0  444.0
2023 256  9 13 0000  -12.1  980.5    7.5  132.0   90.2  444.0
2023 256  9 13 0100  -11.8  981.2    6.7  129.0   91.0  444.0
2023 256  9 13 0200  -11.3  981.9    6.1  127.0   91.0  444.0
2023 256  9 13 0300  -10.3  982.6    6.5  126.0   92.0  444.0
2023 256  9 13 0400  -10.8  983.5    7.1  124.0   92.0  444.0
2023 256  9 13 0500  -10.3  984.1    6.7  121.0   92.4  444.0
2023 256  9 13 0600   -9.5  985.1    6.5   50.0   93.2  444.0
2023 256  9 13 0700  -10.9  985.5    7.4  146.0   92.0  444.0
2023 256  9 13 0800  -11.4  986.1    5.3  136.0   91.9  444.0
2023 256  9 13 0900  -11.0  987.4    6.8  134.0   92.0  444.0
2023 256  9 13 1000  -11.2  987.8    6.8  150.0   92.0  444.0
2023 256  9 13 1100  -11.9  988.2    5.8  145.0   91.2  444.0
2023 256  9 13 1200  -12.6  988.5    6.2  153.0   90.0  444.0
2023 256  9 13 1300  -13.0  989.0    6.0  157.0   90.0  444.0
2023 256  9 13 1400  -13.7  989.0    6.1  165.0   89.0  444.0
2023 256  9 13 1500  -14.1  988.9    6.6  166.0   88.0  444.0
2023 256  9 13 1600  -14.4  989.0    6.2  162.0   88.0  444.0
2023 256  9 13 1700  -14.7  988.7    5.8  176.0   88.0  444.0
2023 256  9 13 1800  -19.3  988.6    6.2  188.0   82.0  444.0
2023 256  9 13 1900  -22.4  988.5    6.1  170.0   81.0  444.0
2023 256  9 13 2000  -22.4  987.8    6.4  176.0   81.0  444.0
2023 256  9 13 2100  -20.0  987.6    5.2  184.0   83.0  444.0
2023 256  9 13 2200  -20.4  987.1    6.8  177.0   82.0  444.0
2023 256  9 13 2300  -20.0  986.4    6.1  172.0   83.0  444.0
2023 257  9 14 0000  -22.3  986.0    5.6  179.0   80.0  444.0
2023 257  9 14 0100  -21.9  985.2    6.5  182.0   81.0  444.0
2023 257  9 14 0200  -22.9  984.5    6.4  181.0   80.0  444.0
2023 257  9 14 0300  -22.9  984.1    6.8  176.0   79.8  444.0
2023 257  9 14 0400  -22.2  983.4    6.7  184.0   81.0  444.0
2023 257  9 14 0500  -21.8  982.9    5.9  180.0   81.0  444.0
2023 257  9 14 0600  -21.4  983.0    4.8  174.0   81.0  444.0
2023 257  9 14 0700  -21.1  982.2    5.0  180.0   82.0  444.0
2023 257  9 14 0800  -20.3  981.5    6.4  178.0   82.0  444.0
2023 257  9 14 0900  -21.2  981.3    5.8  184.0   82.0  444.0
2023 257  9 14 1000  -21.5  980.5    6.2  185.0   81.0  444.0
2023 257  9 14 1100  -22.5  980.0    7.2  187.0   80.0  444.0
2023 257  9 14 1200  -22.9  979.9    6.2  190.0   80.0  444.0
2023 257  9 14 1300  -23.8  979.4    5.6  190.0   79.0  444.0
2023 257  9 14 1400  -24.2  978.2    7.8  201.0   79.0  444.0
2023 257  9 14 1500  -23.8  977.8    8.6  191.0   79.0  444.0
2023 257  9 14 1600  -23.7  978.1    8.3  174.0   79.0  444.0
2023 257  9 14 1700  -23.8  978.0    8.5  181.0   79.0  444.0
2023 257  9 14 1800  -23.7  977.9    8.9  180.0   79.0  444.0
2023 257  9 14 1900  -23.1  977.8    8.1  180.0   80.0  444.0
2023 257  9 14 2000  -21.8  977.3    8.9  184.0   81.0  444.0
2023 257  9 14 2100  -20.7  977.1    8.3  184.0   82.0  444.0
2023 257  9 14 2200  -20.6  977.2    8.3  186.0   82.0  444.0
2023 257  9 14 2300  -19.7  976.7   10.1  186.0   83.0  444.0
2023 258  9 15 0000  -19.4  976.5   10.6  181.0   83.0  444.0
2023 258  9 15 0100  -20.2  976.4   12.7  171.0   82.0  444.0
2023 258  9 15 0200  -20.5  976.2   13.6  180.0   82.0  444.0
2023 258  9 15 0300  -20.9  976.3   12.6  183.0   82.0  444.0
2023 258  9 15 0400  -21.3  976.1   12.0  184.0   81.0  444.0
2023 258  9 15 0500  -21.6  976.1   10.7  183.0   81.0  444.0
2023 258  9 15 0600  -21.8  975.5    9.9  182.0   80.9  444.0
2023 258  9 15 0700  -21.5  975.2   10.9  182.0   81.0  444.0
2023 258  9 15 0800  -21.0  974.6   11.6  178.0   82.0  444.0
2023 258  9 15 0900  -21.4  974.5    9.5  187.0   81.0  444.0
2023 258  9 15 1000  -21.6  974.3    9.1  195.0   81.0  444.0
2023 258  9 15 1100  -22.4  973.3    8.2  197.0   80.0  444.0
2023 258  9 15 1200  -21.9  972.2    9.8  199.0   80.9  444.0
2023 258  9 15 1300  -22.0  971.4   10.3  202.0   81.0  444.0
2023 258  9 15 1400  -22.3  970.4   10.6  204.0   81.0  444.0
2023 258  9 15 1500  -21.4  968.9   11.1  208.0   81.0  444.0
2023 258  9 15 1600  -22.2  968.0   11.5  206.0   81.0  444.0
2023 258  9 15 1700  -18.7  966.7   11.1  254.0   84.0  444.0
2023 258  9 15 1800  -18.2  964.7   12.9  208.0   84.0  444.0
2023 258  9 15 1900  -15.8  963.6   14.1  207.0   87.0  444.0
2023 258  9 15 2000  -16.2  962.7   13.7  201.0   86.0  444.0
2023 258  9 15 2100  -16.0  962.0   12.0  199.0   86.0  444.0
2023 258  9 15 2200  -15.7  961.0    9.7  192.0   87.0  444.0
2023 258  9 15 2300  -17.3  961.1    8.6  150.0   85.0  444.0
2023 259  9 16 0000  -20.0  961.4    8.4  151.0   83.0  444.0
2023 259  9 16 0100  -23.0  961.5    7.8  155.0   80.0  444.0
2023 259  9 16 0200  -26.3  962.1    7.3  154.0   76.9  444.0
2023 259  9 16 0300  -27.2  962.4    7.0  159.0   76.0  444.0
2023 259  9 16 0400  -26.9  962.8    8.3  156.0   77.0  444.0
2023 259  9 16 0500  -23.3  962.5    7.5  169.0   79.6  444.0
2023 259  9 16 0600  -21.8  962.6    7.3  170.0   81.0  444.0
2023 259  9 16 0700  -21.6  962.7    7.1  186.0   81.0  444.0
2023 259  9 16 0800  -22.0  962.7    6.3  188.0   81.0  444.0
2023 259  9 16 0900  -22.0  962.4    5.1  204.0   80.0  444.0
2023 259  9 16 1000  -23.1  962.5    4.4  191.0   79.4  444.0
2023 259  9 16 1100  -24.3  962.2    3.9  207.0   79.0  444.0
2023 259  9 16 1200  -24.9  962.0    2.8  196.0   78.0  444.0
2023 259  9 16 1300  -24.6  961.6    3.1  216.0   78.0  444.0
2023 259  9 16 1400  -24.9  961.9    1.2  165.0   78.0  444.0
2023 259  9 16 1500  -25.5  961.8    1.7  165.0   77.7  444.0
2023 259  9 16 1600  -26.6  962.0    2.6  165.0   77.0  444.0
2023 259  9 16 1700  -26.9  961.7    3.7  184.0   77.0  444.0
2023 259  9 16 1800  -26.7  962.0    4.2  151.0   77.0  444.0
2023 259  9 16 1900  -25.9  962.2    5.7  156.0   77.0  444.0
2023 259  9 16 2000  -25.7  962.0    6.3  160.0   77.2  444.0
2023 259  9 16 2100  -25.9  961.8    5.8  167.0   77.0  444.0
2023 259  9 16 2200  -24.7  961.2    6.1  185.0   77.0  444.0
2023 259  9 16 2300  -24.2  961.0    6.6  193.0   77.0  444.0
2023 260  9 17 0000  -24.0  960.2    7.1  188.0   76.8  444.0
2023 260  9 17 0100  -24.9  959.7    6.0  207.0   77.0  444.0
2023 260  9 17 0200  -24.3  959.2    8.0  201.0   77.0  444.0
2023 260  9 17 0300  -24.4  957.9    7.8  204.0   77.3  444.0
2023 260  9 17 0400  -24.5  957.4    8.7  214.0   78.0  444.0
2023 260  9 17 0500  -24.2  956.9    8.4  204.0   78.5  444.0
2023 260  9 17 0600  -21.5  955.9    9.6  210.0   80.7  444.0
2023 260  9 17 0700  -17.8  954.9   10.2  205.0   84.0  444.0
2023 260  9 17 0800  -16.2  954.1   13.9  199.0   86.0  444.0
2023 260  9 17 0900  -16.7  953.9   12.3  212.0   85.0  444.0
2023 260  9 17 1000  -15.4  953.9   12.2  217.0   87.0  444.0
2023 260  9 17 1100  -13.6  953.3   13.1  229.0   88.0  444.0
2023 260  9 17 1200  -14.1  952.5   13.9  228.0   88.0  444.0
2023 260  9 17 1300  -13.3  951.2   15.8  229.0   88.9  444.0
2023 260  9 17 1400  -13.2  950.6   15.1  229.0   89.0  444.0
2023 260  9 17 1500  -12.6  950.7   13.2  229.0   90.0  444.0
2023 260  9 17 1600  -11.8  951.0   10.9  231.0   91.0  444.0
2023 260  9 17 1700  -11.7  951.0    9.8  231.0   91.0  444.0
2023 260  9 17 1800  -11.6  951.4    8.8  217.0   90.7  444.0
2023 260  9 17 1900  -14.9  951.8    7.3  191.0   87.0  444.0
2023 260  9 17 2000  -18.4  952.6    9.2  192.0   84.0  444.0
2023 260  9 17 2100  -17.7  953.6    3.9  202.0   85.0  444.0
2023 260  9 17 2200  -16.2  954.0    8.3  194.0   86.0  444.0
2023 260  9 17 2300  -16.8  954.4    8.0  178.0   86.0  444.0
2023 261  9 18 0000  -17.5  954.9    7.6  168.0   85.0  444.0
2023 261  9 18 0100  -19.7  955.8    9.0  169.0   82.6  444.0
2023 261  9 18 0200  -21.5  956.4    8.9  168.0   81.0  444.0
2023 261  9 18 0300  -21.6  956.8    7.3  157.0   81.0  444.0
2023 261  9 18 0400  -21.4  957.5    8.5  162.0   81.5  444.0
2023 261  9 18 0500  -20.9  958.0    7.7  163.0   81.9  444.0
2023 261  9 18 0600  -20.4  958.4    8.3  170.0   82.3  444.0
2023 261  9 18 0700  -20.2  958.7    7.0  168.0   83.0  444.0
2023 261  9 18 0800  -20.1  959.0    2.2  178.0   83.0  444.0
2023 261  9 18 0900  -20.0  959.4    6.2  186.0   82.7  444.0
2023 261  9 18 1000  -20.1  960.3    7.2  177.0   82.5  444.0
2023 261  9 18 1100  -20.0  960.8    7.8  167.0   82.7  444.0
2023 261  9 18 1200  -19.7  961.7    5.5  146.0   83.0  444.0
2023 261  9 18 1300  -19.1  962.5    4.5  152.0   83.0  444.0
2023 261  9 18 1400  -18.4  963.1    4.7  137.0   84.0  444.0
2023 261  9 18 1500  -18.2  963.9    4.3  140.0   84.0  444.0
2023 261  9 18 1600  -17.9  964.6    6.3  154.0   84.4  444.0
2023 261  9 18 1700  -17.8  965.3    4.9  151.0   85.0  444.0
2023 261  9 18 1800  -18.5  966.2    6.1  128.0   84.0  444.0
2023 261  9 18 1900  -18.9  966.9    5.2  162.0   83.4  444.0
2023 261  9 18 2000  -19.2  967.4    6.0  165.0   83.0  444.0
2023 261  9 18 2100  -20.4  968.0    6.9  166.0   81.8  444.0
2023 261  9 18 2200  -22.6  968.3    5.6  193.0   79.0  444.0
2023 261  9 18 2300  -23.2  968.4    6.5  193.0   78.0  444.0
2023 262  9 19 0000  -25.2  968.6    5.4  213.0   77.0  444.0
2023 262  9 19 0100  -25.4  968.6    5.4  201.0   76.0  444.0
2023 262  9 19 0200  -26.3  968.6    6.7  199.0   76.0  444.0
2023 262  9 19 0300  -27.0  968.3    6.1  206.0   76.0  444.0
2023 262  9 19 0400  -27.9  968.1    6.5  185.0   75.0  444.0
2023 262  9 19 0500  -28.4  967.5    7.1  187.0   75.0  444.0
2023 262  9 19 0600  -28.8  967.5    5.3  181.0   75.0  444.0
2023 262  9 19 0700  -28.4  967.0    6.6  180.0   75.0  444.0
2023 262  9 19 0800  -28.5  966.7    6.3  182.0   75.3  444.0
2023 262  9 19 0900  -29.4  966.2    6.1  184.0   75.0  444.0
2023 262  9 19 1000  -28.2  966.0    6.9  181.0   76.0  444.0
2023 262  9 19 1100  -23.5  965.6    6.6  177.0   79.0  444.0
2023 262  9 19 1200  -22.0  965.5    7.4  180.0   80.0  444.0
2023 262  9 19 1300  -19.8  964.8    8.2  173.0   82.0  444.0
2023 262  9 19 1400  -17.1  964.8    7.1  172.0   85.0  444.0
2023 262  9 19 1500  -16.7  964.4    6.8  181.0   85.0  444.0
2023 262  9 19 1600  -16.0  964.1    6.9  187.0   86.0  444.0
2023 262  9 19 1700  -17.8  963.6    6.7  189.0   84.5  444.0
2023 262  9 19 1800  -19.0  963.5    7.3  197.0   83.2  444.0
2023 262  9 19 1900  -21.9  963.0    7.1  193.0   80.0  444.0
2023 262  9 19 2000  -22.5  963.0    4.7  174.0   80.0  444.0
2023 262  9 19 2100  -22.2  962.8    4.0  205.0   80.0  444.0
2023 262  9 19 2200  -21.6  962.6    3.9  202.0   81.0  444.0
2023 262  9 19 2300  -21.2  962.3    4.4  199.0   81.2  444.0
2023 263  9 20 0000  -20.8  962.0    3.8  201.0   82.0  444.0
2023 263  9 20 0100  -19.7  961.4    3.6  204.0   83.0  444.0
2023 263  9 20 0200  -18.7  961.1    4.1  192.0   83.0  444.0
2023 263  9 20 0300  -18.5  959.9    5.5  202.0   83.0  444.0
2023 263  9 20 0400  -18.4  959.5    6.3  197.0   83.6  444.0
2023 263  9 20 0500  -18.2  959.1    6.4  189.0   84.0  444.0
2023 263  9 20 0600  -18.2  958.4    6.0  185.0   84.0  444.0
2023 263  9 20 0700  -18.4  958.0    6.5  195.0   84.0  444.0
2023 263  9 20 0800  -18.9  957.2    7.0  202.0   83.0  444.0
2023 263  9 20 0900  -18.6  956.6    7.2  198.0   83.6  444.0
2023 263  9 20 1000  -18.3  956.3    6.4  209.0   84.0  444.0
2023 263  9 20 1100  -18.0  956.1    6.3  210.0   84.0  444.0
2023 263  9 20 1200  -17.1  955.7    5.3  203.0   85.0  444.0
2023 263  9 20 1300  -16.3  955.3    5.2  207.0   86.0  444.0
2023 263  9 20 1400  -15.7  954.8    4.8  204.0   86.6  444.0
2023 263  9 20 1500  -15.4  954.7    3.7  187.0   87.0  444.0
2023 263  9 20 1600  -15.1  954.7    3.5  210.0   87.3  444.0
2023 263  9 20 1700  -14.9  954.6    3.7  218.0   87.0  444.0
2023 263  9 20 1800  -14.8  954.2    3.1  234.0   87.0  444.0
2023 263  9 20 1900  -15.5  954.0    3.6  239.0   87.0  444.0
2023 263  9 20 2000  -15.1  954.4    2.7  245.0   87.0  444.0
2023 263  9 20 2100  -14.8  954.4    1.6  275.0   86.9  444.0
2023 263  9 20 2200  -15.2  954.7    0.6  281.0   87.0  444.0
2023 263  9 20 2300  -15.2  954.8    0.7  282.0   86.8  444.0
2023 264  9 21 0000  -15.2  955.3    0.0    0.0   86.0  444.0
2023 264  9 21 0100  -17.1  955.4    0.0    0.0   83.0  444.0
2023 264  9 21 0200  -17.7  955.4    0.0    0.0   83.1  444.0
2023 264  9 21 0300  -20.2  956.1    1.3   59.0   82.0  444.0
2023 264  9 21 0400  -19.9  956.2    4.2   59.0   82.0  444.0
2023 264  9 21 0500  -19.7  957.1    5.5   54.0   84.0  444.0
2023 264  9 21 0600  -18.2  958.1    4.9   58.0   85.0  444.0
2023 264  9 21 0700  -17.5  958.9    4.7   87.0   85.1  444.0
2023 264  9 21 0800  -15.6  959.5    5.6   95.0   87.0  444.0
2023 264  9 21 0900  -15.0  960.4    6.1  113.0   87.0  444.0
2023 264  9 21 1000  -14.5  961.1    7.0  118.0   87.0  444.0
2023 264  9 21 1100  -14.8  962.2    7.5  114.0   88.0  444.0
2023 264  9 21 1200  -14.6  962.9    9.2  113.0   87.8  444.0
2023 264  9 21 1300  -14.5  963.8    8.5  134.0   88.0  444.0
2023 264  9 21 1400  -14.5  964.5    8.3  140.0   88.0  444.0
2023 264  9 21 1500  -16.7  964.9    9.7  150.0   86.0  444.0
2023 264  9 21 1600  -16.6  965.3    9.2  161.0   86.0  444.0
2023 264  9 21 1700  -16.8  965.4    9.2  172.0   86.0  444.0
2023 264  9 21 1800  -16.4  965.0    8.3  179.0   86.0  444.0
2023 264  9 21 1900  -16.3  964.9   10.5  171.0   86.0  444.0
2023 264  9 21 2000  -16.4  964.4    9.5  173.0   86.0  444.0
2023 264  9 21 2100  -16.5  964.2    8.5  191.0   86.0  444.0
2023 264  9 21 2200  -15.4  963.5   10.9  180.0   86.0  444.0
2023 264  9 21 2300  -16.7  963.4   10.1  188.0   85.2  444.0
2023 265  9 22 0000  -15.3  962.9   10.5  189.0   86.0  444.0
2023 265  9 22 0100  -15.4  962.2   10.4  191.0   87.0  444.0
2023 265  9 22 0200  -15.9  961.6   10.4  195.0   86.0  444.0
2023 265  9 22 0300  -17.9  961.1    9.5  192.0   83.0  444.0
2023 265  9 22 0400  -19.8  960.5    9.7  194.0   82.0  444.0
2023 265  9 22 0500  -21.3  960.3    7.9  207.0   81.0  444.0
2023 265  9 22 0600  -20.6  959.7   11.1  187.0   82.0  444.0
2023 265  9 22 0700  -19.8  958.9   12.0  187.0   83.0  444.0
2023 265  9 22 0800  -19.8  958.7   10.4  183.0   82.9  444.0
2023 265  9 22 0900  -20.5  958.8   10.3  187.0   82.0  444.0
2023 265  9 22 1000  -19.2  958.6   10.9  188.0   83.0  444.0
2023 265  9 22 1100  -19.5  958.3   12.3  193.0   83.0  444.0
2023 265  9 22 1200  -19.2  957.9   12.0  191.0   83.0  444.0
2023 265  9 22 1300  -18.3  957.6   12.6  190.0   84.0  444.0
2023 265  9 22 1400  -17.6  957.6   13.4  193.0   85.0  444.0
2023 265  9 22 1500  -17.8  957.3   13.1  193.0   84.0  444.0
2023 265  9 22 1600  -17.0  957.2   12.7  191.0   85.4  444.0
2023 265  9 22 1700  -16.6  956.7   14.3  190.0   86.0  444.0
2023 265  9 22 1800  -16.9  956.9   14.8  197.0   85.0  444.0
2023 265  9 22 1900  -16.3  956.8   14.6  196.0   86.0  444.0
2023 265  9 22 2000  -16.2  956.8   14.1  199.0   86.0  444.0
2023 265  9 22 2100  -16.0  956.7   13.8  193.0   86.0  444.0
2023 265  9 22 2200  -15.4  956.3   14.7  193.0   87.0  444.0
2023 265  9 22 2300  -14.6  956.2   15.5  193.0   87.0  444.0
2023 266  9 23 0000  -14.5  955.9   17.1  190.0   87.0  444.0
2023 266  9 23 0100  -14.6  955.9   17.4  187.0   88.0  444.0
2023 266  9 23 0200  -14.6  956.1   17.2  184.0   88.0  444.0
2023 266  9 23 0300  -14.5  956.2   17.9  182.0   88.0  444.0
2023 266  9 23 0400  -14.4  956.1   18.1  182.0   88.1  444.0
2023 266  9 23 0500  -14.9  956.5   19.2  178.0   87.8  444.0
2023 266  9 23 0600  -14.6  957.4   17.2  180.0   88.0  444.0
2023 266  9 23 0700  -14.7  958.1   16.9  180.0   88.0  444.0
2023 266  9 23 0800  -14.7  958.5   18.0  181.0   88.0  444.0
2023 266  9 23 0900  -14.8  958.9   17.6  186.0   87.9  444.0
2023 266  9 23 1000  -14.7  958.9   16.2  184.0   88.0  444.0
2023 266  9 23 1100  -14.7  959.2   15.9  182.0   88.0  444.0
2023 266  9 23 1200  -14.7  959.5   17.1  184.0   88.0  444.0
2023 266  9 23 1300  -14.7  959.5   16.3  192.0   88.0  444.0
2023 266  9 23 1400  -15.2  959.8   16.0  189.0   87.0  444.0
2023 266  9 23 1500  -15.5  959.4   15.1  188.0   87.0  444.0
2023 266  9 23 1600  -15.7  959.6   14.1  186.0   87.0  444.0
2023 266  9 23 1700  -15.8  959.8   14.5  179.0   87.0  444.0
2023 266  9 23 1800  -16.0  960.7   13.1  176.0   87.0  444.0
2023 266  9 23 1900  -16.6  961.6   13.0  176.0   86.0  444.0
2023 266  9 23 2000  -17.4  962.5   12.1  175.0   85.0  444.0
2023 266  9 23 2100  -17.1  963.0   11.9  180.0   85.0  444.0
2023 266  9 23 2200  -17.6  963.4   11.2  189.0   84.0  444.0
2023 266  9 23 2300  -19.1  964.1   11.2  194.0   83.0  444.0
2023 267  9 24 0000  -19.2  964.5   10.8  199.0   83.0  444.0
2023 267  9 24 0100  -19.7  965.0    9.7  201.0   82.0  444.0
2023 267  9 24 0200  -20.1  964.7   10.7  204.0   82.1  444.0
2023 267  9 24 0300  -20.0  964.9   10.7  208.0   82.1  444.0
2023 267  9 24 0400  -19.9  964.8   10.0  212.0   82.0  444.0
2023 267  9 24 0500  -20.6  964.7   10.4  217.0   82.0  444.0
2023 267  9 24 0600  -21.3  964.3   10.6  212.0   81.0  444.0
2023 267  9 24 0700  -21.9  963.9   10.6  220.0   81.0  444.0
2023 267  9 24 0800  -20.8  963.6   10.2  220.0   82.0  444.0
2023 267  9 24 0900  -19.4  963.3    9.6  203.0   83.0  444.0
2023 267  9 24 1000  -20.0  963.5    8.8  198.0   82.0  444.0
2023 267  9 24 1100  -20.8  963.4    7.9  195.0   82.0  444.0
2023 267  9 24 1200  -22.1  963.1    6.7  200.0   81.0  444.0
2023 267  9 24 1300  -22.3  963.0    6.8  195.0   81.0  444.0
2023 267  9 24 1400  -21.5  962.7    9.3  186.0   82.0  444.0
2023 267  9 24 1500  -21.2  962.9   10.9  176.0   82.0  444.0
2023 267  9 24 1600  -22.3  963.2    9.1  180.0   80.0  444.0
2023 267  9 24 1700  -23.2  962.8    7.9  183.0   80.0  444.0
2023 267  9 24 1800  -25.3  962.8    6.4  196.0   78.0  444.0
2023 267  9 24 1900  -26.6  962.4    6.3  196.0   76.5  444.0
2023 267  9 24 2000  -27.4  962.3    5.8  194.0   76.0  444.0
2023 267  9 24 2100  -27.3  961.8    6.3  193.0   75.0  444.0
2023 267  9 24 2200  -28.2  961.6    6.2  187.0   75.0  444.0
2023 267  9 24 2300  -27.1  961.8    6.9  180.0   76.0  444.0
2023 268  9 25 0000  -26.5  961.5    6.1  187.0   76.0  444.0
2023 268  9 25 0100  -27.4  961.2    5.1  194.0   75.0  444.0
2023 268  9 25 0200  -27.2  960.8    5.3  186.0   74.8  444.0
2023 268  9 25 0300  -28.5  961.3    5.7  155.0   75.0  444.0
2023 268  9 25 0400  -27.7  961.4    5.7  152.0   76.0  444.0
2023 268  9 25 0500  -26.9  961.8    7.1  161.0   76.5  444.0
2023 268  9 25 0600  -27.1  962.3    8.1  156.0   76.0  444.0
2023 268  9 25 0700  -27.3  962.8    7.6  151.0   76.3  444.0
2023 268  9 25 0800  -28.2  963.3    9.1  160.0   76.0  444.0
2023 268  9 25 0900  -29.1  963.6    8.7  156.0   75.0  444.0
2023 268  9 25 1000  -30.1  964.2    7.4  164.0   74.3  444.0
2023 268  9 25 1100  -29.1  964.2    7.1  165.0   75.0  444.0
2023 268  9 25 1200  -29.1  964.5    7.0  178.0   74.9  444.0
2023 268  9 25 1300  -29.9  964.5    6.2  181.0   74.0  444.0
2023 268  9 25 1400  -32.1  964.4    4.9  196.0   72.0  444.0
2023 268  9 25 1500  -33.6  964.1    5.6  208.0   71.8  444.0
2023 268  9 25 1600  -34.0  963.9    5.1  220.0   72.0  444.0
2023 268  9 25 1700  -33.9  963.4    3.9  226.0   71.8  444.0
2023 268  9 25 1800  -29.4  962.6    5.6  211.0   76.0  444.0
2023 268  9 25 1900  -26.4  962.7    4.9  210.0   77.0  444.0
2023 268  9 25 2000  -25.6  962.4    5.0  190.0   77.2  444.0
2023 268  9 25 2100  -25.4  962.4    2.9  170.0   77.0  444.0
2023 268  9 25 2200  -28.0  962.5    4.6  177.0   75.0  444.0
2023 268  9 25 2300  -31.2  963.3    5.3  167.0   73.0  444.0
2023 269  9 26 0000  -32.8  963.9    6.1  163.0   72.0  444.0
2023 269  9 26 0100  -33.4  964.3    6.1  165.0   72.0  444.0
2023 269  9 26 0200  -33.8  964.9    7.0  168.0   71.0  444.0
2023 269  9 26 0300  -35.2  965.5    7.6  169.0   70.5  444.0
2023 269  9 26 0400  -35.2  965.9    6.2  170.0   70.0  444.0
2023 269  9 26 0500  -34.0  966.3    3.5  184.0   70.7  444.0
2023 269  9 26 0600  -35.0  966.5    3.7  206.0   70.0  444.0
2023 269  9 26 0700  -36.0  966.5    5.3  203.0   70.0  444.0
2023 269  9 26 0800  -35.8  966.3    6.1  203.0   70.6  444.0
2023 269  9 26 0900  -35.0  966.2    6.2  192.0   71.0  444.0
2023 269  9 26 1000  -34.1  966.2    5.4  192.0   71.6  444.0
2023 269  9 26 1100  -33.0  966.0    7.4  183.0   72.0  444.0
2023 269  9 26 1200  -32.5  966.3    7.2  186.0   72.0  444.0
2023 269  9 26 1300  -31.9  966.8    8.3  182.0   72.8  444.0
2023 269  9 26 1400  -31.2  966.9    8.6  184.0   73.0  444.0
2023 269  9 26 1500  -30.9  966.8    9.4  186.0   73.3  444.0
2023 269  9 26 1600  -30.6  967.3    9.5  181.0   74.0  444.0
2023 269  9 26 1700  -29.3  967.7   11.3  181.0   74.0  444.0
2023 269  9 26 1800  -29.7  967.9    9.2  181.0   74.0  444.0
2023 269  9 26 1900  -28.7  967.9    9.6  186.0   75.0  444.0
2023 269  9 26 2000  -27.6  968.2   12.0  183.0   75.0  444.0
2023 269  9 26 2100  -27.8  968.3   11.7  190.0   75.0  444.0
2023 269  9 26 2200  -26.9  968.2   12.5  188.0   76.0  444.0
2023 269  9 26 2300  -26.0  968.4   12.3  182.0   75.8  444.0
2023 270  9 27 0000  -25.5  968.9   11.1  184.0   76.0  444.0
2023 270  9 27 0100  -25.5  968.9   11.3  188.0   75.9  444.0
2023 270  9 27 0200  -25.6  968.8   10.9  189.0   76.0  444.0
2023 270  9 27 0300  -26.3  969.2    6.4  200.0   75.0  444.0
2023 270  9 27 0400  -26.2  969.2    8.4  198.0   75.0  444.0
2023 270  9 27 0500  -25.6  969.0   10.9  195.0   76.0  444.0
2023 270  9 27 0600  -25.4  969.0   12.2  191.0   76.9  444.0
2023 270  9 27 0700  -26.3  968.6   10.6  196.0   77.0  444.0
2023 270  9 27 0800  -26.4  968.8   11.5  194.0   76.7  444.0
2023 270  9 27 0900  -25.9  968.8   11.8  198.0   77.0  444.0
2023 270  9 27 1000  -26.0  968.6   11.8  200.0   77.0  444.0
2023 270  9 27 1100  -25.7  968.6   11.6  197.0   77.6  444.0
2023 270  9 27 1200  -24.9  968.7   13.6  188.0   78.0  444.0
2023 270  9 27 1300  -25.0  969.0   13.6  186.0   78.0  444.0
2023 270  9 27 1400  -25.6  969.4   12.6  190.0   77.0  444.0
2023 270  9 27 1500  -26.2  969.3   12.7  187.0   77.0  444.0
2023 270  9 27 1600  -26.4  969.5   11.6  189.0   76.5  444.0
2023 270  9 27 1700  -26.2  969.3   11.9  186.0   77.0  444.0
2023 270  9 27 1800  -26.7  969.3   11.8  190.0   76.0  444.0
2023 270  9 27 1900  -27.1  969.2   10.8  190.0   76.0  444.0
2023 270  9 27 2000  -27.8  969.0   11.1  178.0   75.0  444.0
2023 270  9 27 2100  -27.8  969.5   11.5  182.0   75.0  444.0
2023 270  9 27 2200  -27.9  970.1   11.0  181.0   75.0  444.0
2023 270  9 27 2300  -28.0  970.7   10.6  180.0   74.0  444.0
2023 271  9 28 0000  -27.4  971.1    9.3  177.0   75.0  444.0
2023 271  9 28 0100  -27.6  971.4    7.4  183.0   74.0  444.0
2023 271  9 28 0200  -27.2  971.9    7.6  192.0   75.0  444.0
2023 271  9 28 0300  -26.9  972.0    7.5  188.0   74.8  444.0
2023 271  9 28 0400  -27.8  972.2    7.3  196.0   74.2  444.0
2023 271  9 28 0500  -27.8  972.0    8.2  198.0   74.0  444.0
2023 271  9 28 0600  -28.1  971.8    7.3  195.0   75.0  444.0
2023 271  9 28 0700  -28.1  971.9    7.2  200.0   75.0  444.0
2023 271  9 28 0800  -29.0  971.9    6.1  211.0   74.0  444.0
2023 271  9 28 0900  -29.8  972.0    6.9  215.0   74.7  444.0
2023 271  9 28 1000  -31.0  971.9    5.8  204.0   73.0  444.0
2023 271  9 28 1100  -29.8  972.3    7.3  189.0   75.0  444.0
2023 271  9 28 1200  -30.4  972.9    6.4  178.0   74.0  444.0
2023 271  9 28 1300  -32.6  973.7    7.0  164.0   72.0  444.0
2023 271  9 28 1400  -35.0  974.7    6.5  156.0   70.9  444.0
2023 271  9 28 1500  -36.7  975.3    6.1  167.0   70.0  444.0
2023 271  9 28 1600  -37.5  975.9    5.8  161.0   69.0  444.0
2023 271  9 28 1700  -37.8  976.7    4.5  182.0   69.0  444.0
2023 271  9 28 1800  -37.8  977.1    4.2  167.0   69.0  444.0
2023 271  9 28 1900  -36.5  977.7  444.0  444.0   69.8  444.0
2023 271  9 28 2000  -36.0  978.3  444.0  444.0   70.0  444.0
2023 271  9 28 2100  -36.3  978.5  444.0  444.0   70.0  444.0
2023 271  9 28 2200  -36.8  979.0  444.0  444.0   70.0  444.0
2023 271  9 28 2300  444.0  979.8  444.0  444.0   69.0  444.0
2023 272  9 29 0000  444.0  980.3  444.0  444.0   70.0  444.0
2023 272  9 29 0100  -37.5  980.9  444.0  444.0   67.6  444.0
2023 272  9 29 0200  -37.1  981.1  444.0  444.0   68.0  444.0
2023 272  9 29 0300  -37.1  981.5  444.0  444.0   69.0  444.0
2023 272  9 29 0400  -35.6  981.8  444.0  444.0   70.0  444.0
2023 272  9 29 0500  -34.2  981.9  444.0  444.0   71.0  444.0
2023 272  9 29 0600  -33.5  982.2  444.0  444.0   71.5  444.0
2023 272  9 29 0700  -33.1  982.6  444.0  444.0   72.0  444.0
2023 272  9 29 0800  -32.5  983.1  444.0  444.0   72.0  444.0
2023 272  9 29 0900  -32.0  983.2  444.0  444.0   73.0  444.0
2023 272  9 29 1000  -31.7  983.3  444.0  444.0   73.0  444.0
2023 272  9 29 1100  -31.6  983.6  444.0  444.0   72.7  444.0
2023 272  9 29 1200  -32.1  983.4  444.0  444.0   72.0  444.0
2023 272  9 29 1300  -32.0  983.6  444.0  444.0   72.0  444.0
2023 272  9 29 1400  -31.7  983.5  444.0  444.0   73.0  444.0
2023 272  9 29 1500  -32.0  983.4  444.0  444.0   72.0  444.0
2023 272  9 29 1600  -32.5  983.2  444.0  444.0   72.0  444.0
2023 272  9 29 1700  -34.2  982.9  444.0  444.0   71.0  444.0
2023 272  9 29 1800  -34.9  982.9  444.0  444.0   70.0  444.0
2023 272  9 29 1900  -35.5  982.5  444.0  444.0   70.0  444.0
2023 272  9 29 2000  -35.2  982.2  444.0  444.0   69.0  444.0
2023 272  9 29 2100  -35.7  982.2  444.0  444.0   68.5  444.0
2023 272  9 29 2200  -34.3  982.0  444.0  444.0   70.0  444.0
2023 272  9 29 2300  -34.7  981.9  444.0  444.0   69.0  444.0
2023 273  9 30 0000  -35.4  981.6  444.0  444.0   69.0  444.0
2023 273  9 30 0100  -36.6  981.4  444.0  444.0   68.0  444.0
2023 273  9 30 0200  -37.9  981.1  444.0  444.0   67.5  444.0
2023 273  9 30 0300  -37.7  980.9  444.0  444.0   68.0  444.0
2023 273  9 30 0400  -37.8  980.7  444.0  444.0   67.0  444.0
2023 273  9 30 0500  -39.3  980.3  444.0  444.0   67.0  444.0
2023 273  9 30 0600  -41.2  980.2  444.0  444.0   66.0  444.0
2023 273  9 30 0700  -42.9  980.0  444.0  444.0   66.0  444.0
2023 273  9 30 0800  -44.4  979.9  444.0  444.0   65.0  444.0
2023 273  9 30 0900  -45.2  979.7  444.0  444.0   65.0  444.0
2023 273  9 30 1000  -45.5  979.3  444.0  444.0   65.0  444.0
2023 273  9 30 1100  -46.0  978.9  444.0  444.0   64.5  444.0
2023 273  9 30 1200  -46.4  978.2  444.0  444.0   64.0  444.0
2023 273  9 30 1300  -46.2  978.0  444.0  444.0   64.0  444.0
2023 273  9 30 1400  -46.3  977.5  444.0  444.0   64.0  444.0
2023 273  9 30 1500  -46.3  977.1  444.0  444.0   64.0  444.0
2023 273  9 30 1600  -46.1  976.2  444.0  444.0   64.5  444.0
2023 273  9 30 1700  -46.1  975.8  444.0  444.0   64.0  444.0
2023 273  9 30 1800  -44.6  975.5  444.0  444.0   65.0  444.0
2023 273  9 30 1900  -43.0  975.0  444.0  444.0   64.7  444.0
2023 273  9 30 2000  -42.3  974.8  444.0  444.0   65.0  444.0
2023 273  9 30 2100  -41.9  974.6  444.0  444.0   65.1  444.0
2023 273  9 30 2200  -41.7  974.5  444.0  444.0   65.0  444.0
2023 273  9 30 2300  -41.9  974.2  444.0  444.0   65.0  444.0
