Year: 2024  Month: 06  ID: GIL  ARGOS:  8911  Name: Gill                
Lat: 79.82S  Lon: 178.54W  Elev:   53m
2024 153  6  1 0000  -20.5  973.8  444.0  444.0   83.0  444.0
2024 153  6  1 0100  -19.5  973.9  444.0  444.0   84.0  444.0
2024 153  6  1 0200  -19.7  973.9  444.0  444.0   84.0  444.0
2024 153  6  1 0300  -20.2  973.5  444.0  444.0   83.0  444.0
2024 153  6  1 0400  -19.9  973.6  444.0  444.0   83.4  444.0
2024 153  6  1 0500  -19.4  973.9    3.9   36.0   84.0  444.0
2024 153  6  1 0600  -19.0  974.2    3.5   36.0   84.0  444.0
2024 153  6  1 0700  -18.8  974.6    4.2  346.0   85.0  444.0
2024 153  6  1 0800  -18.5  974.9    4.8  358.0   85.0  444.0
2024 153  6  1 0900  -18.6  975.3    4.9    2.0   84.9  444.0
2024 153  6  1 1000  -18.8  976.0    4.7    7.0   85.0  444.0
2024 153  6  1 1100  -19.1  976.6    5.2    1.0   84.0  444.0
2024 153  6  1 1200  -19.3  977.1    4.3   10.0   84.0  444.0
2024 153  6  1 1300  -19.6  977.4    3.6   15.0   84.0  444.0
2024 153  6  1 1400  -19.7  978.1    2.9   27.0   83.9  444.0
2024 153  6  1 1500  -20.2  978.6    3.6   46.0   83.0  444.0
2024 153  6  1 1600  -20.6  979.1    2.5   72.0   83.0  444.0
2024 153  6  1 1700  -20.5  979.6    3.2   59.0   83.0  444.0
2024 153  6  1 1800  -19.9  979.9    3.3   49.0   84.0  444.0
2024 153  6  1 1900  -20.0  980.4    3.0   55.0   84.0  444.0
2024 153  6  1 2000  -20.4  980.7    1.9   79.0   83.0  444.0
2024 153  6  1 2100  -21.3  981.1    3.0   80.0   82.0  444.0
2024 153  6  1 2200  -23.6  981.6    2.6   97.0   79.0  444.0
2024 153  6  1 2300  -25.8  981.7    2.6  124.0   77.0  444.0
2024 154  6  2 0000  -24.8  981.9    3.0  129.0   78.9  444.0
2024 154  6  2 0100  -22.9  982.0    2.9  122.0   81.0  444.0
2024 154  6  2 0200  -22.2  981.8    4.0  138.0   81.1  444.0
2024 154  6  2 0300  -23.0  982.2    3.8  124.0   80.0  444.0
2024 154  6  2 0400  -22.7  982.2    3.4  130.0   80.6  444.0
2024 154  6  2 0500  -23.6  982.5    3.5  141.0   80.0  444.0
2024 154  6  2 0600  -23.2  982.8    3.5  137.0   80.0  444.0
2024 154  6  2 0700  -22.4  982.9    3.5  140.0   80.9  444.0
2024 154  6  2 0800  -22.1  982.7    3.3  134.0   81.0  444.0
2024 154  6  2 0900  -22.1  982.9    3.3  158.0   81.0  444.0
2024 154  6  2 1000  -22.4  982.9    3.7  158.0   81.0  444.0
2024 154  6  2 1100  -23.6  982.7    4.2  169.0   79.0  444.0
2024 154  6  2 1200  -25.1  982.8    4.8  166.0   78.3  444.0
2024 154  6  2 1300  -25.4  982.7    5.0  162.0   78.0  444.0
2024 154  6  2 1400  -23.8  982.5    4.9  164.0   80.0  444.0
2024 154  6  2 1500  -22.7  982.6    4.9  169.0   80.0  444.0
2024 154  6  2 1600  -22.3  982.4    5.4  186.0   81.0  444.0
2024 154  6  2 1700  -22.1  982.3    6.0  178.0   81.0  444.0
2024 154  6  2 1800  -21.9  982.0    6.5  175.0   81.0  444.0
2024 154  6  2 1900  -21.8  982.1    7.0  183.0   81.0  444.0
2024 154  6  2 2000  -22.1  982.1    7.2  182.0   81.0  444.0
2024 154  6  2 2100  -22.1  982.1    7.1  173.0   81.0  444.0
2024 154  6  2 2200  -22.2  982.0    6.9  181.0   81.1  444.0
2024 154  6  2 2300  -22.1  981.9    6.7  186.0   81.0  444.0
2024 155  6  3 0000  -21.9  981.5    6.9  177.0   81.0  444.0
2024 155  6  3 0100  -22.4  981.6    6.7  187.0   81.0  444.0
2024 155  6  3 0200  -22.6  981.2    7.3  186.0   81.0  444.0
2024 155  6  3 0300  -22.9  981.0    7.2  185.0   80.4  444.0
2024 155  6  3 0400  -23.2  980.5    6.9  196.0   80.0  444.0
2024 155  6  3 0500  -25.1  980.0    8.0  201.0   78.4  444.0
2024 155  6  3 0600  -26.3  979.3    7.5  194.0   77.0  444.0
2024 155  6  3 0700  -26.2  978.0    9.2  196.0   77.0  444.0
2024 155  6  3 0800  -26.1  977.3    9.0  193.0   77.0  444.0
2024 155  6  3 0900  -25.8  976.6    9.1  188.0   78.0  444.0
2024 155  6  3 1000  -25.2  976.0    9.3  187.0   78.3  444.0
2024 155  6  3 1100  -23.9  975.4    9.3  186.0   79.0  444.0
2024 155  6  3 1200  -23.5  974.7    8.5  191.0   79.0  444.0
2024 155  6  3 1300  -24.7  973.6    8.5  195.0   79.0  444.0
2024 155  6  3 1400  -24.4  973.0    8.8  200.0   79.0  444.0
2024 155  6  3 1500  -23.3  971.8    9.6  194.0   80.0  444.0
2024 155  6  3 1600  -23.2  971.2    9.4  194.0   80.0  444.0
2024 155  6  3 1700  -23.7  970.1    9.6  201.0   79.0  444.0
2024 155  6  3 1800  -24.8  969.0   10.2  195.0   78.0  444.0
2024 155  6  3 1900  -25.0  968.0   11.0  184.0   78.0  444.0
2024 155  6  3 2000  -24.7  966.3   12.4  184.0   78.3  444.0
2024 155  6  3 2100  -24.7  965.5   12.5  192.0   78.0  444.0
2024 155  6  3 2200  -24.8  964.8   13.0  192.0   78.0  444.0
2024 155  6  3 2300  -25.1  963.6   11.8  194.0   78.0  444.0
2024 156  6  4 0000  -25.7  962.4   11.8  200.0   77.0  444.0
2024 156  6  4 0100  -26.8  961.4   10.5  208.0   76.3  444.0
2024 156  6  4 0200  -27.7  960.0   11.7  217.0   76.0  444.0
2024 156  6  4 0300  -27.3  959.3   11.4  220.0   76.0  444.0
2024 156  6  4 0400  -27.3  958.5   10.3  226.0   76.0  444.0
2024 156  6  4 0500  -26.9  957.9   10.0  232.0   77.0  444.0
2024 156  6  4 0600  -26.5  957.5    9.9  239.0   76.0  444.0
2024 156  6  4 0700  -28.2  957.3   10.3  246.0   74.9  444.0
2024 156  6  4 0800  -29.1  957.3   11.1  251.0   75.0  444.0
2024 156  6  4 0900  -29.9  957.6    8.8  251.0   74.0  444.0
2024 156  6  4 1000  -31.7  958.0    8.2  262.0   73.0  444.0
2024 156  6  4 1100  -30.6  958.0    7.0  266.0   73.6  444.0
2024 156  6  4 1200  -30.6  958.5    8.4  271.0   73.6  444.0
2024 156  6  4 1300  -32.4  958.9    8.1  270.0   72.0  444.0
2024 156  6  4 1400  -33.5  959.2    5.9  284.0   72.0  444.0
2024 156  6  4 1500  -34.3  959.5    5.3  282.0   71.0  444.0
2024 156  6  4 1600  -33.5  959.8    5.8  278.0   71.5  444.0
2024 156  6  4 1700  -35.0  960.0    4.4  296.0   70.6  444.0
2024 156  6  4 1800  -36.5  960.5    1.5  314.0   70.0  444.0
2024 156  6  4 1900  -37.4  960.4    0.6  318.0   70.0  444.0
2024 156  6  4 2000  -37.0  960.7    0.4  318.0   70.0  444.0
2024 156  6  4 2100  -35.7  961.4    0.2  346.0   71.0  444.0
2024 156  6  4 2200  -32.5  961.8    3.1   18.0   72.7  444.0
2024 156  6  4 2300  -29.0  962.4    3.3   21.0   75.0  444.0
2024 157  6  5 0000  -26.5  963.4    3.4   23.0   77.0  444.0
2024 157  6  5 0100  -25.1  963.9    5.4   30.0   78.0  444.0
2024 157  6  5 0200  -23.4  964.4    7.9   23.0   79.0  444.0
2024 157  6  5 0300  -22.9  965.5    7.1   24.0   80.0  444.0
2024 157  6  5 0400  -22.8  966.1    6.3   24.0   80.0  444.0
2024 157  6  5 0500  -22.4  967.1    6.5   22.0   80.2  444.0
2024 157  6  5 0600  -22.4  967.6    3.8   26.0   80.0  444.0
2024 157  6  5 0700  -23.5  968.4    1.4   41.0   79.0  444.0
2024 157  6  5 0800  -27.0  969.0    0.5   71.0   76.4  444.0
2024 157  6  5 0900  -29.4  969.1    0.4   87.0   75.0  444.0
2024 157  6  5 1000  -29.2  968.6    0.7  104.0   75.1  444.0
2024 157  6  5 1100  -28.7  968.1    1.9  109.0   76.0  444.0
2024 157  6  5 1200  -27.5  967.7    4.4  113.0   76.0  444.0
2024 157  6  5 1300  -26.8  967.2    3.5  122.0   77.0  444.0
2024 157  6  5 1400  -25.7  966.5    7.6  130.0   78.0  444.0
2024 157  6  5 1500  -24.1  965.5    8.8  131.0   78.9  444.0
2024 157  6  5 1600  -23.0  964.8   10.5  136.0   80.0  444.0
2024 157  6  5 1700  -21.8  964.4    9.4  131.0   81.0  444.0
2024 157  6  5 1800  -20.4  964.1    3.3  125.0   82.0  444.0
2024 157  6  5 1900  -19.2  964.1    1.8  121.0   83.0  444.0
2024 157  6  5 2000  -19.7  964.0    0.5  123.0   82.7  444.0
2024 157  6  5 2100  -19.4  963.9  444.0  444.0   83.0  444.0
2024 157  6  5 2200  -17.3  964.0  444.0  444.0   86.0  444.0
2024 157  6  5 2300  -16.1  964.1  444.0  444.0   87.0  444.0
2024 158  6  6 0000  -16.4  964.1  444.0  444.0   87.0  444.0
2024 158  6  6 0100  -16.6  964.0  444.0  444.0   86.2  444.0
2024 158  6  6 0200  -16.6  964.0  444.0  444.0   87.0  444.0
2024 158  6  6 0300  -16.4  963.8  444.0  444.0   86.7  444.0
2024 158  6  6 0400  -16.8  963.7  444.0  444.0   86.0  444.0
2024 158  6  6 0500  -16.5  963.3  444.0  444.0   87.0  444.0
2024 158  6  6 0600  -16.4  963.1  444.0  444.0   86.9  444.0
2024 158  6  6 0700  -16.2  962.6  444.0  444.0   87.0  444.0
2024 158  6  6 0800  -15.9  962.0  444.0  444.0   87.3  444.0
2024 158  6  6 0900  -15.7  961.4  444.0  444.0   88.0  444.0
2024 158  6  6 1000  -15.9  960.7  444.0  444.0   87.0  444.0
2024 158  6  6 1100  -16.0  960.1  444.0  444.0   87.0  444.0
2024 158  6  6 1200  -16.8  959.8  444.0  444.0   86.0  444.0
2024 158  6  6 1300  -17.4  958.8  444.0  444.0   85.8  444.0
2024 158  6  6 1400  -18.4  958.0  444.0  444.0   85.0  444.0
2024 158  6  6 1500  -18.8  956.8  444.0  444.0   84.0  444.0
2024 158  6  6 1600  -19.0  956.1  444.0  444.0   84.0  444.0
2024 158  6  6 1700  -19.2  955.1  444.0  444.0   84.0  444.0
2024 158  6  6 1800  -18.9  954.3  444.0  444.0   84.2  444.0
2024 158  6  6 1900  -18.8  953.6  444.0  444.0   84.0  444.0
2024 158  6  6 2000  -20.2  953.2  444.0  444.0   83.0  444.0
2024 158  6  6 2100  -21.6  953.1  444.0  444.0   81.0  444.0
2024 158  6  6 2200  -24.1  953.2  444.0  444.0   79.0  444.0
2024 158  6  6 2300  -26.0  953.2  444.0  444.0   77.7  444.0
2024 159  6  7 0000  -25.8  952.8  444.0  444.0   78.0  444.0
2024 159  6  7 0100  -25.4  952.4  444.0  444.0   78.0  444.0
2024 159  6  7 0200  -25.7  952.3  444.0  444.0   78.0  444.0
2024 159  6  7 0300  -25.8  952.0  444.0  444.0   78.0  444.0
2024 159  6  7 0400  -26.2  952.0  444.0  444.0   77.0  444.0
2024 159  6  7 0500  -25.8  952.3  444.0  444.0   78.0  444.0
2024 159  6  7 0600  -24.7  952.6  444.0  444.0   79.0  444.0
2024 159  6  7 0700  -24.2  953.1  444.0  444.0   79.0  444.0
2024 159  6  7 0800  -24.7  953.3  444.0  444.0   79.0  444.0
2024 159  6  7 0900  -24.9  954.3  444.0  444.0   78.0  444.0
2024 159  6  7 1000  -24.0  954.9  444.0  444.0   78.0  444.0
2024 159  6  7 1100  -24.5  955.4  444.0  444.0   78.0  444.0
2024 159  6  7 1200  -24.4  955.8  444.0  444.0   77.0  444.0
2024 159  6  7 1300  -24.4  956.2  444.0  444.0   75.0  444.0
2024 159  6  7 1400  -24.4  956.8  444.0  444.0   75.0  444.0
2024 159  6  7 1500  -24.5  957.4  444.0  444.0   75.0  444.0
2024 159  6  7 1600  -25.5  957.4  444.0  444.0   75.0  444.0
2024 159  6  7 1700  -25.8  957.6  444.0  444.0   75.3  444.0
2024 159  6  7 1800  -25.3  958.1  444.0  444.0   75.0  444.0
2024 159  6  7 1900  -25.8  958.2  444.0  444.0   75.0  444.0
2024 159  6  7 2000  -25.8  958.6  444.0  444.0   76.0  444.0
2024 159  6  7 2100  -25.7  959.2  444.0  444.0   76.1  444.0
2024 159  6  7 2200  -25.8  959.4  444.0  444.0   76.8  444.0
2024 159  6  7 2300  -26.1  959.7  444.0  444.0   77.0  444.0
2024 160  6  8 0000  -25.0  959.7  444.0  444.0   78.0  444.0
2024 160  6  8 0100  -24.6  959.9  444.0  444.0   78.0  444.0
2024 160  6  8 0200  -24.1  960.2  444.0  444.0   79.0  444.0
2024 160  6  8 0300  -24.1  960.0  444.0  444.0   80.0  444.0
2024 160  6  8 0400  -23.6  960.2  444.0  444.0   80.0  444.0
2024 160  6  8 0500  -23.1  960.5  444.0  444.0   80.0  444.0
2024 160  6  8 0600  -22.5  961.1  444.0  444.0   80.0  444.0
2024 160  6  8 0700  -21.8  961.3  444.0  444.0   81.0  444.0
2024 160  6  8 0800  -21.4  961.4  444.0  444.0   81.0  444.0
2024 160  6  8 0900  -21.1  961.0  444.0  444.0   82.0  444.0
2024 160  6  8 1000  -20.9  960.7  444.0  444.0   82.0  444.0
2024 160  6  8 1100  -21.5  960.1  444.0  444.0   81.0  444.0
2024 160  6  8 1200  -21.4  959.7  444.0  444.0   82.0  444.0
2024 160  6  8 1300  -20.3  959.1  444.0  444.0   83.0  444.0
2024 160  6  8 1400  -18.1  958.5  444.0  444.0   85.0  444.0
2024 160  6  8 1500  -16.1  958.2  444.0  444.0   87.0  444.0
2024 160  6  8 1600  -15.4  957.9  444.0  444.0   87.0  444.0
2024 160  6  8 1700  -14.7  957.3  444.0  444.0   88.0  444.0
2024 160  6  8 1800  -14.8  957.2  444.0  444.0   88.0  444.0
2024 160  6  8 1900  -14.8  957.1  444.0  444.0   88.0  444.0
2024 160  6  8 2000  -16.0  957.1  444.0  444.0   87.0  444.0
2024 160  6  8 2100  -18.4  957.0  444.0  444.0   84.0  444.0
2024 160  6  8 2200  -19.5  956.4  444.0  444.0   83.0  444.0
2024 160  6  8 2300  -19.2  955.2  444.0  444.0   84.0  444.0
2024 161  6  9 0000  -19.2  955.0  444.0  444.0   84.0  444.0
2024 161  6  9 0100  -20.4  953.7  444.0  444.0   82.0  444.0
2024 161  6  9 0200  -20.3  952.5  444.0  444.0   82.5  444.0
2024 161  6  9 0300  -20.3  951.1  444.0  444.0   82.0  444.0
2024 161  6  9 0400  -20.9  949.5  444.0  444.0   82.0  444.0
2024 161  6  9 0500  -20.6  947.7  444.0  444.0   82.0  444.0
2024 161  6  9 0600  -19.8  945.4  444.0  444.0   83.0  444.0
2024 161  6  9 0700  -18.7  942.8  444.0  444.0   84.0  444.0
2024 161  6  9 0800  -18.5  940.2  444.0  444.0   84.0  444.0
2024 161  6  9 0900  -17.7  937.5  444.0  444.0   85.0  444.0
2024 161  6  9 1000  -15.8  934.8  444.0  444.0   87.0  444.0
2024 161  6  9 1100  -13.6  932.6  444.0  444.0   90.0  444.0
2024 161  6  9 1200  -12.2  931.4  444.0  444.0   92.0  444.0
2024 161  6  9 1300  -14.9  930.8  444.0  444.0   88.0  444.0
2024 161  6  9 1400  -17.2  930.8  444.0  444.0   86.0  444.0
2024 161  6  9 1500  -18.1  931.0  444.0  444.0   85.0  444.0
2024 161  6  9 1600  -18.1  930.8  444.0  444.0   85.0  444.0
2024 161  6  9 1700  -17.5  931.0  444.0  444.0   86.0  444.0
2024 161  6  9 1800  -17.5  931.6  444.0  444.0   86.0  444.0
2024 161  6  9 1900  -18.3  932.3  444.0  444.0   85.0  444.0
2024 161  6  9 2000  -17.6  933.8  444.0  444.0   86.0  444.0
2024 161  6  9 2100  -17.6  935.2  444.0  444.0   86.0  444.0
2024 161  6  9 2200  -17.4  937.3  444.0  444.0   86.0  444.0
2024 161  6  9 2300  -15.6  939.4  444.0  444.0   88.0  444.0
2024 162  6 10 0000  -15.8  941.7  444.0  444.0   87.0  444.0
2024 162  6 10 0100  -19.5  945.3  444.0  444.0   83.0  444.0
2024 162  6 10 0200  -21.6  948.1  444.0  444.0   81.0  444.0
2024 162  6 10 0300  -22.6  950.7  444.0  444.0   81.0  444.0
2024 162  6 10 0400  -22.9  953.2  444.0  444.0   81.0  444.0
2024 162  6 10 0500  -23.7  956.3  444.0  444.0   80.0  444.0
2024 162  6 10 0600  -25.5  958.6  444.0  444.0   78.0  444.0
2024 162  6 10 0700  -27.0  960.3  444.0  444.0   77.0  444.0
2024 162  6 10 0800  -26.8  961.9  444.0  444.0   77.3  444.0
2024 162  6 10 0900  -28.0  964.3  444.0  444.0   76.0  444.0
2024 162  6 10 1000  -29.7  966.0  444.0  444.0   75.0  444.0
2024 162  6 10 1100  -29.7  967.2  444.0  444.0   75.0  444.0
2024 162  6 10 1200  -30.6  968.4  444.0  444.0   74.0  444.0
2024 162  6 10 1300  -31.9  969.7  444.0  444.0   73.6  444.0
2024 162  6 10 1400  -32.3  970.9  444.0  444.0   73.1  444.0
2024 162  6 10 1500  -32.7  971.8  444.0  444.0   73.0  444.0
2024 162  6 10 1600  -33.4  972.5  444.0  444.0   72.0  444.0
2024 162  6 10 1700  -34.4  973.6  444.0  444.0   71.0  444.0
2024 162  6 10 1800  -35.7  974.2  444.0  444.0   71.0  444.0
2024 162  6 10 1900  -35.4  975.4  444.0  444.0   70.8  444.0
2024 162  6 10 2000  -33.9  976.2  444.0  444.0   72.0  444.0
2024 162  6 10 2100  -33.4  976.5  444.0  444.0   72.2  444.0
2024 162  6 10 2200  -32.8  977.1  444.0  444.0   73.0  444.0
2024 162  6 10 2300  -33.0  977.5  444.0  444.0   72.0  444.0
2024 163  6 11 0000  -29.2  977.6  444.0  444.0   75.1  444.0
2024 163  6 11 0100  -25.5  977.7  444.0  444.0   78.0  444.0
2024 163  6 11 0200  -23.8  977.4  444.0  444.0   78.0  444.0
2024 163  6 11 0300  -21.9  977.0  444.0  444.0   81.0  444.0
2024 163  6 11 0400  -21.4  977.5  444.0  444.0   81.0  444.0
2024 163  6 11 0500  -20.6  977.1  444.0  444.0   83.0  444.0
2024 163  6 11 0600  -19.7  977.1  444.0  444.0   83.0  444.0
2024 163  6 11 0700  -19.4  977.7  444.0  444.0   83.0  444.0
2024 163  6 11 0800  -19.3  978.2  444.0  444.0   84.0  444.0
2024 163  6 11 0900  -18.7  978.5  444.0  444.0   86.9  444.0
2024 163  6 11 1000  -18.6  978.9  444.0  444.0   85.0  444.0
2024 163  6 11 1100  -18.1  979.3  444.0  444.0   85.0  444.0
2024 163  6 11 1200  -17.7  979.8  444.0  444.0   84.8  444.0
2024 163  6 11 1300  -17.1  980.3  444.0  444.0   86.0  444.0
2024 163  6 11 1400  -17.2  980.6  444.0  444.0   85.0  444.0
2024 163  6 11 1500  -17.0  981.0  444.0  444.0   86.0  444.0
2024 163  6 11 1600  -18.8  981.7  444.0  444.0   84.0  444.0
2024 163  6 11 1700  -19.0  982.1  444.0  444.0   84.2  444.0
2024 163  6 11 1800  -19.4  982.7  444.0  444.0   83.0  444.0
2024 163  6 11 1900  -20.9  983.6  444.0  444.0   82.0  444.0
2024 163  6 11 2000  -22.5  984.3  444.0  444.0   80.0  444.0
2024 163  6 11 2100  -23.2  985.2  444.0  444.0   80.0  444.0
2024 163  6 11 2200  -23.9  986.0  444.0  444.0   78.9  444.0
2024 163  6 11 2300  -25.4  986.8  444.0  444.0   78.0  444.0
2024 164  6 12 0000  -26.6  987.5  444.0  444.0   76.7  444.0
2024 164  6 12 0100  -26.7  988.3  444.0  444.0   77.0  444.0
2024 164  6 12 0200  -26.3  989.2  444.0  444.0   78.0  444.0
2024 164  6 12 0300  -27.5  990.0  444.0  444.0   76.5  444.0
2024 164  6 12 0400  -29.5  991.0  444.0  444.0   75.0  444.0
2024 164  6 12 0500  -32.7  991.8  444.0  444.0   73.0  444.0
2024 164  6 12 0600  -34.1  992.8  444.0  444.0   72.0  444.0
2024 164  6 12 0700  -33.3  993.9  444.0  444.0   73.0  444.0
2024 164  6 12 0800  -32.8  994.8  444.0  444.0   73.0  444.0
2024 164  6 12 0900  -33.2  995.7  444.0  444.0   72.0  444.0
2024 164  6 12 1000  -34.1  996.5  444.0  444.0   71.6  444.0
2024 164  6 12 1100  -35.1  997.5  444.0  444.0   71.0  444.0
2024 164  6 12 1200  -36.1  998.0  444.0  444.0   70.0  444.0
2024 164  6 12 1300  -34.8  998.1  444.0  444.0   71.0  444.0
2024 164  6 12 1400  -35.4  999.0  444.0  444.0   71.0  444.0
2024 164  6 12 1500  -35.0  999.2  444.0  444.0   71.2  444.0
2024 164  6 12 1600  -33.4  999.3  444.0  444.0   72.0  444.0
2024 164  6 12 1700  -33.9  999.8  444.0  444.0   72.0  444.0
2024 164  6 12 1800  -33.9 1000.1  444.0  444.0   72.0  444.0
2024 164  6 12 1900  -32.0 1000.6  444.0  444.0   73.0  444.0
2024 164  6 12 2000  -32.5 1000.5  444.0  444.0   72.2  444.0
2024 164  6 12 2100  -34.7 1001.0  444.0  444.0   71.2  444.0
2024 164  6 12 2200  -34.3 1000.8  444.0  444.0   71.0  444.0
2024 164  6 12 2300  -34.6 1000.7  444.0  444.0   71.0  444.0
2024 165  6 13 0000  -34.7 1000.3  444.0  444.0   71.0  444.0
2024 165  6 13 0100  -34.7 1000.2  444.0  444.0   70.9  444.0
2024 165  6 13 0200  -34.9 1000.0  444.0  444.0   70.6  444.0
2024 165  6 13 0300  -35.4  999.0  444.0  444.0   71.0  444.0
2024 165  6 13 0400  -33.3  998.6  444.0  444.0   72.0  444.0
2024 165  6 13 0500  -32.0  997.4  444.0  444.0   72.0  444.0
2024 165  6 13 0600  -30.7  996.6  444.0  444.0   74.0  444.0
2024 165  6 13 0700  -28.7  995.4  444.0  444.0   74.0  444.0
2024 165  6 13 0800  -28.0  993.8  444.0  444.0   75.6  444.0
2024 165  6 13 0900  -27.5  992.0  444.0  444.0   75.8  444.0
2024 165  6 13 1000  -27.3  990.3  444.0  444.0   76.0  444.0
2024 165  6 13 1100  -26.2  988.7  444.0  444.0   77.0  444.0
2024 165  6 13 1200  -25.1  986.7  444.0  444.0   78.0  444.0
2024 165  6 13 1300  -24.1  985.0  444.0  444.0   79.0  444.0
2024 165  6 13 1400  -23.0  982.5  444.0  444.0   80.0  444.0
2024 165  6 13 1500  -21.3  980.2  444.0  444.0   81.0  444.0
2024 165  6 13 1600  -21.9  978.3  444.0  444.0   81.0  444.0
2024 165  6 13 1700  -21.7  976.7  444.0  444.0   81.0  444.0
2024 165  6 13 1800  -21.3  974.4  444.0  444.0   81.0  444.0
2024 165  6 13 1900  -20.3  972.6  444.0  444.0   82.0  444.0
2024 165  6 13 2000  -19.5  971.2  444.0  444.0   83.0  444.0
2024 165  6 13 2100  -19.2  970.3  444.0  444.0   83.0  444.0
2024 165  6 13 2200  -19.0  969.4  444.0  444.0   84.0  444.0
2024 165  6 13 2300  -18.1  969.0  444.0  444.0   84.4  444.0
2024 166  6 14 0000  -18.4  968.2  444.0  444.0   84.0  444.0
2024 166  6 14 0100  -19.0  967.7  444.0  444.0   83.0  444.0
2024 166  6 14 0200  -19.6  967.2  444.0  444.0   82.5  444.0
2024 166  6 14 0300  -20.0  966.7  444.0  444.0   83.0  444.0
2024 166  6 14 0400  -20.4  966.2  444.0  444.0   82.0  444.0
2024 166  6 14 0500  -20.8  965.9  444.0  444.0   82.0  444.0
2024 166  6 14 0600  -21.5  965.6  444.0  444.0   81.0  444.0
2024 166  6 14 0700  -23.0  965.2  444.0  444.0   80.2  444.0
2024 166  6 14 0800  -24.2  964.8  444.0  444.0   79.0  444.0
2024 166  6 14 0900  -25.9  964.2  444.0  444.0   78.0  444.0
2024 166  6 14 1000  -27.0  964.2  444.0  444.0   77.0  444.0
2024 166  6 14 1100  -27.8  963.8  444.0  444.0   76.0  444.0
2024 166  6 14 1200  -28.8  963.5  444.0  444.0   75.0  444.0
2024 166  6 14 1300  -29.5  962.9  444.0  444.0   75.0  444.0
2024 166  6 14 1400  -29.7  962.3  444.0  444.0   75.0  444.0
2024 166  6 14 1500  -30.0  961.8  444.0  444.0   74.7  444.0
2024 166  6 14 1600  -29.5  961.2  444.0  444.0   75.0  444.0
2024 166  6 14 1700  -29.2  960.5  444.0  444.0   75.0  444.0
2024 166  6 14 1800  -29.0  960.2  444.0  444.0   75.0  444.0
2024 166  6 14 1900  -28.4  960.0  444.0  444.0   76.0  444.0
2024 166  6 14 2000  -27.5  959.5  444.0  444.0   76.0  444.0
2024 166  6 14 2100  -27.6  959.3  444.0  444.0   76.0  444.0
2024 166  6 14 2200  -26.5  959.1  444.0  444.0   77.0  444.0
2024 166  6 14 2300  -27.8  959.3  444.0  444.0   76.0  444.0
2024 167  6 15 0000  -29.1  959.1  444.0  444.0   75.0  444.0
2024 167  6 15 0100  -29.8  959.1  444.0  444.0   74.4  444.0
2024 167  6 15 0200  -31.6  959.0  444.0  444.0   73.0  444.0
2024 167  6 15 0300  -32.0  958.5  444.0  444.0   73.0  444.0
2024 167  6 15 0400  -32.0  958.4  444.0  444.0   73.0  444.0
2024 167  6 15 0500  -31.2  958.9  444.0  444.0   73.5  444.0
2024 167  6 15 0600  -31.9  959.4  444.0  444.0   73.0  444.0
2024 167  6 15 0700  -31.1  959.6  444.0  444.0   74.0  444.0
2024 167  6 15 0800  -30.3  959.7  444.0  444.0   74.0  444.0
2024 167  6 15 0900  -29.7  960.3  444.0  444.0   74.0  444.0
2024 167  6 15 1000  -29.0  960.3  444.0  444.0   75.0  444.0
2024 167  6 15 1100  -29.4  960.5  444.0  444.0   75.0  444.0
2024 167  6 15 1200  -29.2  960.2  444.0  444.0   75.0  444.0
2024 167  6 15 1300  -28.6  959.8  444.0  444.0   75.0  444.0
2024 167  6 15 1400  -28.2  959.3  444.0  444.0   75.0  444.0
2024 167  6 15 1500  -27.5  959.3  444.0  444.0   75.9  444.0
2024 167  6 15 1600  -27.1  959.4  444.0  444.0   76.0  444.0
2024 167  6 15 1700  -23.8  959.4  444.0  444.0   79.0  444.0
2024 167  6 15 1800  -24.7  959.9  444.0  444.0   78.0  444.0
2024 167  6 15 1900  -25.8  960.3  444.0  444.0   77.0  444.0
2024 167  6 15 2000  -28.7  960.6  444.0  444.0   75.0  444.0
2024 167  6 15 2100  -28.6  960.8  444.0  444.0   75.0  444.0
2024 167  6 15 2200  -29.2  961.2  444.0  444.0   75.0  444.0
2024 167  6 15 2300  -28.9  961.0  444.0  444.0   75.0  444.0
2024 168  6 16 0000  -24.0  960.4  444.0  444.0   79.0  444.0
2024 168  6 16 0100  -23.9  959.6  444.0  444.0   79.1  444.0
2024 168  6 16 0200  -21.5  958.1  444.0  444.0   81.3  444.0
2024 168  6 16 0300  -22.0  956.9  444.0  444.0   80.0  444.0
2024 168  6 16 0400  -21.9  956.4  444.0  444.0   80.0  444.0
2024 168  6 16 0500  -25.6  956.7  444.0  444.0   77.0  444.0
2024 168  6 16 0600  -27.9  957.3  444.0  444.0   75.6  444.0
2024 168  6 16 0700  -29.0  957.4  444.0  444.0   75.0  444.0
2024 168  6 16 0800  -30.3  957.9  444.0  444.0   74.0  444.0
2024 168  6 16 0900  -31.0  958.5  444.0  444.0   73.0  444.0
2024 168  6 16 1000  -32.0  959.0  444.0  444.0   73.0  444.0
2024 168  6 16 1100  -33.7  959.7  444.0  444.0   72.0  444.0
2024 168  6 16 1200  -34.7  959.9  444.0  444.0   71.0  444.0
2024 168  6 16 1300  -35.3  960.2  444.0  444.0   70.0  444.0
2024 168  6 16 1400  -35.9  960.8  444.0  444.0   70.0  444.0
2024 168  6 16 1500  -37.2  961.7  444.0  444.0   70.0  444.0
2024 168  6 16 1600  -37.4  962.5  444.0  444.0   69.0  444.0
2024 168  6 16 1700  -35.6  964.0  444.0  444.0   71.0  444.0
2024 168  6 16 1800  -34.1  965.3  444.0  444.0   71.0  444.0
2024 168  6 16 1900  -33.5  966.9  444.0  444.0   72.0  444.0
2024 168  6 16 2000  -32.0  968.3  444.0  444.0   73.0  444.0
2024 168  6 16 2100  -30.6  969.8  444.0  444.0   73.7  444.0
2024 168  6 16 2200  -31.6  971.1  444.0  444.0   73.0  444.0
2024 168  6 16 2300  -32.6  972.2  444.0  444.0   72.0  444.0
2024 169  6 17 0000  -32.5  973.1  444.0  444.0   72.0  444.0
2024 169  6 17 0100  -33.2  973.8  444.0  444.0   72.0  444.0
2024 169  6 17 0200  -32.0  974.7  444.0  444.0   73.0  444.0
2024 169  6 17 0300  -29.8  975.7  444.0  444.0   74.0  444.0
2024 169  6 17 0400  -27.9  977.2  444.0  444.0   75.0  444.0
2024 169  6 17 0500  -28.0  978.4  444.0  444.0   75.0  444.0
2024 169  6 17 0600  -26.8  979.5  444.0  444.0   76.0  444.0
2024 169  6 17 0700  -27.3  980.4  444.0  444.0   76.0  444.0
2024 169  6 17 0800  -28.5  981.1  444.0  444.0   75.0  444.0
2024 169  6 17 0900  -29.2  981.6  444.0  444.0   75.0  444.0
2024 169  6 17 1000  -31.3  982.1  444.0  444.0   73.0  444.0
2024 169  6 17 1100  -34.4  982.7  444.0  444.0   71.2  444.0
2024 169  6 17 1200  -35.8  982.7  444.0  444.0   70.0  444.0
2024 169  6 17 1300  -37.3  983.0  444.0  444.0   69.0  444.0
2024 169  6 17 1400  -38.3  982.9  444.0  444.0   69.0  444.0
2024 169  6 17 1500  -38.4  982.6  444.0  444.0   69.0  444.0
2024 169  6 17 1600  -38.6  982.8  444.0  444.0   68.5  444.0
2024 169  6 17 1700  -40.7  982.5  444.0  444.0   67.0  444.0
2024 169  6 17 1800  -41.7  982.3  444.0  444.0   67.0  444.0
2024 169  6 17 1900  -41.9  982.5  444.0  444.0   67.0  444.0
2024 169  6 17 2000  -42.2  982.4  444.0  444.0   67.0  444.0
2024 169  6 17 2100  -42.8  981.8  444.0  444.0   66.3  444.0
2024 169  6 17 2200  -43.4  981.2  444.0  444.0   66.0  444.0
2024 169  6 17 2300  -43.3  981.0  444.0  444.0   66.0  444.0
2024 170  6 18 0000  -43.2  980.6  444.0  444.0   66.0  444.0
2024 170  6 18 0100  -43.6  980.5  444.0  444.0   66.0  444.0
2024 170  6 18 0200  -44.0  980.4  444.0  444.0   65.7  444.0
2024 170  6 18 0300  -44.8  980.5  444.0  444.0   66.0  444.0
2024 170  6 18 0400  -44.2  980.4  444.0  444.0   65.0  444.0
2024 170  6 18 0500  -45.2  980.4  444.0  444.0   65.0  444.0
2024 170  6 18 0600  -45.6  979.7  444.0  444.0   65.0  444.0
2024 170  6 18 0700  -45.2  978.9  444.0  444.0   65.1  444.0
2024 170  6 18 0800  -46.1  979.0  444.0  444.0   65.0  444.0
2024 170  6 18 0900  -47.1  979.1  444.0  444.0   64.0  444.0
2024 170  6 18 1000  -46.7  979.3  444.0  444.0   64.0  444.0
2024 170  6 18 1100  -46.3  979.2  444.0  444.0   64.0  444.0
2024 170  6 18 1200  -46.6  979.4  444.0  444.0   64.0  444.0
2024 170  6 18 1300  -45.2  979.4  444.0  444.0   65.0  444.0
2024 170  6 18 1400  -46.7  979.5  444.0  444.0   64.0  444.0
2024 170  6 18 1500  -47.6  979.5  444.0  444.0   64.0  444.0
2024 170  6 18 1600  -48.0  979.6  444.0  444.0   63.0  444.0
2024 170  6 18 1700  -48.3  979.8  444.0  444.0   63.2  444.0
2024 170  6 18 1800  -48.7  979.5  444.0  444.0   63.0  444.0
2024 170  6 18 1900  -48.6  979.3  444.0  444.0   63.0  444.0
2024 170  6 18 2000  -48.7  978.6  444.0  444.0   63.0  444.0
2024 170  6 18 2100  -48.2  978.5  444.0  444.0   63.0  444.0
2024 170  6 18 2200  -47.5  977.5  444.0  444.0   63.6  444.0
2024 170  6 18 2300  -46.4  976.7  444.0  444.0   64.0  444.0
2024 171  6 19 0000  -45.8  975.9  444.0  444.0   64.0  444.0
2024 171  6 19 0100  -46.1  975.0  444.0  444.0   64.0  444.0
2024 171  6 19 0200  -45.8  974.5  444.0  444.0   64.0  444.0
2024 171  6 19 0300  -45.3  973.8  444.0  444.0   64.7  444.0
2024 171  6 19 0400  -45.1  972.7  444.0  444.0   65.0  444.0
2024 171  6 19 0500  -43.4  972.0  444.0  444.0   65.0  444.0
2024 171  6 19 0600  -42.8  970.9  444.0  444.0   66.0  444.0
2024 171  6 19 0700  -42.7  969.8  444.0  444.0   66.0  444.0
2024 171  6 19 0800  -42.9  969.1  444.0  444.0   66.0  444.0
2024 171  6 19 0900  -41.9  968.2  444.0  444.0   66.0  444.0
2024 171  6 19 1000  -41.5  966.7  444.0  444.0   66.0  444.0
2024 171  6 19 1100  -40.7  965.5  444.0  444.0   67.0  444.0
2024 171  6 19 1200  -40.9  964.9  444.0  444.0   67.0  444.0
2024 171  6 19 1300  -40.2  963.8  444.0  444.0   67.0  444.0
2024 171  6 19 1400  -37.7  962.1  444.0  444.0   68.0  444.0
2024 171  6 19 1500  -32.3  961.3  444.0  444.0   72.0  444.0
2024 171  6 19 1600  -26.7  960.1  444.0  444.0   76.0  444.0
2024 171  6 19 1700  -24.0  959.1  444.0  444.0   77.8  444.0
2024 171  6 19 1800  -23.6  958.5  444.0  444.0   78.0  444.0
2024 171  6 19 1900  -23.7  957.7  444.0  444.0   79.0  444.0
2024 171  6 19 2000  -24.4  957.0  444.0  444.0   78.0  444.0
2024 171  6 19 2100  -24.3  956.6  444.0  444.0   78.0  444.0
2024 171  6 19 2200  -23.6  955.8  444.0  444.0   78.9  444.0
2024 171  6 19 2300  -22.9  955.5  444.0  444.0   80.0  444.0
2024 172  6 20 0000  -23.6  955.2  444.0  444.0   79.0  444.0
2024 172  6 20 0100  -22.8  955.0  444.0  444.0   80.0  444.0
2024 172  6 20 0200  -21.8  954.4  444.0  444.0   81.0  444.0
2024 172  6 20 0300  -21.9  954.3  444.0  444.0   80.0  444.0
2024 172  6 20 0400  -22.9  954.2  444.0  444.0   80.0  444.0
2024 172  6 20 0500  -24.9  954.2  444.0  444.0   78.0  444.0
2024 172  6 20 0600  -26.4  953.8  444.0  444.0   77.0  444.0
2024 172  6 20 0700  -26.9  954.1  444.0  444.0   76.0  444.0
2024 172  6 20 0800  -28.4  954.4  444.0  444.0   75.0  444.0
2024 172  6 20 0900  -29.7  954.2  444.0  444.0   75.0  444.0
2024 172  6 20 1000  -28.6  954.0  444.0  444.0   75.1  444.0
2024 172  6 20 1100  -29.1  954.5  444.0  444.0   75.0  444.0
2024 172  6 20 1200  -29.2  954.8  444.0  444.0   75.0  444.0
2024 172  6 20 1300  -29.4  955.1  444.0  444.0   75.0  444.0
2024 172  6 20 1400  -29.2  955.9  444.0  444.0   75.0  444.0
2024 172  6 20 1500  -27.1  956.8  444.0  444.0   76.0  444.0
2024 172  6 20 1600  -24.8  957.8  444.0  444.0   78.0  444.0
2024 172  6 20 1700  -24.3  959.0  444.0  444.0   78.0  444.0
2024 172  6 20 1800  -24.5  960.8  444.0  444.0   78.0  444.0
2024 172  6 20 1900  -24.4  962.5  444.0  444.0   79.0  444.0
2024 172  6 20 2000  -25.9  964.2  444.0  444.0   76.0  444.0
2024 172  6 20 2100  -25.9  965.7  444.0  444.0   78.0  444.0
2024 172  6 20 2200  -26.3  966.9  444.0  444.0   77.0  444.0
2024 172  6 20 2300  -26.8  968.6  444.0  444.0   76.0  444.0
2024 173  6 21 0000  -27.8  969.7  444.0  444.0   75.0  444.0
2024 173  6 21 0100  -29.0  970.7  444.0  444.0   75.0  444.0
2024 173  6 21 0200  -29.7  971.8  444.0  444.0   74.4  444.0
2024 173  6 21 0300  -30.3  972.6  444.0  444.0   74.0  444.0
2024 173  6 21 0400  -30.9  973.4  444.0  444.0   73.6  444.0
2024 173  6 21 0500  -30.7  973.9  444.0  444.0   74.0  444.0
2024 173  6 21 0600  -30.9  974.9  444.0  444.0   74.0  444.0
2024 173  6 21 0700  -30.6  975.3  444.0  444.0   74.0  444.0
2024 173  6 21 0800  -33.4  975.7  444.0  444.0   72.0  444.0
2024 173  6 21 0900  -35.3  975.9  444.0  444.0   71.0  444.0
2024 173  6 21 1000  -36.7  976.3  444.0  444.0   70.0  444.0
2024 173  6 21 1100  -37.8  976.5  444.0  444.0   69.0  444.0
2024 173  6 21 1200  -38.1  976.5  444.0  444.0   68.9  444.0
2024 173  6 21 1300  -39.0  976.6  444.0  444.0   68.0  444.0
2024 173  6 21 1400  -39.4  976.5  444.0  444.0   68.0  444.0
2024 173  6 21 1500  -39.4  976.6  444.0  444.0   68.0  444.0
2024 173  6 21 1600  -39.0  976.2  444.0  444.0   68.0  444.0
2024 173  6 21 1700  -40.7  975.9  444.0  444.0   67.0  444.0
2024 173  6 21 1800  -40.9  976.2  444.0  444.0   67.5  444.0
2024 173  6 21 1900  -39.8  975.9  444.0  444.0   68.0  444.0
2024 173  6 21 2000  -39.9  975.8  444.0  444.0   68.0  444.0
2024 173  6 21 2100  -40.1  975.7  444.0  444.0   68.0  444.0
2024 173  6 21 2200  -39.9  975.6  444.0  444.0   68.0  444.0
2024 173  6 21 2300  -39.8  975.6  444.0  444.0   68.0  444.0
2024 174  6 22 0000  -40.6  975.4  444.0  444.0   67.0  444.0
2024 174  6 22 0100  -41.6  975.8  444.0  444.0   67.0  444.0
2024 174  6 22 0200  -41.3  975.5  444.0  444.0   67.0  444.0
2024 174  6 22 0300  -41.0  975.2  444.0  444.0   67.0  444.0
2024 174  6 22 0400  -41.3  975.4  444.0  444.0   67.0  444.0
2024 174  6 22 0500  -41.8  975.6  444.0  444.0   67.0  444.0
2024 174  6 22 0600  -40.5  975.8  444.0  444.0   68.0  444.0
2024 174  6 22 0700  -39.0  975.9  444.0  444.0   68.0  444.0
2024 174  6 22 0800  -40.3  976.1  444.0  444.0   67.0  444.0
2024 174  6 22 0900  -41.3  976.0  444.0  444.0   67.0  444.0
2024 174  6 22 1000  -42.9  976.6  444.0  444.0   66.0  444.0
2024 174  6 22 1100  -43.4  976.9  444.0  444.0   66.0  444.0
2024 174  6 22 1200  -43.1  977.1  444.0  444.0   66.0  444.0
2024 174  6 22 1300  -43.6  977.4  444.0  444.0   66.0  444.0
2024 174  6 22 1400  -44.6  977.8  444.0  444.0   65.0  444.0
2024 174  6 22 1500  -45.0  977.7  444.0  444.0   65.0  444.0
2024 174  6 22 1600  -45.4  978.4  444.0  444.0   65.0  444.0
2024 174  6 22 1700  -45.4  978.2  444.0  444.0   65.0  444.0
2024 174  6 22 1800  -44.8  978.4  444.0  444.0   65.0  444.0
2024 174  6 22 1900  -44.1  978.2  444.0  444.0   65.0  444.0
2024 174  6 22 2000  -43.7  978.3  444.0  444.0   65.4  444.0
2024 174  6 22 2100  -43.6  978.4  444.0  444.0   65.0  444.0
2024 174  6 22 2200  -43.7  978.7  444.0  444.0   65.0  444.0
2024 174  6 22 2300  -43.4  978.1  444.0  444.0   65.0  444.0
2024 175  6 23 0000  -43.0  977.9  444.0  444.0   66.0  444.0
2024 175  6 23 0100  -42.1  978.4  444.0  444.0   66.3  444.0
2024 175  6 23 0200  -38.5  977.1  444.0  444.0   68.0  444.0
2024 175  6 23 0300  -36.0  977.3  444.0  444.0   69.0  444.0
2024 175  6 23 0400  -35.8  977.3  444.0  444.0   70.0  444.0
2024 175  6 23 0500  -34.5  976.9  444.0  444.0   70.0  444.0
2024 175  6 23 0600  -33.5  976.5  444.0  444.0   71.0  444.0
2024 175  6 23 0700  -33.5  976.1  444.0  444.0   71.0  444.0
2024 175  6 23 0800  -34.1  976.1  444.0  444.0   70.7  444.0
2024 175  6 23 0900  -35.8  975.7  444.0  444.0   69.0  444.0
2024 175  6 23 1000  -36.5  975.9  444.0  444.0   69.0  444.0
2024 175  6 23 1100  -37.3  975.9  444.0  444.0   68.0  444.0
2024 175  6 23 1200  -38.5  975.4  444.0  444.0   68.0  444.0
2024 175  6 23 1300  -38.1  975.5  444.0  444.0   68.0  444.0
2024 175  6 23 1400  -39.6  974.8  444.0  444.0   68.0  444.0
2024 175  6 23 1500  -40.3  975.0  444.0  444.0   67.0  444.0
2024 175  6 23 1600  -41.3  974.6  444.0  444.0   67.0  444.0
2024 175  6 23 1700  -42.3  974.1  444.0  444.0   66.0  444.0
2024 175  6 23 1800  -41.6  973.8  444.0  444.0   67.0  444.0
2024 175  6 23 1900  -42.4  973.1  444.0  444.0   66.0  444.0
2024 175  6 23 2000  -41.6  972.6  444.0  444.0   67.0  444.0
2024 175  6 23 2100  -41.1  971.9  444.0  444.0   67.0  444.0
2024 175  6 23 2200  -39.9  971.3  444.0  444.0   67.5  444.0
2024 175  6 23 2300  -38.7  971.2  444.0  444.0   67.9  444.0
2024 176  6 24 0000  -37.3  970.7  444.0  444.0   69.0  444.0
2024 176  6 24 0100  -35.8  970.1  444.0  444.0   70.0  444.0
2024 176  6 24 0200  -33.8  969.5  444.0  444.0   71.0  444.0
2024 176  6 24 0300  -33.1  968.4  444.0  444.0   71.0  444.0
2024 176  6 24 0400  -32.1  967.9  444.0  444.0   71.6  444.0
2024 176  6 24 0500  -33.7  967.9  444.0  444.0   70.7  444.0
2024 176  6 24 0600  -33.4  967.8  444.0  444.0   71.0  444.0
2024 176  6 24 0700  -33.4  967.7  444.0  444.0   71.0  444.0
2024 176  6 24 0800  -33.2  967.6  444.0  444.0   71.0  444.0
2024 176  6 24 0900  -33.8  967.3  444.0  444.0   71.0  444.0
2024 176  6 24 1000  -35.1  967.2  444.0  444.0   70.0  444.0
2024 176  6 24 1100  -35.5  966.6  444.0  444.0   70.0  444.0
2024 176  6 24 1200  -35.6  966.2  444.0  444.0   70.0  444.0
2024 176  6 24 1300  -35.6  965.6  444.0  444.0   70.0  444.0
2024 176  6 24 1400  -35.7  965.2  444.0  444.0   70.0  444.0
2024 176  6 24 1500  -36.2  964.6  444.0  444.0   69.0  444.0
2024 176  6 24 1600  -36.6  964.0  444.0  444.0   69.0  444.0
2024 176  6 24 1700  -37.1  963.6  444.0  444.0   69.0  444.0
2024 176  6 24 1800  -37.8  962.9  444.0  444.0   68.0  444.0
2024 176  6 24 1900  -39.0  962.2  444.0  444.0   68.0  444.0
2024 176  6 24 2000  -40.7  961.7  444.0  444.0   67.0  444.0
2024 176  6 24 2100  -41.4  961.4  444.0  444.0   67.0  444.0
2024 176  6 24 2200  -42.0  961.3  444.0  444.0   66.0  444.0
2024 176  6 24 2300  -43.4  960.9  444.0  444.0   66.0  444.0
2024 177  6 25 0000  -44.2  960.6  444.0  444.0   65.0  444.0
2024 177  6 25 0100  -43.2  960.5  444.0  444.0   66.0  444.0
2024 177  6 25 0200  -42.9  959.9  444.0  444.0   66.0  444.0
2024 177  6 25 0300  -43.3  960.4  444.0  444.0   65.6  444.0
2024 177  6 25 0400  -43.6  960.7  444.0  444.0   65.3  444.0
2024 177  6 25 0500  -44.2  960.6  444.0  444.0   65.0  444.0
2024 177  6 25 0600  -43.3  961.2  444.0  444.0   66.0  444.0
2024 177  6 25 0700  -42.2  961.7  444.0  444.0   66.0  444.0
2024 177  6 25 0800  -41.2  962.8  444.0  444.0   67.0  444.0
2024 177  6 25 0900  -42.2  963.2  444.0  444.0   66.0  444.0
2024 177  6 25 1000  -43.3  963.9  444.0  444.0   65.0  444.0
2024 177  6 25 1100  -43.6  964.9  444.0  444.0   65.0  444.0
2024 177  6 25 1200  -44.8  966.0  444.0  444.0   65.0  444.0
2024 177  6 25 1300  -45.4  966.5  444.0  444.0   65.0  444.0
2024 177  6 25 1400  -45.3  967.5  444.0  444.0   64.4  444.0
2024 177  6 25 1500  -45.8  968.4  444.0  444.0   64.0  444.0
2024 177  6 25 1600  -46.1  969.0  444.0  444.0   64.0  444.0
2024 177  6 25 1700  -47.6  969.9  444.0  444.0   63.0  444.0
2024 177  6 25 1800  -48.3  971.0  444.0  444.0   63.0  444.0
2024 177  6 25 1900  -48.8  971.7  444.0  444.0   63.0  444.0
2024 177  6 25 2000  -49.7  972.5  444.0  444.0   62.0  444.0
2024 177  6 25 2100  -49.3  973.0  444.0  444.0   62.0  444.0
2024 177  6 25 2200  -49.5  973.6  444.0  444.0   62.0  444.0
2024 177  6 25 2300  -49.3  974.0  444.0  444.0   62.0  444.0
2024 178  6 26 0000  -50.4  975.2  444.0  444.0   62.0  444.0
2024 178  6 26 0100  -51.4  975.6  444.0  444.0   61.5  444.0
2024 178  6 26 0200  -51.8  976.0  444.0  444.0   61.3  444.0
2024 178  6 26 0300  -51.3  976.6  444.0  444.0   61.0  444.0
2024 178  6 26 0400  -51.5  976.4  444.0  444.0   61.0  444.0
2024 178  6 26 0500  -50.8  976.9  444.0  444.0   61.0  444.0
2024 178  6 26 0600  -50.1  977.4  444.0  444.0   62.0  444.0
2024 178  6 26 0700  -50.8  978.1  444.0  444.0   61.0  444.0
2024 178  6 26 0800  -50.3  978.0  444.0  444.0   61.0  444.0
2024 178  6 26 0900  -51.2  978.3  444.0  444.0   61.0  444.0
2024 178  6 26 1000  -53.5  978.6  444.0  444.0   60.0  444.0
2024 178  6 26 1100  -52.2  978.6  444.0  444.0   61.0  444.0
2024 178  6 26 1200  -52.4  978.6  444.0  444.0   60.7  444.0
2024 178  6 26 1300  -52.2  978.6  444.0  444.0   61.0  444.0
2024 178  6 26 1400  -52.7  978.6  444.0  444.0   61.0  444.0
2024 178  6 26 1500  -52.8  978.3  444.0  444.0   60.0  444.0
2024 178  6 26 1600  -52.6  978.5  444.0  444.0   60.0  444.0
2024 178  6 26 1700  -52.5  977.8  444.0  444.0   60.4  444.0
2024 178  6 26 1800  -52.6  977.4  444.0  444.0   60.0  444.0
2024 178  6 26 1900  -53.1  977.2  444.0  444.0   60.0  444.0
2024 178  6 26 2000  -53.2  976.7  444.0  444.0   60.0  444.0
2024 178  6 26 2100  -53.2  975.7  444.0  444.0   60.0  444.0
2024 178  6 26 2200  -52.9  974.7  444.0  444.0   60.1  444.0
2024 178  6 26 2300  -53.3  973.5  444.0  444.0   60.0  444.0
2024 179  6 27 0000  -53.2  971.9  444.0  444.0   60.0  444.0
2024 179  6 27 0100  -52.8  970.1  444.0  444.0   60.0  444.0
2024 179  6 27 0200  -50.1  968.0  444.0  444.0   61.0  444.0
2024 179  6 27 0300  -48.2  965.6  444.0  444.0   62.6  444.0
2024 179  6 27 0400  -45.2  963.1  444.0  444.0   64.0  444.0
2024 179  6 27 0500  -41.9  960.7  444.0  444.0   66.0  444.0
2024 179  6 27 0600  -36.9  958.3  444.0  444.0   68.0  444.0
2024 179  6 27 0700  -33.1  956.3  444.0  444.0   71.0  444.0
2024 179  6 27 0800  -31.8  954.5  444.0  444.0   71.0  444.0
2024 179  6 27 0900  -30.4  953.8  444.0  444.0   72.0  444.0
2024 179  6 27 1000  -29.2  953.1  444.0  444.0   73.6  444.0
2024 179  6 27 1100  -28.8  952.1  444.0  444.0   74.0  444.0
2024 179  6 27 1200  -29.0  950.4  444.0  444.0   74.0  444.0
2024 179  6 27 1300  -28.0  949.1  444.0  444.0   75.0  444.0
2024 179  6 27 1400  -26.8  947.0  444.0  444.0   75.3  444.0
2024 179  6 27 1500  -26.3  946.4  444.0  444.0   75.8  444.0
2024 179  6 27 1600  -26.6  946.5  444.0  444.0   76.0  444.0
2024 179  6 27 1700  -31.4  947.1  444.0  444.0   72.0  444.0
2024 179  6 27 1800  -34.0  948.0  444.0  444.0   71.0  444.0
2024 179  6 27 1900  -35.3  948.3  444.0  444.0   70.1  444.0
2024 179  6 27 2000  -34.7  948.7  444.0  444.0   70.0  444.0
2024 179  6 27 2100  -35.2  949.2  444.0  444.0   70.0  444.0
2024 179  6 27 2200  -36.7  950.2  444.0  444.0   69.0  444.0
2024 179  6 27 2300  -37.0  950.8  444.0  444.0   69.0  444.0
2024 180  6 28 0000  -36.2  951.2  444.0  444.0   69.0  444.0
2024 180  6 28 0100  -36.5  952.1  444.0  444.0   69.0  444.0
2024 180  6 28 0200  -37.3  952.9  444.0  444.0   68.0  444.0
2024 180  6 28 0300  -38.9  953.8  444.0  444.0   68.0  444.0
2024 180  6 28 0400  -37.8  954.7  444.0  444.0   68.0  444.0
2024 180  6 28 0500  -36.6  956.2  444.0  444.0   69.1  444.0
2024 180  6 28 0600  -35.6  957.0  444.0  444.0   70.0  444.0
2024 180  6 28 0700  -36.0  959.1  444.0  444.0   69.0  444.0
2024 180  6 28 0800  -36.4  961.1  444.0  444.0   69.0  444.0
2024 180  6 28 0900  -35.6  962.3  444.0  444.0   70.0  444.0
2024 180  6 28 1000  -34.4  963.4  444.0  444.0   70.0  444.0
2024 180  6 28 1100  -29.2  964.8  444.0  444.0   74.0  444.0
2024 180  6 28 1200  -28.8  967.0  444.0  444.0   74.0  444.0
2024 180  6 28 1300  -31.2  968.8  444.0  444.0   72.0  444.0
2024 180  6 28 1400  -33.2  970.8  444.0  444.0   71.0  444.0
2024 180  6 28 1500  -36.2  972.7  444.0  444.0   69.0  444.0
2024 180  6 28 1600  -37.0  974.0  444.0  444.0   69.0  444.0
2024 180  6 28 1700  -35.8  975.4  444.0  444.0   70.0  444.0
2024 180  6 28 1800  -36.8  976.2  444.0  444.0   69.0  444.0
2024 180  6 28 1900  -36.2  977.0  444.0  444.0   69.0  444.0
2024 180  6 28 2000  -35.8  978.2  444.0  444.0   70.0  444.0
2024 180  6 28 2100  -35.7  978.7  444.0  444.0   70.0  444.0
2024 180  6 28 2200  -35.6  979.3  444.0  444.0   70.0  444.0
2024 180  6 28 2300  -35.8  980.2  444.0  444.0   70.0  444.0
2024 181  6 29 0000  -37.8  980.8  444.0  444.0   68.0  444.0
2024 181  6 29 0100  -38.1  981.3  444.0  444.0   68.4  444.0
2024 181  6 29 0200  -40.5  981.4  444.0  444.0   67.0  444.0
2024 181  6 29 0300  -42.0  981.8  444.0  444.0   66.4  444.0
2024 181  6 29 0400  -42.4  981.9  444.0  444.0   66.0  444.0
2024 181  6 29 0500  -42.9  982.2  444.0  444.0   66.0  444.0
2024 181  6 29 0600  -43.7  983.2  444.0  444.0   66.0  444.0
2024 181  6 29 0700  -44.0  983.0  444.0  444.0   65.0  444.0
2024 181  6 29 0800  -45.3  983.0  444.0  444.0   65.0  444.0
2024 181  6 29 0900  -44.8  983.7  444.0  444.0   65.0  444.0
2024 181  6 29 1000  -44.7  984.4  444.0  444.0   65.0  444.0
2024 181  6 29 1100  -42.4  984.5  444.0  444.0   66.0  444.0
2024 181  6 29 1200  -42.2  984.5  444.0  444.0   66.0  444.0
2024 181  6 29 1300  -42.5  985.2  444.0  444.0   66.0  444.0
2024 181  6 29 1400  -40.2  985.2  444.0  444.0   67.0  444.0
2024 181  6 29 1500  -38.1  985.2  444.0  444.0   68.0  444.0
2024 181  6 29 1600  -36.6  985.7  444.0  444.0   69.0  444.0
2024 181  6 29 1700  -36.3  985.7  444.0  444.0   69.0  444.0
2024 181  6 29 1800  -36.3  985.3  444.0  444.0   69.0  444.0
2024 181  6 29 1900  -36.5  985.4  444.0  444.0   69.0  444.0
2024 181  6 29 2000  -39.9  985.4  444.0  444.0   67.0  444.0
2024 181  6 29 2100  -42.3  985.2  444.0  444.0   66.0  444.0
2024 181  6 29 2200  -41.7  985.6  444.0  444.0   67.0  444.0
2024 181  6 29 2300  -40.0  985.5  444.0  444.0   67.0  444.0
2024 182  6 30 0000  -38.3  985.1  444.0  444.0   68.0  444.0
2024 182  6 30 0100  -36.8  985.0  444.0  444.0   69.0  444.0
2024 182  6 30 0200  -35.0  985.1  444.0  444.0   69.7  444.0
2024 182  6 30 0300  -34.0  985.1  444.0  444.0   71.0  444.0
2024 182  6 30 0400  -33.6  985.7  444.0  444.0   71.0  444.0
2024 182  6 30 0500  -33.2  985.9  444.0  444.0   71.0  444.0
2024 182  6 30 0600  -33.2  986.0  444.0  444.0   71.0  444.0
2024 182  6 30 0700  -33.6  986.7  444.0  444.0   70.0  444.0
2024 182  6 30 0800  -33.9  986.9  444.0  444.0   70.0  444.0
2024 182  6 30 0900  -35.2  987.8  444.0  444.0   70.0  444.0
2024 182  6 30 1000  -35.6  987.9  444.0  444.0   70.0  444.0
2024 182  6 30 1100  -37.0  988.4  444.0  444.0   69.0  444.0
2024 182  6 30 1200  -39.3  989.6  444.0  444.0   68.0  444.0
2024 182  6 30 1300  -40.9  989.8  444.0  444.0   67.0  444.0
2024 182  6 30 1400  -41.6  990.2  444.0  444.0   67.0  444.0
2024 182  6 30 1500  -42.5  990.9  444.0  444.0   66.0  444.0
2024 182  6 30 1600  -42.8  990.9  444.0  444.0   66.0  444.0
2024 182  6 30 1700  -43.7  991.1  444.0  444.0   65.0  444.0
2024 182  6 30 1800  -44.0  991.0  444.0  444.0   65.0  444.0
2024 182  6 30 1900  -44.2  990.7  444.0  444.0   64.9  444.0
2024 182  6 30 2000  -44.5  991.2  444.0  444.0   65.0  444.0
2024 182  6 30 2100  -44.4  991.0  444.0  444.0   65.0  444.0
2024 182  6 30 2200  -45.0  991.0  444.0  444.0   64.0  444.0
2024 182  6 30 2300  -45.1  990.9  444.0  444.0   65.0  444.0
