Year: 2021  Month: 01  ID: GIL  ARGOS:  8911  Name: Gill                
Lat: 79.83S  Lon: 178.54W  Elev:   53m
2021   1  1  1 0000   -5.4  961.1    9.8  160.0   80.0  444.0
2021   1  1  1 0100   -5.1  961.1   10.0  150.0   79.0  444.0
2021   1  1  1 0200   -5.6  961.3    9.6  151.0   82.2  444.0
2021   1  1  1 0300   -5.5  961.4   10.1  157.0   84.0  444.0
2021   1  1  1 0400   -5.4  961.3    9.5  159.0   84.0  444.0
2021   1  1  1 0500   -5.0  961.4    8.6  155.0   81.0  444.0
2021   1  1  1 0600   -4.7  961.7    8.2  151.0   86.0  444.0
2021   1  1  1 0700   -5.0  961.7    8.0  156.0   88.1  444.0
2021   1  1  1 0800   -6.0  962.0    8.0  156.0   85.0  444.0
2021   1  1  1 0900   -8.0  962.1    6.8  162.0   85.0  444.0
2021   1  1  1 1000   -9.0  962.1    5.5  165.0   84.0  444.0
2021   1  1  1 1100   -9.0  962.0    6.9  171.0   83.0  444.0
2021   1  1  1 1200   -9.6  962.0    7.2  176.0   81.8  444.0
2021   1  1  1 1300  -10.0  961.8    6.6  183.0   83.0  444.0
2021   1  1  1 1400   -9.8  961.4    6.6  188.0   84.0  444.0
2021   1  1  1 1500  -10.4  961.0    6.3  195.0   84.0  444.0
2021   1  1  1 1600  -10.4  960.4    6.4  197.0   82.0  444.0
2021   1  1  1 1700  -10.9  959.9    6.2  200.0   81.2  444.0
2021   1  1  1 1800  -10.2  959.4    7.2  198.0   78.0  444.0
2021   1  1  1 1900   -9.6  959.1    7.7  191.0   78.0  444.0
2021   1  1  1 2000   -9.4  958.8    7.4  193.0   78.0  444.0
2021   1  1  1 2100   -8.6  958.5    7.6  180.0   78.0  444.0
2021   1  1  1 2200   -8.6  958.2    8.3  178.0   77.0  444.0
2021   1  1  1 2300   -8.5  957.9    8.6  176.0   77.0  444.0
2021   2  1  2 0000   -8.4  958.0    9.1  171.0   76.0  444.0
2021   2  1  2 0100   -8.1  957.9    8.7  167.0   77.0  444.0
2021   2  1  2 0200   -8.1  957.6    9.5  168.0   78.0  444.0
2021   2  1  2 0300   -8.0  957.5    9.3  170.0   78.0  444.0
2021   2  1  2 0400   -8.0  957.4    9.3  172.0   76.0  444.0
2021   2  1  2 0500   -8.0  957.3    8.2  175.0   76.0  444.0
2021   2  1  2 0600   -7.7  957.2    7.8  177.0   81.0  444.0
2021   2  1  2 0700   -7.7  957.2    7.6  176.0   83.4  444.0
2021   2  1  2 0800   -7.9  957.2    7.7  177.0   86.0  444.0
2021   2  1  2 0900   -7.9  957.3    7.1  176.0   87.0  444.0
2021   2  1  2 1000   -8.0  957.2    7.7  176.0   89.0  444.0
2021   2  1  2 1100   -7.9  957.0    7.7  176.0   90.0  444.0
2021   2  1  2 1200   -6.9  957.1    7.3  172.0   93.0  444.0
2021   2  1  2 1300   -5.9  957.3    6.3  162.0   95.0  444.0
2021   2  1  2 1400   -4.2  957.7    7.4  144.0   93.0  444.0
2021   2  1  2 1500   -4.4  958.0    7.5  140.0   93.0  444.0
2021   2  1  2 1600   -4.8  958.5    6.4  145.0   93.0  444.0
2021   2  1  2 1700   -5.3  959.1    6.5  126.0   85.0  444.0
2021   2  1  2 1800   -6.1  959.6    6.4  137.0   85.0  444.0
2021   2  1  2 1900   -6.2  960.1    5.2  131.0   87.0  444.0
2021   2  1  2 2000   -5.1  960.7    5.6  162.0   85.0  444.0
2021   2  1  2 2100   -5.6  961.0    6.8  156.0   84.0  444.0
2021   2  1  2 2200   -5.7  961.3    5.9  163.0   85.0  444.0
2021   2  1  2 2300   -4.5  961.4    6.6  165.0   79.0  444.0
2021   3  1  3 0000   -3.8  961.3    5.5  174.0   81.0  444.0
2021   3  1  3 0100   -3.8  961.4    6.7  185.0   83.0  444.0
2021   3  1  3 0200   -3.8  961.1    6.2  182.0   81.0  444.0
2021   3  1  3 0300   -3.7  960.8    6.7  190.0   83.6  444.0
2021   3  1  3 0400   -4.4  960.5    6.8  186.0   84.0  444.0
2021   3  1  3 0500   -4.6  960.2    6.6  196.0   85.9  444.0
2021   3  1  3 0600   -5.1  960.0    6.4  180.0   88.0  444.0
2021   3  1  3 0700   -5.7  959.8    5.7  191.0   83.0  444.0
2021   3  1  3 0800   -7.2  959.4    5.5  200.0   85.0  444.0
2021   3  1  3 0900   -7.7  959.2    5.8  198.0   86.0  444.0
2021   3  1  3 1000   -8.6  958.9    5.6  202.0   87.7  444.0
2021   3  1  3 1100   -9.3  958.6    4.7  211.0   92.0  444.0
2021   3  1  3 1200   -7.7  958.3    5.3  201.0   92.2  444.0
2021   3  1  3 1300   -7.5  958.0    4.4  192.0   92.0  444.0
2021   3  1  3 1400   -7.2  957.6    4.9  194.0   92.0  444.0
2021   3  1  3 1500   -6.5  957.3    5.1  192.0   91.0  444.0
2021   3  1  3 1600   -6.7  957.2    4.6  172.0   90.0  444.0
2021   3  1  3 1700   -7.1  957.2    4.9  155.0   89.0  444.0
2021   3  1  3 1800   -6.9  957.3    4.4  152.0   89.0  444.0
2021   3  1  3 1900   -7.7  957.7    3.7  136.0   89.0  444.0
2021   3  1  3 2000   -7.7  958.1    4.5  130.0   85.7  444.0
2021   3  1  3 2100   -7.7  958.5    4.2  119.0   85.0  444.0
2021   3  1  3 2200   -7.5  958.9    4.1  126.0   84.0  444.0
2021   3  1  3 2300   -7.5  959.3    4.3  129.0   85.0  444.0
2021   4  1  4 0000   -7.3  959.6    3.9  101.0   85.0  444.0
2021   4  1  4 0100   -6.7  960.0    3.1   85.0   82.0  444.0
2021   4  1  4 0200   -6.7  960.4    4.0  121.0   83.0  444.0
2021   4  1  4 0300   -6.1  960.5    2.2  119.0   81.0  444.0
2021   4  1  4 0400   -6.4  960.6    3.3  104.0   83.0  444.0
2021   4  1  4 0500   -6.2  960.9    3.7   69.0   83.3  444.0
2021   4  1  4 0600   -6.1  961.2    4.2   30.0   85.0  444.0
2021   4  1  4 0700   -5.3  961.6    1.3   44.0   84.0  444.0
2021   4  1  4 0800   -5.5  962.1    2.9  113.0   90.5  444.0
2021   4  1  4 0900   -5.3  962.6    2.9  116.0   91.0  444.0
2021   4  1  4 1000   -5.4  963.3    4.3  113.0   92.0  444.0
2021   4  1  4 1100   -5.2  963.7    5.4  102.0   93.0  444.0
2021   4  1  4 1200   -6.5  964.6    4.3  124.0   93.0  444.0
2021   4  1  4 1300   -7.5  965.1    3.1  151.0   90.0  444.0
2021   4  1  4 1400   -7.6  965.4    4.7  131.0   95.0  444.0
2021   4  1  4 1500   -6.6  965.8    6.5  137.0   93.0  444.0
2021   4  1  4 1600   -7.5  966.2    7.1  157.0   88.0  444.0
2021   4  1  4 1700   -8.3  966.5    6.4  168.0   87.0  444.0
2021   4  1  4 1800   -7.8  966.9    5.4  175.0   87.0  444.0
2021   4  1  4 1900   -7.6  967.1    6.0  175.0   87.0  444.0
2021   4  1  4 2000   -6.7  967.4    6.0  183.0   88.0  444.0
2021   4  1  4 2100   -6.7  967.4    6.5  186.0   82.0  444.0
2021   4  1  4 2200   -6.5  967.5    6.7  196.0   84.0  444.0
2021   4  1  4 2300   -6.5  967.5    7.4  185.0   85.0  444.0
2021   5  1  5 0000   -6.6  967.7    6.4  189.0   81.0  444.0
2021   5  1  5 0100   -6.8  967.8    6.0  191.0   83.8  444.0
2021   5  1  5 0200   -7.3  967.9    5.5  203.0   82.0  444.0
2021   5  1  5 0300   -6.9  967.6    4.9  200.0   84.0  444.0
2021   5  1  5 0400   -6.5  967.2    5.3  220.0   86.0  444.0
2021   5  1  5 0500   -6.5  966.9    5.1  222.0   86.0  444.0
2021   5  1  5 0600   -7.0  967.0    5.3  221.0   89.0  444.0
2021   5  1  5 0700   -6.4  966.8    5.1  227.0   90.0  444.0
2021   5  1  5 0800   -6.6  966.8    5.5  225.0   92.2  444.0
2021   5  1  5 0900   -6.5  966.6    4.7  234.0   93.2  444.0
2021   5  1  5 1000   -6.0  966.5    4.4  222.0   92.0  444.0
2021   5  1  5 1100   -6.3  966.5    4.4  223.0   93.0  444.0
2021   5  1  5 1200   -6.5  966.4    3.2  224.0   94.0  444.0
2021   5  1  5 1300   -7.1  966.1    4.0  243.0   95.0  444.0
2021   5  1  5 1400   -7.2  965.8    4.5  226.0   95.0  444.0
2021   5  1  5 1500   -7.6  965.7    4.3  241.0   94.0  444.0
2021   5  1  5 1600   -7.5  965.3    5.2  247.0   93.0  444.0
2021   5  1  5 1700   -7.6  965.2    4.9  236.0   92.0  444.0
2021   5  1  5 1800   -6.7  964.9    5.4  233.0   91.6  444.0
2021   5  1  5 1900   -7.9  965.0    4.1  235.0   89.0  444.0
2021   5  1  5 2000   -8.7  965.0    4.3  241.0   85.0  444.0
2021   5  1  5 2100   -8.9  965.0    5.6  248.0   84.0  444.0
2021   5  1  5 2200   -7.5  964.7    4.6  234.0   83.0  444.0
2021   5  1  5 2300   -7.0  964.5    4.9  232.0   84.5  444.0
2021   6  1  6 0000   -6.4  964.3    4.8  234.0   82.0  444.0
2021   6  1  6 0100   -5.8  964.1    5.1  233.0   82.0  444.0
2021   6  1  6 0200   -5.3  964.0    5.3  228.0   82.0  444.0
2021   6  1  6 0300   -5.1  963.6    5.2  223.0   83.0  444.0
2021   6  1  6 0400   -4.5  963.3    5.2  226.0   81.0  444.0
2021   6  1  6 0500   -4.0  963.3    6.5  218.0   80.0  444.0
2021   6  1  6 0600   -4.0  963.0    5.2  216.0   79.5  444.0
2021   6  1  6 0700   -4.9  963.1    4.5  231.0   87.0  444.0
2021   6  1  6 0800   -4.5  962.8    5.6  213.0   85.0  444.0
2021   6  1  6 0900   -4.4  962.9    3.7  218.0   87.0  444.0
2021   6  1  6 1000   -4.9  962.9    4.9  219.0   90.0  444.0
2021   6  1  6 1100   -5.2  962.7    4.1  219.0   91.0  444.0
2021   6  1  6 1200   -5.9  962.7    4.4  218.0   92.0  444.0
2021   6  1  6 1300   -6.1  962.5    4.3  215.0   92.0  444.0
2021   6  1  6 1400   -5.5  962.4    4.5  190.0   87.0  444.0
2021   6  1  6 1500   -5.2  962.3    5.0  198.0   84.0  444.0
2021   6  1  6 1600   -6.0  962.3    4.9  201.0   92.0  444.0
2021   6  1  6 1700   -6.4  962.2    5.2  192.0   91.0  444.0
2021   6  1  6 1800   -6.6  962.5    5.2  196.0   91.0  444.0
2021   6  1  6 1900   -6.7  962.8    4.3  180.0   90.0  444.0
2021   6  1  6 2000   -6.6  963.2    4.2  176.0   88.0  444.0
2021   6  1  6 2100   -6.6  963.4    4.4  148.0   86.0  444.0
2021   6  1  6 2200   -7.1  963.7    5.5  142.0   85.0  444.0
2021   6  1  6 2300   -6.9  964.0    4.0  140.0   82.0  444.0
2021   7  1  7 0000   -6.3  964.2    4.6  122.0   81.6  444.0
2021   7  1  7 0100   -6.0  964.4    4.6  117.0   80.0  444.0
2021   7  1  7 0200   -5.5  964.7    4.2  114.0   80.0  444.0
2021   7  1  7 0300   -5.9  964.8    8.5  126.0   89.0  444.0
2021   7  1  7 0400   -6.6  965.1    8.5  132.0   88.0  444.0
2021   7  1  7 0500   -6.8  965.2    9.1  145.0   89.0  444.0
2021   7  1  7 0600   -6.2  965.6    7.9  149.0   90.0  444.0
2021   7  1  7 0700   -5.9  965.8    8.6  138.0   87.9  444.0
2021   7  1  7 0800   -6.4  966.4    7.9  139.0   88.0  444.0
2021   7  1  7 0900   -6.7  966.5    8.6  147.0   90.0  444.0
2021   7  1  7 1000   -6.5  966.7    8.2  152.0   91.0  444.0
2021   7  1  7 1100   -6.1  966.8    7.6  151.0   92.0  444.0
2021   7  1  7 1200   -5.8  967.0    6.7  154.0   93.1  444.0
2021   7  1  7 1300   -6.0  967.1    7.2  132.0   93.0  444.0
2021   7  1  7 1400   -6.5  967.4    7.6  137.0   93.0  444.0
2021   7  1  7 1500   -7.9  967.7    8.2  137.0   90.0  444.0
2021   7  1  7 1600   -8.6  968.2    7.6  143.0   88.0  444.0
2021   7  1  7 1700  -10.8  968.5    8.4  150.0   83.0  444.0
2021   7  1  7 1800  -11.1  969.0    6.4  164.0   81.0  444.0
2021   7  1  7 1900  -10.2  969.2    5.4  176.0   80.0  444.0
2021   7  1  7 2000   -9.5  969.4    6.6  180.0   79.9  444.0
2021   7  1  7 2100   -8.8  969.3    7.0  184.0   78.0  444.0
2021   7  1  7 2200   -8.5  969.5    6.9  202.0   79.0  444.0
2021   7  1  7 2300   -8.1  969.4    5.9  204.0   78.0  444.0
2021   8  1  8 0000   -6.8  969.3    7.3  207.0   83.0  444.0
2021   8  1  8 0100   -6.2  969.0    6.7  211.0   81.0  444.0
2021   8  1  8 0200   -6.0  968.8    6.0  209.0   79.0  444.0
2021   8  1  8 0300   -5.9  968.8    5.2  214.0   79.0  444.0
2021   8  1  8 0400   -5.7  968.6    5.1  207.0   78.3  444.0
2021   8  1  8 0500   -6.0  968.6    3.8  205.0   80.3  444.0
2021   8  1  8 0600   -6.2  968.7    3.1  213.0   81.0  444.0
2021   8  1  8 0700   -6.4  968.6    3.7  199.0   85.0  444.0
2021   8  1  8 0800   -7.0  968.8    3.5  208.0   83.1  444.0
2021   8  1  8 0900   -7.9  969.1    2.4  216.0   87.0  444.0
2021   8  1  8 1000   -9.0  969.1    3.0  208.0   88.0  444.0
2021   8  1  8 1100   -9.7  969.0    3.1  206.0   93.0  444.0
2021   8  1  8 1200  -10.2  969.0    3.4  207.0   93.0  444.0
2021   8  1  8 1300  -11.0  969.0    2.7  220.0   88.6  444.0
2021   8  1  8 1400   -9.8  969.0    2.9  199.0   86.0  444.0
2021   8  1  8 1500  -10.4  968.9    2.8  209.0   88.0  444.0
2021   8  1  8 1600  -10.2  969.1    3.3  198.0   86.0  444.0
2021   8  1  8 1700  -10.5  969.2    1.8  207.0   80.0  444.0
2021   8  1  8 1800   -9.8  969.5    1.7  197.0   78.4  444.0
2021   8  1  8 1900   -9.8  969.6    1.9  172.0   77.0  444.0
2021   8  1  8 2000   -9.6  970.0    1.9  135.0   81.0  444.0
2021   8  1  8 2100   -8.7  970.5    2.6  120.0   89.0  444.0
2021   8  1  8 2200   -8.1  970.8    2.2  103.0   91.0  444.0
2021   8  1  8 2300   -8.5  971.1    2.4   83.0   89.5  444.0
2021   9  1  9 0000   -7.5  971.5    3.5   59.0   89.0  444.0
2021   9  1  9 0100   -6.4  972.0    3.6   47.0   79.0  444.0
2021   9  1  9 0200   -6.6  972.6    3.5   78.0   79.0  444.0
2021   9  1  9 0300   -5.4  973.2    5.3   83.0   84.0  444.0
2021   9  1  9 0400   -4.2  973.6    3.8   93.0   83.0  444.0
2021   9  1  9 0500   -3.7  974.0    4.9  102.0   83.0  444.0
2021   9  1  9 0600   -3.5  974.6    6.0  103.0   89.0  444.0
2021   9  1  9 0700   -4.2  975.2    6.4  123.0   90.5  444.0
2021   9  1  9 0800   -3.6  975.8    7.0  112.0   90.0  444.0
2021   9  1  9 0900   -5.0  976.4    6.6  112.0   86.0  444.0
2021   9  1  9 1000   -4.8  976.9    6.2  119.0   93.0  444.0
2021   9  1  9 1100   -4.8  977.4    6.7  122.0   93.7  444.0
2021   9  1  9 1200   -4.7  977.9    5.5  114.0   93.0  444.0
2021   9  1  9 1300   -5.3  978.1    5.0  133.0   94.0  444.0
2021   9  1  9 1400   -6.1  978.5    4.5  130.0   91.0  444.0
2021   9  1  9 1500   -6.5  978.8    5.2  137.0   90.0  444.0
2021   9  1  9 1600   -7.0  979.1    4.5  140.0   89.2  444.0
2021   9  1  9 1700   -6.8  979.6    4.0  149.0   89.0  444.0
2021   9  1  9 1800   -6.5  979.9    4.2  132.0   88.0  444.0
2021   9  1  9 1900   -6.4  980.2    4.3  151.0   86.0  444.0
2021   9  1  9 2000   -6.5  980.3    4.6  171.0   85.0  444.0
2021   9  1  9 2100   -8.8  980.5    5.7  181.0   86.0  444.0
2021   9  1  9 2200   -6.5  980.5    6.3  169.0   85.0  444.0
2021   9  1  9 2300   -7.1  980.5    5.6  175.0   86.0  444.0
2021  10  1 10 0000   -6.0  980.5    4.9  172.0   88.0  444.0
2021  10  1 10 0100   -5.6  980.0    5.1  177.0   88.0  444.0
2021  10  1 10 0200   -5.6  980.0    3.8  190.0   87.0  444.0
2021  10  1 10 0300   -5.6  979.7    5.2  177.0   87.0  444.0
2021  10  1 10 0400   -5.7  979.7    4.4  183.0   90.0  444.0
2021  10  1 10 0500   -6.9  979.7    4.2  201.0   92.0  444.0
2021  10  1 10 0600   -8.7  979.6    5.2  208.0   88.0  444.0
2021  10  1 10 0700   -9.7  979.5    4.9  195.0   88.0  444.0
2021  10  1 10 0800   -9.6  979.4    4.4  214.0   89.0  444.0
2021  10  1 10 0900  -10.0  979.1    4.4  218.0   89.7  444.0
2021  10  1 10 1000  -10.0  978.8    3.8  229.0   90.0  444.0
2021  10  1 10 1100  -10.1  978.5    4.5  216.0   90.0  444.0
2021  10  1 10 1200  -10.1  978.2    4.5  227.0   90.0  444.0
2021  10  1 10 1300  -10.2  977.9    5.7  237.0   89.0  444.0
2021  10  1 10 1400  -10.5  977.8    5.1  226.0   88.8  444.0
2021  10  1 10 1500  -10.3  977.6    3.7  240.0   89.0  444.0
2021  10  1 10 1600  -10.1  977.2    4.8  276.0   92.0  444.0
2021  10  1 10 1700   -9.8  977.0    5.7  282.0   91.0  444.0
2021  10  1 10 1800   -8.9  976.6    5.8  277.0   89.0  444.0
2021  10  1 10 1900   -7.8  976.5    5.5  268.0   90.5  444.0
2021  10  1 10 2000   -7.8  976.5    4.7  210.0   88.0  444.0
2021  10  1 10 2100   -7.5  976.6    4.0  204.0   88.0  444.0
2021  10  1 10 2200   -7.8  976.6    3.7  191.0   86.0  444.0
2021  10  1 10 2300   -7.7  976.5    4.0  206.0   88.0  444.0
2021  11  1 11 0000   -7.7  976.7    3.8  221.0   87.4  444.0
2021  11  1 11 0100   -8.4  976.7    4.0  235.0   84.0  444.0
2021  11  1 11 0200   -6.8  976.6    4.2  232.0   83.0  444.0
2021  11  1 11 0300   -6.2  976.5    4.2  217.0   82.0  444.0
2021  11  1 11 0400   -5.9  976.4    3.2  209.0   82.0  444.0
2021  11  1 11 0500   -6.0  976.5    5.2  197.0   87.0  444.0
2021  11  1 11 0600   -6.2  976.6    5.7  198.0   89.0  444.0
2021  11  1 11 0700   -6.6  976.9    4.8  192.0   92.0  444.0
2021  11  1 11 0800   -6.6  977.2    4.6  177.0   91.0  444.0
2021  11  1 11 0900   -6.6  977.3    4.3  194.0   94.0  444.0
2021  11  1 11 1000   -6.8  977.5    4.8  180.0   94.0  444.0
2021  11  1 11 1100   -6.9  977.7    5.6  167.0   92.0  444.0
2021  11  1 11 1200   -7.4  977.9    5.1  185.0   94.0  444.0
2021  11  1 11 1300   -7.4  978.2    3.7  184.0   88.0  444.0
2021  11  1 11 1400  -10.6  978.3    3.9  214.0   84.0  444.0
2021  11  1 11 1500  -11.0  978.4    2.9  243.0   83.0  444.0
2021  11  1 11 1600  -11.4  978.3    2.6  250.0   80.0  444.0
2021  11  1 11 1700   -8.8  978.2    4.7  216.0   86.0  444.0
2021  11  1 11 1800   -6.4  978.1    4.5  213.0   87.0  444.0
2021  11  1 11 1900   -4.8  977.9    4.7  216.0   83.0  444.0
2021  11  1 11 2000   -4.6  977.9    5.4  224.0   80.0  444.0
2021  11  1 11 2100   -4.9  977.7    5.4  246.0   85.0  444.0
2021  11  1 11 2200   -5.9  977.6    6.4  217.0   83.0  444.0
2021  11  1 11 2300   -6.9  977.8    6.0  215.0   84.0  444.0
2021  12  1 12 0000   -6.5  977.8    4.1  208.0   85.0  444.0
2021  12  1 12 0100   -6.4  977.7    4.6  209.0   86.0  444.0
2021  12  1 12 0200   -6.7  977.6    4.5  213.0   85.1  444.0
2021  12  1 12 0300   -6.8  977.1    4.6  212.0   87.0  444.0
2021  12  1 12 0400   -7.1  977.0    4.9  215.0   87.0  444.0
2021  12  1 12 0500   -7.2  977.0    4.4  218.0   88.0  444.0
2021  12  1 12 0600   -7.8  977.0    3.8  216.0   90.0  444.0
2021  12  1 12 0700   -8.2  976.9    3.1  212.0   92.0  444.0
2021  12  1 12 0800   -8.1  976.6    2.4  233.0   94.0  444.0
2021  12  1 12 0900   -8.3  976.8    1.8  200.0   95.0  444.0
2021  12  1 12 1000   -8.4  976.2    2.2  216.0   95.3  444.0
2021  12  1 12 1100   -8.6  976.3    1.9  221.0   95.6  444.0
2021  12  1 12 1200   -9.0  975.9    3.1  236.0   94.0  444.0
2021  12  1 12 1300   -8.8  976.0    3.6  225.0   94.0  444.0
2021  12  1 12 1400   -8.8  975.8    3.9  204.0   94.0  444.0
2021  12  1 12 1500   -9.1  975.6    3.6  206.0   92.0  444.0
2021  12  1 12 1600   -9.6  975.3    3.7  230.0   92.0  444.0
2021  12  1 12 1700   -8.4  975.0    4.0  210.0   91.0  444.0
2021  12  1 12 1800   -8.4  975.1    4.9  202.0   90.0  444.0
2021  12  1 12 1900   -8.4  974.8    4.6  217.0   89.3  444.0
2021  12  1 12 2000   -8.6  974.5    4.4  222.0   87.0  444.0
2021  12  1 12 2100   -8.7  974.5    5.0  236.0   86.0  444.0
2021  12  1 12 2200   -8.2  974.4    4.2  242.0   83.0  444.0
2021  12  1 12 2300   -8.1  974.2    5.0  229.0   82.0  444.0
2021  13  1 13 0000   -7.1  973.7    4.5  221.0   82.0  444.0
2021  13  1 13 0100   -6.7  973.6    4.4  234.0   81.0  444.0
2021  13  1 13 0200   -6.5  973.1    4.4  228.0   81.0  444.0
2021  13  1 13 0300   -6.3  973.0    4.9  212.0   82.0  444.0
2021  13  1 13 0400   -6.1  972.7    5.1  206.0   81.0  444.0
2021  13  1 13 0500   -6.2  972.7    4.8  200.0   81.8  444.0
2021  13  1 13 0600   -6.3  972.7    2.7  192.0   81.0  444.0
2021  13  1 13 0700   -7.1  972.7    4.8  202.0   88.0  444.0
2021  13  1 13 0800   -7.8  972.8    4.7  196.0   88.7  444.0
2021  13  1 13 0900   -7.9  972.9    3.3  204.0   90.0  444.0
2021  13  1 13 1000   -8.1  973.0    3.0  225.0   91.0  444.0
2021  13  1 13 1100   -8.1  973.3    0.6  309.0   91.0  444.0
2021  13  1 13 1200   -8.9  973.3    0.9   21.0   91.0  444.0
2021  13  1 13 1300  -10.2  973.6    2.6   86.0   88.4  444.0
2021  13  1 13 1400  -10.8  973.7    2.1  105.0   93.0  444.0
2021  13  1 13 1500   -9.7  973.9    1.9  132.0   91.0  444.0
2021  13  1 13 1600   -7.8  974.3    2.2   86.0   83.0  444.0
2021  13  1 13 1700   -7.5  974.8    1.4  126.0   82.0  444.0
2021  13  1 13 1800   -7.5  975.3    3.8  112.0   83.5  444.0
2021  13  1 13 1900   -7.2  975.6    4.2  102.0   79.0  444.0
2021  13  1 13 2000   -7.8  976.3    5.8   88.0   86.0  444.0
2021  13  1 13 2100   -8.0  977.0    5.9  104.0   86.0  444.0
2021  13  1 13 2200   -7.9  977.5    5.4   77.0   81.0  444.0
2021  13  1 13 2300   -7.5  977.9    5.1  109.0   81.9  444.0
2021  14  1 14 0000   -7.1  978.2    5.9  120.0   79.0  444.0
2021  14  1 14 0100   -7.5  978.1    7.3  142.0   81.0  444.0
2021  14  1 14 0200   -7.8  978.2    8.1  146.0   82.0  444.0
2021  14  1 14 0300   -7.8  978.5    8.3  142.0   83.1  444.0
2021  14  1 14 0400   -8.4  978.4    9.1  147.0   86.0  444.0
2021  14  1 14 0500   -8.4  978.6    8.5  152.0   86.0  444.0
2021  14  1 14 0600   -8.2  978.6    8.1  158.0   88.0  444.0
2021  14  1 14 0700   -7.9  978.5    8.2  161.0   90.0  444.0
2021  14  1 14 0800   -7.6  978.6    7.2  167.0   92.0  444.0
2021  14  1 14 0900   -7.0  978.4    7.6  163.0   93.0  444.0
2021  14  1 14 1000   -6.8  978.2    7.7  158.0   94.0  444.0
2021  14  1 14 1100   -6.9  978.2    6.3  157.0   94.0  444.0
2021  14  1 14 1200   -6.8  978.1    7.0  147.0   94.0  444.0
2021  14  1 14 1300   -7.3  978.1    6.6  150.0   93.0  444.0
2021  14  1 14 1400   -7.3  977.8    7.0  139.0   93.0  444.0
2021  14  1 14 1500   -7.6  977.7    6.3  138.0   92.0  444.0
2021  14  1 14 1600   -8.0  977.6    6.2  149.0   91.0  444.0
2021  14  1 14 1700   -8.2  977.7    6.8  144.0   91.0  444.0
2021  14  1 14 1800   -8.2  977.6    6.6  143.0   90.0  444.0
2021  14  1 14 1900   -8.2  977.9    6.9  140.0   89.0  444.0
2021  14  1 14 2000   -8.1  977.9    6.6  150.0   88.8  444.0
2021  14  1 14 2100   -7.7  977.8    7.0  148.0   88.0  444.0
2021  14  1 14 2200   -6.8  977.9    7.2  138.0   86.0  444.0
2021  14  1 14 2300   -6.7  977.8    6.9  140.0   84.0  444.0
2021  15  1 15 0000   -7.1  977.9    6.7  139.0   82.0  444.0
2021  15  1 15 0100   -6.9  977.8    7.0  144.0   82.0  444.0
2021  15  1 15 0200   -6.5  977.7    6.5  149.0   81.0  444.0
2021  15  1 15 0300   -7.1  977.6    6.7  149.0   82.0  444.0
2021  15  1 15 0400   -7.4  977.4    6.4  156.0   79.0  444.0
2021  15  1 15 0500   -7.7  977.4    6.6  163.0   79.0  444.0
2021  15  1 15 0600   -8.4  977.4    6.1  163.0   80.0  444.0
2021  15  1 15 0700   -9.3  977.3    6.4  172.0   79.0  444.0
2021  15  1 15 0800   -9.9  977.2    7.0  169.0   79.0  444.0
2021  15  1 15 0900  -10.8  977.2    6.4  177.0   82.0  444.0
2021  15  1 15 1000  -11.5  977.1    6.4  178.0   82.0  444.0
2021  15  1 15 1100  -12.2  976.9    6.2  184.0   83.0  444.0
2021  15  1 15 1200  -12.6  976.8    6.4  184.0   83.0  444.0
2021  15  1 15 1300  -14.3  976.7    5.5  186.0   85.0  444.0
2021  15  1 15 1400  -14.4  976.5    4.7  194.0   87.0  444.0
2021  15  1 15 1500  -11.3  976.2    6.3  183.0   89.0  444.0
2021  15  1 15 1600  -10.2  976.2    5.7  187.0   89.0  444.0
2021  15  1 15 1700  -10.2  976.0    5.2  192.0   88.0  444.0
2021  15  1 15 1800   -9.9  975.9    5.9  193.0   87.0  444.0
2021  15  1 15 1900   -9.9  975.7    4.9  201.0   85.0  444.0
2021  15  1 15 2000   -9.1  975.5    5.3  198.0   85.0  444.0
2021  15  1 15 2100   -8.7  975.4    4.8  193.0   84.0  444.0
2021  15  1 15 2200   -8.9  975.2    4.4  198.0   83.0  444.0
2021  15  1 15 2300   -8.3  975.0    5.0  207.0   81.0  444.0
2021  16  1 16 0000   -8.1  975.1    4.5  198.0   80.9  444.0
2021  16  1 16 0100   -7.9  974.9    4.2  183.0   79.0  444.0
2021  16  1 16 0200   -7.8  974.8    3.2  162.0   80.0  444.0
2021  16  1 16 0300   -8.2  974.6    2.7  168.0   85.0  444.0
2021  16  1 16 0400   -8.7  974.7    3.3  148.0   91.0  444.0
2021  16  1 16 0500   -8.8  974.8    3.5  152.0   92.1  444.0
2021  16  1 16 0600   -9.0  975.0    3.7  130.0   92.0  444.0
2021  16  1 16 0700   -8.7  974.9    4.1  130.0   93.0  444.0
2021  16  1 16 0800   -7.8  975.1    2.5  165.0   93.1  444.0
2021  16  1 16 0900   -7.5  975.2    3.8  174.0   94.0  444.0
2021  16  1 16 1000   -7.4  975.4    3.9  169.0   93.0  444.0
2021  16  1 16 1100  -11.0  975.6    3.6  175.0   86.0  444.0
2021  16  1 16 1200  -12.4  975.7    3.9  174.0   85.0  444.0
2021  16  1 16 1300  -13.7  975.7    3.9  184.0   84.1  444.0
2021  16  1 16 1400  -14.6  975.8    3.8  202.0   83.0  444.0
2021  16  1 16 1500  -15.0  975.9    3.2  206.0   84.0  444.0
2021  16  1 16 1600  -15.2  975.9    3.1  208.0   80.0  444.0
2021  16  1 16 1700  -15.3  976.1    3.3  204.0   81.0  444.0
2021  16  1 16 1800  -14.4  976.2    3.6  227.0   79.0  444.0
2021  16  1 16 1900  -13.6  976.4    2.9  235.0   78.0  444.0
2021  16  1 16 2000  -12.6  976.5    3.2  237.0   78.0  444.0
2021  16  1 16 2100  -11.6  976.5    4.3  235.0   78.0  444.0
2021  16  1 16 2200  -10.4  976.6    5.0  233.0   78.0  444.0
2021  16  1 16 2300   -9.4  976.8    3.9  239.0   78.0  444.0
2021  17  1 17 0000   -9.5  976.9    4.7  246.0   78.0  444.0
2021  17  1 17 0100   -9.4  977.0    5.0  239.0   78.0  444.0
2021  17  1 17 0200   -9.0  977.0    4.8  240.0   80.0  444.0
2021  17  1 17 0300   -8.7  976.9    4.7  238.0   82.0  444.0
2021  17  1 17 0400   -8.2  976.9    4.6  237.0   87.0  444.0
2021  17  1 17 0500   -8.6  977.1    4.3  239.0   86.0  444.0
2021  17  1 17 0600   -9.5  977.3    3.2  254.0   87.0  444.0
2021  17  1 17 0700   -9.9  977.6    3.7  246.0   87.0  444.0
2021  17  1 17 0800   -8.8  977.7    4.9  238.0   84.0  444.0
2021  17  1 17 0900   -9.9  977.8    4.1  250.0   81.0  444.0
2021  17  1 17 1000  -12.0  977.9    4.0  264.0   81.0  444.0
2021  17  1 17 1100  -13.2  977.9    4.4  269.0   80.9  444.0
2021  17  1 17 1200  -13.6  978.1    4.1  272.0   81.0  444.0
2021  17  1 17 1300  -14.2  978.4    4.5  275.0   79.0  444.0
2021  17  1 17 1400  -14.6  978.5    4.2  272.0   80.0  444.0
2021  17  1 17 1500  -13.5  978.6    4.4  276.0   79.0  444.0
2021  17  1 17 1600  -11.8  978.9    4.7  286.0   77.5  444.0
2021  17  1 17 1700  -12.3  979.2    3.4  297.0   76.0  444.0
2021  17  1 17 1800  -10.8  979.7    3.3  276.0   75.0  444.0
2021  17  1 17 1900  -10.2  980.2    4.9  275.0   76.0  444.0
2021  17  1 17 2000   -9.6  980.7    3.8  262.0   76.0  444.0
2021  17  1 17 2100   -9.5  981.4    4.0  271.0   76.0  444.0
2021  17  1 17 2200   -8.8  982.2    3.5  258.0   76.0  444.0
2021  17  1 17 2300   -8.4  983.1    3.5  252.0   75.0  444.0
2021  18  1 18 0000   -7.8  983.9    3.5  258.0   76.0  444.0
2021  18  1 18 0100   -7.5  984.8    4.2  247.0   78.0  444.0
2021  18  1 18 0200   -6.9  985.6    4.0  249.0   79.0  444.0
2021  18  1 18 0300   -7.2  986.7    4.6  243.0   79.0  444.0
2021  18  1 18 0400   -7.8  987.5    5.2  237.0   79.0  444.0
2021  18  1 18 0500   -7.9  988.6    3.8  250.0   79.0  444.0
2021  18  1 18 0600   -8.4  989.6    3.3  270.0   80.2  444.0
2021  18  1 18 0700   -9.6  990.6    3.5  272.0   80.0  444.0
2021  18  1 18 0800  -10.4  991.6    3.3  281.0   81.0  444.0
2021  18  1 18 0900  -11.4  992.5    3.6  286.0   81.8  444.0
2021  18  1 18 1000  -11.8  993.3    3.6  274.0   88.0  444.0
2021  18  1 18 1100   -9.1  994.0    4.0  263.0   90.0  444.0
2021  18  1 18 1200  -10.9  994.8    3.3  286.0   86.0  444.0
2021  18  1 18 1300  -13.7  995.7    3.2  275.0   83.0  444.0
2021  18  1 18 1400  -14.0  996.2    3.5  269.0   83.4  444.0
2021  18  1 18 1500  -13.1  996.9    4.1  296.0   82.0  444.0
2021  18  1 18 1600  -11.4  997.4    4.2  282.0   78.0  444.0
2021  18  1 18 1700  -11.5  998.3    3.5  311.0   76.0  444.0
2021  18  1 18 1800  -10.2  998.8    5.2  296.0   74.0  444.0
2021  18  1 18 1900   -9.1  999.4    5.3  289.0   70.4  444.0
2021  18  1 18 2000   -8.5 1000.0    4.4  295.0   70.0  444.0
2021  18  1 18 2100   -7.7 1000.5    4.8  296.0   72.0  444.0
2021  18  1 18 2200   -7.0 1001.1    5.4  296.0   76.0  444.0
2021  18  1 18 2300   -6.2 1001.6    4.7  301.0   78.0  444.0
2021  19  1 19 0000   -5.8 1001.9    5.3  305.0   77.0  444.0
2021  19  1 19 0100   -4.3 1002.2    4.9  294.0   76.0  444.0
2021  19  1 19 0200   -3.5 1002.6    5.3  298.0   76.0  444.0
2021  19  1 19 0300   -3.5 1002.5    5.5  309.0   76.0  444.0
2021  19  1 19 0400   -4.3 1002.6    4.1  312.0   78.0  444.0
2021  19  1 19 0500   -5.2 1002.8    3.9  325.0   82.0  444.0
2021  19  1 19 0600   -5.7 1003.1    2.9  319.0   81.0  444.0
2021  19  1 19 0700   -7.0 1003.6    3.9  325.0   83.0  444.0
2021  19  1 19 0800   -7.2 1003.6    4.2  319.0   84.0  444.0
2021  19  1 19 0900   -8.1 1003.5    3.6  320.0   89.0  444.0
2021  19  1 19 1000   -8.2 1003.6    2.8  319.0   92.0  444.0
2021  19  1 19 1100   -8.7 1003.5    1.9  319.0   91.0  444.0
2021  19  1 19 1200   -8.2 1003.5    1.8  312.0   93.5  444.0
2021  19  1 19 1300   -9.6 1003.4    2.3  311.0   97.0  444.0
2021  19  1 19 1400  -10.5 1003.2    0.8  343.0   94.0  444.0
2021  19  1 19 1500   -8.8 1002.8    0.4  312.0   91.0  444.0
2021  19  1 19 1600   -8.6 1002.5    0.4   72.0   91.0  444.0
2021  19  1 19 1700   -8.8 1002.2    1.4   30.0   92.1  444.0
2021  19  1 19 1800   -7.9 1001.9    1.0   42.0   92.0  444.0
2021  19  1 19 1900   -7.1 1001.7    0.9   43.0   92.0  444.0
2021  19  1 19 2000   -6.7 1001.3    1.4   79.0   90.0  444.0
2021  19  1 19 2100   -6.0 1000.8    1.5   97.0   88.7  444.0
2021  19  1 19 2200   -5.4 1000.2    1.5   75.0   88.0  444.0
2021  19  1 19 2300   -5.1  999.6    2.5  124.0   89.0  444.0
2021  20  1 20 0000   -5.5  999.0    2.5  113.0   89.0  444.0
2021  20  1 20 0100   -4.9  998.3    3.5  116.0   89.0  444.0
2021  20  1 20 0200   -4.4  997.5    3.6  122.0   92.0  444.0
2021  20  1 20 0300   -4.2  996.8    4.0  124.0   91.0  444.0
2021  20  1 20 0400   -4.6  996.1    4.1  110.0   94.0  444.0
2021  20  1 20 0500   -4.7  995.5    3.5  125.0   94.0  444.0
2021  20  1 20 0600   -4.5  994.5    4.4  131.0   90.0  444.0
2021  20  1 20 0700   -4.5  994.0    3.7  136.0   85.0  444.0
2021  20  1 20 0800   -4.9  993.5    4.4  148.0   89.0  444.0
2021  20  1 20 0900   -4.7  992.9    4.2  152.0   88.0  444.0
2021  20  1 20 1000   -4.7  992.3    5.0  148.0   94.4  444.0
2021  20  1 20 1100   -5.4  991.7    5.3  146.0   83.0  444.0
2021  20  1 20 1200   -5.4  991.0    6.1  149.0   92.0  444.0
2021  20  1 20 1300   -5.5  990.4    5.3  153.0   90.0  444.0
2021  20  1 20 1400   -5.9  990.2    5.3  153.0   87.0  444.0
2021  20  1 20 1500   -6.6  989.7    5.0  155.0   92.6  444.0
2021  20  1 20 1600   -6.8  989.4    4.2  156.0   91.0  444.0
2021  20  1 20 1700   -6.9  989.1    3.4  156.0   89.0  444.0
2021  20  1 20 1800   -6.8  988.6    3.8  159.0   84.0  444.0
2021  20  1 20 1900   -6.5  988.5    4.3  161.0   81.5  444.0
2021  20  1 20 2000   -6.5  988.2    3.6  162.0   81.8  444.0
2021  20  1 20 2100   -6.1  987.9    4.6  161.0   77.0  444.0
2021  20  1 20 2200   -6.0  987.7    4.1  160.0   74.0  444.0
2021  20  1 20 2300   -6.4  987.6    4.1  149.0   81.4  444.0
2021  21  1 21 0000   -6.8  987.3    4.0  161.0   84.0  444.0
2021  21  1 21 0100   -7.3  986.9    3.1  156.0   84.0  444.0
2021  21  1 21 0200   -7.4  986.6    2.6  153.0   83.0  444.0
2021  21  1 21 0300   -7.5  986.7    2.1  158.0   82.0  444.0
2021  21  1 21 0400   -8.2  986.6    3.2  163.0   83.1  444.0
2021  21  1 21 0500   -8.4  986.5    1.8  149.0   84.0  444.0
2021  21  1 21 0600   -8.6  986.4    1.7  151.0   83.0  444.0
2021  21  1 21 0700   -9.0  986.4    1.7  192.0   93.1  444.0
2021  21  1 21 0800   -9.1  986.6    2.4  197.0   95.1  444.0
2021  21  1 21 0900   -8.8  986.5    2.4  224.0   96.0  444.0
2021  21  1 21 1000   -9.3  986.4    2.2  199.0   96.0  444.0
2021  21  1 21 1100   -9.4  986.5    1.4  230.0   96.0  444.0
2021  21  1 21 1200   -9.7  986.5    1.1  220.0   95.0  444.0
2021  21  1 21 1300   -9.7  986.5    1.1  235.0   94.7  444.0
2021  21  1 21 1400   -9.9  986.7    1.9  277.0   95.0  444.0
2021  21  1 21 1500   -9.9  986.5    1.8  264.0   93.0  444.0
2021  21  1 21 1600  -10.0  986.6    1.2  282.0   93.0  444.0
2021  21  1 21 1700   -9.9  986.7    0.9  276.0   91.0  444.0
2021  21  1 21 1800  -10.0  986.8    1.6  268.0   91.0  444.0
2021  21  1 21 1900   -9.9  986.7    1.0  323.0   91.0  444.0
2021  21  1 21 2000  -10.0  986.7    1.3  320.0   89.0  444.0
2021  21  1 21 2100   -9.4  986.6    1.5  319.0   87.0  444.0
2021  21  1 21 2200   -8.4  986.5    2.5  326.0   86.0  444.0
2021  21  1 21 2300   -8.0  986.5    2.5  339.0   88.0  444.0
2021  22  1 22 0000   -7.5  986.2    3.0    6.0   91.0  444.0
2021  22  1 22 0100   -6.1  985.8    3.8  355.0   91.0  444.0
2021  22  1 22 0200   -4.2  985.1    2.9  333.0   91.0  444.0
2021  22  1 22 0300   -3.3  984.5    3.6  325.0   91.0  444.0
2021  22  1 22 0400   -2.8  983.8    3.7  327.0   91.0  444.0
2021  22  1 22 0500   -3.3  983.2    3.3  343.0   96.0  444.0
2021  22  1 22 0600   -2.0  982.7    4.8  330.0   92.0  444.0
2021  22  1 22 0700   -2.4  982.1    5.0  330.0   95.0  444.0
2021  22  1 22 0800   -2.7  981.1    5.5  339.0   97.0  444.0
2021  22  1 22 0900   -2.8  980.6    6.9  338.0   87.0  444.0
2021  22  1 22 1000   -6.2  979.9    4.5  304.0   79.3  444.0
2021  22  1 22 1100   -9.5  979.2    4.4  285.0   90.0  444.0
2021  22  1 22 1200   -9.4  978.5    4.7  288.0   94.0  444.0
2021  22  1 22 1300   -9.0  977.7    3.9  268.0   95.0  444.0
2021  22  1 22 1400   -8.7  977.3    3.3  252.0   96.0  444.0
2021  22  1 22 1500   -8.5  976.7    3.9  228.0   96.2  444.0
2021  22  1 22 1600   -8.4  976.3    4.1  217.0   96.0  444.0
2021  22  1 22 1700   -8.4  976.0    4.1  205.0   95.0  444.0
2021  22  1 22 1800   -7.5  975.6    4.1  208.0   96.0  444.0
2021  22  1 22 1900   -7.4  975.5    7.6  218.0   94.0  444.0
2021  22  1 22 2000   -9.6  975.6   10.3  208.0   90.0  444.0
2021  22  1 22 2100  -10.0  975.8   11.0  200.0   88.0  444.0
2021  22  1 22 2200  -10.2  976.1    9.9  199.0   87.0  444.0
2021  22  1 22 2300  -10.2  976.1   10.5  195.0   87.0  444.0
2021  23  1 23 0000   -9.9  976.3    9.7  196.0   85.0  444.0
2021  23  1 23 0100  -10.3  976.2   10.1  195.0   82.0  444.0
2021  23  1 23 0200  -10.1  976.3   10.3  195.0   80.0  444.0
2021  23  1 23 0300  -10.7  976.3    9.6  196.0   81.3  444.0
2021  23  1 23 0400  -10.5  976.1    9.9  196.0   80.0  444.0
2021  23  1 23 0500  -10.6  975.9   10.6  193.0   82.9  444.0
2021  23  1 23 0600  -10.9  975.6   10.4  195.0   81.2  444.0
2021  23  1 23 0700  -11.3  975.4    9.7  206.0   82.0  444.0
2021  23  1 23 0800  -12.1  975.1    8.2  208.0   80.6  444.0
2021  23  1 23 0900  -11.7  975.1    8.4  198.0   82.0  444.0
2021  23  1 23 1000  -11.7  975.1    8.5  197.0   87.0  444.0
2021  23  1 23 1100  -12.0  975.2    9.1  196.0   84.0  444.0
2021  23  1 23 1200  -12.7  974.9    8.7  198.0   83.0  444.0
2021  23  1 23 1300  -13.5  974.7    8.4  204.0   83.0  444.0
2021  23  1 23 1400  -14.0  974.5    7.8  204.0   82.0  444.0
2021  23  1 23 1500  -14.4  974.4    7.9  206.0   80.0  444.0
2021  23  1 23 1600  -14.4  974.3    7.7  203.0   80.0  444.0
2021  23  1 23 1700  -14.5  974.1    7.5  205.0   79.0  444.0
2021  23  1 23 1800  -14.4  974.1    7.3  202.0   78.0  444.0
2021  23  1 23 1900  -14.1  973.9    7.6  205.0   77.0  444.0
2021  23  1 23 2000  -13.6  973.8    7.9  201.0   76.0  444.0
2021  23  1 23 2100  -13.3  973.7    7.2  193.0   76.0  444.0
2021  23  1 23 2200  -12.5  973.5    7.6  198.0   75.0  444.0
2021  23  1 23 2300  -12.0  973.4    9.5  199.0   74.9  444.0
2021  24  1 24 0000  -11.2  973.3    7.8  200.0   74.4  444.0
2021  24  1 24 0100  -10.7  972.9    7.9  204.0   73.0  444.0
2021  24  1 24 0200  -10.2  972.8    8.3  207.0   72.0  444.0
2021  24  1 24 0300  -10.0  972.6    8.1  203.0   71.1  444.0
2021  24  1 24 0400   -9.8  972.0    8.4  204.0   71.1  444.0
2021  24  1 24 0500   -9.9  971.8    7.9  205.0   73.0  444.0
2021  24  1 24 0600   -9.7  971.7    7.0  205.0   70.1  444.0
2021  24  1 24 0700  -10.2  971.4    6.0  210.0   71.0  444.0
2021  24  1 24 0800  -10.6  971.2    7.2  213.0   70.0  444.0
2021  24  1 24 0900  -11.1  971.0    7.1  220.0   69.0  444.0
2021  24  1 24 1000  -11.9  970.7    6.5  210.0   69.0  444.0
2021  24  1 24 1100  -12.9  970.6    6.5  210.0   71.6  444.0
2021  24  1 24 1200  -13.9  970.5    4.6  222.0   73.0  444.0
2021  24  1 24 1300  -15.4  970.3    5.3  240.0   75.0  444.0
2021  24  1 24 1400  -15.7  970.1    5.1  245.0   74.0  444.0
2021  24  1 24 1500  -15.8  969.9    5.9  248.0   74.0  444.0
2021  24  1 24 1600  -14.2  969.4    5.9  234.0   67.6  444.0
2021  24  1 24 1700  -14.0  969.3    5.3  235.0   69.0  444.0
2021  24  1 24 1800  -14.2  969.3    5.0  246.0   68.5  444.0
2021  24  1 24 1900  -13.2  969.2    5.7  239.0   66.0  444.0
2021  24  1 24 2000  -11.5  969.4    5.0  237.0   63.0  444.0
2021  24  1 24 2100  -10.1  969.5    4.9  237.0   59.0  444.0
2021  24  1 24 2200  -11.1  969.8    6.7  264.0   63.0  444.0
2021  24  1 24 2300  -10.7  970.0    6.3  250.0   65.0  444.0
2021  25  1 25 0000   -9.8  970.8    5.3  227.0   65.0  444.0
2021  25  1 25 0100   -9.4  970.7    5.8  239.0   67.2  444.0
2021  25  1 25 0200   -8.4  971.1    6.1  255.0   68.0  444.0
2021  25  1 25 0300   -8.1  971.5    6.4  251.0   73.0  444.0
2021  25  1 25 0400   -7.6  971.9    5.8  238.0   69.0  444.0
2021  25  1 25 0500   -7.7  972.5    5.8  242.0   75.0  444.0
2021  25  1 25 0600   -7.8  973.2    4.1  254.0   80.0  444.0
2021  25  1 25 0700   -8.1  973.6    3.8  258.0   75.0  444.0
2021  25  1 25 0800   -9.4  974.1    3.9  266.0   77.0  444.0
2021  25  1 25 0900  -10.4  974.5    4.3  267.0   78.7  444.0
2021  25  1 25 1000  -11.9  975.0    3.7  270.0   84.0  444.0
2021  25  1 25 1100  -11.9  975.6    3.7  281.0   85.0  444.0
2021  25  1 25 1200  -11.2  976.2    3.8  278.0   84.0  444.0
2021  25  1 25 1300  -10.6  976.6    3.8  276.0   84.0  444.0
2021  25  1 25 1400   -9.9  977.2    4.4  263.0   85.1  444.0
2021  25  1 25 1500   -9.4  977.4    4.1  272.0   86.0  444.0
2021  25  1 25 1600   -8.3  977.7    5.0  247.0   89.0  444.0
2021  25  1 25 1700   -7.4  978.2    4.1  260.0   89.0  444.0
2021  25  1 25 1800   -6.7  978.7    4.0  272.0   89.0  444.0
2021  25  1 25 1900   -6.6  979.0    4.1  269.0   88.5  444.0
2021  25  1 25 2000   -6.4  979.5    4.5  267.0   88.0  444.0
2021  25  1 25 2100   -6.3  979.9    4.3  265.0   90.0  444.0
2021  25  1 25 2200   -5.7  980.4    3.7  260.0   92.0  444.0
2021  25  1 25 2300   -5.6  980.9    3.5  266.0   90.0  444.0
2021  26  1 26 0000   -5.3  981.3    3.6  262.0   90.0  444.0
2021  26  1 26 0100   -5.2  981.6    4.7  247.0   88.0  444.0
2021  26  1 26 0200   -5.1  981.7    4.0  249.0   90.0  444.0
2021  26  1 26 0300   -4.8  981.8    4.2  261.0   89.0  444.0
2021  26  1 26 0400   -5.2  982.1    4.4  248.0   91.0  444.0
2021  26  1 26 0500   -5.7  982.1    4.9  223.0   92.0  444.0
2021  26  1 26 0600   -5.9  982.4    3.5  252.0   95.0  444.0
2021  26  1 26 0700   -5.6  982.5    4.4  248.0   95.5  444.0
2021  26  1 26 0800   -5.2  982.6    3.7  231.0   96.0  444.0
2021  26  1 26 0900   -5.6  982.8    4.3  231.0   96.0  444.0
2021  26  1 26 1000   -6.3  983.1    3.6  223.0   96.5  444.0
2021  26  1 26 1100   -6.7  983.5    4.4  223.0   96.0  444.0
2021  26  1 26 1200   -7.5  983.8    4.8  193.0   96.0  444.0
2021  26  1 26 1300   -7.7  984.1    4.2  211.0   94.0  444.0
2021  26  1 26 1400   -7.5  984.0    5.0  198.0   96.0  444.0
2021  26  1 26 1500   -7.6  984.2    3.7  190.0   95.4  444.0
2021  26  1 26 1600   -7.2  984.3    4.1  203.0   94.0  444.0
2021  26  1 26 1700   -7.5  984.4    3.9  215.0   94.0  444.0
2021  26  1 26 1800   -7.5  984.6    5.0  201.0   93.0  444.0
2021  26  1 26 1900   -7.2  984.8    5.1  196.0   87.0  444.0
2021  26  1 26 2000   -7.1  985.0    4.8  188.0   87.0  444.0
2021  26  1 26 2100   -7.0  985.0    5.6  216.0   88.0  444.0
2021  26  1 26 2200   -7.5  985.4    6.0  217.0   88.0  444.0
2021  26  1 26 2300   -7.3  985.6    5.1  214.0   87.0  444.0
2021  27  1 27 0000   -7.0  985.9    4.3  206.0   86.0  444.0
2021  27  1 27 0100   -6.8  986.2    4.1  210.0   85.0  444.0
2021  27  1 27 0200   -6.8  986.3    3.2  210.0   81.0  444.0
2021  27  1 27 0300   -6.9  986.3    2.9  202.0   81.8  444.0
2021  27  1 27 0400   -6.9  986.4    2.6  224.0   83.0  444.0
2021  27  1 27 0500   -7.9  986.3    4.4  208.0   89.0  444.0
2021  27  1 27 0600   -8.0  986.5    2.8  231.0   90.0  444.0
2021  27  1 27 0700   -8.2  986.7    1.3  231.0   93.0  444.0
2021  27  1 27 0800   -8.1  986.8    0.1  310.0   92.7  444.0
2021  27  1 27 0900   -8.6  987.0    1.5  216.0   94.0  444.0
2021  27  1 27 1000   -8.8  987.2    1.8  163.0   95.0  444.0
2021  27  1 27 1100   -8.8  987.3    0.3   84.0   95.0  444.0
2021  27  1 27 1200   -9.0  987.4    1.3   16.0   95.0  444.0
2021  27  1 27 1300   -9.2  987.3    0.6   15.0   96.0  444.0
2021  27  1 27 1400   -9.2  987.0    2.1    7.0   95.0  444.0
2021  27  1 27 1500   -9.0  987.2    2.3   20.0   94.0  444.0
2021  27  1 27 1600   -8.8  987.1    2.3   27.0   92.0  444.0
2021  27  1 27 1700   -8.7  987.1    2.3   24.0   92.0  444.0
2021  27  1 27 1800   -8.5  987.2    3.2   23.0   90.0  444.0
2021  27  1 27 1900   -8.4  987.2    3.7   20.0   87.0  444.0
2021  27  1 27 2000   -8.4  987.3    3.5   26.0   89.0  444.0
2021  27  1 27 2100   -8.3  987.3    3.9   40.0   86.0  444.0
2021  27  1 27 2200   -8.4  987.3    3.8   55.0   89.0  444.0
2021  27  1 27 2300   -8.6  987.2    4.5   42.0   88.0  444.0
2021  28  1 28 0000   -8.5  987.3    4.0   67.0   88.0  444.0
2021  28  1 28 0100   -8.4  987.2    4.6   52.0   88.0  444.0
2021  28  1 28 0200   -8.4  986.7    4.4   56.0   88.9  444.0
2021  28  1 28 0300   -8.4  986.4    4.9   60.0   89.0  444.0
2021  28  1 28 0400   -8.6  986.1    4.8   70.0   90.0  444.0
2021  28  1 28 0500   -8.5  985.9    4.9   74.0   90.2  444.0
2021  28  1 28 0600   -8.6  985.8    4.7   73.0   91.0  444.0
2021  28  1 28 0700   -8.8  985.6    5.6   74.0   92.0  444.0
2021  28  1 28 0800   -8.8  985.3    5.2   84.0   94.0  444.0
2021  28  1 28 0900   -9.3  985.3    6.2   89.0   93.0  444.0
2021  28  1 28 1000  -10.0  985.3    4.7   89.0   93.0  444.0
2021  28  1 28 1100  -10.3  985.0    5.4  109.0   92.0  444.0
2021  28  1 28 1200  -10.7  985.0    6.2  114.0   92.0  444.0
2021  28  1 28 1300  -12.0  984.8    4.9  118.0   90.0  444.0
2021  28  1 28 1400  -12.2  984.6    6.1  114.0   91.0  444.0
2021  28  1 28 1500  -10.4  984.4    5.3  108.0   92.0  444.0
2021  28  1 28 1600   -8.6  984.1    7.2  108.0   94.0  444.0
2021  28  1 28 1700   -8.8  984.1    5.9  130.0   93.0  444.0
2021  28  1 28 1800   -8.1  983.9    6.5  124.0   91.5  444.0
2021  28  1 28 1900   -7.7  984.0    6.5  130.0   92.0  444.0
2021  28  1 28 2000   -7.7  983.9    6.8  140.0   89.0  444.0
2021  28  1 28 2100   -8.7  983.8    7.2  145.0   88.0  444.0
2021  28  1 28 2200   -8.9  983.6    8.1  143.0   84.0  444.0
2021  28  1 28 2300   -8.8  983.6    8.3  151.0   81.0  444.0
2021  29  1 29 0000   -8.5  983.3    8.1  155.0   78.9  444.0
2021  29  1 29 0100   -8.7  983.1    8.6  156.0   81.0  444.0
2021  29  1 29 0200   -8.8  982.6    8.3  164.0   79.0  444.0
2021  29  1 29 0300   -9.0  982.1    8.7  166.0   85.1  444.0
2021  29  1 29 0400   -8.7  981.6    8.8  168.0   85.0  444.0
2021  29  1 29 0500   -9.0  981.2    9.3  174.0   85.0  444.0
2021  29  1 29 0600   -9.1  980.9    8.6  172.0   87.0  444.0
2021  29  1 29 0700   -8.9  980.4    9.2  174.0   89.0  444.0
2021  29  1 29 0800   -9.0  979.8    9.6  179.0   89.0  444.0
2021  29  1 29 0900   -9.6  979.2    9.7  181.0   90.0  444.0
2021  29  1 29 1000  -10.1  978.6    9.2  176.0   90.0  444.0
2021  29  1 29 1100   -9.8  978.0    7.3  184.0   92.0  444.0
2021  29  1 29 1200   -9.6  977.5    8.1  188.0   92.0  444.0
2021  29  1 29 1300   -9.4  976.8    7.9  191.0   93.0  444.0
2021  29  1 29 1400   -9.6  976.0    7.7  189.0   91.0  444.0
2021  29  1 29 1500  -10.5  975.4    8.3  180.0   89.0  444.0
2021  29  1 29 1600  -11.3  974.8    8.4  182.0   87.0  444.0
2021  29  1 29 1700  -11.4  974.1    8.8  184.0   87.0  444.0
2021  29  1 29 1800  -11.0  973.6    9.9  188.0   86.0  444.0
2021  29  1 29 1900  -11.1  972.9   10.1  191.0   84.1  444.0
2021  29  1 29 2000  -11.2  972.3    9.3  193.0   82.0  444.0
2021  29  1 29 2100  -11.3  971.7    9.9  190.0   78.0  444.0
2021  29  1 29 2200  -10.7  971.4    8.8  188.0   78.0  444.0
2021  29  1 29 2300  -10.3  971.1    8.9  188.0   78.0  444.0
2021  30  1 30 0000  -10.2  970.8    9.1  191.0   79.0  444.0
2021  30  1 30 0100  -10.3  970.5    9.4  193.0   81.0  444.0
2021  30  1 30 0200  -10.1  969.9    9.6  197.0   82.0  444.0
2021  30  1 30 0300  -10.0  969.2   10.1  204.0   82.3  444.0
2021  30  1 30 0400  -10.1  968.9   10.1  199.0   83.0  444.0
2021  30  1 30 0500  -10.4  968.1    9.9  203.0   84.0  444.0
2021  30  1 30 0600  -10.5  967.7   10.1  205.0   85.0  444.0
2021  30  1 30 0700  -10.6  966.9   10.1  205.0   86.0  444.0
2021  30  1 30 0800  -10.8  966.3   10.4  206.0   88.0  444.0
2021  30  1 30 0900  -10.8  965.5   10.1  207.0   88.0  444.0
2021  30  1 30 1000  -10.9  964.9    9.0  212.0   88.0  444.0
2021  30  1 30 1100  -10.7  964.3    8.4  210.0   87.0  444.0
2021  30  1 30 1200  -10.7  963.6    7.8  214.0   87.3  444.0
2021  30  1 30 1300  -10.8  962.9    6.9  207.0   87.0  444.0
2021  30  1 30 1400  -11.1  962.4    5.5  207.0   87.0  444.0
2021  30  1 30 1500  -10.9  961.9    4.2  188.0   89.0  444.0
2021  30  1 30 1600  -11.3  961.8    4.1  163.0   87.0  444.0
2021  30  1 30 1700  -11.4  961.8    4.6  142.0   84.0  444.0
2021  30  1 30 1800  -12.1  962.2    6.1  130.0   84.0  444.0
2021  30  1 30 1900  -12.3  962.5    5.8  126.0   82.0  444.0
2021  30  1 30 2000  -11.9  963.1    5.2  111.0   80.0  444.0
2021  30  1 30 2100  -11.5  963.8    6.7   92.0   75.0  444.0
2021  30  1 30 2200  -11.1  964.6    7.6   92.0   72.8  444.0
2021  30  1 30 2300  -10.8  965.6    8.5  100.0   73.0  444.0
2021  31  1 31 0000  -10.5  966.3    8.4  106.0   74.0  444.0
2021  31  1 31 0100  -10.4  967.1    7.9  108.0   74.8  444.0
2021  31  1 31 0200  -10.4  968.0    6.8  111.0   76.0  444.0
2021  31  1 31 0300  -10.3  968.3    6.1  134.0   74.0  444.0
2021  31  1 31 0400   -9.2  968.6    6.6  140.0   77.0  444.0
2021  31  1 31 0500   -8.7  968.9    4.7  166.0   79.0  444.0
2021  31  1 31 0600   -8.4  969.0    6.2  181.0   87.0  444.0
2021  31  1 31 0700   -7.6  969.1    6.8  173.0   92.0  444.0
2021  31  1 31 0800   -7.4  969.1    7.3  162.0   91.0  444.0
2021  31  1 31 0900   -7.5  969.2    7.3  169.0   93.0  444.0
2021  31  1 31 1000   -8.9  969.4    8.3  169.0   90.0  444.0
2021  31  1 31 1100   -9.9  969.4    8.0  175.0   90.0  444.0
2021  31  1 31 1200  -10.2  969.5    7.2  177.0   91.0  444.0
2021  31  1 31 1300  -10.2  969.3    7.7  179.0   91.0  444.0
2021  31  1 31 1400  -10.1  968.9    7.2  179.0   91.0  444.0
2021  31  1 31 1500  -10.2  968.8    6.0  188.0   91.0  444.0
2021  31  1 31 1600  -10.1  968.7    6.3  185.0   90.0  444.0
2021  31  1 31 1700  -10.1  968.6    6.2  175.0   89.0  444.0
2021  31  1 31 1800   -9.8  968.7    5.9  178.0   88.0  444.0
2021  31  1 31 1900   -9.6  968.7    5.0  175.0   83.0  444.0
2021  31  1 31 2000   -8.9  968.7    5.5  162.0   78.0  444.0
2021  31  1 31 2100   -9.0  969.0    4.9  160.0   82.0  444.0
2021  31  1 31 2200   -8.7  969.1    5.8  153.0   79.9  444.0
2021  31  1 31 2300   -8.4  969.4    5.7  149.0   81.0  444.0
