Year: 2019  Month: 02  ID: SWT  ARGOS:  8913  Name: Schwerdtfeger       
Lat: 79.87S  Lon: 170.15E  Elev:   54m
2019  32  2  1 0000   -9.6  987.7    3.9  227.0   80.6  444.0
2019  32  2  1 0100   -8.8  987.8    3.2  225.0   79.0  444.0
2019  32  2  1 0200  -10.4  988.0    2.2  235.0   84.0  444.0
2019  32  2  1 0300   -9.6  987.9    2.8  253.0   80.0  444.0
2019  32  2  1 0400  -10.3  987.7    2.7  241.0   82.4  444.0
2019  32  2  1 0500  -10.8  987.6    2.7  241.0   84.0  444.0
2019  32  2  1 0600   -8.9  987.5    3.3  232.0   79.0  444.0
2019  32  2  1 0700   -9.3  987.4    2.9  213.0   84.0  444.0
2019  32  2  1 0800  -10.4  987.4    1.7  220.0   89.0  444.0
2019  32  2  1 0900  -10.5  987.3    2.5  212.0   90.0  444.0
2019  32  2  1 1000   -9.8  987.1    2.7  202.0   97.0  444.0
2019  32  2  1 1100  -10.0  987.1    3.0  214.0   97.0  444.0
2019  32  2  1 1200  -11.1  987.0    2.9  222.0   95.0  444.0
2019  32  2  1 1300  -10.6  986.8    3.9  181.0   97.0  444.0
2019  32  2  1 1400  -12.5  986.7    3.3  191.0   93.0  444.0
2019  32  2  1 1500  -14.9  986.7    3.4  191.0   91.0  444.0
2019  32  2  1 1600  -16.9  986.6    3.6  197.0   87.0  444.0
2019  32  2  1 1700  -16.9  986.4    4.3  198.0   84.5  444.0
2019  32  2  1 1800  -17.1  986.6    4.5  203.0   84.0  444.0
2019  32  2  1 1900  -16.9  986.6    4.6  208.0   83.0  444.0
2019  32  2  1 2000  -15.3  986.5    4.8  220.0   83.0  444.0
2019  32  2  1 2100  -12.1  986.6    6.1  204.0   88.0  444.0
2019  32  2  1 2200  -11.7  986.9    6.1  210.0   88.0  444.0
2019  32  2  1 2300  -11.2  986.7    6.8  209.0   89.0  444.0
2019  33  2  2 0000  -10.5  986.6    7.1  200.0   89.0  444.0
2019  33  2  2 0100  -10.6  986.7    7.1  191.0   88.0  444.0
2019  33  2  2 0200  -10.9  986.5    7.5  195.0   87.0  444.0
2019  33  2  2 0300  -11.1  986.5    7.6  192.0   87.5  444.0
2019  33  2  2 0400  -11.0  986.1    7.8  197.0   88.0  444.0
2019  33  2  2 0500  -11.1  986.1    8.2  199.0   87.8  444.0
2019  33  2  2 0600  -11.2  985.9    7.9  195.0   87.6  444.0
2019  33  2  2 0700  -11.4  985.5    8.7  195.0   89.0  444.0
2019  33  2  2 0800  -11.7  985.2    7.9  197.0   89.0  444.0
2019  33  2  2 0900  -11.8  984.7    8.2  202.0   89.0  444.0
2019  33  2  2 1000  -11.7  983.9    8.5  209.0   90.2  444.0
2019  33  2  2 1100  -11.3  984.1    7.7  216.0   92.0  444.0
2019  33  2  2 1200  -10.8  982.7    9.3  215.0   94.0  444.0
2019  33  2  2 1300  -10.1  982.3    8.8  205.0   95.0  444.0
2019  33  2  2 1400   -9.9  981.8    8.7  201.0   95.0  444.0
2019  33  2  2 1500   -9.8  981.6    9.2  198.0   94.6  444.0
2019  33  2  2 1600   -9.7  980.9    9.3  196.0   95.0  444.0
2019  33  2  2 1700   -9.7  980.2    9.7  187.0   94.0  444.0
2019  33  2  2 1800   -9.9  979.6   10.5  187.0   93.0  444.0
2019  33  2  2 1900  -10.1  979.6   11.7  182.0   93.0  444.0
2019  33  2  2 2000  -10.4  979.0   11.6  184.0   92.1  444.0
2019  33  2  2 2100  -10.4  978.7   11.1  184.0   91.0  444.0
2019  33  2  2 2200  -10.4  978.3   11.4  185.0   91.0  444.0
2019  33  2  2 2300  -10.2  977.8   11.5  190.0   88.0  444.0
2019  34  2  3 0000   -9.8  977.5   10.4  194.0   90.0  444.0
2019  34  2  3 0100   -8.8  976.9    9.4  199.0   91.0  444.0
2019  34  2  3 0200   -7.4  976.1   10.2  192.0   93.0  444.0
2019  34  2  3 0300   -7.4  975.9   11.4  191.0   93.0  444.0
2019  34  2  3 0400   -7.4  975.2   12.8  192.0   94.0  444.0
2019  34  2  3 0500   -7.3  974.9   12.5  190.0   94.0  444.0
2019  34  2  3 0600   -7.4  974.6   12.9  188.0   94.9  444.0
2019  34  2  3 0700   -7.6  974.6   13.1  192.0   95.0  444.0
2019  34  2  3 0800   -7.5  974.7   12.9  192.0   96.0  444.0
2019  34  2  3 0900   -7.7  974.4   12.9  189.0   97.0  444.0
2019  34  2  3 1000   -7.7  974.4   11.7  188.0   97.0  444.0
2019  34  2  3 1100   -7.8  974.5   11.1  186.0   97.0  444.0
2019  34  2  3 1200   -7.9  974.1   11.8  185.0   97.0  444.0
2019  34  2  3 1300   -8.0  974.2   11.8  186.0   96.9  444.0
2019  34  2  3 1400   -8.1  974.1   11.4  187.0   97.0  444.0
2019  34  2  3 1500   -8.2  974.0   11.0  190.0   97.0  444.0
2019  34  2  3 1600   -8.2  973.9   11.1  189.0   96.0  444.0
2019  34  2  3 1700   -8.3  973.9   11.7  188.0   95.0  444.0
2019  34  2  3 1800   -8.3  973.8   12.1  189.0   92.7  444.0
2019  34  2  3 1900   -8.6  974.1   11.4  191.0   93.0  444.0
2019  34  2  3 2000   -9.1  974.1   12.6  191.0   92.0  444.0
2019  34  2  3 2100   -9.3  974.0   11.7  200.0   91.0  444.0
2019  34  2  3 2200   -9.3  973.9   10.6  199.0   91.0  444.0
2019  34  2  3 2300   -9.1  973.6    9.8  196.0   88.4  444.0
2019  35  2  4 0000   -8.6  973.4   10.0  190.0   90.1  444.0
2019  35  2  4 0100   -8.2  973.0    9.4  200.0   86.0  444.0
2019  35  2  4 0200   -7.8  972.7   10.2  190.0   87.0  444.0
2019  35  2  4 0300   -7.1  972.2    7.5  210.0   87.0  444.0
2019  35  2  4 0400   -7.1  971.6    8.5  211.0   86.0  444.0
2019  35  2  4 0500   -7.4  971.4    6.9  196.0   89.0  444.0
2019  35  2  4 0600   -7.6  971.0    7.1  205.0   87.0  444.0
2019  35  2  4 0700   -8.1  970.5    6.9  210.0   90.0  444.0
2019  35  2  4 0800   -8.5  970.4    5.9  201.0   89.0  444.0
2019  35  2  4 0900   -8.6  970.1    5.8  201.0   92.0  444.0
2019  35  2  4 1000   -8.8  969.9    6.0  196.0   94.0  444.0
2019  35  2  4 1100   -8.7  969.8    6.4  195.0   93.8  444.0
2019  35  2  4 1200   -9.4  969.8    5.9  206.0   94.0  444.0
2019  35  2  4 1300  -10.3  969.9    5.7  219.0   93.0  444.0
2019  35  2  4 1400  -10.1  969.6    6.1  219.0   94.0  444.0
2019  35  2  4 1500   -9.8  969.3    6.4  214.0   94.0  444.0
2019  35  2  4 1600   -9.9  969.3    6.2  215.0   93.0  444.0
2019  35  2  4 1700  -10.4  969.4    5.6  213.0   92.0  444.0
2019  35  2  4 1800  -11.1  969.3    4.8  220.0   92.6  444.0
2019  35  2  4 1900  -11.2  969.2    4.5  223.0   92.0  444.0
2019  35  2  4 2000  -10.9  969.2    4.2  225.0   92.0  444.0
2019  35  2  4 2100  -10.1  969.0    4.7  213.0   91.5  444.0
2019  35  2  4 2200   -8.8  969.1    6.0  191.0   90.0  444.0
2019  35  2  4 2300   -8.2  969.2    6.6  186.0   90.0  444.0
2019  36  2  5 0000   -8.1  969.5    6.1  199.0   83.0  444.0
2019  36  2  5 0100   -7.8  969.6    6.1  218.0   80.9  444.0
2019  36  2  5 0200   -7.3  969.4    6.2  230.0   82.8  444.0
2019  36  2  5 0300   -6.8  969.3    7.8  222.0   87.0  444.0
2019  36  2  5 0400   -6.6  969.3    7.3  218.0   90.0  444.0
2019  36  2  5 0500   -6.7  969.3    6.7  216.0   91.0  444.0
2019  36  2  5 0600   -6.6  969.4    6.4  223.0   94.0  444.0
2019  36  2  5 0700   -6.3  969.4    5.9  205.0   96.0  444.0
2019  36  2  5 0800   -6.6  969.8    3.9  201.0   95.0  444.0
2019  36  2  5 0900   -6.7  969.8    4.7  210.0   92.0  444.0
2019  36  2  5 1000   -7.0  970.2    5.4  208.0   92.0  444.0
2019  36  2  5 1100   -7.8  970.6    4.1  178.0   96.0  444.0
2019  36  2  5 1200   -8.7  970.8    4.5  214.0   96.0  444.0
2019  36  2  5 1300   -9.2  970.8    3.8  215.0   96.0  444.0
2019  36  2  5 1400   -9.3  971.1    3.7  214.0   96.2  444.0
2019  36  2  5 1500   -9.8  971.3    3.5  217.0   95.0  444.0
2019  36  2  5 1600   -9.7  971.6    8.0  222.0   95.0  444.0
2019  36  2  5 1700   -9.0  971.9    3.7  219.0   95.0  444.0
2019  36  2  5 1800   -9.1  972.1    3.9  216.0   95.0  444.0
2019  36  2  5 1900   -8.9  972.3    4.1  210.0   93.6  444.0
2019  36  2  5 2000   -8.8  972.6    3.3  208.0   93.0  444.0
2019  36  2  5 2100   -7.5  973.0    3.3  196.0   91.0  444.0
2019  36  2  5 2200   -6.6  973.2    4.0  172.0   94.0  444.0
2019  36  2  5 2300   -6.3  973.6    3.7  175.0   92.0  444.0
2019  37  2  6 0000   -5.9  973.7    4.9  160.0   94.0  444.0
2019  37  2  6 0100   -5.7  973.7    5.5  154.0   93.0  444.0
2019  37  2  6 0200   -5.6  973.9    6.6  159.0   92.0  444.0
2019  37  2  6 0300   -6.0  973.8    7.4  165.0   93.0  444.0
2019  37  2  6 0400   -6.2  974.1    6.7  167.0   93.4  444.0
2019  37  2  6 0500   -6.5  974.2    6.9  175.0   94.0  444.0
2019  37  2  6 0600   -7.2  974.4    6.8  176.0   95.0  444.0
2019  37  2  6 0700   -8.0  974.5    6.0  184.0   95.0  444.0
2019  37  2  6 0800   -7.6  974.7    6.2  175.0   96.0  444.0
2019  37  2  6 0900   -8.2  974.7    6.9  182.0   95.7  444.0
2019  37  2  6 1000   -8.7  975.0    6.8  181.0   95.0  444.0
2019  37  2  6 1100   -8.7  975.1    6.9  190.0   96.0  444.0
2019  37  2  6 1200   -8.8  975.1    6.7  192.0   96.0  444.0
2019  37  2  6 1300   -9.3  975.3    6.4  186.0   95.0  444.0
2019  37  2  6 1400   -9.3  975.2    6.5  194.0   96.0  444.0
2019  37  2  6 1500   -9.1  975.1    6.8  192.0   95.0  444.0
2019  37  2  6 1600   -9.0  975.1    6.9  187.0   95.0  444.0
2019  37  2  6 1700   -9.2  975.0    6.5  184.0   93.0  444.0
2019  37  2  6 1800   -9.8  975.1    5.5  199.0   91.0  444.0
2019  37  2  6 1900  -10.5  975.1    5.2  202.0   92.0  444.0
2019  37  2  6 2000   -9.5  974.9    5.9  197.0   92.0  444.0
2019  37  2  6 2100   -9.3  974.9    5.1  200.0   92.0  444.0
2019  37  2  6 2200   -8.7  974.8    5.0  214.0   92.0  444.0
2019  37  2  6 2300   -7.5  974.7    4.9  212.0   91.0  444.0
2019  38  2  7 0000   -8.1  974.2    6.0  214.0   90.0  444.0
2019  38  2  7 0100   -6.7  973.9    7.5  210.0   92.0  444.0
2019  38  2  7 0200   -5.5  973.4    6.4  218.0   92.6  444.0
2019  38  2  7 0300   -5.2  973.0    6.7  212.0   92.0  444.0
2019  38  2  7 0400   -5.2  972.5    6.5  205.0   90.0  444.0
2019  38  2  7 0500   -5.3  972.3    5.1  206.0   92.0  444.0
2019  38  2  7 0600   -6.5  972.0    7.4  203.0   91.0  444.0
2019  38  2  7 0700   -6.8  971.8    5.5  214.0   94.8  444.0
2019  38  2  7 0800   -6.1  971.4    6.7  211.0   95.0  444.0
2019  38  2  7 0900   -5.9  971.2    6.2  228.0   98.0  444.0
2019  38  2  7 1000   -6.3  970.8    6.5  240.0   98.0  444.0
2019  38  2  7 1100   -7.9  970.4    7.5  241.0   92.0  444.0
2019  38  2  7 1200   -8.7  969.9    6.8  252.0   94.0  444.0
2019  38  2  7 1300   -9.4  969.4    6.4  260.0   92.0  444.0
2019  38  2  7 1400  -10.5  968.7    7.6  264.0   90.0  444.0
2019  38  2  7 1500  -11.1  968.2    7.8  263.0   91.0  444.0
2019  38  2  7 1600  -10.6  967.7    7.8  260.0   93.0  444.0
2019  38  2  7 1700   -9.9  967.3    8.2  257.0   93.8  444.0
2019  38  2  7 1800   -9.8  967.1    6.6  250.0   91.0  444.0
2019  38  2  7 1900   -9.8  966.9    6.1  248.0   90.0  444.0
2019  38  2  7 2000   -9.4  966.7    5.4  251.0   89.0  444.0
2019  38  2  7 2100   -8.7  966.5    4.8  232.0   88.0  444.0
2019  38  2  7 2200   -8.8  966.4    5.7  224.0   90.6  444.0
2019  38  2  7 2300   -8.4  966.2    5.8  226.0   90.0  444.0
2019  39  2  8 0000   -8.3  966.0    5.1  225.0   90.0  444.0
2019  39  2  8 0100   -8.6  965.9    5.9  228.0   89.0  444.0
2019  39  2  8 0200   -7.4  965.6    5.2  254.0   88.0  444.0
2019  39  2  8 0300   -7.2  965.2    5.2  266.0   90.0  444.0
2019  39  2  8 0400   -6.5  965.0    6.7  254.0   94.0  444.0
2019  39  2  8 0500   -7.5  964.8    6.6  260.0   94.2  444.0
2019  39  2  8 0600   -7.4  964.6    7.0  260.0   91.0  444.0
2019  39  2  8 0700   -6.6  965.0    2.8  259.0   92.0  444.0
2019  39  2  8 0800   -7.7  965.0    3.3  273.0   95.0  444.0
2019  39  2  8 0900   -7.8  965.2    5.3  270.0   96.0  444.0
2019  39  2  8 1000   -8.0  965.3    3.6  271.0   96.8  444.0
2019  39  2  8 1100   -7.8  965.4    2.5  230.0   98.0  444.0
2019  39  2  8 1200   -8.5  965.9    2.2  184.0   96.0  444.0
2019  39  2  8 1300   -8.7  966.3    1.5  235.0   97.0  444.0
2019  39  2  8 1400   -9.0  966.8    1.8  254.0   97.1  444.0
2019  39  2  8 1500   -9.8  967.1    2.2  223.0   95.5  444.0
2019  39  2  8 1600   -9.9  967.7    1.7  207.0   94.0  444.0
2019  39  2  8 1700  -11.3  968.2    2.1  194.0   92.0  444.0
2019  39  2  8 1800  -12.5  969.1    2.1  202.0   91.0  444.0
2019  39  2  8 1900  -14.2  969.8    1.8  199.0   84.6  444.0
2019  39  2  8 2000  -16.8  970.6    2.1  192.0   89.0  444.0
2019  39  2  8 2100  -13.7  971.5    0.7  152.0   83.0  444.0
2019  39  2  8 2200  -11.9  972.3    2.1  144.0   83.0  444.0
2019  39  2  8 2300  -10.3  973.1    2.9  146.0   85.4  444.0
2019  40  2  9 0000  -10.5  974.0    2.9  132.0   84.8  444.0
2019  40  2  9 0100  -10.4  974.9    3.4  154.0   85.0  444.0
2019  40  2  9 0200  -10.5  975.9    2.4  160.0   82.0  444.0
2019  40  2  9 0300  -10.5  976.7    3.1  161.0   83.4  444.0
2019  40  2  9 0400  -10.7  977.5    2.7  147.0   83.0  444.0
2019  40  2  9 0500  -11.2  978.4    2.6  155.0   85.0  444.0
2019  40  2  9 0600  -12.8  979.4    2.0  189.0   88.0  444.0
2019  40  2  9 0700  -13.2  980.2    2.4  194.0   89.0  444.0
2019  40  2  9 0800  -11.8  981.0    2.4  207.0   88.4  444.0
2019  40  2  9 0900  -11.1  981.7    2.9  201.0   89.0  444.0
2019  40  2  9 1000  -10.6  982.5    1.4  217.0   93.0  444.0
2019  40  2  9 1100  -10.4  983.4    2.6  183.0   94.0  444.0
2019  40  2  9 1200  -10.9  984.3    3.1  189.0   93.2  444.0
2019  40  2  9 1300  -11.1  985.0    3.3  189.0   93.0  444.0
2019  40  2  9 1400  -11.2  985.8    2.9  188.0   94.0  444.0
2019  40  2  9 1500  -11.3  986.4    3.4  182.0   93.0  444.0
2019  40  2  9 1600  -11.8  986.9    3.6  202.0   93.0  444.0
2019  40  2  9 1700  -12.1  987.5    3.7  204.0   92.5  444.0
2019  40  2  9 1800  -11.5  987.9    3.7  174.0   89.0  444.0
2019  40  2  9 1900  -11.4  988.6    5.4  178.0   88.0  444.0
2019  40  2  9 2000  -11.7  989.2    5.3  177.0   87.0  444.0
2019  40  2  9 2100  -12.0  989.7    5.7  170.0   89.1  444.0
2019  40  2  9 2200  -11.3  990.3    3.8  168.0   92.6  444.0
2019  40  2  9 2300  -10.4  990.4    5.2  221.0   92.0  444.0
2019  41  2 10 0000   -8.9  990.4    5.3  230.0   90.0  444.0
2019  41  2 10 0100   -9.2  990.5    4.6  233.0   89.0  444.0
2019  41  2 10 0200   -9.1  990.4    5.9  236.0   90.0  444.0
2019  41  2 10 0300   -9.3  990.1    5.6  238.0   89.2  444.0
2019  41  2 10 0400   -9.9  989.9    3.9  241.0   88.0  444.0
2019  41  2 10 0500  -10.6  989.7    3.5  248.0   82.0  444.0
2019  41  2 10 0600  -11.8  989.3    3.5  241.0   76.0  444.0
2019  41  2 10 0700  -12.8  989.0    2.9  261.0   77.0  444.0
2019  41  2 10 0800  -14.0  988.7    3.2  279.0   78.0  444.0
2019  41  2 10 0900  -15.3  988.3    3.9  297.0   78.0  444.0
2019  41  2 10 1000  -16.1  987.7    4.5  298.0   78.0  444.0
2019  41  2 10 1100  -16.7  987.3    4.6  294.0   80.0  444.0
2019  41  2 10 1200  -17.5  986.8    4.4  290.0   80.0  444.0
2019  41  2 10 1300  -18.5  986.4    4.7  290.0   80.0  444.0
2019  41  2 10 1400  -19.4  985.9    4.4  302.0   81.0  444.0
2019  41  2 10 1500  -19.1  985.4    4.8  286.0   81.0  444.0
2019  41  2 10 1600  -20.6  985.0    4.2  282.0   82.0  444.0
2019  41  2 10 1700  -21.7  984.8    5.6  259.0   85.0  444.0
2019  41  2 10 1800  -21.3  984.6    4.5  249.0   80.0  444.0
2019  41  2 10 1900  -14.2  984.3    5.0  243.0   91.0  444.0
2019  41  2 10 2000  -12.2  984.4    7.0  248.0   91.0  444.0
2019  41  2 10 2100  -13.0  984.6    7.3  257.0   88.0  444.0
2019  41  2 10 2200  -13.0  984.7    6.2  249.0   83.0  444.0
2019  41  2 10 2300  -12.4  984.4    5.8  242.0   83.0  444.0
2019  42  2 11 0000  -11.8  984.3    5.2  251.0   85.0  444.0
2019  42  2 11 0100  -11.1  984.4    5.3  261.0   84.0  444.0
2019  42  2 11 0200  -12.3  984.1    6.1  260.0   85.0  444.0
2019  42  2 11 0300  -12.3  983.8    6.5  260.0   84.0  444.0
2019  42  2 11 0400  -11.6  983.9    5.5  256.0   85.0  444.0
2019  42  2 11 0500  -11.6  984.0    5.2  249.0   84.4  444.0
2019  42  2 11 0600  -12.8  984.1    4.7  256.0   81.0  444.0
2019  42  2 11 0700  -13.4  984.2    5.1  261.0   82.0  444.0
2019  42  2 11 0800  -13.8  984.2    5.5  267.0   85.7  444.0
2019  42  2 11 0900  -14.3  984.5    5.2  263.0   83.0  444.0
2019  42  2 11 1000  -16.1  984.7    3.9  263.0   84.0  444.0
2019  42  2 11 1100  -17.7  985.0    3.4  275.0   84.0  444.0
2019  42  2 11 1200  -18.5  985.1    2.5  248.0   88.0  444.0
2019  42  2 11 1300  -17.7  985.2    2.9  266.0   87.0  444.0
2019  42  2 11 1400  -17.0  985.5    3.4  268.0   88.0  444.0
2019  42  2 11 1500  -15.5  985.8    2.9  276.0   88.0  444.0
2019  42  2 11 1600  -15.1  986.0    1.9  280.0   88.0  444.0
2019  42  2 11 1700  -14.1  986.1    2.5  266.0   87.0  444.0
2019  42  2 11 1800  -13.6  986.5    2.7  270.0   87.0  444.0
2019  42  2 11 1900  -13.1  986.5    2.9  247.0   87.0  444.0
2019  42  2 11 2000  -12.6  986.5    2.8  252.0   88.0  444.0
2019  42  2 11 2100  -12.1  986.8    2.3  247.0   87.0  444.0
2019  42  2 11 2200  -11.8  987.2    2.1  229.0   87.0  444.0
2019  42  2 11 2300  -11.6  987.3    2.5  262.0   86.0  444.0
2019  43  2 12 0000  -11.6  987.5    3.3  250.0   82.0  444.0
2019  43  2 12 0100  -11.7  987.6    3.3  255.0   84.0  444.0
2019  43  2 12 0200  -11.6  987.4    3.5  261.0   83.0  444.0
2019  43  2 12 0300  -11.4  987.3    2.7  249.0   84.6  444.0
2019  43  2 12 0400  -11.3  987.2    2.9  264.0   86.0  444.0
2019  43  2 12 0500  -11.4  987.2    3.1  273.0   87.0  444.0
2019  43  2 12 0600  -11.4  987.1    2.9  267.0   88.0  444.0
2019  43  2 12 0700  -11.4  987.1    2.9  265.0   89.0  444.0
2019  43  2 12 0800  -11.6  986.9    3.4  256.0   90.2  444.0
2019  43  2 12 0900  -12.0  987.0    2.9  265.0   91.0  444.0
2019  43  2 12 1000  -12.2  987.1    2.6  257.0   92.0  444.0
2019  43  2 12 1100  -12.4  987.1    2.5  241.0   92.1  444.0
2019  43  2 12 1200  -14.4  987.3    2.7  262.0   92.0  444.0
2019  43  2 12 1300  -14.5  987.3    3.4  259.0   91.0  444.0
2019  43  2 12 1400  -14.1  987.3    2.9  242.0   90.0  444.0
2019  43  2 12 1500  -14.4  987.4    3.0  247.0   85.0  444.0
2019  43  2 12 1600  -14.6  987.3    2.1  238.0   83.2  444.0
2019  43  2 12 1700  -14.4  987.5    3.0  260.0   78.0  444.0
2019  43  2 12 1800  -14.3  987.6    2.5  254.0   77.0  444.0
2019  43  2 12 1900  -14.5  987.8    2.4  287.0   80.0  444.0
2019  43  2 12 2000  -14.9  987.9    2.8  272.0   81.0  444.0
2019  43  2 12 2100  -14.2  988.1    2.6  273.0   78.5  444.0
2019  43  2 12 2200  -13.7  988.1    2.8  266.0   76.0  444.0
2019  43  2 12 2300  -13.4  988.5    2.2  251.0   74.0  444.0
2019  44  2 13 0000  -13.0  988.4    3.0  256.0   74.0  444.0
2019  44  2 13 0100  -12.5  988.6    2.6  258.0   74.6  444.0
2019  44  2 13 0200  -12.0  988.7    1.2  290.0   75.0  444.0
2019  44  2 13 0300  -12.4  988.6    2.8  286.0   80.0  444.0
2019  44  2 13 0400  -12.2  988.6    1.9  313.0   81.0  444.0
2019  44  2 13 0500  -12.2  988.7    2.5  281.0   80.0  444.0
2019  44  2 13 0600  -12.3  988.7    2.6  284.0   76.9  444.0
2019  44  2 13 0700  -12.0  988.8    3.0  293.0   76.0  444.0
2019  44  2 13 0800  -11.9  988.9    3.2  286.0   76.0  444.0
2019  44  2 13 0900  -11.9  989.2    3.8  278.0   76.0  444.0
2019  44  2 13 1000  -11.9  989.3    6.3  275.0   75.0  444.0
2019  44  2 13 1100  -12.5  989.8    5.6  280.0   77.0  444.0
2019  44  2 13 1200  -12.9  990.1    5.1  272.0   77.0  444.0
2019  44  2 13 1300  -14.1  990.5    5.3  275.0   75.0  444.0
2019  44  2 13 1400  -16.0  990.6    4.6  274.0   72.0  444.0
2019  44  2 13 1500  -18.2  990.9    3.3  284.0   74.0  444.0
2019  44  2 13 1600  -19.5  991.6    3.5  297.0   74.0  444.0
2019  44  2 13 1700  -20.0  992.3    2.8  314.0   75.0  444.0
2019  44  2 13 1800  -20.5  992.8    3.0  329.0   75.0  444.0
2019  44  2 13 1900  -19.6  993.2    3.6  338.0   74.0  444.0
2019  44  2 13 2000  -18.8  993.6    3.7  332.0   74.0  444.0
2019  44  2 13 2100  -17.7  994.1    3.7  330.0   75.0  444.0
2019  44  2 13 2200  -17.6  994.7    2.6  355.0   77.0  444.0
2019  44  2 13 2300  -16.1  995.2    3.6  342.0   73.0  444.0
2019  45  2 14 0000  -15.5  995.9    3.7  322.0   70.0  444.0
2019  45  2 14 0100  -14.8  995.9    4.5  333.0   72.0  444.0
2019  45  2 14 0200  -13.7  995.8    5.8  328.0   71.0  444.0
2019  45  2 14 0300  -13.4  996.0    4.5  334.0   71.0  444.0
2019  45  2 14 0400  -13.0  995.9    5.0  354.0   69.2  444.0
2019  45  2 14 0500  -13.3  996.1    5.4  357.0   70.0  444.0
2019  45  2 14 0600  -14.0  996.3    5.1  360.0   72.0  444.0
2019  45  2 14 0700  -14.5  996.5    5.7    1.0   72.0  444.0
2019  45  2 14 0800  -15.5  996.4    5.0   10.0   73.0  444.0
2019  45  2 14 0900  -15.7  996.6    4.8   11.0   73.3  444.0
2019  45  2 14 1000  -16.4  996.8    4.2   16.0   75.0  444.0
2019  45  2 14 1100  -16.9  997.0    4.8   17.0   76.0  444.0
2019  45  2 14 1200  -15.7  997.2    5.0   23.0   76.0  444.0
2019  45  2 14 1300  -16.2  997.3    4.1   33.0   77.0  444.0
2019  45  2 14 1400  -17.3  997.2    2.7   46.0   80.0  444.0
2019  45  2 14 1500  -18.0  997.7    2.4   37.0   79.0  444.0
2019  45  2 14 1600  -18.0  997.8    2.5   51.0   81.0  444.0
2019  45  2 14 1700  -18.8  998.0    3.3   47.0   81.0  444.0
2019  45  2 14 1800  -19.2  998.2    3.4   42.0   80.0  444.0
2019  45  2 14 1900  -18.5  998.4    3.1   47.0   80.0  444.0
2019  45  2 14 2000  -17.3  998.7    3.5   44.0   92.0  444.0
2019  45  2 14 2100  -16.3  998.8    2.5   37.0   86.0  444.0
2019  45  2 14 2200  -15.8  999.0    2.7   43.0   84.0  444.0
2019  45  2 14 2300  -15.6  999.2    2.4   30.0   82.0  444.0
2019  46  2 15 0000  -16.4  999.3    1.9  345.0   81.0  444.0
2019  46  2 15 0100  -18.4  999.2    3.4  268.0   82.0  444.0
2019  46  2 15 0200  -19.4  999.3    3.9  286.0   78.8  444.0
2019  46  2 15 0300  -19.9  999.2    3.9  276.0   78.6  444.0
2019  46  2 15 0400  -19.6  999.0    3.8  275.0   80.0  444.0
2019  46  2 15 0500  -19.3  998.7    3.1  275.0   82.0  444.0
2019  46  2 15 0600  -18.2  998.6    5.4  259.0   86.0  444.0
2019  46  2 15 0700  -19.0  998.6    6.4  246.0   84.1  444.0
2019  46  2 15 0800  -20.7  998.6    4.1  230.0   79.0  444.0
2019  46  2 15 0900  -20.9  998.5    2.9  236.0   79.0  444.0
2019  46  2 15 1000  -22.2  998.4    2.7  277.0   80.0  444.0
2019  46  2 15 1100  -23.5  998.1    3.6  278.0   82.0  444.0
2019  46  2 15 1200  -23.7  997.7    3.3  263.0   82.9  444.0
2019  46  2 15 1300  -24.0  997.0    3.1  245.0   82.0  444.0
2019  46  2 15 1400  -25.2  996.7    3.1  262.0   80.0  444.0
2019  46  2 15 1500  -25.8  996.3    3.1  229.0   79.0  444.0
2019  46  2 15 1600  -26.4  996.2    1.9  283.0   77.5  444.0
2019  46  2 15 1700  -26.5  995.8    2.8  258.0   79.1  444.0
2019  46  2 15 1800  -24.5  995.2    1.7  210.0   77.0  444.0
2019  46  2 15 1900  -23.7  995.0    1.0  300.0   77.0  444.0
2019  46  2 15 2000  -24.0  994.5    1.8  339.0   76.0  444.0
2019  46  2 15 2100  -22.2  993.8    2.3  345.0   78.0  444.0
2019  46  2 15 2200  -20.2  993.3    3.5  346.0   79.0  444.0
2019  46  2 15 2300  -19.0  992.9    4.0  342.0   78.0  444.0
2019  47  2 16 0000  -20.8  993.0    7.2  247.0   78.0  444.0
2019  47  2 16 0100  -19.9  993.1    5.4  232.0   78.0  444.0
2019  47  2 16 0200  -18.5  993.2    3.5  243.0   77.0  444.0
2019  47  2 16 0300  -17.8  992.8    2.8  207.0   77.0  444.0
2019  47  2 16 0400  -17.7  993.1    2.2  241.0   77.0  444.0
2019  47  2 16 0500  -17.8  993.1    1.9  230.0   76.0  444.0
2019  47  2 16 0600  -19.1  993.2    3.0  170.0   79.0  444.0
2019  47  2 16 0700  -21.1  993.5    3.1  159.0   84.0  444.0
2019  47  2 16 0800  -20.0  993.8    0.9  203.0   86.0  444.0
2019  47  2 16 0900  -19.1  993.8    2.5  222.0   87.2  444.0
2019  47  2 16 1000  -18.4  994.1    3.2  212.0   87.0  444.0
2019  47  2 16 1100  -17.3  994.2    2.6  201.0   89.0  444.0
2019  47  2 16 1200  -17.1  994.4    2.1  205.0   89.0  444.0
2019  47  2 16 1300  -17.2  994.5    4.7  193.0   89.0  444.0
2019  47  2 16 1400  -17.5  994.7    3.3  196.0   88.5  444.0
2019  47  2 16 1500  -17.4  994.8    3.5  197.0   89.0  444.0
2019  47  2 16 1600  -17.6  994.9    2.0  203.0   88.0  444.0
2019  47  2 16 1700  -18.2  995.2    1.9  191.0   87.0  444.0
2019  47  2 16 1800  -18.7  995.5    1.8  218.0   86.0  444.0
2019  47  2 16 1900  -19.4  995.9    1.7  213.0   85.3  444.0
2019  47  2 16 2000  -18.9  996.2    1.4  210.0   85.0  444.0
2019  47  2 16 2100  -18.8  996.4    1.5  219.0   84.0  444.0
2019  47  2 16 2200  -18.8  996.8    1.3  220.0   83.0  444.0
2019  47  2 16 2300  -19.8  997.0    5.1  221.0   80.0  444.0
2019  48  2 17 0000  -20.5  997.2    5.2  219.0   79.3  444.0
2019  48  2 17 0100  -20.0  997.2    4.5  222.0   80.0  444.0
2019  48  2 17 0200  -19.3  997.4    4.4  214.0   80.0  444.0
2019  48  2 17 0300  -19.6  997.3    5.0  216.0   79.0  444.0
2019  48  2 17 0400  -19.6  997.3    4.8  218.0   79.0  444.0
2019  48  2 17 0500  -20.0  997.2    4.7  223.0   79.0  444.0
2019  48  2 17 0600  -21.5  996.6    6.8  243.0   79.0  444.0
2019  48  2 17 0700  -21.8  996.2    7.3  246.0   80.0  444.0
2019  48  2 17 0800  -21.6  996.2    6.2  237.0   81.0  444.0
2019  48  2 17 0900  -22.3  996.1    5.8  239.0   81.0  444.0
2019  48  2 17 1000  -22.0  996.0    6.0  244.0   83.0  444.0
2019  48  2 17 1100  -21.1  995.7    6.8  246.0   85.0  444.0
2019  48  2 17 1200  -19.6  995.1    6.9  254.0   83.9  444.0
2019  48  2 17 1300  -21.1  994.9    6.9  260.0   81.0  444.0
2019  48  2 17 1400  -21.2  994.6    6.9  253.0   81.0  444.0
2019  48  2 17 1500  -20.4  994.1    7.4  249.0   79.0  444.0
2019  48  2 17 1600  -20.4  994.0    7.0  244.0   76.0  444.0
2019  48  2 17 1700  -21.3  994.2    5.1  244.0   74.1  444.0
2019  48  2 17 1800  -21.9  994.1    5.9  239.0   74.0  444.0
2019  48  2 17 1900  -21.8  994.0    4.8  240.0   73.0  444.0
2019  48  2 17 2000  -21.6  994.0    4.1  243.0   72.0  444.0
2019  48  2 17 2100  -21.1  994.1    2.9  248.0   72.0  444.0
2019  48  2 17 2200  -20.0  994.0    3.6  249.0   71.9  444.0
2019  48  2 17 2300  -19.0  993.8    3.3  251.0   71.0  444.0
2019  49  2 18 0000  -18.0  993.3    4.4  263.0   72.0  444.0
2019  49  2 18 0100  -17.7  993.0    3.3  255.0   73.0  444.0
2019  49  2 18 0200  -17.4  992.5    3.3  262.0   75.0  444.0
2019  49  2 18 0300  -15.7  992.2    5.0  256.0   74.0  444.0
2019  49  2 18 0400  -15.5  991.9    5.0  254.0   76.0  444.0
2019  49  2 18 0500  -15.4  991.7    5.1  254.0   75.0  444.0
2019  49  2 18 0600  -15.9  991.7    5.4  227.0   77.0  444.0
2019  49  2 18 0700  -16.7  991.9    4.5  215.0   77.8  444.0
2019  49  2 18 0800  -18.7  992.1    4.0  207.0   75.0  444.0
2019  49  2 18 0900  -20.3  992.1    4.9  181.0   77.0  444.0
2019  49  2 18 1000  -22.3  992.5    3.9  184.0   78.8  444.0
2019  49  2 18 1100  -23.8  993.1    3.8  190.0   80.0  444.0
2019  49  2 18 1200  -25.2  993.5    3.9  193.0   80.0  444.0
2019  49  2 18 1300  -26.1  994.0    3.9  192.0   80.0  444.0
2019  49  2 18 1400  -27.3  994.3    3.4  206.0   79.0  444.0
2019  49  2 18 1500  -28.1  994.7    3.7  192.0   77.8  444.0
2019  49  2 18 1600  -28.1  995.2    3.4  202.0   77.0  444.0
2019  49  2 18 1700  -28.0  995.6    3.8  221.0   76.0  444.0
2019  49  2 18 1800  -27.9  996.1    3.6  230.0   75.0  444.0
2019  49  2 18 1900  -27.6  996.5    3.7  231.0   74.0  444.0
2019  49  2 18 2000  -26.9  996.8    4.7  222.0   75.0  444.0
2019  49  2 18 2100  -26.0  997.2    4.6  220.0   74.0  444.0
2019  49  2 18 2200  -25.0  997.6    4.9  218.0   75.0  444.0
2019  49  2 18 2300  -23.8  998.0    5.3  213.0   74.0  444.0
2019  50  2 19 0000  -22.9  998.4    5.1  199.0   74.2  444.0
2019  50  2 19 0100  -22.1  998.4    5.8  197.0   75.7  444.0
2019  50  2 19 0200  -21.4  998.9    5.6  192.0   75.0  444.0
2019  50  2 19 0300  -20.8  999.2    5.3  200.0   75.0  444.0
2019  50  2 19 0400  -20.4  999.6    4.4  202.0   76.0  444.0
2019  50  2 19 0500  -20.3  999.9    4.4  205.0   76.3  444.0
2019  50  2 19 0600  -20.6 1000.1    3.6  223.0   77.0  444.0
2019  50  2 19 0700  -20.9 1000.2    4.6  218.0   78.0  444.0
2019  50  2 19 0800  -21.7 1000.4    4.4  220.0   78.0  444.0
2019  50  2 19 0900  -21.9 1000.6    5.6  219.0   80.0  444.0
2019  50  2 19 1000  -21.7 1000.9    5.4  216.0   80.6  444.0
2019  50  2 19 1100  -22.9 1001.0    5.0  237.0   82.0  444.0
2019  50  2 19 1200  -23.1 1000.9    5.3  226.0   81.0  444.0
2019  50  2 19 1300  -23.4 1000.9    5.9  227.0   80.7  444.0
2019  50  2 19 1400  -23.4 1000.9    5.9  237.0   78.0  444.0
2019  50  2 19 1500  -23.6 1000.7    5.5  228.0   78.0  444.0
2019  50  2 19 1600  -23.6 1000.2    5.1  244.0   76.0  444.0
2019  50  2 19 1700  -22.9  999.8    6.1  238.0   75.0  444.0
2019  50  2 19 1800  -22.4 1000.0    5.3  225.0   71.9  444.0
2019  50  2 19 1900  -21.8  999.6    5.5  225.0   70.0  444.0
2019  50  2 19 2000  -22.0 1000.0    3.9  227.0   71.0  444.0
2019  50  2 19 2100  -19.9  999.6    4.8  211.0   69.0  444.0
2019  50  2 19 2200  -19.6  999.4    2.7  211.0   71.0  444.0
2019  50  2 19 2300  -19.0  999.4    1.2  203.0   68.8  444.0
2019  51  2 20 0000  -17.9  999.1    0.4  227.0   65.0  444.0
2019  51  2 20 0100  -17.5  998.9    0.7  170.0   69.0  444.0
2019  51  2 20 0200  -16.0  998.6    0.4  193.0   64.0  444.0
2019  51  2 20 0300  -16.3  998.0    1.3  268.0   68.0  444.0
2019  51  2 20 0400  -17.2  997.6    1.7  324.0   71.0  444.0
2019  51  2 20 0500  -17.9  997.1    2.8  321.0   74.0  444.0
2019  51  2 20 0600  -18.1  996.8    2.7  284.0   77.0  444.0
2019  51  2 20 0700  -18.9  996.5    3.3  254.0   78.0  444.0
2019  51  2 20 0800  -19.8  996.2    2.6  235.0   79.0  444.0
2019  51  2 20 0900  -21.2  996.0    3.0  248.0   80.0  444.0
2019  51  2 20 1000  -22.5  996.1    2.7  228.0   81.0  444.0
2019  51  2 20 1100  -22.5  996.1    1.8  188.0   83.7  444.0
2019  51  2 20 1200  -20.4  995.8    0.6  164.0   84.0  444.0
2019  51  2 20 1300  -17.4  995.6    0.5  204.0   86.0  444.0
2019  51  2 20 1400  -16.5  995.6    2.8  235.0   80.0  444.0
2019  51  2 20 1500  -17.6  995.4    1.7  258.0   79.0  444.0
2019  51  2 20 1600  -25.4  995.2    2.2  307.0   80.0  444.0
2019  51  2 20 1700  -23.1  995.1    3.9  301.0   78.0  444.0
2019  51  2 20 1800  -22.3  995.0    2.5  297.0   75.0  444.0
2019  51  2 20 1900  -23.3  995.2    2.7  295.0   72.0  444.0
2019  51  2 20 2000  -21.3  995.1    3.8  284.0   67.0  444.0
2019  51  2 20 2100  -21.7  994.8    3.2  310.0   69.0  444.0
2019  51  2 20 2200  -21.1  994.6    4.1  287.0   71.0  444.0
2019  51  2 20 2300  -19.8  994.5    4.8  257.0   72.0  444.0
2019  52  2 21 0000  -19.0  994.3    4.2  253.0   74.1  444.0
2019  52  2 21 0100  -18.4  994.2    5.1  261.0   73.0  444.0
2019  52  2 21 0200  -18.2  993.8    2.5  258.0   74.0  444.0
2019  52  2 21 0300  -18.4  993.8    3.2  280.0   75.0  444.0
2019  52  2 21 0400  -18.4  993.8    3.0  301.0   75.0  444.0
2019  52  2 21 0500  -18.7  993.6    2.5  322.0   75.0  444.0
2019  52  2 21 0600  -19.4  993.4    2.6  277.0   75.0  444.0
2019  52  2 21 0700  -20.5  993.4    3.1  286.0   77.0  444.0
2019  52  2 21 0800  -21.8  993.4    2.9  279.0   78.0  444.0
2019  52  2 21 0900  -22.8  993.3    2.9  270.0   79.0  444.0
2019  52  2 21 1000  -23.5  993.4    2.6  260.0   80.0  444.0
2019  52  2 21 1100  -25.0  993.5    2.1  264.0   82.0  444.0
2019  52  2 21 1200  -25.5  993.7    2.9  283.0   83.0  444.0
2019  52  2 21 1300  -24.4  993.6    2.1  272.0   85.0  444.0
2019  52  2 21 1400  -27.6  993.8    2.8  309.0   82.0  444.0
2019  52  2 21 1500  -28.5  994.0    3.1  297.0   80.0  444.0
2019  52  2 21 1600  -27.3  993.8    3.5  271.0   80.0  444.0
2019  52  2 21 1700  -27.8  993.9    3.2  247.0   80.0  444.0
2019  52  2 21 1800  -27.5  994.1    2.2  257.0   79.0  444.0
2019  52  2 21 1900  -27.3  994.4    2.6  281.0   77.0  444.0
2019  52  2 21 2000  -26.0  994.5    3.5  260.0   79.0  444.0
2019  52  2 21 2100  -24.7  994.4    3.1  255.0   78.0  444.0
2019  52  2 21 2200  -24.7  994.6    3.1  271.0   78.0  444.0
2019  52  2 21 2300  -24.6  994.6    3.8  243.0   78.0  444.0
2019  53  2 22 0000  -24.6  994.6    4.7  237.0   78.0  444.0
2019  53  2 22 0100  -24.4  994.6    4.6  228.0   78.0  444.0
2019  53  2 22 0200  -24.2  994.6    4.1  220.0   80.0  444.0
2019  53  2 22 0300  -23.1  994.3    3.5  240.0   79.0  444.0
2019  53  2 22 0400  -22.3  994.2    6.2  221.0   79.0  444.0
2019  53  2 22 0500  -21.9  993.8    4.7  208.0   82.0  444.0
2019  53  2 22 0600  -21.3  993.7    2.2  240.0   83.0  444.0
2019  53  2 22 0700  -20.6  993.5    2.8  211.0   84.0  444.0
2019  53  2 22 0800  -21.6  993.3    4.7  220.0   83.0  444.0
2019  53  2 22 0900  -23.9  993.0    3.8  180.0   81.8  444.0
2019  53  2 22 1000  -23.8  992.6    1.2  177.0   82.0  444.0
2019  53  2 22 1100  -25.5  992.6    4.0  190.0   80.0  444.0
2019  53  2 22 1200  -26.1  992.6    3.5  202.0   79.0  444.0
2019  53  2 22 1300  -29.8  992.5    2.7  217.0   77.0  444.0
2019  53  2 22 1400  -29.9  992.5    3.7  219.0   77.0  444.0
2019  53  2 22 1500  -31.3  992.0    3.9  209.0   76.0  444.0
2019  53  2 22 1600  -30.8  991.9    4.6  213.0   76.0  444.0
2019  53  2 22 1700  -29.6  991.8    5.0  219.0   76.0  444.0
2019  53  2 22 1800  -28.8  991.6    6.0  224.0   76.0  444.0
2019  53  2 22 1900  -27.6  991.5    6.3  217.0   77.0  444.0
2019  53  2 22 2000  -26.0  991.1    6.0  220.0   76.0  444.0
2019  53  2 22 2100  -24.4  991.1    6.3  213.0   77.0  444.0
2019  53  2 22 2200  -24.0  990.9    7.2  211.0   79.0  444.0
2019  53  2 22 2300  -22.9  990.9    7.4  211.0   78.0  444.0
2019  54  2 23 0000  -22.4  990.9    7.6  208.0   78.0  444.0
2019  54  2 23 0100  -21.6  990.9    8.3  202.0   80.0  444.0
2019  54  2 23 0200  -20.9  990.8    8.6  197.0   80.9  444.0
2019  54  2 23 0300  -20.4  990.6    8.8  201.0   81.2  444.0
2019  54  2 23 0400  -20.2  990.6    9.7  201.0   82.0  444.0
2019  54  2 23 0500  -20.5  990.6   10.2  204.0   83.0  444.0
2019  54  2 23 0600  -20.1  990.6    9.4  205.0   83.8  444.0
2019  54  2 23 0700  -19.9  990.3    9.2  206.0   84.7  444.0
2019  54  2 23 0800  -18.9  990.3   10.3  203.0   86.0  444.0
2019  54  2 23 0900  -19.2  990.2   10.2  207.0   85.0  444.0
2019  54  2 23 1000  -19.5  990.1   11.1  207.0   85.0  444.0
2019  54  2 23 1100  -19.0  990.1   11.3  210.0   86.4  444.0
2019  54  2 23 1200  -18.9  989.9   10.1  213.0   87.0  444.0
2019  54  2 23 1300  -18.5  989.5   11.0  218.0   87.0  444.0
2019  54  2 23 1400  -19.5  988.9   10.0  222.0   85.0  444.0
2019  54  2 23 1500  -19.5  988.5   10.2  227.0   84.0  444.0
2019  54  2 23 1600  -18.2  988.1   10.8  220.0   82.4  444.0
2019  54  2 23 1700  -17.2  987.7   10.6  222.0   80.0  444.0
2019  54  2 23 1800  -16.1  987.3   10.9  221.0   83.0  444.0
2019  54  2 23 1900  -16.0  987.1   10.7  224.0   86.0  444.0
2019  54  2 23 2000  -15.4  986.7   10.9  224.0   86.0  444.0
2019  54  2 23 2100  -14.9  986.4   10.6  231.0   85.0  444.0
2019  54  2 23 2200  -14.4  985.7   10.9  229.0   88.0  444.0
2019  54  2 23 2300  -12.9  985.3   12.2  225.0   88.0  444.0
2019  55  2 24 0000  -12.0  984.9   11.1  220.0   89.3  444.0
2019  55  2 24 0100  -11.1  985.0   12.5  216.0   90.0  444.0
2019  55  2 24 0200  -11.0  984.5   11.4  219.0   90.0  444.0
2019  55  2 24 0300  -10.7  984.1   11.9  214.0   90.0  444.0
2019  55  2 24 0400  -10.7  984.1   10.3  220.0   91.2  444.0
2019  55  2 24 0500  -12.4  983.6    9.5  243.0   88.0  444.0
2019  55  2 24 0600  -12.7  983.2    9.0  245.0   90.0  444.0
2019  55  2 24 0700  -11.6  982.7    7.6  234.0   93.0  444.0
2019  55  2 24 0800  -11.0  982.3    5.9  230.0   94.0  444.0
2019  55  2 24 0900  -11.2  982.0    4.4  226.0   94.4  444.0
2019  55  2 24 1000  -11.2  981.8    3.7  204.0   95.0  444.0
2019  55  2 24 1100  -11.9  981.9    2.6  187.0   95.0  444.0
2019  55  2 24 1200  -12.6  982.0    2.4  210.0   94.0  444.0
2019  55  2 24 1300  -12.8  982.0    2.8  186.0   94.0  444.0
2019  55  2 24 1400  -13.3  981.9    2.7  200.0   93.6  444.0
2019  55  2 24 1500  -13.2  981.7    2.2  192.0   94.0  444.0
2019  55  2 24 1600  -12.7  981.5    1.6  213.0   94.0  444.0
2019  55  2 24 1700  -12.4  981.7    1.1  180.0   93.0  444.0
2019  55  2 24 1800  -11.7  981.5    0.6  149.0   92.0  444.0
2019  55  2 24 1900  -11.7  981.6    0.6  130.0   95.1  444.0
2019  55  2 24 2000  -11.4  981.5    0.6  127.0   94.0  444.0
2019  55  2 24 2100  -11.3  981.5    0.7  171.0   93.0  444.0
2019  55  2 24 2200  -11.0  981.3    0.8  184.0   92.0  444.0
2019  55  2 24 2300  -10.6  980.9    1.8  244.0   92.0  444.0
2019  56  2 25 0000  -10.4  980.7    2.3  210.0   92.1  444.0
2019  56  2 25 0100  -10.2  980.2    2.8  227.0   93.0  444.0
2019  56  2 25 0200   -9.9  979.7    3.7  228.0   93.0  444.0
2019  56  2 25 0300  -10.5  979.1    4.5  241.0   93.0  444.0
2019  56  2 25 0400  -10.5  978.6    4.3  237.0   94.0  444.0
2019  56  2 25 0500  -10.2  977.8    3.9  255.0   95.0  444.0
2019  56  2 25 0600  -10.6  977.3    4.2  261.0   95.0  444.0
2019  56  2 25 0700  -11.9  976.1    4.4  269.0   93.0  444.0
2019  56  2 25 0800  -13.0  974.9    4.4  268.0   92.0  444.0
2019  56  2 25 0900  -13.5  974.0    4.1  277.0   93.0  444.0
2019  56  2 25 1000  -11.7  973.0    5.2  273.0   95.0  444.0
2019  56  2 25 1100  -10.1  972.4    4.7  261.0   97.0  444.0
2019  56  2 25 1200   -9.4  971.6    3.4  275.0   97.8  444.0
2019  56  2 25 1300   -8.8  971.1    3.0  248.0   99.0  444.0
2019  56  2 25 1400   -8.9  970.8    2.6  243.0   98.0  444.0
2019  56  2 25 1500   -9.4  970.1    3.2  221.0   98.0  444.0
2019  56  2 25 1600   -8.6  969.6    3.2  235.0   99.0  444.0
2019  56  2 25 1700   -7.9  969.1    4.9  242.0   99.4  444.0
2019  56  2 25 1800   -5.8  968.5    6.6  221.0   99.8  444.0
2019  56  2 25 1900   -5.0  968.0    5.8  224.0  100.0  444.0
2019  56  2 25 2000   -4.3  967.5    6.7  229.0  100.0  444.0
2019  56  2 25 2100   -4.0  967.0    7.7  229.0  100.0  444.0
2019  56  2 25 2200   -3.7  966.5    8.8  233.0   99.9  444.0
2019  56  2 25 2300   -3.5  966.0   10.4  230.0   99.9  444.0
2019  57  2 26 0000   -3.6  965.5   11.6  229.0  100.0  444.0
2019  57  2 26 0100   -3.8  964.8   10.8  220.0  100.0  444.0
2019  57  2 26 0200   -3.8  963.6   14.1  191.0   99.9  444.0
2019  57  2 26 0300   -3.7  963.1   14.6  208.0  100.0  444.0
2019  57  2 26 0400   -5.9  963.0   13.0  190.0  100.0  444.0
2019  57  2 26 0500   -7.2  963.1   12.0  194.0   99.0  444.0
2019  57  2 26 0600   -7.6  963.3   11.1  192.0   98.0  444.0
2019  57  2 26 0700   -8.7  963.2    9.3  187.0   97.0  444.0
2019  57  2 26 0800   -9.4  963.4   10.0  194.0   96.0  444.0
2019  57  2 26 0900   -9.7  963.6    9.7  192.0   97.0  444.0
2019  57  2 26 1000   -9.3  964.0   10.1  188.0   98.0  444.0
2019  57  2 26 1100   -9.1  964.7   10.9  181.0   98.3  444.0
2019  57  2 26 1200   -8.8  965.4   11.2  181.0   99.0  444.0
2019  57  2 26 1300   -8.4  965.9   11.0  182.0   99.0  444.0
2019  57  2 26 1400   -8.1  967.0   10.4  179.0  100.0  444.0
2019  57  2 26 1500   -7.9  968.1   10.7  176.0   99.0  444.0
2019  57  2 26 1600   -8.1  969.0   11.2  176.0   99.2  444.0
2019  57  2 26 1700   -8.0  969.6   11.3  176.0   99.0  444.0
2019  57  2 26 1800   -8.6  971.4    8.0  153.0   97.0  444.0
2019  57  2 26 1900   -7.7  971.7    9.8  166.0   98.0  444.0
2019  57  2 26 2000   -7.9  973.0    8.5  149.0   96.0  444.0
2019  57  2 26 2100   -7.6  974.1    7.0  163.0   97.0  444.0
2019  57  2 26 2200   -7.6  974.7    9.4  168.0   97.0  444.0
2019  57  2 26 2300   -8.1  975.4   10.1  174.0   96.0  444.0
2019  58  2 27 0000   -8.0  976.2    8.8  166.0   95.7  444.0
2019  58  2 27 0100   -8.0  976.7    6.8  168.0   96.0  444.0
2019  58  2 27 0200   -8.2  977.1    8.1  169.0   96.0  444.0
2019  58  2 27 0300   -8.1  977.5    8.1  177.0   95.6  444.0
2019  58  2 27 0400   -8.1  977.6    7.7  171.0   95.0  444.0
2019  58  2 27 0500   -8.8  978.4    6.9  146.0   93.8  444.0
2019  58  2 27 0600  -10.4  979.3    7.2  152.0   94.0  444.0
2019  58  2 27 0700  -10.9  980.1    6.5  144.0   94.0  444.0
2019  58  2 27 0800  -10.7  980.7    7.3  137.0   95.6  444.0
2019  58  2 27 0900  -12.1  981.6    5.8  116.0   95.0  444.0
2019  58  2 27 1000  -13.4  982.4    6.1  133.0   94.0  444.0
2019  58  2 27 1100  -14.2  983.5    6.5  124.0   93.0  444.0
2019  58  2 27 1200  -15.0  984.5    5.9  124.0   92.0  444.0
2019  58  2 27 1300  -15.3  985.5    3.9  120.0   92.1  444.0
2019  58  2 27 1400  -16.2  986.2    4.1  135.0   91.0  444.0
2019  58  2 27 1500  -15.7  987.0    3.3  131.0   92.0  444.0
2019  58  2 27 1600  -15.9  987.4    1.0  153.0   91.0  444.0
2019  58  2 27 1700  -16.4  988.0    0.3  131.0   90.0  444.0
2019  58  2 27 1800  -16.3  988.4    0.0    0.0   90.0  444.0
2019  58  2 27 1900  -15.6  988.9    0.0    0.0   91.0  444.0
2019  58  2 27 2000  -14.9  988.8    0.0    0.0   91.0  444.0
2019  58  2 27 2100  -14.2  988.6    0.0    0.0   90.0  444.0
2019  58  2 27 2200  -14.0  988.6    3.4  214.0   91.0  444.0
2019  58  2 27 2300  -13.6  988.5    2.4  216.0   91.0  444.0
2019  59  2 28 0000  -12.9  988.1    3.0  228.0   92.0  444.0
2019  59  2 28 0100  -11.9  987.5    2.9  255.0   93.0  444.0
2019  59  2 28 0200  -11.1  986.7    3.6  269.0   94.0  444.0
2019  59  2 28 0300  -12.9  986.0    3.8  238.0   91.6  444.0
2019  59  2 28 0400  -14.7  985.3    3.6  223.0   87.0  444.0
2019  59  2 28 0500  -16.3  984.8    4.4  225.0   88.0  444.0
2019  59  2 28 0600  -14.0  983.8    5.4  235.0   92.0  444.0
2019  59  2 28 0700  -11.4  983.3    5.7  227.0   95.0  444.0
2019  59  2 28 0800  -11.0  982.7    6.9  226.0   96.0  444.0
2019  59  2 28 0900  -10.8  982.0    7.2  221.0   93.0  444.0
2019  59  2 28 1000  -11.0  981.6    6.9  235.0   91.0  444.0
2019  59  2 28 1100  -10.7  980.8    7.4  232.0   90.0  444.0
2019  59  2 28 1200  -10.5  980.1    6.3  233.0   85.0  444.0
2019  59  2 28 1300  -11.0  979.5    4.9  241.0   89.0  444.0
2019  59  2 28 1400  -12.1  978.6    4.1  246.0   90.0  444.0
2019  59  2 28 1500  -12.8  977.8    3.1  259.0   87.0  444.0
2019  59  2 28 1600  -12.8  977.1    3.0  305.0   83.0  444.0
2019  59  2 28 1700  -13.8  976.5    4.8  296.0   80.0  444.0
2019  59  2 28 1800  -14.8  975.9    8.7  275.0   80.0  444.0
2019  59  2 28 1900  -13.5  975.3   10.6  254.0   79.0  444.0
2019  59  2 28 2000  -13.3  975.2    9.7  252.0   79.0  444.0
2019  59  2 28 2100  -13.6  975.3    8.8  250.0   79.0  444.0
2019  59  2 28 2200  -14.3  975.6    7.3  261.0   82.0  444.0
2019  59  2 28 2300  -14.7  975.8    5.2  232.0   74.0  444.0
