Year: 2019  Month: 10  ID: SWT  ARGOS:  8913  Name: Schwerdtfeger       
Lat: 79.87S  Lon: 170.15E  Elev:   54m
2019 274 10  1 0000  -16.0  950.4    0.0    0.0   86.9  444.0
2019 274 10  1 0100  -16.1  950.2    2.0  270.0   88.0  444.0
2019 274 10  1 0200  -15.9  949.7    0.5  282.0   88.0  444.0
2019 274 10  1 0300  -16.8  949.9    7.4   39.0   87.0  444.0
2019 274 10  1 0400  -21.9  951.4    8.1   58.0   82.0  444.0
2019 274 10  1 0500  -23.3  953.9    8.1   87.0   80.3  444.0
2019 274 10  1 0600  -25.9  956.7    7.6  136.0   79.6  444.0
2019 274 10  1 0700  -23.5  958.4    9.1  133.0   82.0  444.0
2019 274 10  1 0800  -21.9  960.1   10.9  130.0   84.0  444.0
2019 274 10  1 0900  -21.7  962.4    9.8  138.0   84.0  444.0
2019 274 10  1 1000  -22.1  964.5    8.8  125.0   83.0  444.0
2019 274 10  1 1100  -22.9  966.3    7.8  133.0   82.0  444.0
2019 274 10  1 1200  -24.1  967.8    6.1  139.0   80.0  444.0
2019 274 10  1 1300  -28.9  968.8    3.6  158.0   78.6  444.0
2019 274 10  1 1400  -31.3  969.4    3.4  162.0   77.0  444.0
2019 274 10  1 1500  -33.5  970.3    1.8  183.0   75.0  444.0
2019 274 10  1 1600  -34.2  971.3    2.7  207.0   75.0  444.0
2019 274 10  1 1700  -33.8  971.8    2.4  181.0   75.0  444.0
2019 274 10  1 1800  -31.8  972.4    2.6  148.0   76.3  444.0
2019 274 10  1 1900  -29.4  972.8    2.6  159.0   78.0  444.0
2019 274 10  1 2000  -29.2  973.2    2.8  163.0   77.0  444.0
2019 274 10  1 2100  -27.9  973.8    2.8  150.0   78.0  444.0
2019 274 10  1 2200  -27.1  974.0    2.0  223.0   77.0  444.0
2019 274 10  1 2300  -26.9  974.6    1.6  170.0   77.9  444.0
2019 275 10  2 0000  -27.3  974.9    5.0  170.0   77.0  444.0
2019 275 10  2 0100  -26.6  975.3    4.5  167.0   78.0  444.0
2019 275 10  2 0200  -26.1  975.6    4.9  168.0   78.0  444.0
2019 275 10  2 0300  -25.7  975.8    4.7  169.0   78.8  444.0
2019 275 10  2 0400  -25.7  976.0    4.2  179.0   78.9  444.0
2019 275 10  2 0500  -25.4  976.0    4.7  196.0   80.0  444.0
2019 275 10  2 0600  -25.2  976.1    5.8  201.0   81.0  444.0
2019 275 10  2 0700  -24.9  976.3    5.4  198.0   82.0  444.0
2019 275 10  2 0800  -25.0  976.5    5.5  181.0   81.0  444.0
2019 275 10  2 0900  -24.9  976.3    4.5  174.0   82.0  444.0
2019 275 10  2 1000  -25.2  976.6    5.0  180.0   81.0  444.0
2019 275 10  2 1100  -25.6  976.5    4.4  200.0   81.0  444.0
2019 275 10  2 1200  -25.9  976.3    5.2  208.0   81.0  444.0
2019 275 10  2 1300  -26.2  976.1    4.2  199.0   80.0  444.0
2019 275 10  2 1400  -27.1  975.9    4.0  203.0   79.0  444.0
2019 275 10  2 1500  -28.3  975.7    4.6  204.0   78.0  444.0
2019 275 10  2 1600  -31.0  975.4    4.5  203.0   76.5  444.0
2019 275 10  2 1700  -32.8  975.0    3.6  218.0   75.0  444.0
2019 275 10  2 1800  -34.0  974.5    3.0  241.0   74.0  444.0
2019 275 10  2 1900  -33.9  974.0    3.2  259.0   72.0  444.0
2019 275 10  2 2000  -31.5  973.7    3.0  219.0   75.0  444.0
2019 275 10  2 2100  -29.1  973.3    3.2  227.0   76.8  444.0
2019 275 10  2 2200  -27.9  973.1    3.7  213.0   77.0  444.0
2019 275 10  2 2300  -26.9  973.1    4.2  189.0   78.0  444.0
2019 276 10  3 0000  -26.9  973.0    4.2  193.0   76.0  444.0
2019 276 10  3 0100  -27.5  972.8    6.5  200.0   76.0  444.0
2019 276 10  3 0200  -28.5  972.7    6.9  200.0   76.0  444.0
2019 276 10  3 0300  -30.8  972.7    7.0  194.0   73.0  444.0
2019 276 10  3 0400  -30.6  972.6    6.8  196.0   75.0  444.0
2019 276 10  3 0500  -28.7  972.6    7.1  201.0   77.0  444.0
2019 276 10  3 0600  -28.4  972.7    7.6  201.0   77.0  444.0
2019 276 10  3 0700  -27.8  972.6    7.4  205.0   78.0  444.0
2019 276 10  3 0800  -27.1  972.7    6.9  195.0   79.0  444.0
2019 276 10  3 0900  -28.3  972.4    7.9  193.0   78.2  444.0
2019 276 10  3 1000  -28.7  972.6    7.3  192.0   78.0  444.0
2019 276 10  3 1100  -28.9  972.1    6.9  201.0   78.0  444.0
2019 276 10  3 1200  -28.8  971.9    7.0  209.0   78.0  444.0
2019 276 10  3 1300  -30.8  971.4    8.1  214.0   76.0  444.0
2019 276 10  3 1400  -32.0  971.2    7.3  202.0   75.5  444.0
2019 276 10  3 1500  -31.6  970.5    8.4  199.0   76.0  444.0
2019 276 10  3 1600  -28.8  970.3   12.2  192.0   78.0  444.0
2019 276 10  3 1700  -28.2  970.2   12.4  190.0   78.0  444.0
2019 276 10  3 1800  -28.7  970.0   12.4  201.0   77.0  444.0
2019 276 10  3 1900  -28.3  970.1   11.5  190.0   78.0  444.0
2019 276 10  3 2000  -27.5  969.7   12.9  190.0   77.7  444.0
2019 276 10  3 2100  -26.6  969.6   13.8  188.0   79.0  444.0
2019 276 10  3 2200  -24.7  969.7   14.0  184.0   79.0  444.0
2019 276 10  3 2300  -24.4  970.0   14.8  194.0   79.0  444.0
2019 277 10  4 0000  -25.6  970.0   13.4  204.0   78.0  444.0
2019 277 10  4 0100  -23.7  969.1   13.2  196.0   80.0  444.0
2019 277 10  4 0200  -23.6  969.2   13.1  193.0   80.0  444.0
2019 277 10  4 0300  -23.2  969.1   13.8  191.0   81.0  444.0
2019 277 10  4 0400  -23.0  969.1   14.0  187.0   81.0  444.0
2019 277 10  4 0500  -22.8  969.5   12.6  185.0   81.0  444.0
2019 277 10  4 0600  -22.6  970.0   12.4  190.0   82.0  444.0
2019 277 10  4 0700  -22.1  970.4   11.7  189.0   82.0  444.0
2019 277 10  4 0800  -21.8  970.8   10.7  190.0   82.0  444.0
2019 277 10  4 0900  -21.6  971.2    9.4  203.0   80.0  444.0
2019 277 10  4 1000  -21.9  971.4    8.2  218.0   78.0  444.0
2019 277 10  4 1100  -21.5  971.7   10.3  208.0   79.0  444.0
2019 277 10  4 1200  -23.5  971.5    7.2  221.0   79.0  444.0
2019 277 10  4 1300  -24.4  971.2    7.5  219.0   75.5  444.0
2019 277 10  4 1400  -23.3  970.9    9.6  212.0   75.0  444.0
2019 277 10  4 1500  -23.8  971.1    7.2  213.0   74.0  444.0
2019 277 10  4 1600  -25.3  971.1    6.3  215.0   74.0  444.0
2019 277 10  4 1700  -27.4  970.8    6.6  216.0   72.0  444.0
2019 277 10  4 1800  -26.9  970.8    7.1  209.0   71.2  444.0
2019 277 10  4 1900  -27.5  970.6    7.3  214.0   71.0  444.0
2019 277 10  4 2000  -27.7  970.5    7.1  215.0   67.0  444.0
2019 277 10  4 2100  -28.9  970.2    7.0  224.0   67.0  444.0
2019 277 10  4 2200  -29.0  970.2    6.1  219.0   70.0  444.0
2019 277 10  4 2300  -28.0  969.9    6.8  224.0   70.4  444.0
2019 278 10  5 0000  -28.4  969.6    5.9  219.0   71.0  444.0
2019 278 10  5 0100  -27.6  969.0    6.5  220.0   72.0  444.0
2019 278 10  5 0200  -27.3  968.7    5.7  218.0   70.0  444.0
2019 278 10  5 0300  -26.1  968.5    7.2  224.0   71.0  444.0
2019 278 10  5 0400  -27.4  968.9    3.6  219.0   71.0  444.0
2019 278 10  5 0500  -28.2  968.8    3.1  208.0   72.0  444.0
2019 278 10  5 0600  -30.0  968.7    3.6  258.0   74.0  444.0
2019 278 10  5 0700  -31.1  968.8    3.4  234.0   75.0  444.0
2019 278 10  5 0800  -32.6  968.9    3.7  256.0   75.0  444.0
2019 278 10  5 0900  -33.1  969.3    4.6  236.0   76.0  444.0
2019 278 10  5 1000  -33.7  969.6    4.0  218.0   75.0  444.0
2019 278 10  5 1100  -34.2  969.4    4.2  215.0   74.0  444.0
2019 278 10  5 1200  -35.2  969.8    4.3  209.0   73.0  444.0
2019 278 10  5 1300  -35.7  969.6    4.0  221.0   73.0  444.0
2019 278 10  5 1400  -36.5  970.0    4.0  200.0   73.0  444.0
2019 278 10  5 1500  -36.4  969.2    3.9  220.0   72.0  444.0
2019 278 10  5 1600  -35.5  969.4    4.7  212.0   72.7  444.0
2019 278 10  5 1700  -35.0  969.3    4.6  200.0   73.0  444.0
2019 278 10  5 1800  -33.5  969.6    6.1  200.0   73.0  444.0
2019 278 10  5 1900  -33.3  969.8    6.0  199.0   73.0  444.0
2019 278 10  5 2000  -32.6  969.8    6.9  198.0   73.0  444.0
2019 278 10  5 2100  -31.4  970.2    6.8  193.0   72.8  444.0
2019 278 10  5 2200  -29.3  970.3    7.1  196.0   74.0  444.0
2019 278 10  5 2300  -29.1  970.2    6.0  204.0   73.0  444.0
2019 279 10  6 0000  -28.4  970.1    7.6  203.0   73.9  444.0
2019 279 10  6 0100  -26.3  970.3    8.1  201.0   76.0  444.0
2019 279 10  6 0200  -26.6  970.1    7.8  206.0   74.0  444.0
2019 279 10  6 0300  -26.0  970.1    8.4  201.0   75.0  444.0
2019 279 10  6 0400  -26.6  970.0    8.3  201.0   75.0  444.0
2019 279 10  6 0500  -26.6  970.0    7.9  200.0   75.0  444.0
2019 279 10  6 0600  -27.7  970.0    7.1  195.0   75.0  444.0
2019 279 10  6 0700  -29.2  970.1    6.3  217.0   74.0  444.0
2019 279 10  6 0800  -30.8  970.1    5.5  211.0   74.0  444.0
2019 279 10  6 0900  -31.4  970.0    5.1  207.0   72.0  444.0
2019 279 10  6 1000  -31.9  969.7    5.5  225.0   71.0  444.0
2019 279 10  6 1100  -32.1  969.3    5.1  209.0   70.0  444.0
2019 279 10  6 1200  -33.8  969.2    4.9  230.0   72.0  444.0
2019 279 10  6 1300  -33.9  968.5    4.1  202.0   74.0  444.0
2019 279 10  6 1400  -34.8  967.7    3.9  218.0   74.0  444.0
2019 279 10  6 1500  -33.5  967.1    4.9  233.0   74.0  444.0
2019 279 10  6 1600  -31.7  966.5    4.5  212.0   75.4  444.0
2019 279 10  6 1700  -32.3  966.5    5.5  220.0   74.0  444.0
2019 279 10  6 1800  -32.1  966.1    5.6  237.0   73.0  444.0
2019 279 10  6 1900  -31.1  965.8    5.8  233.0   73.0  444.0
2019 279 10  6 2000  -31.0  965.5    6.8  242.0   72.0  444.0
2019 279 10  6 2100  -30.6  965.1    7.2  246.0   73.0  444.0
2019 279 10  6 2200  -30.0  964.8    9.0  248.0   73.0  444.0
2019 279 10  6 2300  -29.7  965.0    6.7  240.0   73.0  444.0
2019 280 10  7 0000  -28.9  964.6    8.0  244.0   73.2  444.0
2019 280 10  7 0100  -29.1  964.5    7.6  240.0   73.0  444.0
2019 280 10  7 0200  -29.2  964.3    8.6  246.0   73.0  444.0
2019 280 10  7 0300  -29.4  964.3    6.4  235.0   73.1  444.0
2019 280 10  7 0400  -29.4  964.2    5.6  247.0   72.0  444.0
2019 280 10  7 0500  -29.6  964.1    6.6  260.0   72.0  444.0
2019 280 10  7 0600  -29.9  964.1    5.7  256.0   72.0  444.0
2019 280 10  7 0700  -30.6  964.1    5.7  262.0   73.0  444.0
2019 280 10  7 0800  -31.1  964.2    5.0  262.0   74.0  444.0
2019 280 10  7 0900  -31.5  964.0    5.7  263.0   74.0  444.0
2019 280 10  7 1000  -31.7  964.3    5.8  262.0   74.0  444.0
2019 280 10  7 1100  -31.9  964.7    5.5  242.0   73.0  444.0
2019 280 10  7 1200  -32.2  964.9    4.3  234.0   72.0  444.0
2019 280 10  7 1300  -31.5  965.6    4.9  238.0   72.0  444.0
2019 280 10  7 1400  -30.9  965.8    4.8  232.0   71.0  444.0
2019 280 10  7 1500  -31.8  966.3    4.4  272.0   71.0  444.0
2019 280 10  7 1600  -33.1  966.6    4.3  299.0   71.0  444.0
2019 280 10  7 1700  -34.6  967.0    3.8  293.0   69.0  444.0
2019 280 10  7 1800  -35.7  967.6    4.1  308.0   69.0  444.0
2019 280 10  7 1900  -35.0  967.9    3.2  281.0   69.0  444.0
2019 280 10  7 2000  -34.6  968.4    4.1  277.0   69.0  444.0
2019 280 10  7 2100  -31.0  969.1    6.2  271.0   67.5  444.0
2019 280 10  7 2200  -32.2  969.7    3.8  279.0   67.3  444.0
2019 280 10  7 2300  -31.8  969.9    5.8  274.0   66.0  444.0
2019 281 10  8 0000  -30.4  970.3    6.8  256.0   66.0  444.0
2019 281 10  8 0100  -30.4  970.8    5.9  284.0   63.0  444.0
2019 281 10  8 0200  -30.8  971.2    5.6  272.0   62.2  444.0
2019 281 10  8 0300  -30.4  971.7    5.0  276.0   63.0  444.0
2019 281 10  8 0400  -30.7  971.8    5.6  303.0   66.0  444.0
2019 281 10  8 0500  -31.0  972.2    5.8  291.0   67.0  444.0
2019 281 10  8 0600  -31.8  972.8    4.7  284.0   70.0  444.0
2019 281 10  8 0700  -33.1  973.1    4.6  288.0   73.2  444.0
2019 281 10  8 0800  -35.2  973.6    4.1  305.0   74.0  444.0
2019 281 10  8 0900  -37.4  973.8    3.4  318.0   72.0  444.0
2019 281 10  8 1000  -38.3  974.3    3.6  318.0   72.0  444.0
2019 281 10  8 1100  -39.0  975.0    2.8  328.0   71.0  444.0
2019 281 10  8 1200  -39.4  975.0    3.0  314.0   71.0  444.0
2019 281 10  8 1300  -40.4  975.8    2.7  358.0   70.0  444.0
2019 281 10  8 1400  -39.3  976.2    3.3  346.0   70.0  444.0
2019 281 10  8 1500  -38.6  976.7    4.1  322.0   71.0  444.0
2019 281 10  8 1600  -38.9  977.0    3.4  327.0   70.0  444.0
2019 281 10  8 1700  -39.7  976.7    5.2  317.0   70.0  444.0
2019 281 10  8 1800  -37.0  977.2    4.5  292.0   69.0  444.0
2019 281 10  8 1900  -37.7  978.0    3.1  311.0   68.0  444.0
2019 281 10  8 2000  -37.4  978.4    3.7  316.0   68.0  444.0
2019 281 10  8 2100  -36.4  979.0    3.2  299.0   68.0  444.0
2019 281 10  8 2200  -35.9  979.2    3.1  298.0   68.0  444.0
2019 281 10  8 2300  -35.6  979.6    3.0  310.0   68.0  444.0
2019 282 10  9 0000  -34.9  979.9    3.9  299.0   68.5  444.0
2019 282 10  9 0100  -34.6  980.0    4.1  296.0   68.5  444.0
2019 282 10  9 0200  -34.4  980.1    4.3  290.0   68.0  444.0
2019 282 10  9 0300  -34.4  980.5    3.7  270.0   68.0  444.0
2019 282 10  9 0400  -33.8  980.8    3.5  256.0   69.0  444.0
2019 282 10  9 0500  -34.5  981.0    3.8  259.0   70.3  444.0
2019 282 10  9 0600  -33.7  980.8    4.4  293.0   72.0  444.0
2019 282 10  9 0700  -33.2  980.8    4.8  257.0   73.0  444.0
2019 282 10  9 0800  -33.6  980.9    4.4  262.0   72.0  444.0
2019 282 10  9 0900  -34.5  981.2    3.9  229.0   72.0  444.0
2019 282 10  9 1000  -35.5  981.4    4.0  251.0   72.7  444.0
2019 282 10  9 1100  -36.4  981.3    3.8  222.0   73.0  444.0
2019 282 10  9 1200  -35.3  981.3    4.8  215.0   73.0  444.0
2019 282 10  9 1300  -34.2  981.5    5.0  214.0   73.0  444.0
2019 282 10  9 1400  -34.4  981.7    4.4  213.0   73.0  444.0
2019 282 10  9 1500  -34.2  981.8    4.2  219.0   73.4  444.0
2019 282 10  9 1600  -32.5  981.7    5.3  228.0   74.0  444.0
2019 282 10  9 1700  -31.5  981.7    4.8  223.0   75.0  444.0
2019 282 10  9 1800  -29.8  981.4    5.2  234.0   75.0  444.0
2019 282 10  9 1900  -29.1  981.2    5.6  219.0   76.0  444.0
2019 282 10  9 2000  -27.1  981.3    6.6  206.0   76.0  444.0
2019 282 10  9 2100  -26.4  981.5    4.9  215.0   77.0  444.0
2019 282 10  9 2200  -27.1  981.3    6.8  226.0   76.0  444.0
2019 282 10  9 2300  -26.5  981.4    7.8  214.0   77.0  444.0
2019 283 10 10 0000  -25.5  981.5    7.9  192.0   77.0  444.0
2019 283 10 10 0100  -26.4  981.5    6.2  186.0   75.0  444.0
2019 283 10 10 0200  -26.9  981.3    5.8  190.0   75.0  444.0
2019 283 10 10 0300  -27.0  981.0    3.7  196.0   75.2  444.0
2019 283 10 10 0400  -26.9  980.8    3.6  187.0   75.0  444.0
2019 283 10 10 0500  -27.1  980.1    2.3  197.0   76.0  444.0
2019 283 10 10 0600  -27.2  979.6    2.7  220.0   76.0  444.0
2019 283 10 10 0700  -27.3  979.4    2.8  207.0   76.0  444.0
2019 283 10 10 0800  -28.6  978.9    1.7  220.0   77.6  444.0
2019 283 10 10 0900  -30.6  978.7    4.7  186.0   76.0  444.0
2019 283 10 10 1000  -30.4  978.5    4.7  212.0   76.0  444.0
2019 283 10 10 1100  -33.9  978.7    5.5  184.0   74.0  444.0
2019 283 10 10 1200  -31.9  979.0    6.6  181.0   75.0  444.0
2019 283 10 10 1300  -30.5  979.1    6.8  192.0   76.1  444.0
2019 283 10 10 1400  -29.5  979.0    7.1  181.0   77.0  444.0
2019 283 10 10 1500  -29.2  979.3    8.2  178.0   77.0  444.0
2019 283 10 10 1600  -29.3  979.9    7.4  178.0   76.0  444.0
2019 283 10 10 1700  -29.5  980.3    7.5  178.0   76.0  444.0
2019 283 10 10 1800  -29.9  980.5    6.6  179.0   75.2  444.0
2019 283 10 10 1900  -30.2  980.8    5.1  192.0   75.0  444.0
2019 283 10 10 2000  -30.1  980.8    4.8  206.0   73.0  444.0
2019 283 10 10 2100  -29.8  980.9    5.0  209.0   74.0  444.0
2019 283 10 10 2200  -29.6  980.9    6.0  203.0   74.0  444.0
2019 283 10 10 2300  -30.3  980.8    3.9  212.0   73.0  444.0
2019 284 10 11 0000  -31.0  980.6    3.8  218.0   74.0  444.0
2019 284 10 11 0100  -30.8  980.4    3.8  248.0   71.0  444.0
2019 284 10 11 0200  -29.3  980.4    4.2  232.0   73.0  444.0
2019 284 10 11 0300  -28.8  980.1    4.5  248.0   74.0  444.0
2019 284 10 11 0400  -29.0  980.4    6.1  210.0   74.0  444.0
2019 284 10 11 0500  -28.8  980.2    5.5  205.0   74.0  444.0
2019 284 10 11 0600  -28.4  980.3    6.1  214.0   73.2  444.0
2019 284 10 11 0700  -28.0  980.8    6.9  199.0   72.0  444.0
2019 284 10 11 0800  -27.8  980.8    6.5  206.0   72.0  444.0
2019 284 10 11 0900  -27.6  980.9    7.0  207.0   73.0  444.0
2019 284 10 11 1000  -27.4  981.5    6.2  210.0   75.0  444.0
2019 284 10 11 1100  -26.1  982.2    7.1  211.0   75.1  444.0
2019 284 10 11 1200  -25.4  982.0    7.5  206.0   75.0  444.0
2019 284 10 11 1300  -26.9  982.2    7.2  208.0   74.0  444.0
2019 284 10 11 1400  -30.1  982.2    5.2  205.0   73.0  444.0
2019 284 10 11 1500  -32.3  982.5    4.8  215.0   71.6  444.0
2019 284 10 11 1600  -32.1  982.4    6.3  209.0   71.1  444.0
2019 284 10 11 1700  -32.3  982.3    4.8  208.0   71.0  444.0
2019 284 10 11 1800  -32.5  982.7    5.6  209.0   70.0  444.0
2019 284 10 11 1900  -33.0  982.8    5.3  214.0   71.0  444.0
2019 284 10 11 2000  -31.4  982.8    5.8  221.0   69.0  444.0
2019 284 10 11 2100  -32.3  983.0    6.1  216.0   68.8  444.0
2019 284 10 11 2200  -31.9  983.4    5.3  210.0   70.0  444.0
2019 284 10 11 2300  -30.5  983.3    6.2  214.0   70.0  444.0
2019 285 10 12 0000  -28.6  983.5    6.5  227.0   72.0  444.0
2019 285 10 12 0100  -27.1  984.1    7.7  231.0   72.0  444.0
2019 285 10 12 0200  -26.8  984.5    5.4  224.0   70.0  444.0
2019 285 10 12 0300  -28.0  984.0    5.0  238.0   70.0  444.0
2019 285 10 12 0400  -26.8  982.8    9.5  266.0   71.0  444.0
2019 285 10 12 0500  -26.9  982.6    7.5  246.0   72.0  444.0
2019 285 10 12 0600  -26.3  982.4    7.9  232.0   74.0  444.0
2019 285 10 12 0700  -26.3  981.6    9.4  231.0   76.0  444.0
2019 285 10 12 0800  -27.1  981.6    6.7  210.0   76.0  444.0
2019 285 10 12 0900  -28.2  981.8    7.8  217.0   76.0  444.0
2019 285 10 12 1000  -27.8  981.3    6.5  228.0   77.0  444.0
2019 285 10 12 1100  -27.3  981.1    8.2  231.0   78.0  444.0
2019 285 10 12 1200  -26.8  981.0    7.2  228.0   78.0  444.0
2019 285 10 12 1300  -26.7  980.9    7.5  237.0   78.0  444.0
2019 285 10 12 1400  -26.7  981.0    6.9  232.0   78.0  444.0
2019 285 10 12 1500  -25.9  980.5    8.5  231.0   79.0  444.0
2019 285 10 12 1600  -25.2  979.1    9.1  247.0   78.0  444.0
2019 285 10 12 1700  -25.9  977.8   11.4  251.0   77.0  444.0
2019 285 10 12 1800  -26.2  976.2   11.1  236.0   77.5  444.0
2019 285 10 12 1900  -25.5  976.2    6.8  209.0   77.0  444.0
2019 285 10 12 2000  -24.8  975.7    9.6  228.0   78.0  444.0
2019 285 10 12 2100  -24.0  975.9    9.6  229.0   76.0  444.0
2019 285 10 12 2200  -23.2  975.9    9.6  238.0   75.0  444.0
2019 285 10 12 2300  -23.3  975.6    9.3  242.0   75.0  444.0
2019 286 10 13 0000  -23.1  975.6    8.5  238.0   73.0  444.0
2019 286 10 13 0100  -23.4  975.4    8.4    6.0   73.0  444.0
2019 286 10 13 0200  -24.4  975.3    8.9    6.0   72.0  444.0
2019 286 10 13 0300  -23.7  974.6    9.6    6.0   70.0  444.0
2019 286 10 13 0400  -23.2  973.8    5.6   17.0   69.0  444.0
2019 286 10 13 0500  -23.5  973.1    2.3   56.0   71.0  444.0
2019 286 10 13 0600  -24.2  972.1    8.4  245.0   71.0  444.0
2019 286 10 13 0700  -25.0  971.1    8.4  253.0   74.0  444.0
2019 286 10 13 0800  -26.5  970.6    6.9  238.0   75.0  444.0
2019 286 10 13 0900  -27.7  970.6    6.7  229.0   74.0  444.0
2019 286 10 13 1000  -28.0  970.7    6.6  216.0   74.0  444.0
2019 286 10 13 1100  -27.2  970.7    7.3  219.0   74.0  444.0
2019 286 10 13 1200  -26.3  970.9    6.1  217.0   73.0  444.0
2019 286 10 13 1300  -27.3  971.2    6.4  228.0   76.0  444.0
2019 286 10 13 1400  -27.4  971.3    6.3  220.0   76.0  444.0
2019 286 10 13 1500  -27.6  971.4    5.9  221.0   74.0  444.0
2019 286 10 13 1600  -25.4  971.8    6.8  234.0   75.0  444.0
2019 286 10 13 1700  -24.7  971.9    7.1  236.0   74.0  444.0
2019 286 10 13 1800  -24.1  972.0    7.5  237.0   73.0  444.0
2019 286 10 13 1900  -24.0  972.4    7.3  234.0   75.0  444.0
2019 286 10 13 2000  -24.5  973.5    5.7  223.0   73.0  444.0
2019 286 10 13 2100  -24.1  973.6    5.7  241.0   73.0  444.0
2019 286 10 13 2200  -24.4  973.7    6.3  243.0   72.0  444.0
2019 286 10 13 2300  -25.1  973.9    6.1  245.0   71.0  444.0
2019 287 10 14 0000  -24.6  974.1    5.9  234.0   67.9  444.0
2019 287 10 14 0100  -25.5  974.2    5.9  231.0   68.0  444.0
2019 287 10 14 0200  -24.5  974.5    6.2  221.0   66.0  444.0
2019 287 10 14 0300  -24.3  974.8    6.7  214.0   68.0  444.0
2019 287 10 14 0400  -23.5  975.1    5.2  208.0   70.9  444.0
2019 287 10 14 0500  -22.5  975.3    5.8  201.0   72.0  444.0
2019 287 10 14 0600  -23.3  975.8    4.8  203.0   75.1  444.0
2019 287 10 14 0700  -23.9  976.4    4.3  201.0   76.0  444.0
2019 287 10 14 0800  -24.9  976.8    4.6  189.0   75.0  444.0
2019 287 10 14 0900  -27.0  977.2    4.5  192.0   75.3  444.0
2019 287 10 14 1000  -28.4  977.9    3.8  183.0   76.0  444.0
2019 287 10 14 1100  -27.5  978.3    3.1  181.0   77.0  444.0
2019 287 10 14 1200  -28.1  978.7    3.2  178.0   77.0  444.0
2019 287 10 14 1300  -30.3  978.8    2.4  192.0   77.0  444.0
2019 287 10 14 1400  -32.7  979.1    2.9  211.0   76.2  444.0
2019 287 10 14 1500  -33.1  979.0    3.4  192.0   75.0  444.0
2019 287 10 14 1600  -33.8  979.2    2.4  192.0   74.0  444.0
2019 287 10 14 1700  -34.5  979.3    2.3  249.0   72.0  444.0
2019 287 10 14 1800  -34.4  979.2    3.3  230.0   72.0  444.0
2019 287 10 14 1900  -34.0  979.1    3.2  223.0   71.0  444.0
2019 287 10 14 2000  -32.7  979.1    3.9  228.0   71.0  444.0
2019 287 10 14 2100  -33.1  979.0    3.8  244.0   70.0  444.0
2019 287 10 14 2200  -30.8  978.9    3.3  209.0   72.0  444.0
2019 287 10 14 2300  -29.9  978.7    2.1  213.0   71.0  444.0
2019 288 10 15 0000  -29.4  978.5    1.6  175.0   71.0  444.0
2019 288 10 15 0100  -29.3  977.8    2.8  264.0   72.0  444.0
2019 288 10 15 0200  -29.7  977.8    3.2  233.0   71.1  444.0
2019 288 10 15 0300  -29.0  977.4    2.6  224.0   71.0  444.0
2019 288 10 15 0400  -28.9  976.9    1.8  159.0   71.7  444.0
2019 288 10 15 0500  -28.8  976.8    1.2  243.0   71.0  444.0
2019 288 10 15 0600  -29.1  976.8    1.3  258.0   72.0  444.0
2019 288 10 15 0700  -26.8  976.5    1.2  205.0   75.2  444.0
2019 288 10 15 0800  -25.6  976.1    1.9  191.0   75.0  444.0
2019 288 10 15 0900  -26.1  975.8    2.4  255.0   72.0  444.0
2019 288 10 15 1000  -28.5  975.3    2.8  291.0   73.0  444.0
2019 288 10 15 1100  -32.6  974.9    4.0  296.0   76.0  444.0
2019 288 10 15 1200  -32.8  974.5    3.3  277.0   73.8  444.0
2019 288 10 15 1300  -33.1  974.4    3.7  283.0   72.0  444.0
2019 288 10 15 1400  -33.0  974.0    4.4  253.0   70.0  444.0
2019 288 10 15 1500  -33.6  973.7    4.6  270.0   71.0  444.0
2019 288 10 15 1600  -34.8  973.4    4.7  268.0   71.0  444.0
2019 288 10 15 1700  -34.3  973.1    4.7  275.0   68.4  444.0
2019 288 10 15 1800  -34.5  973.0    4.4  266.0   66.0  444.0
2019 288 10 15 1900  -33.8  972.6    5.3  258.0   66.0  444.0
2019 288 10 15 2000  -33.3  972.4    4.6  255.0   67.0  444.0
2019 288 10 15 2100  -32.6  972.2    4.6  265.0   66.0  444.0
2019 288 10 15 2200  -32.3  972.0    4.5  249.0   66.1  444.0
2019 288 10 15 2300  -32.6  972.0    4.3  237.0   67.0  444.0
2019 289 10 16 0000  -32.7  971.5    3.8  242.0   71.0  444.0
2019 289 10 16 0100  -33.1  971.1    4.5  239.0   72.0  444.0
2019 289 10 16 0200  -32.7  970.8    4.4  246.0   70.7  444.0
2019 289 10 16 0300  -33.1  970.6    5.3  248.0   70.0  444.0
2019 289 10 16 0400  -33.1  970.4    4.9  248.0   70.0  444.0
2019 289 10 16 0500  -33.2  970.3    4.9  239.0   69.6  444.0
2019 289 10 16 0600  -33.5  970.2    5.4  235.0   70.0  444.0
2019 289 10 16 0700  -33.8  969.9    5.3  234.0   70.0  444.0
2019 289 10 16 0800  -34.4  969.7    4.5  235.0   72.0  444.0
2019 289 10 16 0900  -34.4  969.8    5.1  238.0   74.0  444.0
2019 289 10 16 1000  -35.2  970.0    4.9  230.0   72.6  444.0
2019 289 10 16 1100  -35.0  970.2    4.7  229.0   73.0  444.0
2019 289 10 16 1200  -35.1  970.1    4.8  228.0   73.0  444.0
2019 289 10 16 1300  -34.2  969.9    5.4  234.0   74.0  444.0
2019 289 10 16 1400  -29.3  969.3    6.5  227.0   73.0  444.0
2019 289 10 16 1500  -33.9  969.1    5.0  233.0   72.0  444.0
2019 289 10 16 1600  -36.4  968.7    4.9  250.0   72.0  444.0
2019 289 10 16 1700  -35.1  969.1    5.4  216.0   72.0  444.0
2019 289 10 16 1800  -33.6  970.0    3.8  197.0   70.0  444.0
2019 289 10 16 1900  -34.4  970.6    2.7  206.0   69.0  444.0
2019 289 10 16 2000  -34.2  970.6    3.8  265.0   69.9  444.0
2019 289 10 16 2100  -32.3  970.4    4.8  266.0   70.0  444.0
2019 289 10 16 2200  -31.2  970.0    6.6  269.0   72.0  444.0
2019 289 10 16 2300  -28.5  969.7    5.1  253.0   74.0  444.0
2019 290 10 17 0000  -26.5  969.1    8.4  254.0   75.0  444.0
2019 290 10 17 0100  -24.6  968.6    9.9  249.0   77.0  444.0
2019 290 10 17 0200  -23.6  968.4    9.4  252.0   78.0  444.0
2019 290 10 17 0300  -22.9  968.0    8.3  248.0   78.9  444.0
2019 290 10 17 0400  -22.3  967.6    9.7  251.0   79.0  444.0
2019 290 10 17 0500  -22.0  967.8    8.4  240.0   80.5  444.0
2019 290 10 17 0600  -21.9  967.8    7.6  236.0   81.0  444.0
2019 290 10 17 0700  -21.9  968.3    5.6  205.0   82.0  444.0
2019 290 10 17 0800  -24.7  968.5    3.1  160.0   78.7  444.0
2019 290 10 17 0900  -26.6  968.8    1.5  167.0   77.0  444.0
2019 290 10 17 1000  -26.8  969.0    0.0    0.0   77.0  444.0
2019 290 10 17 1100  -26.7  968.8    0.7  122.0   78.0  444.0
2019 290 10 17 1200  -26.5  968.7    1.9  307.0   78.0  444.0
2019 290 10 17 1300  -27.3  968.4    3.9  272.0   78.7  444.0
2019 290 10 17 1400  -26.6  968.7    3.4  246.0   79.0  444.0
2019 290 10 17 1500  -25.2  969.0    4.6  219.0   74.0  444.0
2019 290 10 17 1600  -26.4  969.5    5.4  226.0   72.0  444.0
2019 290 10 17 1700  -28.2  969.6    4.2  230.0   70.0  444.0
2019 290 10 17 1800  -27.8  969.6    5.1  242.0   67.3  444.0
2019 290 10 17 1900  -26.7  969.8    6.4  241.0   70.0  444.0
2019 290 10 17 2000  -27.1  970.5    5.3  233.0   66.0  444.0
2019 290 10 17 2100  -26.6  970.7    5.8  238.0   70.0  444.0
2019 290 10 17 2200  -26.4  971.3    5.2  236.0   69.0  444.0
2019 290 10 17 2300  -26.5  971.6    6.0  245.0   69.0  444.0
2019 291 10 18 0000  -26.8  971.9    7.4  244.0   67.0  444.0
2019 291 10 18 0100  -26.5  972.2    7.7  249.0   67.1  444.0
2019 291 10 18 0200  -25.7  972.5    7.4  250.0   66.0  444.0
2019 291 10 18 0300  -25.5  972.4    8.7  252.0   71.2  444.0
2019 291 10 18 0400  -25.4  972.7    8.5  254.0   72.0  444.0
2019 291 10 18 0500  -25.1  972.8    8.7  256.0   71.0  444.0
2019 291 10 18 0600  -23.8  972.8    9.6  246.0   76.8  444.0
2019 291 10 18 0700  -23.3  972.8    7.8    9.0   78.0  444.0
2019 291 10 18 0800  -23.0  972.4    4.1  345.0   78.0  444.0
2019 291 10 18 0900  -22.9  972.2    3.8  313.0   77.0  444.0
2019 291 10 18 1000  -22.4  972.2    5.2    2.0   78.0  444.0
2019 291 10 18 1100  -20.1  972.8    2.7  350.0   82.9  444.0
2019 291 10 18 1200  -17.7  973.6    7.9  199.0   82.1  444.0
2019 291 10 18 1300  -18.0  974.1    4.2   17.0   80.0  444.0
2019 291 10 18 1400  -19.3  974.6    5.3    9.0   78.0  444.0
2019 291 10 18 1500  -19.7  975.5   12.3  217.0   78.0  444.0
2019 291 10 18 1600  -19.6  975.5   11.6  226.0   77.0  444.0
2019 291 10 18 1700  -17.7  975.7   13.4  220.0   80.3  444.0
2019 291 10 18 1800  -16.1  976.2   13.5  212.0   83.0  444.0
2019 291 10 18 1900  -16.6  976.2   13.2  200.0   83.0  444.0
2019 291 10 18 2000  -17.0  976.7   15.5  187.0   84.0  444.0
2019 291 10 18 2100  -18.7  977.1   14.2  173.0   82.0  444.0
2019 291 10 18 2200  -21.1  978.4   13.7  170.0   78.9  444.0
2019 291 10 18 2300  -21.9  980.0   11.2  175.0   78.0  444.0
2019 292 10 19 0000  -22.4  981.3    7.8  178.0   76.0  444.0
2019 292 10 19 0100  -21.0  982.5    8.1  180.0   76.0  444.0
2019 292 10 19 0200  -19.9  983.1    7.7  181.0   76.0  444.0
2019 292 10 19 0300  -19.3  984.0    8.4  192.0   76.0  444.0
2019 292 10 19 0400  -18.6  984.9    9.0  187.0   76.2  444.0
2019 292 10 19 0500  -19.2  985.9    6.5  198.0   76.4  444.0
2019 292 10 19 0600  -19.0  986.9    4.5  209.0   80.0  444.0
2019 292 10 19 0700  -18.0  987.7    9.2  195.0   78.0  444.0
2019 292 10 19 0800  -19.9  988.2    8.0  212.0   77.0  444.0
2019 292 10 19 0900  -20.5  989.1    8.0  223.0   77.0  444.0
2019 292 10 19 1000  -20.4  989.7    9.4  208.0   78.9  444.0
2019 292 10 19 1100  -19.7  990.7    9.9  204.0   78.0  444.0
2019 292 10 19 1200  -20.7  991.6    7.7  223.0   76.0  444.0
2019 292 10 19 1300  -21.9  992.5    8.5  224.0   73.0  444.0
2019 292 10 19 1400  -23.5  993.3    9.4  231.0   73.0  444.0
2019 292 10 19 1500  -24.8  993.9   10.3  226.0   71.7  444.0
2019 292 10 19 1600  -23.6  994.1    8.6  228.0   63.0  444.0
2019 292 10 19 1700  -24.8  994.5    9.0  237.0   66.0  444.0
2019 292 10 19 1800  -24.5  994.9    8.5  231.0   64.0  444.0
2019 292 10 19 1900  -24.8  995.0    8.4  239.0   64.0  444.0
2019 292 10 19 2000  -24.9  995.7    7.5  235.0   64.5  444.0
2019 292 10 19 2100  -24.4  996.0    7.1  227.0   65.0  444.0
2019 292 10 19 2200  -24.3  996.2    6.2  242.0   66.0  444.0
2019 292 10 19 2300  -23.6  996.5    7.9  246.0   65.0  444.0
2019 293 10 20 0000  -22.5  996.6    7.9  241.0   64.0  444.0
2019 293 10 20 0100  -22.2  996.4    7.3  235.0   64.3  444.0
2019 293 10 20 0200  -22.4  996.2    6.4  248.0   65.0  444.0
2019 293 10 20 0300  -22.7  995.9    5.6  254.0   67.5  444.0
2019 293 10 20 0400  -22.6  995.6    4.9  242.0   67.0  444.0
2019 293 10 20 0500  -22.1  994.7    5.3  240.0   63.0  444.0
2019 293 10 20 0600  -22.6  994.0    4.1  243.0   65.0  444.0
2019 293 10 20 0700  -23.8  993.4    3.2  252.0   70.0  444.0
2019 293 10 20 0800  -23.4  992.9    1.8  258.0   65.0  444.0
2019 293 10 20 0900  -24.9  992.5    3.4  249.0   71.0  444.0
2019 293 10 20 1000  -25.5  991.8    2.5  254.0   69.0  444.0
2019 293 10 20 1100  -25.3  990.9    4.1  273.0   68.0  444.0
2019 293 10 20 1200  -28.6  990.6    4.6  306.0   73.0  444.0
2019 293 10 20 1300  -30.3  990.0    4.0  312.0   73.5  444.0
2019 293 10 20 1400  -31.1  989.5    3.6  343.0   75.0  444.0
2019 293 10 20 1500  -31.4  989.0    3.8  347.0   73.0  444.0
2019 293 10 20 1600  -31.7  988.4    3.8  344.0   72.0  444.0
2019 293 10 20 1700  -31.8  988.0    3.3  340.0   71.0  444.0
2019 293 10 20 1800  -31.3  987.7    3.5  340.0   70.2  444.0
2019 293 10 20 1900  -29.6  987.4    2.2  316.0   68.0  444.0
2019 293 10 20 2000  -28.6  986.8    2.4  346.0   65.0  444.0
2019 293 10 20 2100  -28.7  986.8    1.1  265.0   65.0  444.0
2019 293 10 20 2200  -27.3  986.8    2.0  234.0   65.0  444.0
2019 293 10 20 2300  -23.2  986.7    1.9  259.0   61.3  444.0
2019 294 10 21 0000  -22.4  986.6    0.7  253.0   57.0  444.0
2019 294 10 21 0100  444.0  986.6    0.0    0.0   53.7  444.0
2019 294 10 21 0200  -21.5  986.1    2.0  128.0   63.0  444.0
2019 294 10 21 0300  -21.9  986.2    1.7  141.0   57.5  444.0
2019 294 10 21 0400  -22.3  986.7    0.7  147.0   55.0  444.0
2019 294 10 21 0500  444.0  986.8    0.0    0.0   54.0  444.0
2019 294 10 21 0600  -20.9  987.0    2.2  297.0   54.7  444.0
2019 294 10 21 0700  -25.0  987.1    3.1  328.0   66.0  444.0
2019 294 10 21 0800  -27.9  987.4    3.9  312.0   71.0  444.0
2019 294 10 21 0900  -27.9  987.8    4.9  324.0   70.0  444.0
2019 294 10 21 1000  -29.0  988.2    5.1  322.0   70.0  444.0
2019 294 10 21 1100  -30.3  988.5    5.0  310.0   70.8  444.0
2019 294 10 21 1200  -30.4  989.2    5.4  294.0   71.0  444.0
2019 294 10 21 1300  -32.7  989.8    3.8  310.0   73.0  444.0
2019 294 10 21 1400  -33.7  990.3    3.7  310.0   74.0  444.0
2019 294 10 21 1500  -33.3  990.7    4.7  319.0   74.0  444.0
2019 294 10 21 1600  -32.8  991.2    5.5  302.0   71.4  444.0
2019 294 10 21 1700  -32.8  991.5    4.0  304.0   71.0  444.0
2019 294 10 21 1800  -32.4  992.1    5.1  280.0   70.0  444.0
2019 294 10 21 1900  -32.1  992.4    4.2  259.0   70.0  444.0
2019 294 10 21 2000  -31.3  993.2    5.7  247.0   68.0  444.0
2019 294 10 21 2100  -30.5  993.6    4.1  278.0   68.2  444.0
2019 294 10 21 2200  -29.7  993.9    3.3  311.0   68.0  444.0
2019 294 10 21 2300  -28.6  994.5    3.8  332.0   68.0  444.0
2019 295 10 22 0000  -27.3  994.5    3.4  288.0   68.0  444.0
2019 295 10 22 0100  -25.7  994.6    5.8  287.0   67.0  444.0
2019 295 10 22 0200  -25.3  994.5    4.4  285.0   65.4  444.0
2019 295 10 22 0300  -26.5  994.7    3.4  284.0   68.0  444.0
2019 295 10 22 0400  -27.2  994.8    5.3  268.0   68.8  444.0
2019 295 10 22 0500  -27.7  994.9    3.2  285.0   69.0  444.0
2019 295 10 22 0600  -28.1  995.0    3.0  316.0   71.0  444.0
2019 295 10 22 0700  -27.3  995.1    3.6  293.0   70.0  444.0
2019 295 10 22 0800  -28.4  995.1    4.3  315.0   73.0  444.0
2019 295 10 22 0900  -29.9  995.0    3.4  288.0   71.9  444.0
2019 295 10 22 1000  -30.5  994.8    3.6  302.0   70.0  444.0
2019 295 10 22 1100  -32.1  994.6    4.4  327.0   73.0  444.0
2019 295 10 22 1200  -31.4  994.5    4.1  310.0   72.0  444.0
2019 295 10 22 1300  -32.2  994.4    4.4  299.0   72.0  444.0
2019 295 10 22 1400  -33.6  994.6    3.9  287.0   72.7  444.0
2019 295 10 22 1500  -35.1  994.4    3.9  272.0   72.0  444.0
2019 295 10 22 1600  -36.2  994.5    2.6  280.0   72.0  444.0
2019 295 10 22 1700  -36.7  994.5    2.7  266.0   70.0  444.0
2019 295 10 22 1800  -36.5  994.4    3.4  243.0   70.0  444.0
2019 295 10 22 1900  -35.7  994.2    3.5  234.0   69.0  444.0
2019 295 10 22 2000  -35.2  994.2    3.7  232.0   68.0  444.0
2019 295 10 22 2100  -34.3  994.3    4.4  226.0   68.0  444.0
2019 295 10 22 2200  -34.2  994.5    5.2  233.0   68.0  444.0
2019 295 10 22 2300  -34.3  994.3    5.2  224.0   67.0  444.0
2019 296 10 23 0000  -33.6  994.3    5.1  224.0   68.1  444.0
2019 296 10 23 0100  -33.8  994.1    6.0  219.0   68.0  444.0
2019 296 10 23 0200  -33.0  993.5    5.1  211.0   69.0  444.0
2019 296 10 23 0300  -32.3  993.2    5.8  213.0   68.0  444.0
2019 296 10 23 0400  -32.1  993.0    5.3  214.0   68.0  444.0
2019 296 10 23 0500  -32.0  993.0    5.8  211.0   68.0  444.0
2019 296 10 23 0600  -32.2  992.7    5.9  200.0   70.0  444.0
2019 296 10 23 0700  -32.4  993.1    4.9  200.0   69.9  444.0
2019 296 10 23 0800  -32.3  993.2    5.5  202.0   70.0  444.0
2019 296 10 23 0900  -32.0  993.5    5.2  210.0   71.0  444.0
2019 296 10 23 1000  -32.9  993.3    5.1  209.0   73.0  444.0
2019 296 10 23 1100  -33.3  993.3    3.8  225.0   74.4  444.0
2019 296 10 23 1200  -34.0  992.9    4.6  236.0   73.6  444.0
2019 296 10 23 1300  -34.8  992.5    4.3  222.0   73.0  444.0
2019 296 10 23 1400  -35.2  992.4    4.4  217.0   72.0  444.0
2019 296 10 23 1500  -35.6  992.1    5.5  205.0   72.0  444.0
2019 296 10 23 1600  -35.5  992.2    5.9  192.0   71.5  444.0
2019 296 10 23 1700  -35.0  992.0    7.1  195.0   71.4  444.0
2019 296 10 23 1800  -34.6  991.9    7.4  196.0   71.0  444.0
2019 296 10 23 1900  -33.6  992.1    6.3  193.0   71.0  444.0
2019 296 10 23 2000  -33.5  992.2    6.9  210.0   71.0  444.0
2019 296 10 23 2100  -33.0  992.0    7.6  199.0   70.0  444.0
2019 296 10 23 2200  -32.2  991.8    7.8  206.0   68.9  444.0
2019 296 10 23 2300  -31.5  991.6    8.3  212.0   69.0  444.0
2019 297 10 24 0000  -31.0  991.1    8.3  206.0   69.0  444.0
2019 297 10 24 0100  -30.4  990.9    8.3  204.0   69.0  444.0
2019 297 10 24 0200  -29.2  990.6    7.8  200.0   67.4  444.0
2019 297 10 24 0300  -28.6  990.4    7.7  207.0   68.5  444.0
2019 297 10 24 0400  -27.4  990.0    8.1  206.0   68.0  444.0
2019 297 10 24 0500  -26.4  989.7    8.8  205.0   68.0  444.0
2019 297 10 24 0600  -25.7  989.6    8.0  206.0   68.0  444.0
2019 297 10 24 0700  -25.7  989.3    6.9  213.0   68.0  444.0
2019 297 10 24 0800  -26.0  989.0    7.7  207.0   68.0  444.0
2019 297 10 24 0900  -27.0  988.9    7.7  209.0   70.0  444.0
2019 297 10 24 1000  -28.1  989.0    7.4  210.0   70.3  444.0
2019 297 10 24 1100  -28.4  988.8    7.1  212.0   70.0  444.0
2019 297 10 24 1200  -28.7  988.5    7.6  217.0   70.0  444.0
2019 297 10 24 1300  -28.9  988.4    7.9  215.0   70.0  444.0
2019 297 10 24 1400  -28.7  988.1    7.0  213.0   70.0  444.0
2019 297 10 24 1500  -29.6  987.8    7.1  216.0   69.0  444.0
2019 297 10 24 1600  -28.9  987.8    7.4  215.0   68.0  444.0
2019 297 10 24 1700  -28.2  987.8    7.4  216.0   65.0  444.0
2019 297 10 24 1800  -28.3  987.5    7.1  219.0   66.0  444.0
2019 297 10 24 1900  -27.2  987.3    7.3  217.0   64.0  444.0
2019 297 10 24 2000  -25.7  987.3    8.5  214.0   63.1  444.0
2019 297 10 24 2100  -25.4  987.4    8.7  215.0   63.0  444.0
2019 297 10 24 2200  -24.7  987.0    9.3  221.0   62.0  444.0
2019 297 10 24 2300  -23.6  987.0    8.9  213.0   61.0  444.0
2019 298 10 25 0000  -23.4  986.9    9.0  214.0   62.9  444.0
2019 298 10 25 0100  -22.1  986.7    9.0  219.0   62.0  444.0
2019 298 10 25 0200  -20.5  986.7    9.2  220.0   59.0  444.0
2019 298 10 25 0300  -20.2  986.6    8.6  224.0   59.0  444.0
2019 298 10 25 0400  -19.5  986.0    7.9  229.0   56.0  444.0
2019 298 10 25 0500  -21.3  985.7    6.8  233.0   62.4  444.0
2019 298 10 25 0600  -22.2  985.4    6.9  230.0   63.0  444.0
2019 298 10 25 0700  -23.1  985.2    5.4  222.0   65.0  444.0
2019 298 10 25 0800  -24.0  985.1    6.3  230.0   65.0  444.0
2019 298 10 25 0900  -24.9  984.8    6.5  237.0   66.0  444.0
2019 298 10 25 1000  -25.0  984.4    7.3  229.0   65.0  444.0
2019 298 10 25 1100  -25.7  983.9    7.3  224.0   65.0  444.0
2019 298 10 25 1200  -26.2  983.6    8.3  232.0   65.0  444.0
2019 298 10 25 1300  -26.5  983.4    8.4  217.0   69.0  444.0
2019 298 10 25 1400  -25.7  983.1    8.6  222.0   68.0  444.0
2019 298 10 25 1500  -24.6  983.0    9.0  217.0   65.0  444.0
2019 298 10 25 1600  -24.0  982.8    9.3  229.0   64.0  444.0
2019 298 10 25 1700  -23.3  982.7    9.3  229.0   64.0  444.0
2019 298 10 25 1800  -24.6  982.6    9.9  233.0   67.0  444.0
2019 298 10 25 1900  -24.1  982.4   10.9  236.0   68.3  444.0
2019 298 10 25 2000  -23.1  982.1   10.4  237.0   68.0  444.0
2019 298 10 25 2100  -21.7  982.1   10.5  246.0   71.0  444.0
2019 298 10 25 2200  -20.6  981.5   11.8  248.0   72.0  444.0
2019 298 10 25 2300  -19.8  981.4   12.7  245.0   68.0  444.0
2019 299 10 26 0000  -19.2  981.3   11.6  240.0   61.0  444.0
2019 299 10 26 0100  -19.0  981.1   11.4  244.0   63.0  444.0
2019 299 10 26 0200  -18.1  980.5   11.5  241.0   67.0  444.0
2019 299 10 26 0300  -17.7  979.9   11.5  247.0   67.2  444.0
2019 299 10 26 0400  -17.8  979.3   11.4  254.0   68.0  444.0
2019 299 10 26 0500  -17.9  979.2   10.3  247.0   68.0  444.0
2019 299 10 26 0600  -18.3  978.9    9.5  261.0   68.0  444.0
2019 299 10 26 0700  -18.8  978.7    9.2  270.0   73.2  444.0
2019 299 10 26 0800  -18.8  978.8    9.0  249.0   80.0  444.0
2019 299 10 26 0900  -18.4  978.5    9.7  239.0   80.0  444.0
2019 299 10 26 1000  -17.7  978.1   11.1  242.0   82.0  444.0
2019 299 10 26 1100  -16.7  977.8   11.3  245.0   85.0  444.0
2019 299 10 26 1200  -15.8  977.9   10.5  249.0   89.0  444.0
2019 299 10 26 1300  -15.8  978.0   10.7  242.0   88.0  444.0
2019 299 10 26 1400  -17.0  977.5    9.4  256.0   86.0  444.0
2019 299 10 26 1500  -18.8  978.2    9.8  222.0   82.0  444.0
2019 299 10 26 1600  -17.2  977.5   10.2  235.0   79.0  444.0
2019 299 10 26 1700  -16.3  977.4   10.4  241.0   85.8  444.0
2019 299 10 26 1800  -17.2  977.4   10.0  243.0   84.0  444.0
2019 299 10 26 1900  -15.4  977.1   10.7  243.0   85.0  444.0
2019 299 10 26 2000  -14.3  977.2   10.4  242.0   85.0  444.0
2019 299 10 26 2100  -14.3  977.4   10.3  244.0   86.0  444.0
2019 299 10 26 2200  -14.9  977.9   11.2  242.0   86.0  444.0
2019 299 10 26 2300  -14.8  977.9   11.7  240.0   84.0  444.0
2019 300 10 27 0000  -14.2  978.1   12.1  241.0   85.0  444.0
2019 300 10 27 0100  -14.0  978.2   11.6  244.0   84.0  444.0
2019 300 10 27 0200  -14.1  978.3   11.0  245.0   84.0  444.0
2019 300 10 27 0300  -14.2  978.5   10.8  248.0   85.0  444.0
2019 300 10 27 0400  -15.7  978.6   10.2  257.0   83.0  444.0
2019 300 10 27 0500  -16.2  978.9   10.7  248.0   80.0  444.0
2019 300 10 27 0600  -16.2  979.0   10.8  249.0   74.0  444.0
2019 300 10 27 0700  -16.2  979.0   10.5  248.0   77.0  444.0
2019 300 10 27 0800  -15.5  979.6    9.9  242.0   75.0  444.0
2019 300 10 27 0900  -16.2  980.2    8.3  234.0   78.0  444.0
2019 300 10 27 1000  -16.8  980.5    6.8  229.0   79.9  444.0
2019 300 10 27 1100  -17.2  980.7    7.2  239.0   80.0  444.0
2019 300 10 27 1200  -18.4  980.4    7.7  270.0   79.0  444.0
2019 300 10 27 1300  -19.7  980.3    6.6  268.0   81.0  444.0
2019 300 10 27 1400  -20.5  980.2    6.3  263.0   83.0  444.0
2019 300 10 27 1500  -19.3  980.2    7.4  269.0   85.0  444.0
2019 300 10 27 1600  -17.7  980.5    8.4  258.0   87.0  444.0
2019 300 10 27 1700  -17.2  980.5    8.9  257.0   86.0  444.0
2019 300 10 27 1800  -16.8  980.9    7.4  262.0   87.0  444.0
2019 300 10 27 1900  -16.7  981.4    5.4  259.0   86.0  444.0
2019 300 10 27 2000  -16.2  981.9    4.0  255.0   85.6  444.0
2019 300 10 27 2100  -17.3  982.4    5.3  262.0   82.0  444.0
2019 300 10 27 2200  -16.8  982.7    5.7  250.0   82.0  444.0
2019 300 10 27 2300  -16.8  982.9    6.3  273.0   83.0  444.0
2019 301 10 28 0000  -16.2  983.0    6.9  264.0   83.0  444.0
2019 301 10 28 0100  -15.9  982.9    7.8  270.0   84.0  444.0
2019 301 10 28 0200  -15.2  983.3    5.6  259.0   86.0  444.0
2019 301 10 28 0300  -15.9  983.6    4.2  215.0   85.0  444.0
2019 301 10 28 0400  -16.3  984.0    4.2  215.0   82.0  444.0
2019 301 10 28 0500  -16.7  984.4    5.1  223.0   84.2  444.0
2019 301 10 28 0600  -17.5  984.7    5.2  216.0   84.0  444.0
2019 301 10 28 0700  -18.6  985.2    4.2  232.0   82.0  444.0
2019 301 10 28 0800  -19.5  985.7    5.0  221.0   83.0  444.0
2019 301 10 28 0900  -19.6  986.2    5.2  218.0   86.0  444.0
2019 301 10 28 1000  -19.9  986.3    5.0  223.0   84.0  444.0
2019 301 10 28 1100  -20.8  986.8    5.6  209.0   84.0  444.0
2019 301 10 28 1200  -21.4  987.3    4.9  223.0   85.0  444.0
2019 301 10 28 1300  -20.6  987.6    4.5  225.0   85.0  444.0
2019 301 10 28 1400  -19.4  987.8    5.1  214.0   87.0  444.0
2019 301 10 28 1500  -17.9  987.9    4.7  222.0   88.0  444.0
2019 301 10 28 1600  -17.5  988.2    3.3  233.0   88.0  444.0
2019 301 10 28 1700  -17.0  988.3    4.0  219.0   88.0  444.0
2019 301 10 28 1800  -17.8  988.5    4.4  239.0   87.0  444.0
2019 301 10 28 1900  -19.5  988.7    4.9  239.0   82.0  444.0
2019 301 10 28 2000  -20.5  989.1    5.5  226.0   80.0  444.0
2019 301 10 28 2100  -20.7  989.4    4.0  225.0   79.5  444.0
2019 301 10 28 2200  -20.6  989.4    6.0  231.0   80.0  444.0
2019 301 10 28 2300  -19.9  989.7    5.1  226.0   79.0  444.0
2019 302 10 29 0000  -19.3  989.6    5.2  245.0   79.0  444.0
2019 302 10 29 0100  -18.7  989.4    6.3  234.0   79.0  444.0
2019 302 10 29 0200  -18.9  989.7    5.8  221.0   76.0  444.0
2019 302 10 29 0300  -18.8  990.0    6.0  212.0   75.8  444.0
2019 302 10 29 0400  -19.1  989.9    6.8  205.0   77.0  444.0
2019 302 10 29 0500  -18.9  990.4    6.1  206.0   77.0  444.0
2019 302 10 29 0600  -19.2  990.5    6.8  213.0   77.0  444.0
2019 302 10 29 0700  -19.7  990.9    6.3  217.0   78.0  444.0
2019 302 10 29 0800  -20.0  991.5    6.0  217.0   78.7  444.0
2019 302 10 29 0900  -21.3  991.6    6.1  214.0   80.0  444.0
2019 302 10 29 1000  -22.1  992.0    4.2  221.0   79.0  444.0
2019 302 10 29 1100  -24.4  992.2    6.0  225.0   80.0  444.0
2019 302 10 29 1200  -24.5  992.5    6.0  217.0   80.0  444.0
2019 302 10 29 1300  -24.7  992.5    5.9  212.0   80.0  444.0
2019 302 10 29 1400  -26.3  992.8    5.4  227.0   78.0  444.0
2019 302 10 29 1500  -26.1  992.9    5.7  213.0   78.0  444.0
2019 302 10 29 1600  -26.1  993.1    1.1  207.0   78.0  444.0
2019 302 10 29 1700  -23.8  993.4    4.9  203.0   81.0  444.0
2019 302 10 29 1800  -21.9  993.5    4.6  218.0   82.0  444.0
2019 302 10 29 1900  -21.6  993.7    5.2  224.0   82.0  444.0
2019 302 10 29 2000  -21.5  993.6    5.6  228.0   81.0  444.0
2019 302 10 29 2100  -22.2  993.7    5.6  234.0   80.0  444.0
2019 302 10 29 2200  -22.1  993.5    4.7  232.0   77.0  444.0
2019 302 10 29 2300  -21.9  993.2    6.9  223.0   78.0  444.0
2019 303 10 30 0000  -21.4  993.1    5.9  225.0   78.0  444.0
2019 303 10 30 0100  -21.4  992.8    5.6  224.0   76.5  444.0
2019 303 10 30 0200  -20.8  992.3    5.8  226.0   75.0  444.0
2019 303 10 30 0300  -20.1  992.0    7.6  213.0   75.0  444.0
2019 303 10 30 0400  -19.8  991.8    6.8  212.0   74.0  444.0
2019 303 10 30 0500  -20.1  991.9    5.8  226.0   74.0  444.0
2019 303 10 30 0600  -20.6  991.7    5.9  223.0   73.6  444.0
2019 303 10 30 0700  -21.1  991.4    6.2  219.0   73.0  444.0
2019 303 10 30 0800  -21.5  991.4    6.2  225.0   71.0  444.0
2019 303 10 30 0900  -22.7  991.1    5.5  229.0   70.7  444.0
2019 303 10 30 1000  -24.2  991.2    4.9  221.0   73.0  444.0
2019 303 10 30 1100  -25.5  991.0    4.7  223.0   74.0  444.0
2019 303 10 30 1200  -26.1  990.8    3.8  218.0   73.0  444.0
2019 303 10 30 1300  -27.6  990.6    3.8  226.0   75.0  444.0
2019 303 10 30 1400  -28.1  990.4    3.7  226.0   76.7  444.0
2019 303 10 30 1500  -28.4  990.2    3.4  225.0   79.0  444.0
2019 303 10 30 1600  -29.7  989.6    4.8  260.0   79.0  444.0
2019 303 10 30 1700  -25.8  989.4    5.3  250.0   74.0  444.0
2019 303 10 30 1800  -25.2  989.3    4.5  241.0   71.1  444.0
2019 303 10 30 1900  -26.0  989.2    4.5  251.0   71.0  444.0
2019 303 10 30 2000  -24.4  989.3    4.7  239.0   69.0  444.0
2019 303 10 30 2100  -23.5  989.5    4.5  235.0   70.0  444.0
2019 303 10 30 2200  -23.5  989.2    4.3  248.0   71.0  444.0
2019 303 10 30 2300  -22.0  988.9    5.6  246.0   71.2  444.0
2019 304 10 31 0000  -21.3  988.8    6.4  236.0   73.0  444.0
2019 304 10 31 0100  -20.8  988.3    7.0  248.0   71.0  444.0
2019 304 10 31 0200  -20.4  987.7    8.3  252.0   73.0  444.0
2019 304 10 31 0300  -20.2  987.6    7.2  243.0   72.0  444.0
2019 304 10 31 0400  -19.7  988.0    7.4  242.0   74.6  444.0
2019 304 10 31 0500  -19.1  987.7    6.9  246.0   76.0  444.0
2019 304 10 31 0600  -18.7  987.7    7.7  242.0   76.0  444.0
2019 304 10 31 0700  -18.6  987.2    7.5  244.0   76.0  444.0
2019 304 10 31 0800  -18.9  987.2    6.3  238.0   76.0  444.0
2019 304 10 31 0900  -19.5  986.9    6.2  242.0   76.0  444.0
2019 304 10 31 1000  -19.5  986.6    5.0  240.0   75.0  444.0
2019 304 10 31 1100  -20.4  986.5    4.4  240.0   78.3  444.0
2019 304 10 31 1200  -20.0  986.0    5.2  240.0   75.6  444.0
2019 304 10 31 1300  -19.6  986.1    3.9  219.0   77.0  444.0
2019 304 10 31 1400  -20.1  986.2    2.9  168.0   79.0  444.0
2019 304 10 31 1500  -20.6  986.3    2.3  238.0   81.0  444.0
2019 304 10 31 1600  -20.2  985.9    2.3  241.0   82.0  444.0
2019 304 10 31 1700  -19.9  985.8    3.1  252.0   82.8  444.0
2019 304 10 31 1800  -19.4  985.0    4.9  266.0   83.0  444.0
2019 304 10 31 1900  -17.0  984.3    7.8  228.0   85.0  444.0
2019 304 10 31 2000  -14.9  984.2    7.3  216.0   87.0  444.0
2019 304 10 31 2100  -13.2  983.8    8.7  209.0   85.5  444.0
2019 304 10 31 2200  -12.0  983.7    7.9  205.0   88.0  444.0
2019 304 10 31 2300  -11.3  983.7    8.3  216.0   87.0  444.0
