Year: 2017  Month: 07  ID: SWT  ARGOS:  8913  Name: Schwerdtfeger       
Lat: 79.87S  Lon: 170.15E  Elev:   54m
2017 182  7  1 0000  -26.2  981.7    6.4  186.0   77.8  444.0
2017 182  7  1 0100  -26.6  981.6    6.6  200.0   78.0  444.0
2017 182  7  1 0200  -27.7  982.0    6.8  196.0   77.0  444.0
2017 182  7  1 0300  -28.1  982.0    7.2  214.0   77.0  444.0
2017 182  7  1 0400  -27.5  981.4    8.8  230.0   77.5  444.0
2017 182  7  1 0500  -26.4  981.1   10.1  232.0   78.2  444.0
2017 182  7  1 0600  -25.2  981.6    9.6  224.0   79.0  444.0
2017 182  7  1 0700  -26.4  982.0    8.2  217.0   78.0  444.0
2017 182  7  1 0800  -26.7  982.2    7.7  224.0   78.0  444.0
2017 182  7  1 0900  -27.0  982.3    7.8  222.0   78.0  444.0
2017 182  7  1 1000  -28.4  983.1    4.8  179.0   77.0  444.0
2017 182  7  1 1100  -29.6  983.5    4.3  202.0   75.9  444.0
2017 182  7  1 1200  -28.9  983.5    4.7  200.0   76.0  444.0
2017 182  7  1 1300  -32.1  984.5    5.5  251.0   74.0  444.0
2017 182  7  1 1400  -33.5  984.5    5.9  240.0   74.0  444.0
2017 182  7  1 1500  -31.1  984.3    6.0  244.0   75.0  444.0
2017 182  7  1 1600  -29.3  983.9    4.2  209.0   75.8  444.0
2017 182  7  1 1700  -24.2  983.6    5.1  239.0   78.0  444.0
2017 182  7  1 1800  -24.6  982.6    7.0  243.0   79.0  444.0
2017 182  7  1 1900  -25.1  981.3    8.6  266.0   79.0  444.0
2017 182  7  1 2000  -26.9  981.0    6.6  283.0   78.0  444.0
2017 182  7  1 2100  -27.0  980.1    6.3  311.0   77.7  444.0
2017 182  7  1 2200  -27.6  979.6    8.3  319.0   77.5  444.0
2017 182  7  1 2300  -28.1  979.9    9.0  316.0   77.0  444.0
2017 183  7  2 0000  -26.8  979.2    9.8  322.0   78.0  444.0
2017 183  7  2 0100  -26.4  978.7    9.6  319.0   78.0  444.0
2017 183  7  2 0200  -27.4  977.5    8.3  316.0   77.8  444.0
2017 183  7  2 0300  -24.4  976.6   11.2  288.0   80.0  444.0
2017 183  7  2 0400  -24.3  975.5   10.3  274.0   80.0  444.0
2017 183  7  2 0500  -23.8  975.4   12.4  270.0   81.0  444.0
2017 183  7  2 0600  -23.4  975.4   11.3  261.0   81.0  444.0
2017 183  7  2 0700  -24.1  975.7    7.9  275.0   80.0  444.0
2017 183  7  2 0800  -24.6  975.6   11.7  269.0   80.0  444.0
2017 183  7  2 0900  -26.1  975.2    9.2  252.0   79.0  444.0
2017 183  7  2 1000  -28.6  974.8    9.2  272.0   77.0  444.0
2017 183  7  2 1100  -34.7  976.0   10.6  226.0   73.0  444.0
2017 183  7  2 1200  -34.9  976.7    8.8  233.0   73.0  444.0
2017 183  7  2 1300  -35.0  976.8    9.5  226.0   73.0  444.0
2017 183  7  2 1400  -36.5  977.5    8.0  220.0   72.0  444.0
2017 183  7  2 1500  -37.4  977.4   10.2  211.0   71.0  444.0
2017 183  7  2 1600  -36.9  977.8    8.6  212.0   72.0  444.0
2017 183  7  2 1700  -36.8  977.9    8.8  216.0   72.0  444.0
2017 183  7  2 1800  -36.6  978.4   10.4  197.0   72.0  444.0
2017 183  7  2 1900  -36.3  978.5   11.6  181.0   72.0  444.0
2017 183  7  2 2000  -36.4  979.5   12.2  176.0   72.0  444.0
2017 183  7  2 2100  -37.9  980.6   11.3  186.0   71.0  444.0
2017 183  7  2 2200  -37.1  981.6   10.8  189.0   71.0  444.0
2017 183  7  2 2300  -36.2  982.1   10.2  189.0   72.0  444.0
2017 184  7  3 0000  -36.1  982.4    9.2  188.0   72.0  444.0
2017 184  7  3 0100  -36.6  982.5    8.6  205.0   72.0  444.0
2017 184  7  3 0200  -37.3  982.2    8.7  202.0   71.0  444.0
2017 184  7  3 0300  -36.9  982.3    9.4  200.0   72.0  444.0
2017 184  7  3 0400  -36.5  982.4    8.3  208.0   72.0  444.0
2017 184  7  3 0500  -37.0  982.5    7.3  222.0   71.0  444.0
2017 184  7  3 0600  -37.3  982.2    7.9  221.0   71.0  444.0
2017 184  7  3 0700  -37.4  981.7    8.9  226.0   71.1  444.0
2017 184  7  3 0800  -39.1  981.7    7.8  231.0   70.0  444.0
2017 184  7  3 0900  -38.3  981.2    6.6  232.0   70.0  444.0
2017 184  7  3 1000  -40.2  980.3    7.7  246.0   69.0  444.0
2017 184  7  3 1100  -40.3  979.9    7.8  237.0   69.0  444.0
2017 184  7  3 1200  -40.4  979.4    6.2  240.0   69.0  444.0
2017 184  7  3 1300  -40.5  978.8    6.0  241.0   69.0  444.0
2017 184  7  3 1400  -40.1  978.6    6.4  252.0   69.0  444.0
2017 184  7  3 1500  -39.2  977.6    8.4  244.0   69.7  444.0
2017 184  7  3 1600  -39.4  976.9    7.9  240.0   70.0  444.0
2017 184  7  3 1700  -39.0  976.4    8.2  236.0   70.0  444.0
2017 184  7  3 1800  -39.1  975.9    7.3  230.0   70.0  444.0
2017 184  7  3 1900  -40.2  975.8    6.6  239.0   69.0  444.0
2017 184  7  3 2000  -40.8  975.5    5.9  233.0   69.0  444.0
2017 184  7  3 2100  -41.2  975.9    4.9  240.0   68.3  444.0
2017 184  7  3 2200  -41.0  975.5    5.5  240.0   68.0  444.0
2017 184  7  3 2300  -37.3  974.6    7.3  247.0   71.0  444.0
2017 185  7  4 0000  -34.0  974.5    8.1  253.0   73.0  444.0
2017 185  7  4 0100  -32.6  973.5    9.1  248.0   74.0  444.0
2017 185  7  4 0200  -33.2  973.4    8.7  253.0   73.7  444.0
2017 185  7  4 0300  -32.3  973.3    8.4  244.0   74.0  444.0
2017 185  7  4 0400  -32.3  973.1    8.6  242.0   74.0  444.0
2017 185  7  4 0500  -32.5  972.5    8.0  248.0   74.0  444.0
2017 185  7  4 0600  -32.4  972.2    8.6  254.0   74.0  444.0
2017 185  7  4 0700  -33.1  972.9    6.0  224.0   74.0  444.0
2017 185  7  4 0800  -35.4  972.8    4.8  227.0   74.0  444.0
2017 185  7  4 0900  -37.9  972.8    4.0  210.0   71.0  444.0
2017 185  7  4 1000  -39.4  972.5    3.3  224.0   69.4  444.0
2017 185  7  4 1100  -40.0  971.9    4.1  238.0   69.0  444.0
2017 185  7  4 1200  -39.5  971.8    4.5  250.0   69.0  444.0
2017 185  7  4 1300  -36.9  971.5    7.3  242.0   71.0  444.0
2017 185  7  4 1400  -38.3  970.9    4.6  259.0   70.0  444.0
2017 185  7  4 1500  -39.6  971.1    2.9  187.0   69.5  444.0
2017 185  7  4 1600  -41.4  971.0    3.9  186.0   68.0  444.0
2017 185  7  4 1700  -44.5  971.7    3.6  216.0   67.0  444.0
2017 185  7  4 1800  -45.3  972.6    4.2  206.0   66.0  444.0
2017 185  7  4 1900  -46.3  972.5    3.3  219.0   65.0  444.0
2017 185  7  4 2000  -45.9  972.3    3.0  227.0   65.3  444.0
2017 185  7  4 2100  -45.8  972.0    1.1  219.0   65.0  444.0
2017 185  7  4 2200  -46.0  971.9    0.8  203.0   65.0  444.0
2017 185  7  4 2300  -46.0  972.1    0.6  156.0   65.0  444.0
2017 186  7  5 0000  -46.6  973.2    1.9  156.0   64.5  444.0
2017 186  7  5 0100  -46.2  974.5    3.4  206.0   64.8  444.0
2017 186  7  5 0200  -46.7  975.6    4.3  194.0   65.0  444.0
2017 186  7  5 0300  -47.0  976.0    5.9  182.0   64.6  444.0
2017 186  7  5 0400  -48.0  976.5    6.2  192.0   64.0  444.0
2017 186  7  5 0500  -47.4  976.6    5.7  207.0   64.0  444.0
2017 186  7  5 0600  -47.1  976.3    4.9  219.0   64.5  444.0
2017 186  7  5 0700  -46.8  975.9    3.8  217.0   65.0  444.0
2017 186  7  5 0800  -46.8  975.4    3.9  225.0   64.5  444.0
2017 186  7  5 0900  -47.3  975.0    4.2  230.0   64.0  444.0
2017 186  7  5 1000  -46.9  974.6    4.1  225.0   64.0  444.0
2017 186  7  5 1100  -47.1  973.8    4.1  233.0   64.0  444.0
2017 186  7  5 1200  -47.0  973.6    3.5  257.0   64.0  444.0
2017 186  7  5 1300  -46.3  972.9    4.2  250.0   64.3  444.0
2017 186  7  5 1400  -46.3  971.9    3.5  238.0   64.0  444.0
2017 186  7  5 1500  -46.8  971.6    3.5  280.0   64.0  444.0
2017 186  7  5 1600  -45.3  971.3    3.5  297.0   64.0  444.0
2017 186  7  5 1700  -46.6  970.6    3.4  303.0   64.0  444.0
2017 186  7  5 1800  -45.8  969.7    2.6  303.0   64.6  444.0
2017 186  7  5 1900  -45.1  969.3    2.9  315.0   65.0  444.0
2017 186  7  5 2000  -45.4  968.9    2.4  315.0   65.0  444.0
2017 186  7  5 2100  -46.1  968.6    3.6  330.0   65.0  444.0
2017 186  7  5 2200  -46.3  968.2    2.6  330.0   64.7  444.0
2017 186  7  5 2300  -46.8  967.5    3.0  330.0   64.3  444.0
2017 187  7  6 0000  -47.0  967.3    1.4  330.0   64.2  444.0
2017 187  7  6 0100  -47.3  967.0    2.7  330.0   64.0  444.0
2017 187  7  6 0200  -45.8  967.2    2.4  330.0   64.0  444.0
2017 187  7  6 0300  -43.6  967.2    1.3  330.0   65.3  444.0
2017 187  7  6 0400  -40.6  966.9    3.1  270.0   67.0  444.0
2017 187  7  6 0500  -39.1  966.6    4.2  274.0   68.0  444.0
2017 187  7  6 0600  -38.0  966.8    4.6  269.0   69.3  444.0
2017 187  7  6 0700  -36.2  966.8    5.1  258.0   71.0  444.0
2017 187  7  6 0800  -34.4  967.1    5.8  253.0   72.0  444.0
2017 187  7  6 0900  -33.3  967.1    6.5  258.0   73.0  444.0
2017 187  7  6 1000  -34.6  967.8    3.0  238.0   73.0  444.0
2017 187  7  6 1100  -31.6  966.9    6.6  258.0   73.9  444.0
2017 187  7  6 1200  -30.1  965.8   10.4  260.0   75.0  444.0
2017 187  7  6 1300  -29.4  965.8   11.5  247.0   76.0  444.0
2017 187  7  6 1400  -29.1  965.7    9.0  251.0   76.0  444.0
2017 187  7  6 1500  -28.9  965.4    8.4  241.0   76.0  444.0
2017 187  7  6 1600  -30.6  965.6    7.1  236.0   75.2  444.0
2017 187  7  6 1700  -29.4  965.2    6.2  243.0   76.0  444.0
2017 187  7  6 1800  -26.8  964.8    9.3  217.0   78.0  444.0
2017 187  7  6 1900  -26.2  964.8    8.8  214.0   78.0  444.0
2017 187  7  6 2000  -25.8  964.6    8.7  222.0   79.0  444.0
2017 187  7  6 2100  -25.2  964.3    9.9  204.0   78.9  444.0
2017 187  7  6 2200  -25.7  964.3    7.8  204.0   79.0  444.0
2017 187  7  6 2300  -27.2  963.9    7.6  210.0   78.0  444.0
2017 188  7  7 0000  -26.3  963.4    6.5  209.0   78.0  444.0
2017 188  7  7 0100  -27.2  963.7    2.9  159.0   78.0  444.0
2017 188  7  7 0200  -28.7  963.9    8.3  180.0   77.0  444.0
2017 188  7  7 0300  -30.0  964.3    6.2  183.0   76.0  444.0
2017 188  7  7 0400  -30.9  964.8    5.2  171.0   75.4  444.0
2017 188  7  7 0500  -31.6  965.1    7.1  174.0   75.0  444.0
2017 188  7  7 0600  -32.1  965.8    8.1  178.0   74.0  444.0
2017 188  7  7 0700  -32.8  966.2    7.5  185.0   74.0  444.0
2017 188  7  7 0800  -32.6  967.0    6.5  187.0   74.0  444.0
2017 188  7  7 0900  -32.3  967.4    4.5  206.0   74.5  444.0
2017 188  7  7 1000  -30.1  967.9    4.8  220.0   76.0  444.0
2017 188  7  7 1100  -28.2  968.5    5.5  214.0   77.0  444.0
2017 188  7  7 1200  -27.1  968.9    5.0  204.0   78.0  444.0
2017 188  7  7 1300  -27.8  968.5    5.1  206.0   77.0  444.0
2017 188  7  7 1400  -27.7  968.8    5.6  232.0   77.3  444.0
2017 188  7  7 1500  -26.2  969.1    6.9  232.0   78.4  444.0
2017 188  7  7 1600  -24.9  969.2    8.1  216.0   80.0  444.0
2017 188  7  7 1700  -24.2  968.8    7.3  213.0   80.0  444.0
2017 188  7  7 1800  -24.1  968.8    8.3  216.0   84.0  444.0
2017 188  7  7 1900  -25.7  968.7    8.1  208.0   79.0  444.0
2017 188  7  7 2000  -26.5  968.9    9.1  206.0   78.0  444.0
2017 188  7  7 2100  -28.0  969.4    7.9  190.0   77.0  444.0
2017 188  7  7 2200  -30.0  969.6    6.8  214.0   76.0  444.0
2017 188  7  7 2300  -30.2  969.5    7.5  210.0   76.0  444.0
2017 189  7  8 0000  -29.0  969.5    9.0  208.0   77.0  444.0
2017 189  7  8 0100  -28.0  969.2    9.5  206.0   77.0  444.0
2017 189  7  8 0200  -28.6  969.6    8.7  205.0   77.0  444.0
2017 189  7  8 0300  -32.2  969.6    8.4  224.0   75.0  444.0
2017 189  7  8 0400  -31.6  969.8    8.2  216.0   75.0  444.0
2017 189  7  8 0500  -31.9  970.1    7.4  213.0   75.0  444.0
2017 189  7  8 0600  -33.1  970.3    5.0  217.0   74.0  444.0
2017 189  7  8 0700  -33.6  970.0    4.0  220.0   73.0  444.0
2017 189  7  8 0800  -34.6  969.7    4.6  207.0   73.0  444.0
2017 189  7  8 0900  -37.4  969.7    3.6  252.0   71.0  444.0
2017 189  7  8 1000  -38.1  969.4    4.1  251.0   71.0  444.0
2017 189  7  8 1100  -37.9  969.3    2.5  233.0   70.0  444.0
2017 189  7  8 1200  -37.2  969.1    0.0    0.0   71.0  444.0
2017 189  7  8 1300  -34.7  968.6    3.8  260.0   71.0  444.0
2017 189  7  8 1400  -35.7  968.8    0.7  179.0   72.0  444.0
2017 189  7  8 1500  -32.3  968.5    3.3  207.0   74.0  444.0
2017 189  7  8 1600  -33.3  968.5    0.2  160.0   74.2  444.0
2017 189  7  8 1700  -34.3  968.5    0.8  160.0   73.0  444.0
2017 189  7  8 1800  -37.1  968.0    4.2  258.0   71.6  444.0
2017 189  7  8 1900  -35.0  967.7    7.1  250.0   72.0  444.0
2017 189  7  8 2000  -35.0  967.9    6.8  248.0   72.6  444.0
2017 189  7  8 2100  -35.5  968.1    6.1  242.0   72.0  444.0
2017 189  7  8 2200  -34.8  968.2    6.5  244.0   73.0  444.0
2017 189  7  8 2300  -32.2  968.7    6.2  229.0   74.5  444.0
2017 190  7  9 0000  -32.6  968.9    4.6  241.0   74.0  444.0
2017 190  7  9 0100  -33.6  969.2    2.0  240.0   74.0  444.0
2017 190  7  9 0200  -34.3  969.1    2.4  243.0   73.0  444.0
2017 190  7  9 0300  -34.4  969.4    2.7  254.0   72.6  444.0
2017 190  7  9 0400  -35.7  969.5    3.0  249.0   72.2  444.0
2017 190  7  9 0500  -36.8  969.9    1.7  212.0   71.0  444.0
2017 190  7  9 0600  -37.4  970.2    0.9  281.0   71.0  444.0
2017 190  7  9 0700  -38.4  970.5    4.4  278.0   70.0  444.0
2017 190  7  9 0800  -40.4  971.1    3.1  261.0   69.3  444.0
2017 190  7  9 0900  -40.4  971.6    3.1  298.0   68.4  444.0
2017 190  7  9 1000  -40.7  971.8    2.5  310.0   68.0  444.0
2017 190  7  9 1100  -42.0  972.4    0.8   78.0   67.6  444.0
2017 190  7  9 1200  -42.7  972.5    0.3   78.0   67.0  444.0
2017 190  7  9 1300  -41.2  973.0    2.6  351.0   67.0  444.0
2017 190  7  9 1400  -45.7  973.5    3.5  169.0   66.0  444.0
2017 190  7  9 1500  -46.6  975.0    4.8  189.0   65.0  444.0
2017 190  7  9 1600  -47.6  976.0    5.2  173.0   64.0  444.0
2017 190  7  9 1700  -48.5  976.6    4.2  170.0   64.0  444.0
2017 190  7  9 1800  -49.1  977.4    4.3  180.0   63.0  444.0
2017 190  7  9 1900  -49.4  978.4    4.2  168.0   63.2  444.0
2017 190  7  9 2000  -49.9  979.0    1.7  175.0   63.0  444.0
2017 190  7  9 2100  -50.1  979.7    2.0  244.0   62.5  444.0
2017 190  7  9 2200  -50.3  980.4    2.8  259.0   62.0  444.0
2017 190  7  9 2300  -50.6  981.1    2.3  232.0   62.0  444.0
2017 191  7 10 0000  -50.0  981.8    1.8  200.0   62.0  444.0
2017 191  7 10 0100  -49.8  982.5    1.9  268.0   62.1  444.0
2017 191  7 10 0200  -51.2  983.2    3.0  301.0   61.8  444.0
2017 191  7 10 0300  -48.7  984.0    3.6  264.0   62.0  444.0
2017 191  7 10 0400  -47.2  984.2    1.5  263.0   63.0  444.0
2017 191  7 10 0500  -46.5  984.6    1.5  323.0   63.0  444.0
2017 191  7 10 0600  -48.6  985.6    2.6    4.0   62.7  444.0
2017 191  7 10 0700  -49.6  986.6    2.7    3.0   62.2  444.0
2017 191  7 10 0800  -49.9  987.7    2.8  338.0   62.0  444.0
2017 191  7 10 0900  -50.8  988.4    2.4  352.0   62.0  444.0
2017 191  7 10 1000  -50.3  989.3    2.3  352.0   62.0  444.0
2017 191  7 10 1100  -50.3  989.6    2.4    7.0   61.8  444.0
2017 191  7 10 1200  -49.9  990.7    3.0  298.0   61.7  444.0
2017 191  7 10 1300  -48.4  990.9    2.5  287.0   62.0  444.0
2017 191  7 10 1400  -50.0  991.8    2.8  350.0   62.0  444.0
2017 191  7 10 1500  -50.3  992.6    2.7  349.0   62.0  444.0
2017 191  7 10 1600  -48.6  993.0    2.1  343.0   63.0  444.0
2017 191  7 10 1700  -47.9  993.6    3.1  343.0   63.1  444.0
2017 191  7 10 1800  -48.9  994.3    2.6  350.0   63.0  444.0
2017 191  7 10 1900  -47.5  995.0    3.0  317.0   63.0  444.0
2017 191  7 10 2000  -45.8  995.3    2.5  310.0   63.0  444.0
2017 191  7 10 2100  -44.2  996.0    4.4    5.0   64.0  444.0
2017 191  7 10 2200  -46.0  996.8    3.4  357.0   64.6  444.0
2017 191  7 10 2300  -42.7  996.7    3.7  322.0   65.7  444.0
2017 192  7 11 0000  -40.5  996.7    4.1  305.0   67.6  444.0
2017 192  7 11 0100  -38.1  996.6    6.2  300.0   70.0  444.0
2017 192  7 11 0200  -36.2  996.2    5.5  248.0   71.0  444.0
2017 192  7 11 0300  -34.9  996.1    6.1  250.0   72.0  444.0
2017 192  7 11 0400  -36.0  996.3    7.1  248.0   71.4  444.0
2017 192  7 11 0500  -36.1  996.6    5.4  248.0   71.4  444.0
2017 192  7 11 0600  -35.8  996.7    4.5  260.0   72.0  444.0
2017 192  7 11 0700  -35.8  996.5    5.2  261.0   72.0  444.0
2017 192  7 11 0800  -36.0  996.0    6.3  256.0   72.0  444.0
2017 192  7 11 0900  -36.0  995.9    5.3  258.0   71.6  444.0
2017 192  7 11 1000  -36.2  995.5    5.3  258.0   71.5  444.0
2017 192  7 11 1100  -36.3  994.5    5.0  249.0   71.0  444.0
2017 192  7 11 1200  -36.2  993.8    4.4  239.0   71.0  444.0
2017 192  7 11 1300  -36.5  993.1    5.7  230.0   71.0  444.0
2017 192  7 11 1400  -40.0  992.2    9.0  218.0   68.6  444.0
2017 192  7 11 1500  -42.7  992.0    9.1  203.0   67.1  444.0
2017 192  7 11 1600  -43.4  991.1    9.2  209.0   67.0  444.0
2017 192  7 11 1700  -43.2  990.1    9.6  209.0   67.0  444.0
2017 192  7 11 1800  -43.2  988.7    9.5  203.0   67.0  444.0
2017 192  7 11 1900  -42.5  987.3   10.2  215.0   67.4  444.0
2017 192  7 11 2000  -41.8  986.2    9.8  210.0   67.8  444.0
2017 192  7 11 2100  -40.0  984.8    9.2  212.0   69.0  444.0
2017 192  7 11 2200  -37.6  984.2   11.4  201.0   70.4  444.0
2017 192  7 11 2300  -40.4  983.2   12.7  196.0   68.0  444.0
2017 193  7 12 0000  -42.2  981.9   13.0  200.0   67.0  444.0
2017 193  7 12 0100  -42.7  981.0   12.1  209.0   67.0  444.0
2017 193  7 12 0200  -43.0  980.1    7.6  203.0   67.0  444.0
2017 193  7 12 0300  -42.4  979.1    8.2  212.0   67.4  444.0
2017 193  7 12 0400  -41.2  977.7    4.7  191.0   68.0  444.0
2017 193  7 12 0500  -39.7  976.1    6.0  198.0   69.0  444.0
2017 193  7 12 0600  -41.0  974.7    5.2  196.0   68.0  444.0
2017 193  7 12 0700  -40.9  974.1    3.2  244.0   68.0  444.0
2017 193  7 12 0800  -40.4  973.2   10.7  243.0   68.6  444.0
2017 193  7 12 0900  -41.0  971.7    4.8  221.0   68.0  444.0
2017 193  7 12 1000  -40.0  970.8    2.7  264.0   69.0  444.0
2017 193  7 12 1100  -39.5  969.8    1.2  116.0   69.0  444.0
2017 193  7 12 1200  -39.8  969.8    6.0  220.0   69.0  444.0
2017 193  7 12 1300  -39.2  968.4   10.4  250.0   69.3  444.0
2017 193  7 12 1400  -38.9  968.7   10.3  252.0   69.0  444.0
2017 193  7 12 1500  -37.7  968.0   11.2  265.0   70.3  444.0
2017 193  7 12 1600  -37.6  967.8   13.2  267.0   70.0  444.0
2017 193  7 12 1700  -37.1  968.3   14.0  281.0   70.6  444.0
2017 193  7 12 1800  -38.0  968.0   12.4  279.0   70.0  444.0
2017 193  7 12 1900  -36.5  967.9   13.8  265.0   71.0  444.0
2017 193  7 12 2000  -35.9  967.5   14.9  278.0   71.7  444.0
2017 193  7 12 2100  -36.9  968.1   11.8  300.0   71.0  444.0
2017 193  7 12 2200  -38.0  967.6    9.9  301.0   70.0  444.0
2017 193  7 12 2300  -38.2  967.2   10.9  304.0   70.0  444.0
2017 194  7 13 0000  -38.2  966.8    9.2  294.0   70.0  444.0
2017 194  7 13 0100  -39.5  965.8    8.8  280.0   69.2  444.0
2017 194  7 13 0200  -38.5  965.0   11.1  286.0   70.0  444.0
2017 194  7 13 0300  -37.8  963.7   11.5  286.0   70.0  444.0
2017 194  7 13 0400  -36.1  963.1   11.7  252.0   71.0  444.0
2017 194  7 13 0500  -36.6  962.0   12.5  268.0   71.0  444.0
2017 194  7 13 0600  -35.3  961.5   12.4  252.0   72.0  444.0
2017 194  7 13 0700  -34.8  961.3    8.4  234.0   72.0  444.0
2017 194  7 13 0800  -34.1  961.5    9.7  238.0   73.0  444.0
2017 194  7 13 0900  -34.2  962.2    8.9  238.0   73.0  444.0
2017 194  7 13 1000  -34.2  962.1    9.9  246.0   73.0  444.0
2017 194  7 13 1100  -34.5  961.9    9.5  244.0   72.0  444.0
2017 194  7 13 1200  -34.1  962.3    7.7  235.0   73.0  444.0
2017 194  7 13 1300  -34.0  962.1   10.2  243.0   73.0  444.0
2017 194  7 13 1400  -35.2  962.4    9.8  244.0   72.0  444.0
2017 194  7 13 1500  -34.9  962.8    9.9  242.0   72.0  444.0
2017 194  7 13 1600  -35.6  961.5    8.3  248.0   72.0  444.0
2017 194  7 13 1700  -35.5  961.5    8.3  245.0   72.0  444.0
2017 194  7 13 1800  -36.0  961.6    8.2  246.0   72.0  444.0
2017 194  7 13 1900  -38.0  962.6    7.1  251.0   70.0  444.0
2017 194  7 13 2000  -37.6  962.8    7.2  256.0   70.0  444.0
2017 194  7 13 2100  -37.3  962.5    6.7  230.0   71.0  444.0
2017 194  7 13 2200  -36.4  963.0    7.0  236.0   71.0  444.0
2017 194  7 13 2300  -34.7  962.3    9.3  255.0   72.0  444.0
2017 195  7 14 0000  -34.4  962.1    9.9  233.0   73.0  444.0
2017 195  7 14 0100  -34.7  963.9    8.0  236.0   72.0  444.0
2017 195  7 14 0200  -36.0  965.2    7.9  233.0   72.0  444.0
2017 195  7 14 0300  -38.8  966.7    6.4  224.0   69.7  444.0
2017 195  7 14 0400  -39.9  967.4    5.0  219.0   69.0  444.0
2017 195  7 14 0500  -42.5  968.0    5.6  221.0   67.0  444.0
2017 195  7 14 0600  -44.0  968.5    6.1  214.0   66.0  444.0
2017 195  7 14 0700  -44.4  969.5    6.8  207.0   66.0  444.0
2017 195  7 14 0800  -45.2  970.5    4.9  212.0   65.6  444.0
2017 195  7 14 0900  -45.4  971.3    6.7  193.0   65.0  444.0
2017 195  7 14 1000  -46.1  972.6    4.1  199.0   65.0  444.0
2017 195  7 14 1100  -47.5  973.8    3.6  201.0   64.0  444.0
2017 195  7 14 1200  -48.8  974.6    3.4  188.0   63.0  444.0
2017 195  7 14 1300  -49.4  975.6    4.4  236.0   63.0  444.0
2017 195  7 14 1400  -50.0  975.7    5.0  215.0   63.0  444.0
2017 195  7 14 1500  -50.2  976.5    5.0  207.0   62.0  444.0
2017 195  7 14 1600  -50.6  976.8    4.6  219.0   62.0  444.0
2017 195  7 14 1700  -50.8  977.2    4.9  239.0   62.0  444.0
2017 195  7 14 1800  -50.9  977.1    3.6  245.0   62.0  444.0
2017 195  7 14 1900  -50.5  977.3    4.9  278.0   62.0  444.0
2017 195  7 14 2000  -48.8  977.4    4.6  272.0   63.0  444.0
2017 195  7 14 2100  -48.6  976.5    2.6  250.0   63.0  444.0
2017 195  7 14 2200  -48.2  977.0    2.5  260.0   63.0  444.0
2017 195  7 14 2300  -47.3  977.0    2.9  281.0   63.0  444.0
2017 196  7 15 0000  -46.8  977.1    2.3  281.0   63.8  444.0
2017 196  7 15 0100  -44.3  977.0    2.9  294.0   65.0  444.0
2017 196  7 15 0200  -45.3  976.8    4.7  298.0   65.0  444.0
2017 196  7 15 0300  -38.3  976.4    5.9  253.0   70.0  444.0
2017 196  7 15 0400  -35.6  976.3    6.8  234.0   72.0  444.0
2017 196  7 15 0500  -33.6  975.0    8.2  247.0   72.7  444.0
2017 196  7 15 0600  -34.5  976.2    8.0  233.0   72.2  444.0
2017 196  7 15 0700  -36.6  977.2    4.7  210.0   71.0  444.0
2017 196  7 15 0800  -38.4  978.0    4.7  221.0   70.0  444.0
2017 196  7 15 0900  -38.6  978.5    4.8  199.0   70.0  444.0
2017 196  7 15 1000  -39.6  979.1    3.1  199.0   69.0  444.0
2017 196  7 15 1100  -40.2  979.7    2.9  220.0   68.3  444.0
2017 196  7 15 1200  -39.5  980.0    3.3  219.0   69.0  444.0
2017 196  7 15 1300  -40.3  980.8    1.6  199.0   68.0  444.0
2017 196  7 15 1400  -40.0  981.0    3.0  170.0   68.0  444.0
2017 196  7 15 1500  -42.1  981.3    2.6  170.0   67.0  444.0
2017 196  7 15 1600  -41.9  981.7    3.1  170.0   66.8  444.0
2017 196  7 15 1700  -42.4  982.1    1.3  170.0   67.0  444.0
2017 196  7 15 1800  -41.7  982.6    0.0    0.0   67.0  444.0
2017 196  7 15 1900  -41.4  982.7    0.2  170.0   68.0  444.0
2017 196  7 15 2000  -40.9  983.0    0.0    0.0   68.0  444.0
2017 196  7 15 2100  -39.4  983.3    3.1  316.0   67.7  444.0
2017 196  7 15 2200  -39.7  983.4    4.0  275.0   68.1  444.0
2017 196  7 15 2300  -39.5  984.2    4.6  231.0   69.0  444.0
2017 197  7 16 0000  -39.0  983.9    3.9  225.0   69.0  444.0
2017 197  7 16 0100  -39.1  983.7    3.7  245.0   69.0  444.0
2017 197  7 16 0200  -37.6  984.0    5.1  231.0   70.0  444.0
2017 197  7 16 0300  -37.0  984.3    4.8  225.0   70.5  444.0
2017 197  7 16 0400  -37.3  985.0    4.0  248.0   70.0  444.0
2017 197  7 16 0500  -37.9  984.9    3.7  231.0   70.0  444.0
2017 197  7 16 0600  -38.5  985.0    3.1  221.0   69.0  444.0
2017 197  7 16 0700  -40.5  985.4    3.4  281.0   68.0  444.0
2017 197  7 16 0800  -40.2  985.2    3.4  268.0   68.2  444.0
2017 197  7 16 0900  -39.4  984.8    3.6  242.0   69.0  444.0
2017 197  7 16 1000  -36.7  984.3    4.9  239.0   71.0  444.0
2017 197  7 16 1100  -38.5  983.3    5.3  262.0   69.0  444.0
2017 197  7 16 1200  -39.5  983.7    1.6  188.0   69.0  444.0
2017 197  7 16 1300  -37.5  983.8    4.3  253.0   70.0  444.0
2017 197  7 16 1400  -37.8  983.1    4.8  277.0   70.0  444.0
2017 197  7 16 1500  -40.1  984.3    3.3  357.0   69.0  444.0
2017 197  7 16 1600  -42.4  983.8    3.0  349.0   66.7  444.0
2017 197  7 16 1700  -42.9  983.2    3.9  341.0   66.0  444.0
2017 197  7 16 1800  -40.1  982.5    5.3  333.0   68.0  444.0
2017 197  7 16 1900  -39.0  982.5    5.3  318.0   69.0  444.0
2017 197  7 16 2000  -39.7  982.3    4.0  332.0   68.7  444.0
2017 197  7 16 2100  -39.9  982.1    4.5  309.0   69.0  444.0
2017 197  7 16 2200  -38.5  982.0    5.7  327.0   69.0  444.0
2017 197  7 16 2300  -34.8  981.4    5.6  328.0   72.0  444.0
2017 198  7 17 0000  -37.6  981.6    4.7  318.0   70.0  444.0
2017 198  7 17 0100  -39.6  981.6    4.3  354.0   69.0  444.0
2017 198  7 17 0200  -41.2  982.1    3.2  349.0   68.0  444.0
2017 198  7 17 0300  -42.5  981.4    4.0  352.0   66.9  444.0
2017 198  7 17 0400  -42.3  980.9    4.8  338.0   67.0  444.0
2017 198  7 17 0500  -40.0  980.7    6.0  323.0   68.0  444.0
2017 198  7 17 0600  -37.8  980.2    5.4  325.0   70.0  444.0
2017 198  7 17 0700  -38.6  980.2    4.9  320.0   69.0  444.0
2017 198  7 17 0800  -40.1  980.0    4.0  296.0   68.0  444.0
2017 198  7 17 0900  -41.0  979.6    3.7  298.0   68.0  444.0
2017 198  7 17 1000  -40.1  979.0    5.5  272.0   69.0  444.0
2017 198  7 17 1100  -41.7  978.5    4.1  246.0   67.0  444.0
2017 198  7 17 1200  -43.1  978.5    4.7  233.0   67.0  444.0
2017 198  7 17 1300  -44.0  978.6    5.6  220.0   66.0  444.0
2017 198  7 17 1400  -45.2  978.5    4.1  217.0   65.0  444.0
2017 198  7 17 1500  -45.6  978.9    4.3  215.0   65.0  444.0
2017 198  7 17 1600  -45.9  978.7    3.9  233.0   65.0  444.0
2017 198  7 17 1700  -46.2  978.4    3.8  235.0   65.0  444.0
2017 198  7 17 1800  -46.6  978.1    3.1  238.0   64.0  444.0
2017 198  7 17 1900  -46.3  978.3    2.0  208.0   64.2  444.0
2017 198  7 17 2000  -46.6  977.9    2.3  198.0   64.0  444.0
2017 198  7 17 2100  -46.9  977.0    2.5  176.0   64.0  444.0
2017 198  7 17 2200  -47.6  976.3    3.5  307.0   63.0  444.0
2017 198  7 17 2300  -47.3  975.6    0.7  293.0   63.0  444.0
2017 199  7 18 0000  -43.7  974.5    2.9  269.0   64.8  444.0
2017 199  7 18 0100  -43.2  973.8    0.7  214.0   66.2  444.0
2017 199  7 18 0200  -41.0  972.8    2.2  183.0   67.0  444.0
2017 199  7 18 0300  -42.1  972.0    0.8  149.0   65.0  444.0
2017 199  7 18 0400  -38.5  971.1    1.3  149.0   67.0  444.0
2017 199  7 18 0500  -37.8  970.8    0.5  149.0   68.0  444.0
2017 199  7 18 0600  -35.9  969.9    0.7  149.0   69.9  444.0
2017 199  7 18 0700  -36.5  969.7    3.3  276.0   70.0  444.0
2017 199  7 18 0800  -37.9  969.3    2.9  246.0   69.0  444.0
2017 199  7 18 0900  -42.5  968.0    3.5  271.0   66.0  444.0
2017 199  7 18 1000  -45.3  968.1    3.4  230.0   65.0  444.0
2017 199  7 18 1100  -46.1  967.7    2.1  241.0   64.4  444.0
2017 199  7 18 1200  -44.8  967.0    2.3  218.0   65.0  444.0
2017 199  7 18 1300  -45.1  966.8    0.4  154.0   65.0  444.0
2017 199  7 18 1400  -43.2  966.5    0.1  154.0   65.0  444.0
2017 199  7 18 1500  -45.2  965.9    2.7  262.0   65.0  444.0
2017 199  7 18 1600  -46.0  965.4    2.5  221.0   64.4  444.0
2017 199  7 18 1700  -44.4  965.0    2.5  223.0   64.0  444.0
2017 199  7 18 1800  -45.4  964.5    2.0  228.0   64.0  444.0
2017 199  7 18 1900  -47.5  964.2    3.2  243.0   64.0  444.0
2017 199  7 18 2000  -47.8  964.4    3.6  216.0   63.0  444.0
2017 199  7 18 2100  -47.5  964.3    3.7  201.0   64.0  444.0
2017 199  7 18 2200  -47.5  965.1    2.3  229.0   64.0  444.0
2017 199  7 18 2300  -48.1  965.1    3.4  229.0   63.0  444.0
2017 200  7 19 0000  -47.6  965.1    2.7  210.0   63.0  444.0
2017 200  7 19 0100  -47.8  965.1    3.7  216.0   63.0  444.0
2017 200  7 19 0200  -47.1  965.4    3.7  214.0   63.7  444.0
2017 200  7 19 0300  -45.4  964.8    3.8  215.0   65.0  444.0
2017 200  7 19 0400  -45.9  965.2    4.0  213.0   64.7  444.0
2017 200  7 19 0500  -42.7  965.4    5.2  214.0   66.0  444.0
2017 200  7 19 0600  -43.2  965.6    5.6  217.0   66.0  444.0
2017 200  7 19 0700  -43.2  964.9    4.7  219.0   66.1  444.0
2017 200  7 19 0800  -43.6  965.1    5.8  235.0   66.0  444.0
2017 200  7 19 0900  -43.9  965.3    4.2  227.0   65.7  444.0
2017 200  7 19 1000  -43.5  965.3    5.8  216.0   66.0  444.0
2017 200  7 19 1100  -42.3  965.2    5.0  208.0   67.0  444.0
2017 200  7 19 1200  -39.4  965.0    5.2  217.0   68.0  444.0
2017 200  7 19 1300  -36.9  964.6    5.3  229.0   70.0  444.0
2017 200  7 19 1400  -34.8  964.3    7.2  221.0   71.7  444.0
2017 200  7 19 1500  -34.7  966.1    7.0  176.0   72.0  444.0
2017 200  7 19 1600  -38.3  966.1    4.9  196.0   69.0  444.0
2017 200  7 19 1700  -35.0  965.3    7.2  206.0   72.0  444.0
2017 200  7 19 1800  -35.7  965.2    5.7  228.0   71.0  444.0
2017 200  7 19 1900  -37.7  964.6    5.7  226.0   69.7  444.0
2017 200  7 19 2000  -38.0  964.9    6.5  212.0   70.0  444.0
2017 200  7 19 2100  -37.1  965.6    6.7  215.0   70.1  444.0
2017 200  7 19 2200  -38.0  965.8    6.9  200.0   70.0  444.0
2017 200  7 19 2300  -38.8  966.4    5.8  216.0   69.0  444.0
2017 201  7 20 0000  -38.8  966.8    6.2  222.0   69.3  444.0
2017 201  7 20 0100  -36.4  967.3    6.3  221.0   71.0  444.0
2017 201  7 20 0200  -35.4  967.0    7.5  214.0   71.6  444.0
2017 201  7 20 0300  -34.2  967.4    8.6  214.0   72.0  444.0
2017 201  7 20 0400  -31.2  967.6    9.5  211.0   74.0  444.0
2017 201  7 20 0500  -26.9  967.7   12.4  206.0   77.6  444.0
2017 201  7 20 0600  -25.8  968.4   11.1  212.0   79.0  444.0
2017 201  7 20 0700  -25.9  968.6   11.8  216.0   77.8  444.0
2017 201  7 20 0800  -24.8  968.3   16.3  206.0   79.0  444.0
2017 201  7 20 0900  -29.3  971.4   12.4  157.0   76.0  444.0
2017 201  7 20 1000  -31.3  972.8    8.5  152.0   74.6  444.0
2017 201  7 20 1100  -32.3  974.0    6.4  164.0   74.0  444.0
2017 201  7 20 1200  -33.8  975.4    5.3  151.0   72.6  444.0
2017 201  7 20 1300  -37.3  977.0    7.1  161.0   71.0  444.0
2017 201  7 20 1400  -38.8  978.1    6.2  177.0   70.0  444.0
2017 201  7 20 1500  -40.1  978.6    7.7  189.0   68.8  444.0
2017 201  7 20 1600  -39.0  978.9    7.5  201.0   70.0  444.0
2017 201  7 20 1700  -36.7  977.5    8.8  228.0   71.3  444.0
2017 201  7 20 1800  -34.0  976.5    9.9  232.0   73.0  444.0
2017 201  7 20 1900  -30.4  975.6    9.4  224.0   74.0  444.0
2017 201  7 20 2000  -29.0  974.7   11.2  217.0   76.0  444.0
2017 201  7 20 2100  -26.3  973.9   12.2  202.0   78.0  444.0
2017 201  7 20 2200  -23.7  973.7   14.5  198.0   80.2  444.0
2017 201  7 20 2300  -22.6  973.3   15.9  192.0   81.0  444.0
2017 202  7 21 0000  -22.1  972.7   17.8  191.0   81.0  444.0
2017 202  7 21 0100  -22.9  973.7   14.5  216.0   81.0  444.0
2017 202  7 21 0200  -22.7  973.0   16.2  216.0   81.0  444.0
2017 202  7 21 0300  -23.4  972.2   14.1  226.0   80.7  444.0
2017 202  7 21 0400  -25.0  972.1   11.6  234.0   79.0  444.0
2017 202  7 21 0500  -27.1  971.2   10.9  244.0   77.7  444.0
2017 202  7 21 0600  -27.9  970.5   11.4  240.0   77.0  444.0
2017 202  7 21 0700  -27.5  969.5   11.1  236.0   78.0  444.0
2017 202  7 21 0800  -25.8  968.3   11.7  223.0   78.9  444.0
2017 202  7 21 0900  -23.5  967.1   12.9  212.0   81.0  444.0
2017 202  7 21 1000  -21.6  966.1   13.6  206.0   82.4  444.0
2017 202  7 21 1100  -22.2  965.5   17.4  214.0   82.0  444.0
2017 202  7 21 1200  -22.5  964.7   17.6  224.0   81.0  444.0
2017 202  7 21 1300  -23.2  963.6   18.3  227.0   81.2  444.0
2017 202  7 21 1400  -22.9  963.3   16.8  226.0   82.0  444.0
2017 202  7 21 1500  -18.5  962.7   19.1  215.0   84.0  444.0
2017 202  7 21 1600  -19.7  962.1   20.7  217.0   84.0  444.0
2017 202  7 21 1700  -17.4  962.5   17.9  181.0   86.0  444.0
2017 202  7 21 1800  -18.4  961.7   15.4  188.0   85.0  444.0
2017 202  7 21 1900  -20.2  962.1   18.3  176.0   82.5  444.0
2017 202  7 21 2000  -26.7  964.6   19.3  159.0   78.2  444.0
2017 202  7 21 2100  -31.6  966.9   19.4  162.0   75.0  444.0
2017 202  7 21 2200  -32.6  969.2   15.5  165.0   75.0  444.0
2017 202  7 21 2300  -29.6  971.4   14.3  142.0   77.0  444.0
2017 203  7 22 0000  -32.3  974.8   13.0  155.0   74.7  444.0
2017 203  7 22 0100  -34.5  977.4   10.2  160.0   73.2  444.0
2017 203  7 22 0200  -35.1  979.5    8.2  161.0   73.0  444.0
2017 203  7 22 0300  -34.3  980.7   18.9  175.0   73.4  444.0
2017 203  7 22 0400  -35.0  981.4    5.6  164.0   73.0  444.0
2017 203  7 22 0500  -35.2  981.4    2.4  152.0   73.0  444.0
2017 203  7 22 0600  -36.5  981.3    2.6  242.0   72.0  444.0
2017 203  7 22 0700  -37.6  981.5    3.0  254.0   71.0  444.0
2017 203  7 22 0800  -37.3  982.0    1.6  254.0   71.7  444.0
2017 203  7 22 0900  -37.3  982.2    0.4  254.0   71.0  444.0
2017 203  7 22 1000  -38.5  982.2    3.5  189.0   70.0  444.0
2017 203  7 22 1100  -41.3  982.7    4.2  135.0   69.0  444.0
2017 203  7 22 1200  -42.0  983.9    4.9  127.0   68.0  444.0
2017 203  7 22 1300  -42.6  985.5    4.0  127.0   67.7  444.0
2017 203  7 22 1400  -42.0  986.8    2.8  127.0   68.0  444.0
2017 203  7 22 1500  -42.9  988.1    1.8  243.0   67.0  444.0
2017 203  7 22 1600  -45.7  989.2    4.1  251.0   66.0  444.0
2017 203  7 22 1700  -45.7  990.1    3.5  238.0   66.0  444.0
2017 203  7 22 1800  -45.8  990.5    3.1  239.0   65.7  444.0
2017 203  7 22 1900  -45.6  990.3    4.0  258.0   65.4  444.0
2017 203  7 22 2000  -45.8  990.6    4.2  262.0   66.0  444.0
2017 203  7 22 2100  -45.1  990.7    4.5  276.0   66.0  444.0
2017 203  7 22 2200  -40.4  990.6    5.6  270.0   70.0  444.0
2017 203  7 22 2300  -37.4  990.8    5.7  247.0   71.3  444.0
2017 204  7 23 0000  -35.9  991.0    4.7  216.0   72.2  444.0
2017 204  7 23 0100  -34.7  991.9    6.1  210.0   73.0  444.0
2017 204  7 23 0200  -34.0  991.8    6.2  209.0   73.0  444.0
2017 204  7 23 0300  -33.2  992.4    6.0  194.0   74.0  444.0
2017 204  7 23 0400  -32.0  993.0    5.1  172.0   75.0  444.0
2017 204  7 23 0500  -33.8  994.7    5.0  166.0   73.0  444.0
2017 204  7 23 0600  -36.9  996.7    5.2  152.0   71.2  444.0
2017 204  7 23 0700  -39.9  998.0    6.0  152.0   69.0  444.0
2017 204  7 23 0800  -41.6 1000.3    5.4  158.0   68.0  444.0
2017 204  7 23 0900  -42.7 1002.0    5.1  156.0   68.0  444.0
2017 204  7 23 1000  -42.7 1003.5    5.0  163.0   67.7  444.0
2017 204  7 23 1100  -41.0 1004.3    4.9  189.0   69.2  444.0
2017 204  7 23 1200  -38.9 1004.8    6.0  207.0   70.0  444.0
2017 204  7 23 1300  -38.8 1004.9    5.8  189.0   70.0  444.0
2017 204  7 23 1400  -38.5 1004.9    4.0  178.0   70.0  444.0
2017 204  7 23 1500  -38.4 1005.1    4.8  206.0   71.0  444.0
2017 204  7 23 1600  -36.8 1003.9    5.7  214.0   71.7  444.0
2017 204  7 23 1700  -35.6 1003.0    6.6  207.0   72.0  444.0
2017 204  7 23 1800  -34.6 1002.6    6.7  130.0   73.0  444.0
2017 204  7 23 1900  -35.9 1002.0    5.6  184.0   72.0  444.0
2017 204  7 23 2000  -36.9 1001.6    4.3  195.0   71.0  444.0
2017 204  7 23 2100  -37.7 1001.6    1.6  158.0   71.0  444.0
2017 204  7 23 2200  -37.8 1001.0    3.9  137.0   70.0  444.0
2017 204  7 23 2300  -38.5 1000.9    3.6  194.0   70.0  444.0
2017 205  7 24 0000  -37.2 1000.9    2.9  211.0   71.0  444.0
2017 205  7 24 0100  -38.6 1000.4    3.3  207.0   70.0  444.0
2017 205  7 24 0200  -38.8  999.3    3.4  190.0   70.0  444.0
2017 205  7 24 0300  -39.9  998.6    4.0  192.0   69.2  444.0
2017 205  7 24 0400  -40.3  998.5    3.0  198.0   69.0  444.0
2017 205  7 24 0500  -40.2  997.9    2.7  212.0   69.0  444.0
2017 205  7 24 0600  -40.6  997.6    3.3  219.0   69.0  444.0
2017 205  7 24 0700  -38.0  997.3    2.5  185.0   71.0  444.0
2017 205  7 24 0800  -38.1  997.0    3.1  215.0   70.4  444.0
2017 205  7 24 0900  -38.4  996.8    0.6  199.0   70.0  444.0
2017 205  7 24 1000  -39.3  995.8    3.4  216.0   69.0  444.0
2017 205  7 24 1100  -40.3  995.7    2.1  224.0   69.0  444.0
2017 205  7 24 1200  -40.0  995.3    3.2  216.0   69.0  444.0
2017 205  7 24 1300  -39.9  995.3    4.2  232.0   69.4  444.0
2017 205  7 24 1400  -38.1  994.9    3.8  228.0   71.0  444.0
2017 205  7 24 1500  -37.8  994.6    4.7  221.0   70.0  444.0
2017 205  7 24 1600  -40.3  993.9    3.3  225.0   69.0  444.0
2017 205  7 24 1700  -40.0  993.1    2.9  232.0   69.0  444.0
2017 205  7 24 1800  -38.3  992.4    3.0  243.0   70.4  444.0
2017 205  7 24 1900  -36.9  992.4    3.0  259.0   71.0  444.0
2017 205  7 24 2000  -37.0  992.3    1.0  245.0   71.0  444.0
2017 205  7 24 2100  -36.5  991.8    1.0  245.0   71.0  444.0
2017 205  7 24 2200  -36.2  991.6    1.8  245.0   71.6  444.0
2017 205  7 24 2300  -35.9  991.4    3.6  246.0   71.9  444.0
2017 206  7 25 0000  -34.7  991.2    1.8  217.0   73.0  444.0
2017 206  7 25 0100  -34.2  990.6    3.5  241.0   72.8  444.0
2017 206  7 25 0200  -34.4  990.5    2.0  238.0   73.0  444.0
2017 206  7 25 0300  -33.4  990.0    3.3  220.0   73.0  444.0
2017 206  7 25 0400  -32.9  990.0    2.2  212.0   73.8  444.0
2017 206  7 25 0500  -33.0  989.9    2.7  214.0   74.0  444.0
2017 206  7 25 0600  -33.6  990.1    3.5  217.0   73.2  444.0
2017 206  7 25 0700  -34.9  990.4    2.9  226.0   72.0  444.0
2017 206  7 25 0800  -36.4  990.5    3.4  212.0   71.0  444.0
2017 206  7 25 0900  -35.6  990.8    3.3  203.0   72.0  444.0
2017 206  7 25 1000  -35.3  990.9    5.1  173.0   72.0  444.0
2017 206  7 25 1100  -36.5  990.8    3.9  193.0   71.3  444.0
2017 206  7 25 1200  -37.0  991.2    3.5  180.0   71.0  444.0
2017 206  7 25 1300  -37.4  991.4    4.2  199.0   71.0  444.0
2017 206  7 25 1400  -37.1  991.4    5.4  211.0   71.0  444.0
2017 206  7 25 1500  -36.0  991.4    7.5  210.0   71.8  444.0
2017 206  7 25 1600  -36.1  991.1    8.4  202.0   71.5  444.0
2017 206  7 25 1700  -36.8  990.7    8.1  206.0   71.0  444.0
2017 206  7 25 1800  -38.3  990.5    8.2  203.0   70.0  444.0
2017 206  7 25 1900  -38.0  990.0    7.9  204.0   70.0  444.0
2017 206  7 25 2000  -38.4  990.3    7.6  194.0   70.1  444.0
2017 206  7 25 2100  -37.9  989.8    8.9  206.0   70.5  444.0
2017 206  7 25 2200  -37.8  989.1    9.8  168.0   71.0  444.0
2017 206  7 25 2300  -35.2  988.6   10.3  198.0   72.0  444.0
2017 207  7 26 0000  -33.6  988.6   10.5  191.0   73.0  444.0
2017 207  7 26 0100  -31.0  987.8   13.8  187.0   75.0  444.0
2017 207  7 26 0200  -31.5  987.1   11.7  210.0   74.2  444.0
2017 207  7 26 0300  -30.8  986.0   13.0  213.0   75.0  444.0
2017 207  7 26 0400  -30.9  985.2   14.0  216.0   74.9  444.0
2017 207  7 26 0500  -29.9  983.9   14.5  212.0   75.0  444.0
2017 207  7 26 0600  -29.1  983.5   14.3  211.0   76.0  444.0
2017 207  7 26 0700  -28.0  982.2   15.0  209.0   75.9  444.0
2017 207  7 26 0800  -27.1  981.0   16.6  190.0   78.0  444.0
2017 207  7 26 0900  -26.2  980.7   14.9  192.0   77.6  444.0
2017 207  7 26 1000  -26.4  979.8   15.1  190.0   78.0  444.0
2017 207  7 26 1100  -26.1  978.8   16.2  187.0   78.0  444.0
2017 207  7 26 1200  -26.1  978.8   13.5  203.0   77.0  444.0
2017 207  7 26 1300  -24.3  977.3   15.2  200.0   78.6  444.0
2017 207  7 26 1400  -25.4  975.8   16.6  212.0   77.1  444.0
2017 207  7 26 1500  -24.6  975.5   17.2  206.0   77.0  444.0
2017 207  7 26 1600  -25.2  974.7   15.3  204.0   76.0  444.0
2017 207  7 26 1700  -23.4  973.1   15.7  180.0   80.0  444.0
2017 207  7 26 1800  -23.6  973.5   13.8  181.0   79.9  444.0
2017 207  7 26 1900  -24.1  973.6   13.6  169.0   79.7  444.0
2017 207  7 26 2000  -24.4  973.7   11.6  178.0   79.0  444.0
2017 207  7 26 2100  -25.2  974.4   11.7  168.0   78.0  444.0
2017 207  7 26 2200  -27.0  974.5    7.2  202.0   75.0  444.0
2017 207  7 26 2300  -24.1  973.6   11.0  195.0   76.9  444.0
2017 208  7 27 0000  -25.5  974.0   12.0  203.0   77.4  444.0
2017 208  7 27 0100  -28.0  973.6   12.4  218.0   75.0  444.0
2017 208  7 27 0200  -30.2  972.9   11.3  228.0   74.4  444.0
2017 208  7 27 0300  -31.1  972.2    9.8  228.0   75.0  444.0
2017 208  7 27 0400  -31.8  971.6    9.1  234.0   74.0  444.0
2017 208  7 27 0500  -31.1  970.3    9.7  229.0   72.0  444.0
2017 208  7 27 0600  -31.0  969.1    9.7  238.0   72.0  444.0
2017 208  7 27 0700  -30.6  968.8   10.3  225.0   72.7  444.0
2017 208  7 27 0800  -26.6  967.2   11.7  226.0   74.0  444.0
2017 208  7 27 0900  -24.5  965.7   11.7  221.0   75.0  444.0
2017 208  7 27 1000  -21.6  965.6   12.3  207.0   79.0  444.0
2017 208  7 27 1100  -20.1  964.7   13.6  208.0   82.0  444.0
2017 208  7 27 1200  -18.7  964.5   13.5  189.0   84.1  444.0
2017 208  7 27 1300  -18.6  965.1   11.7  182.0   82.0  444.0
2017 208  7 27 1400  -19.2  965.9    9.0  219.0   76.0  444.0
2017 208  7 27 1500  -23.4  965.7   12.8  221.0   77.0  444.0
2017 208  7 27 1600  -22.3  965.8   11.9  227.0   75.0  444.0
2017 208  7 27 1700  -22.8  965.4   12.2  227.0   79.2  444.0
2017 208  7 27 1800  -23.6  965.5   10.0  237.0   76.0  444.0
2017 208  7 27 1900  -23.1  965.6   10.6  230.0   74.0  444.0
2017 208  7 27 2000  -20.3  965.2   11.1  212.0   81.0  444.0
2017 208  7 27 2100  -18.4  965.6   12.7  204.0   81.0  444.0
2017 208  7 27 2200  -17.9  966.8   11.9  208.0   82.3  444.0
2017 208  7 27 2300  -20.9  966.7   11.6  229.0   81.0  444.0
2017 209  7 28 0000  -22.5  966.0   12.0  239.0   80.0  444.0
2017 209  7 28 0100  -21.6  965.9   11.5  234.0   82.0  444.0
2017 209  7 28 0200  -20.4  965.2   11.7  232.0   83.0  444.0
2017 209  7 28 0300  -21.0  964.5   12.9  205.0   82.0  444.0
2017 209  7 28 0400  -21.9  964.8   12.8  200.0   82.0  444.0
2017 209  7 28 0500  -23.0  965.7   12.9  184.0   81.0  444.0
2017 209  7 28 0600  -22.4  966.7    7.9  175.0   81.9  444.0
2017 209  7 28 0700  -21.6  967.4    7.2  186.0   82.0  444.0
2017 209  7 28 0800  -19.6  968.3    7.7  177.0   84.0  444.0
2017 209  7 28 0900  -18.7  968.7    7.4  170.0   85.0  444.0
2017 209  7 28 1000  -18.5  969.3    7.1  186.0   85.0  444.0
2017 209  7 28 1100  -19.0  969.7    6.8  194.0   85.0  444.0
2017 209  7 28 1200  -19.5  970.1    6.8  213.0   84.0  444.0
2017 209  7 28 1300  -19.9  970.6    6.2  226.0   84.0  444.0
2017 209  7 28 1400  -20.5  970.2    7.8  211.0   83.0  444.0
2017 209  7 28 1500  -22.6  970.1    5.3  211.0   81.7  444.0
2017 209  7 28 1600  -25.6  970.4    5.4  235.0   79.5  444.0
2017 209  7 28 1700  -26.8  970.6    4.8  245.0   77.0  444.0
2017 209  7 28 1800  -29.4  970.4    5.8  249.0   76.0  444.0
2017 209  7 28 1900  -30.9  970.0    6.4  232.0   75.0  444.0
2017 209  7 28 2000  -32.0  969.7    4.4  213.0   74.0  444.0
2017 209  7 28 2100  -33.4  969.9    5.8  231.0   73.0  444.0
2017 209  7 28 2200  -32.4  969.6    5.9  230.0   74.0  444.0
2017 209  7 28 2300  -33.7  969.6    5.1  235.0   74.0  444.0
2017 210  7 29 0000  -33.6  969.3    3.9  240.0   73.0  444.0
2017 210  7 29 0100  -34.2  969.3    2.9  247.0   74.0  444.0
2017 210  7 29 0200  -32.3  968.8    2.7  214.0   75.0  444.0
2017 210  7 29 0300  -32.2  968.7    0.7  202.0   74.5  444.0
2017 210  7 29 0400  -31.3  968.4    4.0  246.0   75.1  444.0
2017 210  7 29 0500  -31.1  967.5    5.2  244.0   75.0  444.0
2017 210  7 29 0600  -32.0  967.4    5.2  247.0   72.0  444.0
2017 210  7 29 0700  -32.1  967.0    4.6  249.0   69.0  444.0
2017 210  7 29 0800  -29.5  967.1    3.0  273.0   70.0  444.0
2017 210  7 29 0900  -31.3  966.4    3.7  325.0   69.9  444.0
2017 210  7 29 1000  -33.5  966.4    3.8  325.0   73.0  444.0
2017 210  7 29 1100  -33.5  966.3    3.9  313.0   73.0  444.0
2017 210  7 29 1200  -32.2  966.2    6.3  288.0   73.0  444.0
2017 210  7 29 1300  -31.4  966.0    7.1  283.0   72.0  444.0
2017 210  7 29 1400  -29.6  966.0    9.8  270.0   74.8  444.0
2017 210  7 29 1500  -29.9  965.9    7.7  276.0   74.0  444.0
2017 210  7 29 1600  -31.1  965.4    7.5  283.0   74.0  444.0
2017 210  7 29 1700  -32.3  965.7    9.1  274.0   73.0  444.0
2017 210  7 29 1800  -32.9  966.1    9.5  279.0   74.0  444.0
2017 210  7 29 1900  -34.0  966.1    7.8  275.0   72.9  444.0
2017 210  7 29 2000  -36.1  966.5    5.5  268.0   72.0  444.0
2017 210  7 29 2100  -37.9  967.2    3.0  275.0   71.0  444.0
2017 210  7 29 2200  -36.9  967.8    5.1  264.0   72.4  444.0
2017 210  7 29 2300  -36.9  967.8    6.2  266.0   71.0  444.0
2017 211  7 30 0000  -38.7  968.5    7.9  247.0   69.9  444.0
2017 211  7 30 0100  -40.7  968.8    4.9  236.0   69.0  444.0
2017 211  7 30 0200  -40.6  969.5    4.3  273.0   69.2  444.0
2017 211  7 30 0300  -39.9  969.9    4.8  287.0   69.5  444.0
2017 211  7 30 0400  -39.7  969.9    5.2  280.0   70.0  444.0
2017 211  7 30 0500  -41.7  970.2    4.0  264.0   68.0  444.0
2017 211  7 30 0600  -44.2  970.4    4.5  237.0   67.0  444.0
2017 211  7 30 0700  -47.1  971.7    4.7  211.0   65.0  444.0
2017 211  7 30 0800  -48.7  972.5    3.4  194.0   64.0  444.0
2017 211  7 30 0900  -49.6  973.2    4.0  232.0   63.0  444.0
2017 211  7 30 1000  -50.2  973.5    4.3  224.0   63.0  444.0
2017 211  7 30 1100  -50.3  974.2    3.6  222.0   63.0  444.0
2017 211  7 30 1200  -50.1  974.8    2.6  220.0   63.1  444.0
2017 211  7 30 1300  -48.4  975.1    5.2  180.0   65.0  444.0
2017 211  7 30 1400  -45.4  975.7    8.0  178.0   66.0  444.0
2017 211  7 30 1500  -45.9  976.8    5.4  200.0   66.0  444.0
2017 211  7 30 1600  -45.3  977.5    4.8  210.0   66.0  444.0
2017 211  7 30 1700  -39.9  978.2    4.1  210.0   69.9  444.0
2017 211  7 30 1800  -35.5  978.7    5.5  197.0   73.0  444.0
2017 211  7 30 1900  -35.1  979.2    5.3  215.0   72.0  444.0
2017 211  7 30 2000  -35.4  979.5    6.3  226.0   72.0  444.0
2017 211  7 30 2100  -34.8  979.9    4.6  237.0   73.0  444.0
2017 211  7 30 2200  -36.7  979.8    5.2  252.0   71.4  444.0
2017 211  7 30 2300  -37.1  979.9    2.8  273.0   71.0  444.0
2017 212  7 31 0000  -37.1  979.9    1.6  297.0   71.0  444.0
2017 212  7 31 0100  -38.0  979.6    2.8  219.0   70.0  444.0
2017 212  7 31 0200  -39.3  979.1    2.6  231.0   69.5  444.0
2017 212  7 31 0300  -39.0  978.4    4.6  245.0   69.6  444.0
2017 212  7 31 0400  -40.0  978.2    4.8  256.0   69.0  444.0
2017 212  7 31 0500  -41.0  978.2    5.1  266.0   68.5  444.0
2017 212  7 31 0600  -40.7  977.8    5.4  258.0   69.0  444.0
2017 212  7 31 0700  -42.0  977.8    3.9  262.0   67.6  444.0
2017 212  7 31 0800  -41.3  977.5    5.2  265.0   68.0  444.0
2017 212  7 31 0900  -42.9  977.7    3.3  257.0   67.0  444.0
2017 212  7 31 1000  -41.9  977.7    1.4  255.0   67.9  444.0
2017 212  7 31 1100  -42.3  977.6    2.9  272.0   68.0  444.0
2017 212  7 31 1200  -43.2  977.5    4.3  274.0   67.0  444.0
2017 212  7 31 1300  -41.3  977.4    5.4  270.0   68.0  444.0
2017 212  7 31 1400  -41.5  977.1    4.8  259.0   68.0  444.0
2017 212  7 31 1500  -42.1  976.5    5.0  281.0   67.4  444.0
2017 212  7 31 1600  -42.6  976.8    5.2  280.0   67.0  444.0
2017 212  7 31 1700  -46.4  976.6    4.2  264.0   65.0  444.0
2017 212  7 31 1800  -48.2  976.5    4.6  260.0   64.0  444.0
2017 212  7 31 1900  -48.7  976.8    5.0  239.0   64.0  444.0
2017 212  7 31 2000  -48.6  977.1    4.7  228.0   63.6  444.0
2017 212  7 31 2100  -49.1  976.7    5.4  245.0   63.0  444.0
2017 212  7 31 2200  -48.9  976.8    4.2  255.0   63.0  444.0
2017 212  7 31 2300  -47.6  976.6    2.8  231.0   64.0  444.0
