Year: 2017  Month: 09  ID: SWT  ARGOS:  8913  Name: Schwerdtfeger       
Lat: 79.87S  Lon: 170.15E  Elev:   54m
2017 244  9  1 0000  -36.3  959.7    6.7  238.0   70.9  444.0
2017 244  9  1 0100  -35.9  959.5    9.6  226.0   71.0  444.0
2017 244  9  1 0200  -36.3  958.2    9.4  229.0   70.9  444.0
2017 244  9  1 0300  -35.8  957.2   11.0  248.0   71.0  444.0
2017 244  9  1 0400  -34.8  956.0   12.0  243.0   72.0  444.0
2017 244  9  1 0500  -34.0  955.5    9.0  242.0   72.6  444.0
2017 244  9  1 0600  -33.7  954.5   10.9  242.0   73.0  444.0
2017 244  9  1 0700  -33.3  953.8   11.2  241.0   73.2  444.0
2017 244  9  1 0800  -33.2  954.5   10.8  234.0   73.0  444.0
2017 244  9  1 0900  -33.3  954.3    8.5  240.0   73.0  444.0
2017 244  9  1 1000  -33.1  953.5    9.3  245.0   73.0  444.0
2017 244  9  1 1100  -32.7  952.8   10.6  249.0   74.0  444.0
2017 244  9  1 1200  -31.7  952.1    9.8  241.0   74.3  444.0
2017 244  9  1 1300  -28.3  951.5   12.1  224.0   77.0  444.0
2017 244  9  1 1400  -26.2  951.0   12.1  218.0   79.0  444.0
2017 244  9  1 1500  -23.9  951.9   13.1  201.0   80.0  444.0
2017 244  9  1 1600  -23.9  953.2   10.6  189.0   80.0  444.0
2017 244  9  1 1700  -23.8  954.1    7.7  194.0   80.3  444.0
2017 244  9  1 1800  -23.6  954.4   10.5  206.0   80.0  444.0
2017 244  9  1 1900  -23.0  954.4    9.4  208.0   81.0  444.0
2017 244  9  1 2000  -22.8  954.8    9.5  207.0   81.0  444.0
2017 244  9  1 2100  -22.7  955.0   10.5  204.0   81.0  444.0
2017 244  9  1 2200  -22.5  954.7   12.6  207.0   81.3  444.0
2017 244  9  1 2300  -22.3  955.1   13.2  211.0   81.0  444.0
2017 245  9  2 0000  -21.4  955.3   11.5  208.0   81.0  444.0
2017 245  9  2 0100  -23.2  955.2   12.8  226.0   80.0  444.0
2017 245  9  2 0200  -23.7  955.3   14.3  227.0   80.0  444.0
2017 245  9  2 0300  -25.0  954.8   15.1  227.0   79.0  444.0
2017 245  9  2 0400  -24.4  954.6   13.3  230.0   80.0  444.0
2017 245  9  2 0500  -22.4  954.4   12.6  215.0   83.0  444.0
2017 245  9  2 0600  -21.4  954.9   15.7  211.0   82.0  444.0
2017 245  9  2 0700  -22.2  955.3   11.1  214.0   85.0  444.0
2017 245  9  2 0800  -20.5  956.0    9.7  194.0   84.0  444.0
2017 245  9  2 0900  -20.5  956.6   12.6  195.0   83.0  444.0
2017 245  9  2 1000  -20.8  957.4   12.1  205.0   83.1  444.0
2017 245  9  2 1100  -20.1  958.3   14.3  187.0   83.0  444.0
2017 245  9  2 1200  -21.5  959.5   10.6  196.0   82.8  444.0
2017 245  9  2 1300  -22.8  960.1   12.0  193.0   82.0  444.0
2017 245  9  2 1400  -26.3  962.0   14.8  177.0   78.0  444.0
2017 245  9  2 1500  -26.6  964.0   12.7  191.0   78.5  444.0
2017 245  9  2 1600  -27.0  966.0   11.4  184.0   78.0  444.0
2017 245  9  2 1700  -26.5  966.8    8.5  183.0   78.0  444.0
2017 245  9  2 1800  -28.1  967.5    6.1  232.0   78.0  444.0
2017 245  9  2 1900  -27.9  967.8    6.4  216.0   77.4  444.0
2017 245  9  2 2000  -28.3  967.9    5.5  214.0   77.4  444.0
2017 245  9  2 2100  -30.7  968.5    5.1  242.0   76.0  444.0
2017 245  9  2 2200  -32.0  969.0    4.1  232.0   75.0  444.0
2017 245  9  2 2300  -33.9  969.5    4.9  224.0   73.0  444.0
2017 246  9  3 0000  -33.7  970.5    5.6  200.0   73.0  444.0
2017 246  9  3 0100  -34.9  971.1    3.4  202.0   72.0  444.0
2017 246  9  3 0200  -36.2  972.4    4.0  226.0   71.0  444.0
2017 246  9  3 0300  -37.9  973.0    3.9  229.0   71.0  444.0
2017 246  9  3 0400  -38.2  973.3    4.8  220.0   71.0  444.0
2017 246  9  3 0500  -38.0  973.9    5.4  228.0   71.0  444.0
2017 246  9  3 0600  -37.7  973.9    4.3  222.0   71.0  444.0
2017 246  9  3 0700  -36.0  974.4    4.6  224.0   72.0  444.0
2017 246  9  3 0800  -36.8  974.7    4.7  223.0   72.0  444.0
2017 246  9  3 0900  -35.5  974.8    4.3  230.0   72.0  444.0
2017 246  9  3 1000  -33.6  975.2    6.0  220.0   74.0  444.0
2017 246  9  3 1100  -33.2  976.4    5.5  222.0   74.0  444.0
2017 246  9  3 1200  -32.3  976.8    5.9  219.0   75.0  444.0
2017 246  9  3 1300  -33.2  977.4    4.5  238.0   74.0  444.0
2017 246  9  3 1400  -33.0  977.7    5.2  210.0   74.0  444.0
2017 246  9  3 1500  -34.7  978.2    5.3  185.0   72.6  444.0
2017 246  9  3 1600  -37.0  979.0    3.8  212.0   71.0  444.0
2017 246  9  3 1700  -37.2  979.5    4.0  214.0   71.0  444.0
2017 246  9  3 1800  -37.4  979.6    4.3  232.0   71.0  444.0
2017 246  9  3 1900  -37.3  979.9    4.3  228.0   71.2  444.0
2017 246  9  3 2000  -37.4  980.1    4.1  241.0   71.2  444.0
2017 246  9  3 2100  -34.8  980.3    4.7  234.0   73.0  444.0
2017 246  9  3 2200  -33.6  980.6    4.6  232.0   73.0  444.0
2017 246  9  3 2300  -30.3  981.1    5.3  211.0   76.0  444.0
2017 247  9  4 0000  -30.4  981.2    5.1  221.0   75.6  444.0
2017 247  9  4 0100  -29.3  981.9    6.1  216.0   76.4  444.0
2017 247  9  4 0200  -30.0  982.1    5.6  208.0   76.0  444.0
2017 247  9  4 0300  -29.6  982.8    6.2  219.0   76.0  444.0
2017 247  9  4 0400  -29.1  982.8    6.4  231.0   77.0  444.0
2017 247  9  4 0500  -29.1  982.6    7.5  233.0   77.0  444.0
2017 247  9  4 0600  -30.1  983.6    7.5  195.0   75.8  444.0
2017 247  9  4 0700  -31.6  983.3    9.1  224.0   75.1  444.0
2017 247  9  4 0800  -31.8  983.4    9.1  233.0   75.0  444.0
2017 247  9  4 0900  -32.3  983.9    7.7  235.0   75.0  444.0
2017 247  9  4 1000  -32.7  984.4    6.9  224.0   74.0  444.0
2017 247  9  4 1100  -32.3  984.6    8.1  229.0   75.0  444.0
2017 247  9  4 1200  -32.6  984.9    7.8  232.0   74.3  444.0
2017 247  9  4 1300  -32.8  984.6    8.3  234.0   74.0  444.0
2017 247  9  4 1400  -32.6  984.7    7.7  230.0   74.0  444.0
2017 247  9  4 1500  -32.7  984.3    7.9  232.0   74.0  444.0
2017 247  9  4 1600  -32.6  983.9    7.7  244.0   74.0  444.0
2017 247  9  4 1700  -32.4  983.5    7.6  243.0   74.3  444.0
2017 247  9  4 1800  -32.8  983.3    8.2  249.0   74.0  444.0
2017 247  9  4 1900  -35.2  983.3    4.6  231.0   72.0  444.0
2017 247  9  4 2000  -35.0  982.6    4.8  238.0   73.0  444.0
2017 247  9  4 2100  -33.5  981.9    6.9  246.0   74.0  444.0
2017 247  9  4 2200  -33.7  981.6    6.3  247.0   73.3  444.0
2017 247  9  4 2300  -35.3  981.2    4.9  234.0   71.7  444.0
2017 248  9  5 0000  -36.1  980.5    4.3  248.0   71.0  444.0
2017 248  9  5 0100  -36.2  980.1    4.0  236.0   71.0  444.0
2017 248  9  5 0200  -36.0  979.7    2.9  244.0   71.0  444.0
2017 248  9  5 0300  -35.2  978.9    3.9  256.0   70.9  444.0
2017 248  9  5 0400  -35.9  978.3    4.5  257.0   72.0  444.0
2017 248  9  5 0500  -33.8  977.8    7.1  255.0   73.0  444.0
2017 248  9  5 0600  -34.1  977.3    5.8  258.0   73.0  444.0
2017 248  9  5 0700  -35.8  976.7    4.6  292.0   72.0  444.0
2017 248  9  5 0800  -36.1  976.8    3.7  310.0   71.0  444.0
2017 248  9  5 0900  -38.3  976.4    3.8  308.0   70.0  444.0
2017 248  9  5 1000  -38.8  976.2    4.5  296.0   69.9  444.0
2017 248  9  5 1100  -39.5  976.2    3.9  286.0   69.0  444.0
2017 248  9  5 1200  -39.2  976.2    5.1  271.0   70.0  444.0
2017 248  9  5 1300  -39.4  976.1    2.9  277.0   69.0  444.0
2017 248  9  5 1400  -40.6  976.1    4.0  308.0   68.0  444.0
2017 248  9  5 1500  -39.6  976.2    5.2  283.0   69.4  444.0
2017 248  9  5 1600  -39.1  976.4    4.6  273.0   70.0  444.0
2017 248  9  5 1700  -39.3  976.7    3.2  266.0   69.0  444.0
2017 248  9  5 1800  -38.7  976.6    5.8  266.0   70.0  444.0
2017 248  9  5 1900  -38.8  977.0    4.3  268.0   70.0  444.0
2017 248  9  5 2000  -39.5  977.5    4.3  258.0   69.3  444.0
2017 248  9  5 2100  -40.5  978.4    2.2  238.0   68.4  444.0
2017 248  9  5 2200  -40.3  978.7    1.4  228.0   68.0  444.0
2017 248  9  5 2300  -39.9  979.6    3.5  273.0   67.0  444.0
2017 249  9  6 0000  -41.4  980.2    1.6  249.0   67.0  444.0
2017 249  9  6 0100  -42.8  980.8    3.0  238.0   65.8  444.0
2017 249  9  6 0200  -42.7  981.5    3.1  240.0   66.0  444.0
2017 249  9  6 0300  -42.5  982.2    3.3  251.0   66.0  444.0
2017 249  9  6 0400  -42.2  982.9    3.9  235.0   67.0  444.0
2017 249  9  6 0500  -42.9  983.3    3.4  250.0   66.8  444.0
2017 249  9  6 0600  -41.5  983.6    4.9  222.0   68.1  444.0
2017 249  9  6 0700  -41.6  984.3    4.4  229.0   68.0  444.0
2017 249  9  6 0800  -41.1  984.6    4.2  239.0   68.0  444.0
2017 249  9  6 0900  -42.5  985.4    2.8  246.0   67.0  444.0
2017 249  9  6 1000  -42.0  985.4    4.2  250.0   68.0  444.0
2017 249  9  6 1100  -41.3  985.4    4.3  259.0   68.0  444.0
2017 249  9  6 1200  -39.6  985.4    5.4  261.0   69.0  444.0
2017 249  9  6 1300  -36.3  984.7    6.6  255.0   72.0  444.0
2017 249  9  6 1400  -36.3  983.9    4.8  257.0   71.0  444.0
2017 249  9  6 1500  -36.4  983.0    4.6  285.0   71.0  444.0
2017 249  9  6 1600  -31.3  982.2    8.1  278.0   76.2  444.0
2017 249  9  6 1700  -30.6  981.9    6.7  287.0   75.0  444.0
2017 249  9  6 1800  -32.4  981.2    5.4  314.0   74.0  444.0
2017 249  9  6 1900  -32.9  980.5    6.9  300.0   74.0  444.0
2017 249  9  6 2000  -30.7  979.7    7.6  292.0   76.0  444.0
2017 249  9  6 2100  -29.5  978.9    7.5  286.0   76.0  444.0
2017 249  9  6 2200  -28.2  978.8    8.6  267.0   77.0  444.0
2017 249  9  6 2300  -28.9  978.4    8.0  268.0   75.9  444.0
2017 250  9  7 0000  -26.5  978.1   13.0  254.0   78.0  444.0
2017 250  9  7 0100  -27.5  978.6   10.2  251.0   77.0  444.0
2017 250  9  7 0200  -26.6  979.3   10.6  243.0   77.0  444.0
2017 250  9  7 0300  -27.5  980.0   10.0  252.0   76.6  444.0
2017 250  9  7 0400  -28.8  981.1    8.3  246.0   76.0  444.0
2017 250  9  7 0500  -30.7  981.6    6.7  254.0   75.0  444.0
2017 250  9  7 0600  -35.0  983.5    6.5  238.0   72.0  444.0
2017 250  9  7 0700  -37.1  985.4    5.7  235.0   71.0  444.0
2017 250  9  7 0800  -36.5  987.2    4.3  228.0   72.0  444.0
2017 250  9  7 0900  -37.5  988.3    2.9  245.0   70.9  444.0
2017 250  9  7 1000  -38.3  989.3    3.1  238.0   70.0  444.0
2017 250  9  7 1100  -39.0  990.3    2.5  240.0   70.0  444.0
2017 250  9  7 1200  -39.5  991.4    4.5  237.0   70.0  444.0
2017 250  9  7 1300  -39.6  991.8    4.5  242.0   70.0  444.0
2017 250  9  7 1400  -39.2  992.1    5.0  240.0   69.9  444.0
2017 250  9  7 1500  -40.0  991.8    4.7  267.0   69.0  444.0
2017 250  9  7 1600  -38.7  991.4    5.0  265.0   70.0  444.0
2017 250  9  7 1700  -36.1  990.9    6.1  262.0   72.0  444.0
2017 250  9  7 1800  -35.2  990.0    6.2  274.0   73.0  444.0
2017 250  9  7 1900  -32.6  989.7    5.5  269.0   73.8  444.0
2017 250  9  7 2000  -32.0  988.9    5.8  281.0   74.0  444.0
2017 250  9  7 2100  -31.8  988.5    3.1  283.0   74.0  444.0
2017 250  9  7 2200  -30.9  987.8    7.0  274.0   75.0  444.0
2017 250  9  7 2300  -28.8  987.0    4.0  286.0   75.0  444.0
2017 251  9  8 0000  -32.3  986.1    6.0  314.0   73.0  444.0
2017 251  9  8 0100  -30.9  984.7    6.6  313.0   73.9  444.0
2017 251  9  8 0200  -32.8  983.9    6.4  325.0   72.0  444.0
2017 251  9  8 0300  -30.4  982.5    7.0  319.0   74.0  444.0
2017 251  9  8 0400  -30.7  981.2    7.1  274.0   75.0  444.0
2017 251  9  8 0500  -32.9  980.2    3.8  265.0   74.0  444.0
2017 251  9  8 0600  -33.4  979.2    4.7  260.0   73.4  444.0
2017 251  9  8 0700  -32.3  978.8    4.4  260.0   74.0  444.0
2017 251  9  8 0800  -31.6  978.4    5.6  242.0   74.0  444.0
2017 251  9  8 0900  -31.0  978.0    6.1  266.0   75.2  444.0
2017 251  9  8 1000  -29.9  977.8    1.8  242.0   76.0  444.0
2017 251  9  8 1100  -28.4  977.5    2.6  256.0   76.0  444.0
2017 251  9  8 1200  -30.6  977.6    5.0  320.0   75.0  444.0
2017 251  9  8 1300  -29.4  976.2    6.6  304.0   79.0  444.0
2017 251  9  8 1400  -30.7  976.0    5.8  332.0   75.7  444.0
2017 251  9  8 1500  -30.1  975.7    4.5  312.0   75.0  444.0
2017 251  9  8 1600  -33.4  975.4    5.1  277.0   73.0  444.0
2017 251  9  8 1700  -36.6  976.1    5.8  232.0   71.0  444.0
2017 251  9  8 1800  -36.1  976.6    5.2  248.0   71.9  444.0
2017 251  9  8 1900  -36.5  976.9    4.9  250.0   71.8  444.0
2017 251  9  8 2000  -33.7  977.1    5.1  242.0   73.0  444.0
2017 251  9  8 2100  -30.7  977.0    6.4  243.0   75.0  444.0
2017 251  9  8 2200  -28.3  976.8    7.0  260.0   76.0  444.0
2017 251  9  8 2300  -25.8  976.6    7.9  248.0   77.9  444.0
2017 252  9  9 0000  -24.7  976.3    9.8  255.0   78.7  444.0
2017 252  9  9 0100  -25.4  976.0    8.4  265.0   78.0  444.0
2017 252  9  9 0200  -24.3  976.4    8.5  258.0   79.0  444.0
2017 252  9  9 0300  -23.5  977.1    7.9  241.0   80.0  444.0
2017 252  9  9 0400  -25.5  977.2    3.7  238.0   78.1  444.0
2017 252  9  9 0500  -27.0  976.8    3.6  265.0   77.0  444.0
2017 252  9  9 0600  -27.8  976.5    4.0  267.0   77.9  444.0
2017 252  9  9 0700  -28.3  976.6    4.0  270.0   77.0  444.0
2017 252  9  9 0800  -28.9  977.0    0.7  280.0   77.0  444.0
2017 252  9  9 0900  -27.3  977.2    2.2  353.0   75.0  444.0
2017 252  9  9 1000  -32.2  977.6    2.8  353.0   74.0  444.0
2017 252  9  9 1100  -29.0  977.3    4.1  334.0   76.1  444.0
2017 252  9  9 1200  -28.6  977.1    5.0  310.0   76.8  444.0
2017 252  9  9 1300  -27.3  977.4    4.1  274.0   78.0  444.0
2017 252  9  9 1400  -27.8  977.8    1.4  277.0   78.0  444.0
2017 252  9  9 1500  -29.1  977.7    2.4  298.0   77.0  444.0
2017 252  9  9 1600  -29.9  977.5    3.4  314.0   76.0  444.0
2017 252  9  9 1700  -29.7  977.8    2.7  310.0   75.9  444.0
2017 252  9  9 1800  -29.6  977.2    5.0  314.0   76.0  444.0
2017 252  9  9 1900  -30.4  977.9    3.6  288.0   75.0  444.0
2017 252  9  9 2000  -33.0  977.6    1.9  268.0   74.0  444.0
2017 252  9  9 2100  -34.0  978.0    2.8  307.0   73.3  444.0
2017 252  9  9 2200  -33.1  977.8    3.7  264.0   73.7  444.0
2017 252  9  9 2300  -33.2  977.7    4.5  275.0   74.0  444.0
2017 253  9 10 0000  -33.0  978.3    4.5  271.0   74.0  444.0
2017 253  9 10 0100  -32.2  978.3    3.3  273.0   74.0  444.0
2017 253  9 10 0200  -32.2  978.2    2.9  269.0   73.6  444.0
2017 253  9 10 0300  -32.4  978.6    4.0  280.0   74.0  444.0
2017 253  9 10 0400  -32.8  978.3    4.2  261.0   74.0  444.0
2017 253  9 10 0500  -33.0  978.4    4.5  267.0   74.0  444.0
2017 253  9 10 0600  -33.6  978.3    4.6  251.0   74.0  444.0
2017 253  9 10 0700  -34.5  978.2    4.7  265.0   73.0  444.0
2017 253  9 10 0800  -34.6  978.4    4.7  278.0   73.0  444.0
2017 253  9 10 0900  -34.3  978.3    5.5  262.0   73.0  444.0
2017 253  9 10 1000  -34.0  978.7    4.9  257.0   73.0  444.0
2017 253  9 10 1100  -35.1  978.9    3.9  270.0   72.0  444.0
2017 253  9 10 1200  -35.8  978.7    4.4  260.0   72.0  444.0
2017 253  9 10 1300  -36.3  978.2    3.2  282.0   71.0  444.0
2017 253  9 10 1400  -36.6  978.3    3.2  304.0   71.0  444.0
2017 253  9 10 1500  -36.8  978.5    3.3  275.0   71.2  444.0
2017 253  9 10 1600  -37.6  978.7    3.1  282.0   71.0  444.0
2017 253  9 10 1700  -37.7  978.5    3.3  255.0   71.0  444.0
2017 253  9 10 1800  -37.3  978.7    2.2  236.0   71.0  444.0
2017 253  9 10 1900  -33.8  978.7    3.7  239.0   73.0  444.0
2017 253  9 10 2000  -35.2  978.7    3.1  193.0   72.0  444.0
2017 253  9 10 2100  -36.7  979.4    2.0  293.0   71.0  444.0
2017 253  9 10 2200  -38.5  979.6    2.6  277.0   69.0  444.0
2017 253  9 10 2300  -37.3  979.9    3.1  282.0   70.0  444.0
2017 254  9 11 0000  -35.0  979.6    3.4  303.0   71.5  444.0
2017 254  9 11 0100  -35.6  979.4    2.7  161.0   71.0  444.0
2017 254  9 11 0200  -35.0  979.7    2.0  219.0   72.0  444.0
2017 254  9 11 0300  -35.1  980.0    2.7  254.0   72.0  444.0
2017 254  9 11 0400  -36.8  979.3    5.1  243.0   71.0  444.0
2017 254  9 11 0500  -37.8  979.0    4.7  224.0   70.6  444.0
2017 254  9 11 0600  -37.4  978.7    4.3  198.0   71.0  444.0
2017 254  9 11 0700  -38.2  978.3    4.6  176.0   70.0  444.0
2017 254  9 11 0800  -38.2  978.0    6.2  180.0   70.0  444.0
2017 254  9 11 0900  -38.6  976.9    8.6  176.0   70.0  444.0
2017 254  9 11 1000  -39.0  976.3    8.8  177.0   70.0  444.0
2017 254  9 11 1100  -39.0  976.5    9.1  176.0   70.0  444.0
2017 254  9 11 1200  -39.7  975.3   10.7  183.0   69.0  444.0
2017 254  9 11 1300  -40.1  974.4   11.7  186.0   69.1  444.0
2017 254  9 11 1400  -40.0  973.8   12.0  185.0   69.0  444.0
2017 254  9 11 1500  -39.1  973.4   11.6  187.0   70.0  444.0
2017 254  9 11 1600  -39.2  973.2   10.8  191.0   70.0  444.0
2017 254  9 11 1700  -38.9  972.6   10.3  203.0   70.0  444.0
2017 254  9 11 1800  -37.5  971.6   11.4  200.0   71.0  444.0
2017 254  9 11 1900  -37.0  971.0   11.3  202.0   71.0  444.0
2017 254  9 11 2000  -36.7  970.7   12.4  207.0   71.0  444.0
2017 254  9 11 2100  -36.1  970.2   11.4  209.0   71.0  444.0
2017 254  9 11 2200  -35.2  970.0   11.1  214.0   72.0  444.0
2017 254  9 11 2300  -35.0  969.9    9.7  205.0   72.0  444.0
2017 255  9 12 0000  -34.5  969.3   12.1  208.0   72.0  444.0
2017 255  9 12 0100  -33.7  969.5   12.0  218.0   73.0  444.0
2017 255  9 12 0200  -33.2  969.8   10.9  212.0   73.0  444.0
2017 255  9 12 0300  -32.4  970.1   10.0  229.0   73.7  444.0
2017 255  9 12 0400  -31.9  969.9    9.5  237.0   74.0  444.0
2017 255  9 12 0500  -30.6  969.3   10.2  236.0   75.0  444.0
2017 255  9 12 0600  -28.8  968.9   10.8  235.0   76.0  444.0
2017 255  9 12 0700  -27.0  968.8   11.8  233.0   78.0  444.0
2017 255  9 12 0800  -26.0  968.8   12.9  247.0   78.3  444.0
2017 255  9 12 0900  -25.8  968.9   13.3  252.0   78.0  444.0
2017 255  9 12 1000  -26.8  969.6   14.4  241.0   77.0  444.0
2017 255  9 12 1100  -27.7  970.2   13.9  234.0   77.0  444.0
2017 255  9 12 1200  -26.3  970.5   11.9  259.0   78.0  444.0
2017 255  9 12 1300  -28.0  971.8   12.8  241.0   77.0  444.0
2017 255  9 12 1400  -28.4  971.7   11.6  241.0   77.0  444.0
2017 255  9 12 1500  -27.7  971.5   12.1  259.0   77.0  444.0
2017 255  9 12 1600  -28.3  972.5   11.8  255.0   76.0  444.0
2017 255  9 12 1700  -28.4  972.7   11.9  263.0   76.0  444.0
2017 255  9 12 1800  -28.1  973.4   13.3  262.0   76.3  444.0
2017 255  9 12 1900  -27.9  974.3   11.4  261.0   75.0  444.0
2017 255  9 12 2000  -28.7  974.8   11.4  264.0   74.0  444.0
2017 255  9 12 2100  -28.4  974.6   12.5  258.0   74.0  444.0
2017 255  9 12 2200  -28.0  977.2    9.4  221.0   73.0  444.0
2017 255  9 12 2300  -29.0  977.6    8.3  239.0   70.0  444.0
2017 256  9 13 0000  -30.7  978.0    2.2  209.0   70.4  444.0
2017 256  9 13 0100  -28.2  977.9    7.8  248.0   69.0  444.0
2017 256  9 13 0200  -29.0  978.1    7.1  255.0   70.0  444.0
2017 256  9 13 0300  -30.2  978.4    7.1  256.0   72.5  444.0
2017 256  9 13 0400  -31.4  978.4    5.4  276.0   73.0  444.0
2017 256  9 13 0500  -32.2  978.2    7.0  285.0   73.4  444.0
2017 256  9 13 0600  -32.7  979.3    4.9  255.0   74.0  444.0
2017 256  9 13 0700  -33.4  979.7    2.9  201.0   72.0  444.0
2017 256  9 13 0800  -33.0  979.9    1.2  138.0   74.0  444.0
2017 256  9 13 0900  444.0  979.9    0.9  206.0   73.0  444.0
2017 256  9 13 1000  -33.2  980.0    2.3  324.0   72.0  444.0
2017 256  9 13 1100  -33.6  979.6    4.5  291.0   73.0  444.0
2017 256  9 13 1200  -29.1  979.1   11.9  272.0   71.6  444.0
2017 256  9 13 1300  -30.5  979.5    6.9  292.0   68.0  444.0
2017 256  9 13 1400  -31.7  979.8    7.0  294.0   70.0  444.0
2017 256  9 13 1500  -33.6  979.8    4.9  337.0   71.0  444.0
2017 256  9 13 1600  -33.9  979.3    5.8  313.0   74.0  444.0
2017 256  9 13 1700  -34.5  978.9    4.9  291.0   73.9  444.0
2017 256  9 13 1800  -33.8  978.7    6.6  281.0   74.0  444.0
2017 256  9 13 1900  -32.4  978.5    7.0  274.0   74.0  444.0
2017 256  9 13 2000  -32.1  978.5    8.1  269.0   74.0  444.0
2017 256  9 13 2100  -34.3  978.6    4.8  282.0   72.0  444.0
2017 256  9 13 2200  -34.6  978.5    3.8  245.0   71.4  444.0
2017 256  9 13 2300  -35.3  978.6    4.9  284.0   71.0  444.0
2017 257  9 14 0000  -37.0  978.1    7.7  246.0   69.0  444.0
2017 257  9 14 0100  -36.6  978.2    6.1  256.0   70.2  444.0
2017 257  9 14 0200  -35.6  977.7    6.9  253.0   70.0  444.0
2017 257  9 14 0300  -35.3  978.0    5.2  247.0   71.0  444.0
2017 257  9 14 0400  -37.0  977.8    6.1  232.0   69.0  444.0
2017 257  9 14 0500  -37.6  977.4    1.7  164.0   69.8  444.0
2017 257  9 14 0600  -33.3  976.4    4.5  266.0   74.1  444.0
2017 257  9 14 0700  -32.4  976.6    6.1  285.0   72.0  444.0
2017 257  9 14 0800  -32.1  976.6    7.6  273.0   74.0  444.0
2017 257  9 14 0900  -34.2  976.4    6.6  289.0   73.0  444.0
2017 257  9 14 1000  -35.7  976.4    5.6  340.0   71.5  444.0
2017 257  9 14 1100  -32.2  975.5    9.3  292.0   74.4  444.0
2017 257  9 14 1200  -33.9  975.6    6.7  238.0   72.0  444.0
2017 257  9 14 1300  -33.8  976.7    5.6  298.0   72.0  444.0
2017 257  9 14 1400  -34.5  976.8    5.6  295.0   73.0  444.0
2017 257  9 14 1500  -33.1  977.0    6.7  289.0   73.6  444.0
2017 257  9 14 1600  -34.3  977.3    5.2  296.0   71.9  444.0
2017 257  9 14 1700  -37.2  977.8    5.1  310.0   72.0  444.0
2017 257  9 14 1800  -37.1  978.4    6.5  316.0   71.0  444.0
2017 257  9 14 1900  -36.6  978.9    6.6  320.0   71.0  444.0
2017 257  9 14 2000  -34.0  979.0    7.2  312.0   73.0  444.0
2017 257  9 14 2100  -35.0  979.7    6.1  331.0   71.0  444.0
2017 257  9 14 2200  -36.5  980.1    5.6  329.0   70.1  444.0
2017 257  9 14 2300  -40.8  980.8    3.3  262.0   66.0  444.0
2017 258  9 15 0000  -42.8  981.5    4.8  251.0   66.0  444.0
2017 258  9 15 0100  -43.8  982.5    4.5  199.0   64.7  444.0
2017 258  9 15 0200  -42.8  983.6    5.7  211.0   65.0  444.0
2017 258  9 15 0300  -42.8  984.8    6.4  208.0   65.8  444.0
2017 258  9 15 0400  -43.8  985.7    6.3  196.0   65.4  444.0
2017 258  9 15 0500  -43.5  986.4    6.3  199.0   66.0  444.0
2017 258  9 15 0600  -44.2  987.0    3.2  226.0   66.0  444.0
2017 258  9 15 0700  -44.6  987.2    3.5  243.0   66.0  444.0
2017 258  9 15 0800  -45.3  987.5    4.5  229.0   65.6  444.0
2017 258  9 15 0900  -45.7  987.7    4.9  235.0   65.3  444.0
2017 258  9 15 1000  -45.6  988.0    4.2  258.0   65.0  444.0
2017 258  9 15 1100  -46.0  987.4    3.6  232.0   65.0  444.0
2017 258  9 15 1200  -47.1  987.7    4.5  240.0   65.0  444.0
2017 258  9 15 1300  -47.8  987.8    3.3  272.0   64.0  444.0
2017 258  9 15 1400  -48.0  987.2    3.2  215.0   64.0  444.0
2017 258  9 15 1500  -49.3  987.1    2.4  260.0   63.0  444.0
2017 258  9 15 1600  -49.1  986.6    2.9  248.0   63.0  444.0
2017 258  9 15 1700  -48.9  986.5    1.3  242.0   63.0  444.0
2017 258  9 15 1800  -49.3  986.4    1.4  314.0   62.8  444.0
2017 258  9 15 1900  -48.5  986.1    1.6  265.0   63.0  444.0
2017 258  9 15 2000  -49.5  986.0    0.0    0.0   62.0  444.0
2017 258  9 15 2100  -50.4  985.7    2.1   11.0   61.0  444.0
2017 258  9 15 2200  -49.5  985.9    1.6   11.0   60.0  444.0
2017 258  9 15 2300  -45.7  985.6    3.6  328.0   62.1  444.0
2017 259  9 16 0000  -44.8  985.8    3.5  334.0   63.0  444.0
2017 259  9 16 0100  -45.0  985.6    3.2  316.0   63.0  444.0
2017 259  9 16 0200  -44.1  985.6    3.7  326.0   63.4  444.0
2017 259  9 16 0300  -44.3  985.2    4.0  340.0   63.0  444.0
2017 259  9 16 0400  -43.7  984.6    5.3  341.0   64.0  444.0
2017 259  9 16 0500  -44.5  984.8    3.9  286.0   64.0  444.0
2017 259  9 16 0600  -49.4  985.0    3.1  283.0   62.0  444.0
2017 259  9 16 0700  -51.0  985.1    4.4  230.0   62.0  444.0
2017 259  9 16 0800  -51.7  985.5    4.6  231.0   61.0  444.0
2017 259  9 16 0900  -52.6  986.1    5.0  180.0   61.0  444.0
2017 259  9 16 1000  -53.0  986.4    5.3  184.0   60.0  444.0
2017 259  9 16 1100  -52.5  986.7    3.8  186.0   60.5  444.0
2017 259  9 16 1200  -52.7  987.3    4.1  177.0   60.0  444.0
2017 259  9 16 1300  -52.7  987.9    3.5  195.0   60.0  444.0
2017 259  9 16 1400  -52.4  987.9    3.6  185.0   61.0  444.0
2017 259  9 16 1500  -53.0  988.2    3.3  230.0   60.0  444.0
2017 259  9 16 1600  -53.5  988.3    3.1  226.0   59.8  444.0
2017 259  9 16 1700  -53.8  988.3    3.6  210.0   60.0  444.0
2017 259  9 16 1800  -54.0  988.4    2.9  220.0   59.0  444.0
2017 259  9 16 1900  -54.1  988.5    3.6  210.0   59.0  444.0
2017 259  9 16 2000  -53.9  989.0    3.1  222.0   59.0  444.0
2017 259  9 16 2100  -53.5  989.0    3.5  212.0   58.5  444.0
2017 259  9 16 2200  -53.4  989.0    3.0  207.0   58.0  444.0
2017 259  9 16 2300  -52.9  989.3    2.2  214.0   58.0  444.0
2017 260  9 17 0000  -52.5  989.3    2.8  235.0   58.0  444.0
2017 260  9 17 0100  -52.7  989.2    4.0  201.0   58.0  444.0
2017 260  9 17 0200  -52.1  989.4    1.7  236.0   58.0  444.0
2017 260  9 17 0300  -52.1  989.4    3.5  218.0   58.0  444.0
2017 260  9 17 0400  -52.4  989.2    3.5  229.0   58.0  444.0
2017 260  9 17 0500  -52.5  989.2    3.4  202.0   59.0  444.0
2017 260  9 17 0600  -52.8  989.1    3.3  188.0   59.0  444.0
2017 260  9 17 0700  -53.6  989.4    2.3  221.0   59.0  444.0
2017 260  9 17 0800  -54.3  989.1    2.3  237.0   59.0  444.0
2017 260  9 17 0900  -54.6  988.8    1.2  195.0   59.0  444.0
2017 260  9 17 1000  -55.2  988.7    2.3  255.0   58.0  444.0
2017 260  9 17 1100  -55.2  988.0    2.2  228.0   58.0  444.0
2017 260  9 17 1200  -55.3  987.9    2.3  221.0   58.0  444.0
2017 260  9 17 1300  -55.3  987.3    2.1  278.0   58.0  444.0
2017 260  9 17 1400  -55.8  986.8    0.4  162.0   58.0  444.0
2017 260  9 17 1500  -55.1  986.4    0.4  266.0   58.0  444.0
2017 260  9 17 1600  -55.2  985.9    2.4  327.0   58.0  444.0
2017 260  9 17 1700  -55.2  985.1    3.5   33.0   58.0  444.0
2017 260  9 17 1800  -52.7  984.3    4.0  346.0   59.0  444.0
2017 260  9 17 1900  -52.5  983.7    4.2  323.0   60.0  444.0
2017 260  9 17 2000  -50.1  983.0    4.7  305.0   61.0  444.0
2017 260  9 17 2100  -48.9  982.3    5.1  312.0   61.0  444.0
2017 260  9 17 2200  -47.6  981.4    5.3  325.0   62.0  444.0
2017 260  9 17 2300  -44.0  981.3    6.5  327.0   64.0  444.0
2017 261  9 18 0000  -42.7  980.3    6.9  326.0   64.0  444.0
2017 261  9 18 0100  -41.2  979.6    7.2  314.0   65.0  444.0
2017 261  9 18 0200  -40.8  978.9    8.2  324.0   65.3  444.0
2017 261  9 18 0300  -39.9  978.1    8.3  316.0   66.0  444.0
2017 261  9 18 0400  -38.5  977.4    7.8  308.0   67.0  444.0
2017 261  9 18 0500  -41.2  977.2    7.7  306.0   67.0  444.0
2017 261  9 18 0600  -40.4  976.2    9.0  298.0   67.8  444.0
2017 261  9 18 0700  -40.7  976.4    6.5  279.0   67.8  444.0
2017 261  9 18 0800  -41.9  976.2    4.1  302.0   67.0  444.0
2017 261  9 18 0900  -34.3  975.6    8.5  254.0   72.0  444.0
2017 261  9 18 1000  -35.0  975.4    8.1  256.0   72.0  444.0
2017 261  9 18 1100  -33.3  975.0    9.0  256.0   72.9  444.0
2017 261  9 18 1200  -32.2  974.5    9.2  257.0   73.8  444.0
2017 261  9 18 1300  -32.6  974.1    8.6  266.0   73.0  444.0
2017 261  9 18 1400  -31.6  973.8   10.0  254.0   74.0  444.0
2017 261  9 18 1500  -31.7  974.1    8.8  256.0   74.0  444.0
2017 261  9 18 1600  -30.9  973.8    9.6  250.0   75.1  444.0
2017 261  9 18 1700  -30.4  974.2    8.7  265.0   75.0  444.0
2017 261  9 18 1800  -35.4  973.9    5.1  313.0   71.0  444.0
2017 261  9 18 1900  -38.1  974.0    5.1  330.0   69.0  444.0
2017 261  9 18 2000  -38.6  973.9    6.4  317.0   69.0  444.0
2017 261  9 18 2100  -39.0  973.7    4.7  343.0   68.0  444.0
2017 261  9 18 2200  -37.1  973.7    5.4  316.0   69.0  444.0
2017 261  9 18 2300  -27.9  972.5   11.7  249.0   75.0  444.0
2017 262  9 19 0000  -27.5  972.7   13.2  256.0   74.2  444.0
2017 262  9 19 0100  -29.4  973.5    8.8  282.0   73.0  444.0
2017 262  9 19 0200  -30.6  973.2   10.5  265.0   73.0  444.0
2017 262  9 19 0300  -31.7  972.4    6.9  292.0   73.0  444.0
2017 262  9 19 0400  -39.8  972.5    8.1  251.0   66.2  444.0
2017 262  9 19 0500  -42.7  973.7    7.8  246.0   66.7  444.0
2017 262  9 19 0600  -37.6  974.1    8.9  230.0   71.0  444.0
2017 262  9 19 0700  -37.8  974.9    6.6  239.0   70.0  444.0
2017 262  9 19 0800  -36.9  975.2    6.5  251.0   71.0  444.0
2017 262  9 19 0900  -35.7  974.9    7.9  232.0   71.7  444.0
2017 262  9 19 1000  -36.4  975.4    7.8  230.0   71.1  444.0
2017 262  9 19 1100  -37.5  975.9    6.3  244.0   70.0  444.0
2017 262  9 19 1200  -38.8  975.8    6.6  223.0   70.0  444.0
2017 262  9 19 1300  -41.6  976.7    5.6  226.0   68.0  444.0
2017 262  9 19 1400  -43.8  977.0    3.8  248.0   66.4  444.0
2017 262  9 19 1500  -44.0  976.9    3.2  245.0   66.3  444.0
2017 262  9 19 1600  -43.8  976.5    3.4  243.0   66.0  444.0
2017 262  9 19 1700  -42.7  976.6    2.8  270.0   67.0  444.0
2017 262  9 19 1800  -41.1  976.1    3.8  263.0   68.0  444.0
2017 262  9 19 1900  -40.0  975.4    4.6  237.0   68.2  444.0
2017 262  9 19 2000  -39.7  975.3    1.4  305.0   68.6  444.0
2017 262  9 19 2100  -38.4  974.4    5.0  274.0   68.8  444.0
2017 262  9 19 2200  -37.5  974.5    4.0  283.0   69.0  444.0
2017 262  9 19 2300  -36.8  973.5    3.5  282.0   69.0  444.0
2017 263  9 20 0000  -36.6  972.7    6.9  254.0   69.0  444.0
2017 263  9 20 0100  -36.8  972.9    7.6  258.0   69.0  444.0
2017 263  9 20 0200  -35.8  972.8    5.9  244.0   69.1  444.0
2017 263  9 20 0300  -35.8  972.4    5.1  254.0   68.6  444.0
2017 263  9 20 0400  -35.1  971.9    1.7  267.0   69.0  444.0
2017 263  9 20 0500  -35.7  971.6    3.5  248.0   71.0  444.0
2017 263  9 20 0600  -34.7  971.0    8.5  286.0   71.0  444.0
2017 263  9 20 0700  -35.0  970.7    6.1  292.0   71.6  444.0
2017 263  9 20 0800  -35.6  969.5    7.0  310.0   71.3  444.0
2017 263  9 20 0900  -35.9  969.2    7.9  307.0   71.0  444.0
2017 263  9 20 1000  -37.0  968.5    7.5  312.0   70.0  444.0
2017 263  9 20 1100  -37.4  967.6    7.7  308.0   70.0  444.0
2017 263  9 20 1200  -37.4  967.4    6.9  264.0   70.4  444.0
2017 263  9 20 1300  -40.7  967.7    6.0  240.0   68.1  444.0
2017 263  9 20 1400  -41.5  968.4    3.8  224.0   67.9  444.0
2017 263  9 20 1500  -37.3  968.9    6.7  232.0   71.0  444.0
2017 263  9 20 1600  -35.3  968.4    7.2  234.0   72.0  444.0
2017 263  9 20 1700  -34.2  968.2    7.2  242.0   72.7  444.0
2017 263  9 20 1800  -34.0  968.4    7.9  240.0   73.0  444.0
2017 263  9 20 1900  -34.1  968.1    6.7  252.0   72.6  444.0
2017 263  9 20 2000  -34.3  968.2    5.5  245.0   72.0  444.0
2017 263  9 20 2100  -34.7  968.2    4.5  226.0   72.0  444.0
2017 263  9 20 2200  -37.0  968.6    5.0  204.0   69.6  444.0
2017 263  9 20 2300  -39.0  969.6    5.4  228.0   67.0  444.0
2017 264  9 21 0000  -40.1  969.8    6.7  225.0   66.8  444.0
2017 264  9 21 0100  -40.5  970.0    7.5  216.0   66.0  444.0
2017 264  9 21 0200  -41.1  970.5    4.8  212.0   65.0  444.0
2017 264  9 21 0300  -41.9  970.7    5.0  214.0   64.7  444.0
2017 264  9 21 0400  -42.8  971.0    3.8  233.0   65.0  444.0
2017 264  9 21 0500  -43.8  970.8    3.4  246.0   64.2  444.0
2017 264  9 21 0600  -44.4  970.5    4.7  238.0   65.0  444.0
2017 264  9 21 0700  -45.4  970.6    4.3  239.0   65.0  444.0
2017 264  9 21 0800  -43.9  970.3    4.2  218.0   66.0  444.0
2017 264  9 21 0900  -45.1  970.3    3.2  239.0   65.0  444.0
2017 264  9 21 1000  -44.4  970.3    3.0  219.0   65.9  444.0
2017 264  9 21 1100  -44.3  970.3    5.3  206.0   66.0  444.0
2017 264  9 21 1200  -46.0  970.4    4.3  218.0   65.0  444.0
2017 264  9 21 1300  -46.9  970.6    3.5  220.0   64.0  444.0
2017 264  9 21 1400  -47.6  970.3    4.0  228.0   64.0  444.0
2017 264  9 21 1500  -47.2  970.2    4.7  228.0   64.0  444.0
2017 264  9 21 1600  -47.3  969.9    4.0  251.0   64.0  444.0
2017 264  9 21 1700  -46.1  969.3    4.3  252.0   65.0  444.0
2017 264  9 21 1800  -43.5  969.3    5.3  217.0   66.0  444.0
2017 264  9 21 1900  -44.8  969.3    6.2  208.0   65.0  444.0
2017 264  9 21 2000  -45.3  969.6    5.8  212.0   64.1  444.0
2017 264  9 21 2100  -43.4  969.5    6.9  201.0   64.7  444.0
2017 264  9 21 2200  -42.7  969.7    6.3  218.0   66.0  444.0
2017 264  9 21 2300  -42.2  969.5    5.4  236.0   66.0  444.0
2017 265  9 22 0000  -41.3  969.2    5.7  232.0   66.0  444.0
2017 265  9 22 0100  -40.7  969.1    6.5  223.0   66.0  444.0
2017 265  9 22 0200  -40.2  968.9    7.0  215.0   67.0  444.0
2017 265  9 22 0300  -40.7  968.8    5.6  230.0   66.0  444.0
2017 265  9 22 0400  -41.3  968.9    5.5  253.0   66.0  444.0
2017 265  9 22 0500  -41.2  968.6    4.8  232.0   66.7  444.0
2017 265  9 22 0600  -40.7  968.1    4.2  236.0   68.0  444.0
2017 265  9 22 0700  -40.6  967.9    4.7  225.0   68.0  444.0
2017 265  9 22 0800  -41.5  968.0    5.1  226.0   67.0  444.0
2017 265  9 22 0900  -42.0  968.5    4.9  226.0   67.0  444.0
2017 265  9 22 1000  -43.0  968.2    4.0  239.0   66.3  444.0
2017 265  9 22 1100  -43.1  968.2    4.0  280.0   66.0  444.0
2017 265  9 22 1200  -41.8  968.1    4.3  252.0   67.0  444.0
2017 265  9 22 1300  -42.2  967.7    3.6  260.0   67.0  444.0
2017 265  9 22 1400  -42.9  967.5    4.9  253.0   66.0  444.0
2017 265  9 22 1500  -42.0  967.1    4.4  239.0   67.1  444.0
2017 265  9 22 1600  -43.4  966.5    3.7  258.0   66.0  444.0
2017 265  9 22 1700  -42.7  965.8    5.8  246.0   67.0  444.0
2017 265  9 22 1800  -41.5  964.9    5.5  247.0   68.0  444.0
2017 265  9 22 1900  -40.6  964.6    5.1  243.0   68.0  444.0
2017 265  9 22 2000  -40.0  964.7    6.1  229.0   68.0  444.0
2017 265  9 22 2100  -40.2  964.4    4.6  227.0   68.0  444.0
2017 265  9 22 2200  -38.1  964.3    7.2  236.0   68.0  444.0
2017 265  9 22 2300  -36.6  963.8    7.6  240.0   68.0  444.0
2017 266  9 23 0000  -35.5  963.6    7.6  240.0   69.0  444.0
2017 266  9 23 0100  -35.3  962.5    7.1  244.0   69.0  444.0
2017 266  9 23 0200  -34.9  962.3    8.6  239.0   69.0  444.0
2017 266  9 23 0300  -34.9  961.6    7.8  237.0   69.0  444.0
2017 266  9 23 0400  -34.6  961.0    7.7  232.0   70.0  444.0
2017 266  9 23 0500  -35.3  960.7    7.3  240.0   69.5  444.0
2017 266  9 23 0600  -34.6  960.3    7.8  239.0   70.8  444.0
2017 266  9 23 0700  -35.5  960.2    7.2  242.0   71.0  444.0
2017 266  9 23 0800  -34.6  960.1    5.9  227.0   71.8  444.0
2017 266  9 23 0900  -36.3  960.5    6.2  235.0   70.0  444.0
2017 266  9 23 1000  -37.7  960.0    5.4  230.0   70.0  444.0
2017 266  9 23 1100  -37.4  959.7    5.3  240.0   70.0  444.0
2017 266  9 23 1200  -36.3  959.6    5.3  237.0   71.0  444.0
2017 266  9 23 1300  -35.4  959.5    5.7  244.0   71.5  444.0
2017 266  9 23 1400  -34.9  959.1    7.0  234.0   72.0  444.0
2017 266  9 23 1500  -35.1  958.7    9.0  264.0   71.0  444.0
2017 266  9 23 1600  -37.2  959.2    5.8  256.0   70.0  444.0
2017 266  9 23 1700  -37.3  958.9    6.9  259.0   70.0  444.0
2017 266  9 23 1800  -35.3  958.7    8.6  259.0   70.5  444.0
2017 266  9 23 1900  -35.1  958.6    7.7  246.0   71.0  444.0
2017 266  9 23 2000  -35.6  959.0    7.0  259.0   68.0  444.0
2017 266  9 23 2100  -35.1  959.0    7.6  251.0   69.0  444.0
2017 266  9 23 2200  -33.9  959.5    8.9  231.0   71.0  444.0
2017 266  9 23 2300  -33.1  960.1    7.1  236.0   69.1  444.0
2017 267  9 24 0000  -33.2  960.3    7.7  239.0   69.0  444.0
2017 267  9 24 0100  -33.0  960.2    7.9  239.0   69.1  444.0
2017 267  9 24 0200  -32.9  960.2    9.8  252.0   68.0  444.0
2017 267  9 24 0300  -33.5  960.7    7.0  231.0   67.2  444.0
2017 267  9 24 0400  -35.9  960.4    5.3  226.0   68.7  444.0
2017 267  9 24 0500  -38.1  960.8    4.3  191.0   68.0  444.0
2017 267  9 24 0600  -40.1  961.5    4.8  181.0   67.0  444.0
2017 267  9 24 0700  -41.6  962.1    3.7  186.0   66.0  444.0
2017 267  9 24 0800  -43.5  962.4    3.9  205.0   66.0  444.0
2017 267  9 24 0900  -45.0  962.5    3.1  216.0   65.4  444.0
2017 267  9 24 1000  -46.0  962.9    2.7  223.0   65.0  444.0
2017 267  9 24 1100  -46.8  962.8    3.3  246.0   64.6  444.0
2017 267  9 24 1200  -47.2  962.6    3.5  238.0   64.0  444.0
2017 267  9 24 1300  -47.3  962.8    3.0  240.0   65.0  444.0
2017 267  9 24 1400  -46.9  962.3    3.4  219.0   64.5  444.0
2017 267  9 24 1500  -44.3  962.7    4.7  221.0   66.0  444.0
2017 267  9 24 1600  -45.0  962.4    3.6  228.0   65.8  444.0
2017 267  9 24 1700  -43.1  962.4    5.7  213.0   67.0  444.0
2017 267  9 24 1800  -43.6  962.8    5.0  223.0   66.0  444.0
2017 267  9 24 1900  -43.0  963.8    4.2  196.0   65.9  444.0
2017 267  9 24 2000  -43.6  964.1    4.5  231.0   65.0  444.0
2017 267  9 24 2100  -42.3  964.5    4.3  225.0   66.0  444.0
2017 267  9 24 2200  -42.0  965.0    4.4  233.0   66.0  444.0
2017 267  9 24 2300  -40.3  965.4    4.4  239.0   67.0  444.0
2017 268  9 25 0000  -38.7  965.6    5.0  236.0   67.0  444.0
2017 268  9 25 0100  -38.2  965.8    4.7  238.0   68.0  444.0
2017 268  9 25 0200  -37.7  966.2    4.3  225.0   67.8  444.0
2017 268  9 25 0300  -38.6  966.5    4.1  227.0   68.0  444.0
2017 268  9 25 0400  -39.5  966.8    3.2  238.0   67.4  444.0
2017 268  9 25 0500  -39.9  966.7    4.4  225.0   68.0  444.0
2017 268  9 25 0600  -40.3  967.0    3.8  228.0   67.9  444.0
2017 268  9 25 0700  -40.5  966.9    4.3  235.0   68.0  444.0
2017 268  9 25 0800  -41.0  967.5    4.1  217.0   68.0  444.0
2017 268  9 25 0900  -39.7  967.7    3.7  204.0   68.5  444.0
2017 268  9 25 1000  -38.5  968.0    3.5  214.0   68.0  444.0
2017 268  9 25 1100  -38.3  967.9    3.2  215.0   68.0  444.0
2017 268  9 25 1200  -38.5  968.3    2.9  194.0   67.0  444.0
2017 268  9 25 1300  -39.6  968.5    2.9  217.0   67.0  444.0
2017 268  9 25 1400  -41.0  968.7    3.8  224.0   67.0  444.0
2017 268  9 25 1500  -41.9  969.3    3.1  219.0   67.0  444.0
2017 268  9 25 1600  -42.5  969.9    2.8  266.0   66.0  444.0
2017 268  9 25 1700  -41.3  970.2    3.7  229.0   67.0  444.0
2017 268  9 25 1800  -41.3  971.0    4.1  241.0   66.0  444.0
2017 268  9 25 1900  -41.6  971.8    4.3  224.0   66.4  444.0
2017 268  9 25 2000  -40.6  972.3    4.4  217.0   66.0  444.0
2017 268  9 25 2100  -39.5  973.2    4.0  217.0   65.0  444.0
2017 268  9 25 2200  -40.1  973.7    3.2  236.0   65.0  444.0
2017 268  9 25 2300  -40.7  974.0    4.3  234.0   65.0  444.0
2017 269  9 26 0000  -39.8  973.2    5.1  234.0   63.4  444.0
2017 269  9 26 0100  -38.5  972.8    5.3  232.0   67.0  444.0
2017 269  9 26 0200  -36.1  973.4    8.7  225.0   68.0  444.0
2017 269  9 26 0300  -35.1  973.2    6.4  224.0   70.0  444.0
2017 269  9 26 0400  -32.7  972.1    8.7  218.0   72.0  444.0
2017 269  9 26 0500  -32.7  971.7    8.5  237.0   72.0  444.0
2017 269  9 26 0600  -32.9  971.4    6.7  228.0   73.0  444.0
2017 269  9 26 0700  -32.1  971.1    8.5  226.0   73.4  444.0
2017 269  9 26 0800  -32.0  971.1    8.2  234.0   73.0  444.0
2017 269  9 26 0900  -31.6  971.5    7.0  241.0   74.0  444.0
2017 269  9 26 1000  -31.1  970.9    8.4  241.0   73.0  444.0
2017 269  9 26 1100  -31.4  969.9    8.0  245.0   72.0  444.0
2017 269  9 26 1200  -30.9  969.4    7.8  243.0   73.4  444.0
2017 269  9 26 1300  -30.2  968.8    7.4  229.0   75.0  444.0
2017 269  9 26 1400  -30.5  968.6    8.1  244.0   74.0  444.0
2017 269  9 26 1500  -30.6  968.3    6.6  240.0   75.0  444.0
2017 269  9 26 1600  -30.2  967.8    7.4  244.0   75.0  444.0
2017 269  9 26 1700  -29.2  967.2    9.0  245.0   75.1  444.0
2017 269  9 26 1800  -29.8  967.4    8.5  240.0   75.0  444.0
2017 269  9 26 1900  -30.3  967.2    8.4  249.0   73.0  444.0
2017 269  9 26 2000  -31.0  967.2    7.8  248.0   72.0  444.0
2017 269  9 26 2100  -31.1  967.1    8.1  247.0   71.0  444.0
2017 269  9 26 2200  -31.6  966.9    7.3  243.0   71.0  444.0
2017 269  9 26 2300  -31.5  967.6    7.8  248.0   70.0  444.0
2017 270  9 27 0000  -30.9  967.6    8.4  240.0   70.0  444.0
2017 270  9 27 0100  -30.3  967.4    8.2  245.0   71.0  444.0
2017 270  9 27 0200  -30.8  967.4    7.8  245.0   71.0  444.0
2017 270  9 27 0300  -29.8  967.2    6.8  234.0   68.0  444.0
2017 270  9 27 0400  -28.5  967.0    7.0  236.0   69.3  444.0
2017 270  9 27 0500  -28.7  966.6    6.5  236.0   71.0  444.0
2017 270  9 27 0600  -29.4  967.0    7.1  229.0   72.0  444.0
2017 270  9 27 0700  -30.0  966.8    7.4  233.0   72.0  444.0
2017 270  9 27 0800  -29.7  967.1    6.9  239.0   72.0  444.0
2017 270  9 27 0900  -30.1  967.0    7.4  232.0   71.9  444.0
2017 270  9 27 1000  -30.4  967.7    6.4  234.0   69.8  444.0
2017 270  9 27 1100  -31.0  967.6    5.8  244.0   70.0  444.0
2017 270  9 27 1200  -32.4  967.1    4.1  248.0   68.0  444.0
2017 270  9 27 1300  -32.5  966.9    5.4  247.0   67.0  444.0
2017 270  9 27 1400  -34.5  966.9    2.6  230.0   70.0  444.0
2017 270  9 27 1500  -32.1  966.6    6.6  228.0   69.0  444.0
2017 270  9 27 1600  -29.9  966.0    8.3  234.0   69.0  444.0
2017 270  9 27 1700  -30.3  966.8    9.0  227.0   68.0  444.0
2017 270  9 27 1800  -30.6  966.8    8.0  233.0   67.0  444.0
2017 270  9 27 1900  -30.7  967.2    5.7  236.0   67.0  444.0
2017 270  9 27 2000  -31.2  967.5    4.2  248.0   67.0  444.0
2017 270  9 27 2100  -31.0  967.9    3.9  244.0   67.0  444.0
2017 270  9 27 2200  -30.5  968.1    3.6  222.0   67.0  444.0
2017 270  9 27 2300  -31.1  968.5    3.9  271.0   68.0  444.0
2017 271  9 28 0000  -32.0  968.7    5.1  242.0   68.0  444.0
2017 271  9 28 0100  -31.8  969.4    4.3  244.0   67.0  444.0
2017 271  9 28 0200  -31.5  969.6    2.4  230.0   68.0  444.0
2017 271  9 28 0300  -31.8  969.2    5.6  289.0   68.0  444.0
2017 271  9 28 0400  -32.0  970.1    3.4  253.0   68.4  444.0
2017 271  9 28 0500  -31.6  970.0    3.0  268.0   68.0  444.0
2017 271  9 28 0600  -31.4  970.7    3.5  255.0   67.0  444.0
2017 271  9 28 0700  -32.1  971.4    2.8  251.0   68.1  444.0
2017 271  9 28 0800  -31.8  972.1    2.3  239.0   66.0  444.0
2017 271  9 28 0900  -32.2  972.5    2.4  158.0   68.0  444.0
2017 271  9 28 1000  -32.9  972.8    2.9  256.0   67.0  444.0
2017 271  9 28 1100  -33.0  973.6    2.3  205.0   67.0  444.0
2017 271  9 28 1200  -33.0  974.2    1.9  205.0   68.1  444.0
2017 271  9 28 1300  -33.1  974.6    3.3  242.0   68.0  444.0
2017 271  9 28 1400  -34.7  975.4    1.9  165.0   68.0  444.0
2017 271  9 28 1500  -31.5  975.6    2.4  167.0   67.0  444.0
2017 271  9 28 1600  -31.6  975.8    0.9  274.0   67.0  444.0
2017 271  9 28 1700  -32.6  976.2    1.9  275.0   61.6  444.0
2017 271  9 28 1800  -34.3  976.7    3.0  245.0   65.0  444.0
2017 271  9 28 1900  -34.1  977.2    2.3  226.0   65.0  444.0
2017 271  9 28 2000  -33.8  977.6    3.9  230.0   65.0  444.0
2017 271  9 28 2100  -31.8  977.9    4.6  217.0   66.0  444.0
2017 271  9 28 2200  -31.4  978.8    3.8  216.0   71.4  444.0
2017 271  9 28 2300  -31.7  979.5    3.5  205.0   70.0  444.0
2017 272  9 29 0000  -31.9  979.8    3.0  227.0   71.0  444.0
2017 272  9 29 0100  -32.0  980.2    2.4  232.0   70.0  444.0
2017 272  9 29 0200  -31.9  980.6    3.5  249.0   71.2  444.0
2017 272  9 29 0300  -31.5  980.5    2.2  259.0   70.9  444.0
2017 272  9 29 0400  -31.4  980.9    1.7  213.0   67.0  444.0
2017 272  9 29 0500  -30.9  980.2    5.0  230.0   64.3  444.0
2017 272  9 29 0600  -30.6  981.1    3.0  204.0   64.0  444.0
2017 272  9 29 0700  -32.8  981.3    3.4  229.0   66.0  444.0
2017 272  9 29 0800  -33.8  981.4    3.2  193.0   68.0  444.0
2017 272  9 29 0900  -33.7  981.5    2.9  191.0   68.0  444.0
2017 272  9 29 1000  -34.8  981.7    2.1  202.0   70.5  444.0
2017 272  9 29 1100  -34.4  981.6    2.5  223.0   71.0  444.0
2017 272  9 29 1200  -34.9  981.0    3.1  171.0   71.0  444.0
2017 272  9 29 1300  -33.3  980.8    4.0  184.0   60.0  444.0
2017 272  9 29 1400  -33.5  980.8    4.5  188.0   61.0  444.0
2017 272  9 29 1500  -33.3  981.0    5.1  170.0   68.6  444.0
2017 272  9 29 1600  -35.0  981.4    6.2  140.0   70.0  444.0
2017 272  9 29 1700  -39.7  981.7    4.8  143.0   66.0  444.0
2017 272  9 29 1800  -41.9  982.0    3.9  147.0   65.0  444.0
2017 272  9 29 1900  -43.3  982.0    2.5  164.0   63.4  444.0
2017 272  9 29 2000  -42.8  982.0    2.9  175.0   62.7  444.0
2017 272  9 29 2100  -42.1  980.9    2.8  190.0   63.0  444.0
2017 272  9 29 2200  -40.2  980.5    3.1  192.0   64.0  444.0
2017 272  9 29 2300  -38.6  979.9    3.6  229.0   63.0  444.0
2017 273  9 30 0000  -38.1  978.8    3.3  224.0   64.2  444.0
2017 273  9 30 0100  -36.3  977.8    4.2  233.0   68.7  444.0
2017 273  9 30 0200  -34.1  976.2    4.7  243.0   70.0  444.0
2017 273  9 30 0300  -32.1  975.6    5.1  216.0   71.7  444.0
2017 273  9 30 0400  -32.4  974.2    6.0  222.0   71.0  444.0
2017 273  9 30 0500  -34.7  973.0    3.8  223.0   72.3  444.0
2017 273  9 30 0600  -33.5  971.8    3.7  242.0   72.0  444.0
2017 273  9 30 0700  -32.6  970.2    4.6  230.0   73.4  444.0
2017 273  9 30 0800  -32.6  968.3    2.5  233.0   73.7  444.0
2017 273  9 30 0900  -33.2  965.8    0.6  204.0   74.0  444.0
2017 273  9 30 1000  -34.7  964.1    3.1   53.0   73.0  444.0
2017 273  9 30 1100  -33.5  962.7    4.4   34.0   74.0  444.0
2017 273  9 30 1200  -30.8  961.3    3.7  289.0   75.1  444.0
2017 273  9 30 1300  -32.0  959.4    3.5  309.0   74.1  444.0
2017 273  9 30 1400  -30.0  957.6    3.6  318.0   76.0  444.0
2017 273  9 30 1500  -28.8  956.2    3.0  319.0   76.0  444.0
2017 273  9 30 1600  -30.4  955.2    2.4   47.0   75.0  444.0
2017 273  9 30 1700  -32.9  954.6    3.8   86.0   73.7  444.0
2017 273  9 30 1800  -37.5  954.9    6.1  108.0   69.7  444.0
2017 273  9 30 1900  -39.4  955.9    6.5  123.0   68.0  444.0
2017 273  9 30 2000  -42.8  957.3    6.6  136.0   65.0  444.0
2017 273  9 30 2100  -43.2  958.6    5.4  142.0   64.0  444.0
2017 273  9 30 2200  -43.5  959.5    6.4  164.0   63.7  444.0
2017 273  9 30 2300  -44.5  960.5    6.3  174.0   62.6  444.0
