Year: 2002  Month: 07  ID: SWT  ARGOS:  8913  Name: Schwerdtfeger
Lat: 79.86S  Lon: 170.15E  Elev:   54m                           
2002 182  7  1 0000  -48.9  981.0    6.6  214.0  444.0  444.0
2002 182  7  1 0100  -49.0  980.8    7.6  219.0  444.0  444.0
2002 182  7  1 0200  -48.9  980.4    6.9  212.0  444.0  444.0
2002 182  7  1 0300  444.0  444.0  444.0  444.0  444.0  444.0
2002 182  7  1 0400  -49.9  979.5    5.8  212.0  444.0  444.0
2002 182  7  1 0500  -51.4  978.7    6.1  228.0  444.0  444.0
2002 182  7  1 0600  -51.1  978.3    5.3  222.0  444.0  444.0
2002 182  7  1 0700  -51.1  977.4    5.1  229.0  444.0  444.0
2002 182  7  1 0800  444.0  444.0  444.0  444.0  444.0  444.0
2002 182  7  1 0900  -52.5  975.5    2.3  190.0  444.0  444.0
2002 182  7  1 1000  -53.8  974.5    2.0  269.0  444.0  444.0
2002 182  7  1 1100  -54.2  974.2    3.6  260.0  444.0  444.0
2002 182  7  1 1200  -54.0  973.3    1.8  274.0  444.0  444.0
2002 182  7  1 1300  444.0  444.0  444.0  444.0  444.0  444.0
2002 182  7  1 1400  -53.0  971.3    1.5  217.0  444.0  444.0
2002 182  7  1 1500  -54.2  970.7    0.0    0.0  444.0  444.0
2002 182  7  1 1600  -55.2  969.8    0.0    0.0  444.0  444.0
2002 182  7  1 1700  -55.8  969.3    0.0    0.0  444.0  444.0
2002 182  7  1 1800  444.0  444.0  444.0  444.0  444.0  444.0
2002 182  7  1 1900  -53.5  967.9    0.0    0.0  444.0  444.0
2002 182  7  1 2000  -56.0  967.6    0.0    0.0  444.0  444.0
2002 182  7  1 2100  -56.0  967.2    1.3  250.0  444.0  444.0
2002 182  7  1 2200  -56.0  967.3    2.0  277.0  444.0  444.0
2002 182  7  1 2300  -55.2  967.4    2.8  221.0  444.0  444.0
2002 183  7  2 0000  -55.1  967.4    1.5  187.0  444.0  444.0
2002 183  7  2 0100  -55.0  967.2    0.0    0.0  444.0  444.0
2002 183  7  2 0200  -55.2  967.3    0.0    0.0  444.0  444.0
2002 183  7  2 0300  -54.8  967.2    3.8  259.0  444.0  444.0
2002 183  7  2 0400  -53.5  967.2    3.6  259.0  444.0  444.0
2002 183  7  2 0500  -53.1  966.8    4.1  257.0  444.0  444.0
2002 183  7  2 0600  -51.4  966.6    3.3  248.0  444.0  444.0
2002 183  7  2 0700  -49.6  966.6    3.0  240.0  444.0  444.0
2002 183  7  2 0800  -48.8  966.8    4.3  253.0  444.0  444.0
2002 183  7  2 0900  -48.4  966.8    3.3  256.0  444.0  444.0
2002 183  7  2 1000  -48.1  967.4    3.8  262.0  444.0  444.0
2002 183  7  2 1100  -45.4  967.3    5.3  249.0  444.0  444.0
2002 183  7  2 1200  -45.2  967.8    5.8  252.0  444.0  444.0
2002 183  7  2 1300  -43.5  967.8    5.8  257.0  444.0   -4.1
2002 183  7  2 1400  -44.0  968.3    4.3  269.0  444.0   -4.8
2002 183  7  2 1500  -44.6  968.2    4.6  263.0  444.0   -4.9
2002 183  7  2 1600  -38.1  968.4    5.3  250.0  444.0    1.0
2002 183  7  2 1700  -40.9  968.7    3.6  215.0  444.0   -1.6
2002 183  7  2 1800  -38.6  969.1    6.1  228.0  444.0    0.5
2002 183  7  2 1900  -36.9  969.8    6.1  236.0  444.0    3.0
2002 183  7  2 2000  -35.2  970.2    6.1  225.0  444.0    4.4
2002 183  7  2 2100  -36.1  970.7    5.1  239.0  444.0    3.5
2002 183  7  2 2200  -36.5  971.3    4.8  242.0  444.0    2.8
2002 183  7  2 2300  -37.0  971.6    4.3  255.0  444.0    2.8
2002 184  7  3 0000  -37.1  971.4    5.1  257.0  444.0    2.3
2002 184  7  3 0100  -35.8  971.7    6.4  252.0  444.0    3.9
2002 184  7  3 0200  -37.6  971.9    5.1  233.0  444.0    1.9
2002 184  7  3 0300  -40.0  972.0    5.6  242.0  444.0   -0.3
2002 184  7  3 0400  -42.1  972.5    4.6  252.0  444.0   -2.8
2002 184  7  3 0500  -42.6  972.6    4.8  252.0  444.0   -3.3
2002 184  7  3 0600  -43.0  972.7    5.8  250.0  444.0   -3.5
2002 184  7  3 0700  -45.0  973.6    5.3  232.0  444.0  444.0
2002 184  7  3 0800  -44.8  973.8    4.8  259.0  444.0   -5.0
2002 184  7  3 0900  -40.2  973.9    6.6  257.0  444.0   -1.1
2002 184  7  3 1000  -38.4  973.9    6.9  249.0  444.0    1.2
2002 184  7  3 1100  -37.6  973.7    7.6  255.0  444.0    1.7
2002 184  7  3 1200  -39.4  974.0    3.8  233.0  444.0    0.2
2002 184  7  3 1300  -36.8  973.5    6.4  253.0  444.0    2.4
2002 184  7  3 1400  -37.6  972.8    6.6  257.0  444.0    2.0
2002 184  7  3 1500  -37.8  971.8    5.3  253.0  444.0    1.7
2002 184  7  3 1600  -37.9  971.4    5.1  246.0  444.0    1.6
2002 184  7  3 1700  -39.9  971.2    5.3  245.0  444.0   -0.3
2002 184  7  3 1800  -41.2  971.3    3.0  233.0  444.0   -2.0
2002 184  7  3 1900  -42.4  971.4    2.8  240.0  444.0   -3.2
2002 184  7  3 2000  -42.8  971.6    3.6  232.0  444.0   -3.5
2002 184  7  3 2100  -41.1  972.3    5.1  207.0  444.0   -2.0
2002 184  7  3 2200  -39.1  972.9    4.8  194.0  444.0    0.1
2002 184  7  3 2300  -38.6  973.5    4.3  198.0  444.0    0.5
2002 185  7  4 0000  -38.0  974.0    5.6  201.0  444.0    1.0
2002 185  7  4 0100  -39.2  974.5    6.6  195.0  444.0    0.1
2002 185  7  4 0200  -40.1  975.3    7.1  204.0  444.0   -1.0
2002 185  7  4 0300  -39.9  975.2    8.1  201.0  444.0   -0.6
2002 185  7  4 0400  -39.5  975.9    8.1  188.0  444.0   -0.4
2002 185  7  4 0500  -39.5  976.4    6.6  193.0  444.0   -0.5
2002 185  7  4 0600  -40.1  977.2    6.4  201.0  444.0   -1.1
2002 185  7  4 0700  -39.9  977.7    7.9  190.0  444.0   -0.8
2002 185  7  4 0800  -41.0  978.0    6.6  191.0  444.0   -2.0
2002 185  7  4 0900  -41.2  978.2    4.6  205.0  444.0   -2.3
2002 185  7  4 1000  -40.0  978.9    6.1  204.0  444.0   -1.0
2002 185  7  4 1100  -40.5  978.8    4.6  224.0  444.0   -1.6
2002 185  7  4 1200  -41.1  978.6    5.3  219.0  444.0   -2.3
2002 185  7  4 1300  -38.8  978.3    6.1  222.0  444.0    0.2
2002 185  7  4 1400  -36.8  977.8    6.9  212.0  444.0    2.2
2002 185  7  4 1500  -35.8  977.9    6.4  210.0  444.0    3.4
2002 185  7  4 1600  -35.2  978.4    6.1  221.0  444.0    4.0
2002 185  7  4 1700  -38.5  978.4    4.6  235.0  444.0    0.5
2002 185  7  4 1800  -38.6  977.0    5.8  252.0  444.0    0.1
2002 185  7  4 1900  -36.6  976.9    6.1  235.0  444.0    2.4
2002 185  7  4 2000  -37.1  976.3    7.1  232.0  444.0    1.8
2002 185  7  4 2100  -37.1  975.6    7.6  232.0  444.0    1.6
2002 185  7  4 2200  -36.8  975.2    9.4  238.0  444.0    2.1
2002 185  7  4 2300  -36.5  974.6    8.9  235.0  444.0    2.1
2002 186  7  5 0000  -34.4  974.3    7.1  232.0  444.0    4.4
2002 186  7  5 0100  -33.9  974.1    7.4  232.0  444.0    5.0
2002 186  7  5 0200  -33.0  973.5    8.4  232.0  444.0    5.9
2002 186  7  5 0300  -31.0  973.5    8.4  229.0  444.0    7.9
2002 186  7  5 0400  -29.4  973.4    9.9  218.0  444.0    9.6
2002 186  7  5 0500  -28.9  972.8   12.2  219.0  444.0   10.0
2002 186  7  5 0600  -25.6  973.1   13.5  207.0  444.0   10.0
2002 186  7  5 0700  -23.2  972.8   12.7  200.0  444.0   10.0
2002 186  7  5 0800  -22.0  973.4    9.4  187.0  444.0   10.0
2002 186  7  5 0900  -21.5  973.3   13.5  174.0  444.0   10.0
2002 186  7  5 1000  -22.0  973.4   12.4  184.0  444.0   10.0
2002 186  7  5 1100  -23.9  973.7   11.4  172.0  444.0   10.0
2002 186  7  5 1200  -24.2  974.3   14.7  179.0  444.0   10.0
2002 186  7  5 1300  -25.5  974.1   11.9  176.0  444.0   10.0
2002 186  7  5 1400  -25.5  974.7    9.9  172.0  444.0   10.0
2002 186  7  5 1500  -26.6  975.4   11.9  176.0  444.0   10.0
2002 186  7  5 1600  -26.9  975.6    8.6  186.0  444.0   10.0
2002 186  7  5 1700  -27.4  975.8    9.9  188.0  444.0   10.0
2002 186  7  5 1800  -28.2  976.2    8.1  183.0  444.0   10.0
2002 186  7  5 1900  -29.4  976.0    6.6  162.0  444.0    8.9
2002 186  7  5 2000  -30.9  976.3    4.3  179.0  444.0    7.1
2002 186  7  5 2100  -33.1  976.1    5.6  204.0  444.0    5.2
2002 186  7  5 2200  -34.1  975.3    6.6  221.0  444.0    4.1
2002 186  7  5 2300  -34.6  973.8    6.9  212.0  444.0    3.4
2002 187  7  6 0000  -34.5  973.1    6.6  208.0  444.0    3.4
2002 187  7  6 0100  -35.2  972.5    6.9  197.0  444.0    2.5
2002 187  7  6 0200  -34.1  971.2    7.6  217.0  444.0    3.6
2002 187  7  6 0300  -33.1  969.7    8.9  210.0  444.0    4.7
2002 187  7  6 0400  -33.2  968.8    6.6  231.0  444.0    4.5
2002 187  7  6 0500  -33.2  967.7    7.4  240.0  444.0    4.4
2002 187  7  6 0600  -33.0  966.2    9.1  246.0  444.0    4.7
2002 187  7  6 0700  -32.1  964.4   11.2  253.0  444.0    5.4
2002 187  7  6 0800  -31.0  963.1    7.9  236.0  444.0    6.5
2002 187  7  6 0900  -30.2  960.7   12.4  259.0  444.0    7.4
2002 187  7  6 1000  -30.5  959.1   16.0  260.0  444.0    7.1
2002 187  7  6 1100  -30.4  957.5   15.2  257.0  444.0    7.0
2002 187  7  6 1200  -30.2  955.9   14.7  260.0  444.0    7.3
2002 187  7  6 1300  -29.5  955.6    9.7  239.0  444.0    8.0
2002 187  7  6 1400  -30.5  957.7    7.6  204.0  444.0    7.0
2002 187  7  6 1500  -29.6  954.8    9.4  278.0  444.0    7.8
2002 187  7  6 1600  -28.8  954.3   10.7  260.0  444.0    8.6
2002 187  7  6 1700  -29.1  953.8    8.4  260.0  444.0    8.2
2002 187  7  6 1800  -29.0  954.0   10.7  243.0  444.0    8.2
2002 187  7  6 1900  -26.1  954.5   11.7  246.0  444.0   10.0
2002 187  7  6 2000  -24.9  954.7    8.9  236.0  444.0   10.0
2002 187  7  6 2100  -23.8  955.1    8.9  243.0  444.0   10.0
2002 187  7  6 2200  -23.5  954.5   10.4  250.0  444.0   10.0
2002 187  7  6 2300  -23.8  954.4   11.7  259.0  444.0   10.0
2002 188  7  7 0000  -24.2  955.0   11.4  248.0  444.0   10.0
2002 188  7  7 0100  -24.5  954.9   13.0  256.0  444.0   10.0
2002 188  7  7 0200  444.0  444.0  444.0  444.0  444.0  444.0
2002 188  7  7 0300  -22.6  955.8    8.9  249.0  444.0   10.0
2002 188  7  7 0400  -22.4  956.5    7.9  238.0  444.0   10.0
2002 188  7  7 0500  -23.6  957.1    5.3  229.0  444.0   10.0
2002 188  7  7 0600  -24.9  958.1    4.3  239.0  444.0   10.0
2002 188  7  7 0700  -25.9  959.6    4.6  198.0  444.0   10.0
2002 188  7  7 0800  -29.4  961.1    3.3  148.0  444.0    7.1
2002 188  7  7 0900  -33.0  962.7    3.6  134.0  444.0    3.5
2002 188  7  7 1000  -34.0  964.5    3.8  134.0  444.0    2.3
2002 188  7  7 1100  -33.5  966.0    5.8  139.0  444.0    2.6
2002 188  7  7 1200  -34.4  967.9    4.3  159.0  444.0    1.7
2002 188  7  7 1300  -34.8  969.6    5.3  170.0  444.0    1.1
2002 188  7  7 1400  -35.0  971.7    6.4  162.0  444.0    1.1
2002 188  7  7 1500  -34.6  973.0    4.1  198.0  444.0    1.4
2002 188  7  7 1600  -34.1  974.4    5.3  210.0  444.0    1.9
2002 188  7  7 1700  -34.8  975.9    4.8  222.0  444.0    1.1
2002 188  7  7 1800  -34.0  977.2    4.1  225.0  444.0    1.8
2002 188  7  7 1900  -33.8  978.4    6.4  232.0  444.0    1.9
2002 188  7  7 2000  -33.4  979.4    5.3  235.0  444.0    2.2
2002 188  7  7 2100  -33.6  980.7    4.6  239.0  444.0    1.9
2002 188  7  7 2200  -34.1  981.5    5.3  228.0  444.0    1.6
2002 188  7  7 2300  -34.1  982.5    6.9  212.0  444.0    1.6
2002 189  7  8 0000  444.0  444.0  444.0  444.0  444.0  444.0
2002 189  7  8 0100  -34.0  983.8    7.1  214.0  444.0    1.6
2002 189  7  8 0200  -34.5  984.3    7.4  219.0  444.0    1.2
2002 189  7  8 0300  -34.1  984.7    7.6  224.0  444.0    1.4
2002 189  7  8 0400  -33.5  985.4    8.1  219.0  444.0    2.2
2002 189  7  8 0500  444.0  444.0  444.0  444.0  444.0  444.0
2002 189  7  8 0600  -32.0  985.9    8.4  224.0  444.0    3.5
2002 189  7  8 0700  -30.5  986.9    8.1  193.0  444.0    4.9
2002 189  7  8 0800  -31.4  987.3    7.4  208.0  444.0    4.2
2002 189  7  8 0900  -31.6  987.8    8.4  215.0  444.0    3.9
2002 189  7  8 1000  444.0  444.0  444.0  444.0  444.0  444.0
2002 189  7  8 1100  -30.6  989.1    8.9  202.0  444.0    4.9
2002 189  7  8 1200  -31.0  989.6    8.4  211.0  444.0    4.3
2002 189  7  8 1300  -31.8  990.3    8.9  212.0  444.0    3.6
2002 189  7  8 1400  -32.8  991.1    7.1  218.0  444.0    2.6
2002 189  7  8 1500  444.0  444.0  444.0  444.0  444.0  444.0
2002 189  7  8 1600  -33.4  991.8    8.1  210.0  444.0    1.8
2002 189  7  8 1700  -35.6  992.0    5.8  226.0  444.0   -0.4
2002 189  7  8 1800  -36.5  992.3    5.3  228.0  444.0   -1.3
2002 189  7  8 1900  -38.1  992.5    5.3  224.0  444.0   -3.1
2002 189  7  8 2000  -38.6  992.6    4.8  218.0  444.0   -3.7
2002 189  7  8 2100  -39.8  992.7    3.0  214.0  444.0   -4.8
2002 189  7  8 2200  444.0  444.0  444.0  444.0  444.0  444.0
2002 189  7  8 2300  -42.8  992.3    1.3  281.0  444.0  444.0
2002 190  7  9 0000  -43.6  991.9    0.0    0.0  444.0  444.0
2002 190  7  9 0100  -44.2  991.9    1.5  283.0  444.0  444.0
2002 190  7  9 0200  -44.8  992.0    0.8  283.0  444.0  444.0
2002 190  7  9 0300  444.0  444.0  444.0  444.0  444.0  444.0
2002 190  7  9 0400  -46.4  992.1    1.3    1.0  444.0  444.0
2002 190  7  9 0500  444.0  444.0  444.0  444.0  444.0  444.0
2002 190  7  9 0600  -47.2  992.1    0.8  336.0  444.0  444.0
2002 190  7  9 0700  -47.5  992.4    0.0    0.0  444.0  444.0
2002 190  7  9 0800  -47.2  992.4    2.0  360.0  444.0  444.0
2002 190  7  9 0900  -47.0  992.9    0.0    0.0  444.0  444.0
2002 190  7  9 1000  -47.0  993.0    0.8  360.0  444.0  444.0
2002 190  7  9 1100  -47.2  993.1    1.8  359.0  444.0  444.0
2002 190  7  9 1200  -47.5  993.1    2.0  360.0  444.0  444.0
2002 190  7  9 1300  -48.0  993.1    0.0    0.0  444.0  444.0
2002 190  7  9 1400  -47.5  993.2    2.0   10.0  444.0  444.0
2002 190  7  9 1500  -47.4  993.0    0.0    0.0  444.0  444.0
2002 190  7  9 1600  -47.5  993.2    0.5  359.0  444.0  444.0
2002 190  7  9 1700  -48.0  992.9    1.8   24.0  444.0  444.0
2002 190  7  9 1800  -49.8  993.1    1.3  345.0  444.0  444.0
2002 190  7  9 1900  -49.6  992.8    1.8  360.0  444.0  444.0
2002 190  7  9 2000  -49.2  993.3    2.8  291.0  444.0  444.0
2002 190  7  9 2100  -47.0  993.8    2.5  322.0  444.0  444.0
2002 190  7  9 2200  -48.1  993.9    2.0  332.0  444.0  444.0
2002 190  7  9 2300  -48.2  994.3    2.3  338.0  444.0  444.0
2002 191  7 10 0000  -48.6  994.8    1.8  339.0  444.0  444.0
2002 191  7 10 0100  -49.2  995.1    1.8  336.0  444.0  444.0
2002 191  7 10 0200  -49.6  995.7    1.8  360.0  444.0  444.0
2002 191  7 10 0300  -48.9  996.1    2.8  359.0  444.0  444.0
2002 191  7 10 0400  -49.4  996.5    1.3  340.0  444.0  444.0
2002 191  7 10 0500  -48.2  997.0    2.5  330.0  444.0  444.0
2002 191  7 10 0600  -48.5  997.5    0.3  304.0  444.0  444.0
2002 191  7 10 0700  -48.8  997.8    1.3  338.0  444.0  444.0
2002 191  7 10 0800  -48.6  998.5    1.0    6.0  444.0  444.0
2002 191  7 10 0900  -48.8  999.0    1.0   15.0  444.0  444.0
2002 191  7 10 1000  -50.2  999.5    2.0   14.0  444.0  444.0
2002 191  7 10 1100  -50.6  999.8    2.0    7.0  444.0  444.0
2002 191  7 10 1200  -51.1 1000.2    2.0  359.0  444.0  444.0
2002 191  7 10 1300  -51.8 1000.4    1.8  349.0  444.0  444.0
2002 191  7 10 1400  -51.6 1000.8    1.8  295.0  444.0  444.0
2002 191  7 10 1500  -51.9 1001.5    1.8  270.0  444.0  444.0
2002 191  7 10 1600  -52.5 1002.2    2.8  252.0  444.0  444.0
2002 191  7 10 1700  -53.0 1002.7    2.0  277.0  444.0  444.0
2002 191  7 10 1800  -52.8 1003.2    3.0  260.0  444.0  444.0
2002 191  7 10 1900  -52.8 1003.5    3.3  264.0  444.0  444.0
2002 191  7 10 2000  -53.2 1003.9    2.5  264.0  444.0  444.0
2002 191  7 10 2100  -53.2 1004.0    2.5  236.0  444.0  444.0
2002 191  7 10 2200  -54.2 1004.7    2.5  291.0  444.0  444.0
2002 191  7 10 2300  -54.0 1005.1    2.3  274.0  444.0  444.0
2002 192  7 11 0000  -54.0 1005.4    2.0  262.0  444.0  444.0
2002 192  7 11 0100  -53.8 1005.8    1.5  291.0  444.0  444.0
2002 192  7 11 0200  -54.2 1005.7    1.8  257.0  444.0  444.0
2002 192  7 11 0300  -54.0 1005.9    2.5  236.0  444.0  444.0
2002 192  7 11 0400  -54.8 1006.1    0.8  256.0  444.0  444.0
2002 192  7 11 0500  -54.0 1006.3    1.5  266.0  444.0  444.0
2002 192  7 11 0600  -54.5 1006.0    0.0    0.0  444.0  444.0
2002 192  7 11 0700  -54.4 1005.9    2.8  319.0  444.0  444.0
2002 192  7 11 0800  -52.4 1006.3    1.8  357.0  444.0  444.0
2002 192  7 11 0900  -51.6 1006.4    3.3  343.0  444.0  444.0
2002 192  7 11 1000  -50.0 1006.2    4.1  325.0  444.0  444.0
2002 192  7 11 1100  -47.8 1005.8    3.0  312.0  444.0  444.0
2002 192  7 11 1200  -46.9 1005.7    3.8  321.0  444.0  444.0
2002 192  7 11 1300  -45.1 1005.1    3.8  339.0  444.0  444.0
2002 192  7 11 1400  -46.2 1004.9    2.8  336.0  444.0  444.0
2002 192  7 11 1500  -46.6 1004.1    1.8  359.0  444.0  444.0
2002 192  7 11 1600  -47.5 1003.3    4.3    4.0  444.0  444.0
2002 192  7 11 1700  -48.4 1002.9    3.0  360.0  444.0  444.0
2002 192  7 11 1800  -47.0 1001.3    4.6    7.0  444.0  444.0
2002 192  7 11 1900  -47.2 1001.1    3.6  360.0  444.0  444.0
2002 192  7 11 2000  -48.4 1001.6    0.5  316.0  444.0  444.0
2002 192  7 11 2100  -49.4 1000.5    2.8    1.0  444.0  444.0
2002 192  7 11 2200  -49.5 1000.4    2.8    3.0  444.0  444.0
2002 192  7 11 2300  -50.2 1000.7    2.3  356.0  444.0  444.0
2002 193  7 12 0000  -49.9 1000.6    4.1  359.0  444.0  444.0
2002 193  7 12 0100  -46.9  999.9    4.8  359.0  444.0  444.0
2002 193  7 12 0200  -43.4  999.3    5.6  330.0  444.0   -5.0
2002 193  7 12 0300  -44.5  998.7    4.8  330.0  444.0  444.0
2002 193  7 12 0400  -48.5 1000.0    7.6  256.0  444.0  444.0
2002 193  7 12 0500  -49.9 1000.1    8.9  249.0  444.0  444.0
2002 193  7 12 0600  -50.6 1000.3    8.4  240.0  444.0  444.0
2002 193  7 12 0700  -50.6 1000.7    9.1  232.0  444.0  444.0
2002 193  7 12 0800  -50.6 1000.5    8.9  218.0  444.0  444.0
2002 193  7 12 0900  -50.1 1001.3    7.4  225.0  444.0  444.0
2002 193  7 12 1000  -49.9 1001.1    6.4  218.0  444.0  444.0
2002 193  7 12 1100  -48.9 1001.5    6.9  224.0  444.0  444.0
2002 193  7 12 1200  -47.1 1001.6    6.9  218.0  444.0  444.0
2002 193  7 12 1300  -47.1 1001.2    4.6  195.0  444.0  444.0
2002 193  7 12 1400  -47.2 1001.2    3.6  217.0  444.0  444.0
2002 193  7 12 1500  -48.9 1001.5    4.6  236.0  444.0  444.0
2002 193  7 12 1600  -49.2 1001.8    2.5  201.0  444.0  444.0
2002 193  7 12 1700  -50.8 1001.6    1.8  243.0  444.0  444.0
2002 193  7 12 1800  -51.6 1001.8    2.8  260.0  444.0  444.0
2002 193  7 12 1900  -51.9 1001.8    2.8  264.0  444.0  444.0
2002 193  7 12 2000  -52.0 1002.1    2.0  246.0  444.0  444.0
2002 193  7 12 2100  -52.8 1002.6    2.3  228.0  444.0  444.0
2002 193  7 12 2200  -52.1 1003.1    3.0  229.0  444.0  444.0
2002 193  7 12 2300  -51.4 1003.9    3.0  197.0  444.0  444.0
2002 194  7 13 0000  -50.4 1004.4    3.3  233.0  444.0  444.0
2002 194  7 13 0100  -50.0 1005.6    3.8  177.0  444.0  444.0
2002 194  7 13 0200  -51.9 1006.3    3.6  198.0  444.0  444.0
2002 194  7 13 0300  -52.2 1007.2    3.0  211.0  444.0  444.0
2002 194  7 13 0400  -53.2 1007.8    3.3  218.0  444.0  444.0
2002 194  7 13 0500  -53.6 1008.8    2.5  218.0  444.0  444.0
2002 194  7 13 0600  -53.6 1009.3    4.8  191.0  444.0  444.0
2002 194  7 13 0700  -54.4 1010.2    3.3  194.0  444.0  444.0
2002 194  7 13 0800  -54.6 1011.0    3.3  202.0  444.0  444.0
2002 194  7 13 0900  -55.1 1012.0    1.8  190.0  444.0  444.0
2002 194  7 13 1000  -55.5 1012.0    2.5  173.0  444.0  444.0
2002 194  7 13 1100  -55.6 1012.1    2.3  218.0  444.0  444.0
2002 194  7 13 1200  -55.9 1012.1    2.0  228.0  444.0  444.0
2002 194  7 13 1300  -55.9 1011.7    0.0    0.0  444.0  444.0
2002 194  7 13 1400  -55.8 1011.7    4.6  269.0  444.0  444.0
2002 194  7 13 1500  -55.8 1011.9    3.0  233.0  444.0  444.0
2002 194  7 13 1600  -55.6 1011.3    1.5  238.0  444.0  444.0
2002 194  7 13 1700  -55.8 1010.5    0.0    0.0  444.0  444.0
2002 194  7 13 1800  -55.8 1010.7    0.5   24.0  444.0  444.0
2002 194  7 13 1900  -55.4 1010.7    1.5   17.0  444.0  444.0
2002 194  7 13 2000  -54.8 1010.5    1.8  338.0  444.0  444.0
2002 194  7 13 2100  -53.6 1010.8    2.5  346.0  444.0  444.0
2002 194  7 13 2200  -52.2 1010.6    1.8  359.0  444.0  444.0
2002 194  7 13 2300  -52.5 1010.3    2.5  353.0  444.0  444.0
2002 195  7 14 0000  -52.2 1010.3    2.0  342.0  444.0  444.0
2002 195  7 14 0100  -51.4 1010.3    1.5  353.0  444.0  444.0
2002 195  7 14 0200  -51.2 1009.9    2.5  323.0  444.0  444.0
2002 195  7 14 0300  -49.5 1009.3    3.6  308.0  444.0  444.0
2002 195  7 14 0400  -48.1 1009.0    2.5  273.0  444.0  444.0
2002 195  7 14 0500  -47.0 1008.8    1.8  281.0  444.0  444.0
2002 195  7 14 0600  -47.0 1009.1    2.8  274.0  444.0  444.0
2002 195  7 14 0700  -44.0 1009.0    3.3  252.0  444.0   -3.8
2002 195  7 14 0800  -41.0 1008.9    3.3  259.0  444.0   -0.7
2002 195  7 14 0900  444.0  444.0  444.0  444.0  444.0  444.0
2002 195  7 14 1000  -43.6 1008.5    1.8  315.0  444.0   -3.4
2002 195  7 14 1100  -43.1 1007.7    3.3  311.0  444.0   -2.8
2002 195  7 14 1200  -42.9 1007.3    3.6  315.0  444.0   -2.5
2002 195  7 14 1300  -41.2 1007.4    4.8  290.0  444.0   -0.8
2002 195  7 14 1400  -37.8 1007.2    4.1  301.0  444.0    3.1
2002 195  7 14 1500  -40.5 1006.8    3.8  315.0  444.0    0.0
2002 195  7 14 1600  -41.0 1006.2    4.3  318.0  444.0   -0.6
2002 195  7 14 1700  -38.0 1005.8    4.8  305.0  444.0    2.9
2002 195  7 14 1800  -38.9 1005.4    4.8  339.0  444.0    2.0
2002 195  7 14 1900  -41.2 1004.6    6.1  352.0  444.0   -0.7
2002 195  7 14 2000  -43.0 1003.7    2.8    7.0  444.0   -2.5
2002 195  7 14 2100  -44.6 1003.2    1.8    7.0  444.0   -4.1
2002 195  7 14 2200  -46.0 1002.9    1.8  345.0  444.0  444.0
2002 195  7 14 2300  -45.1 1003.1    1.5  329.0  444.0   -4.4
2002 196  7 15 0000  -46.4 1002.3    2.3   14.0  444.0  444.0
2002 196  7 15 0100  -47.6 1001.6    1.8  346.0  444.0  444.0
2002 196  7 15 0200  -46.9 1000.7    2.8  333.0  444.0  444.0
2002 196  7 15 0300  -47.6 1000.2    4.1   28.0  444.0  444.0
2002 196  7 15 0400  -47.0  999.7    3.3  360.0  444.0  444.0
2002 196  7 15 0500  -45.2  998.8    3.8  330.0  444.0   -5.0
2002 196  7 15 0600  -43.5  998.1    4.1  315.0  444.0   -3.0
2002 196  7 15 0700  -47.4  998.0    3.0  335.0  444.0  444.0
2002 196  7 15 0800  -47.0  997.1    3.3  352.0  444.0  444.0
2002 196  7 15 0900  -46.5  996.2    3.0  336.0  444.0  444.0
2002 196  7 15 1000  -47.0  996.1    2.3  309.0  444.0  444.0
2002 196  7 15 1100  -48.5  995.8    2.0  283.0  444.0  444.0
2002 196  7 15 1200  -49.6  995.5    2.0  259.0  444.0  444.0
2002 196  7 15 1300  -50.1  995.5    2.3  211.0  444.0  444.0
2002 196  7 15 1400  444.0  444.0  444.0  444.0  444.0  444.0
2002 196  7 15 1500  -49.8  995.5    3.6  210.0  444.0  444.0
2002 196  7 15 1600  -49.5  995.5    4.6  222.0  444.0  444.0
2002 196  7 15 1700  -49.4  995.8    3.3  184.0  444.0  444.0
2002 196  7 15 1800  -49.8  995.7    2.5  174.0  444.0  444.0
2002 196  7 15 1900  444.0  444.0  444.0  444.0  444.0  444.0
2002 196  7 15 2000  -50.1  994.7    2.3  155.0  444.0  444.0
2002 196  7 15 2100  -50.1  994.7    0.0    0.0  444.0  444.0
2002 196  7 15 2200  -50.1  994.4    2.0  257.0  444.0  444.0
2002 196  7 15 2300  -50.6  994.4    2.0  235.0  444.0  444.0
2002 197  7 16 0000  444.0  444.0  444.0  444.0  444.0  444.0
2002 197  7 16 0100  -51.4  993.0    0.0    0.0  444.0  444.0
2002 197  7 16 0200  444.0  444.0  444.0  444.0  444.0  444.0
2002 197  7 16 0300  -51.9  991.2    0.0    0.0  444.0  444.0
2002 197  7 16 0400  -51.4  989.4    1.3   31.0  444.0  444.0
2002 197  7 16 0500  -48.9  988.8    2.5   91.0  444.0  444.0
2002 197  7 16 0600  -49.9  987.7    4.3   89.0  444.0  444.0
2002 197  7 16 0700  444.0  444.0  444.0  444.0  444.0  444.0
2002 197  7 16 0800  -49.6  987.7    1.8   46.0  444.0  444.0
2002 197  7 16 0900  -49.9  989.0    3.6  214.0  444.0  444.0
2002 197  7 16 1000  -49.9  988.4    1.3  273.0  444.0  444.0
2002 197  7 16 1100  -50.5  988.3    2.0  190.0  444.0  444.0
2002 197  7 16 1200  444.0  444.0  444.0  444.0  444.0  444.0
2002 197  7 16 1300  -52.4  987.7    3.0  159.0  444.0  444.0
2002 197  7 16 1400  -52.0  987.7    0.0    0.0  444.0  444.0
2002 197  7 16 1500  -53.1  987.9    2.0  290.0  444.0  444.0
2002 197  7 16 1600  -53.6  986.9    2.3   93.0  444.0  444.0
2002 197  7 16 1700  444.0  444.0  444.0  444.0  444.0  444.0
2002 197  7 16 1800  -53.8  987.3    3.8  291.0  444.0  444.0
2002 197  7 16 1900  -53.8  444.0    1.3  187.0  444.0  444.0
2002 197  7 16 2000  -52.8  987.5    3.8  139.0  444.0  444.0
2002 197  7 16 2100  -51.9  987.9    3.0  135.0  444.0  444.0
2002 197  7 16 2200  444.0  444.0  444.0  444.0  444.0  444.0
2002 197  7 16 2300  -50.6  989.0    1.0  143.0  444.0  444.0
2002 198  7 17 0000  -52.2  988.8    0.0    0.0  444.0  444.0
2002 198  7 17 0100  -53.6  988.9    0.8  246.0  444.0  444.0
2002 198  7 17 0200  -54.4  989.5    2.8  159.0  444.0  444.0
2002 198  7 17 0300  -55.4  989.6    0.0    0.0  444.0  444.0
2002 198  7 17 0400  -55.9  990.0    1.5   65.0  444.0  444.0
2002 198  7 17 0500  444.0  444.0  444.0  444.0  444.0  444.0
2002 198  7 17 0600  -56.5  990.3    0.5  239.0  444.0  444.0
2002 198  7 17 0700  -56.4  989.9    1.3  194.0  444.0  444.0
2002 198  7 17 0800  -56.0  990.6    1.5  304.0  444.0  444.0
2002 198  7 17 0900  -55.2  991.0    2.5  228.0  444.0  444.0
2002 198  7 17 1000  444.0  444.0  444.0  444.0  444.0  444.0
2002 198  7 17 1100  -56.5  991.8    0.5  315.0  444.0  444.0
2002 198  7 17 1200  -56.9  992.2    0.0    0.0  444.0  444.0
2002 198  7 17 1300  -56.9  992.2    0.0    0.0  444.0  444.0
2002 198  7 17 1400  -56.1  993.0    1.8  302.0  444.0  444.0
2002 198  7 17 1500  -56.5  993.4    0.0    0.0  444.0  444.0
2002 198  7 17 1600  -56.9  993.5    0.0    0.0  444.0  444.0
2002 198  7 17 1700  -56.4  993.7    2.0  280.0  444.0  444.0
2002 198  7 17 1800  -55.8  993.9    2.0  252.0  444.0  444.0
2002 198  7 17 1900  -53.5  994.0    2.5  252.0  444.0  444.0
2002 198  7 17 2000  -53.2  993.9    3.6  267.0  444.0  444.0
2002 198  7 17 2100  -52.4  994.7    2.8  239.0  444.0  444.0
2002 198  7 17 2200  -52.4  994.8    3.6  269.0  444.0  444.0
2002 198  7 17 2300  -52.2  995.1    2.8  278.0  444.0  444.0
2002 199  7 18 0000  -52.0  995.2    2.8  294.0  444.0  444.0
2002 199  7 18 0100  -47.8  994.7    3.8  252.0  444.0  444.0
2002 199  7 18 0200  -43.1  994.3    6.1  256.0  444.0   -1.5
2002 199  7 18 0300  -41.9  994.0    8.1  255.0  444.0   -0.4
2002 199  7 18 0400  -40.8  994.7    8.6  245.0  444.0    1.1
2002 199  7 18 0500  -41.1  994.4    6.6  246.0  444.0    0.9
2002 199  7 18 0600  -40.2  994.9    7.4  235.0  444.0    1.5
2002 199  7 18 0700  -40.1  995.5    5.3  231.0  444.0    1.9
2002 199  7 18 0800  -42.6  995.7    2.5  176.0  444.0   -0.8
2002 199  7 18 0900  -44.9  995.9    1.8  273.0  444.0   -3.0
2002 199  7 18 1000  -46.4  996.1    1.8  215.0  444.0   -4.3
2002 199  7 18 1100  -47.9  996.0    0.0    0.0  444.0  444.0
2002 199  7 18 1200  -48.2  995.7    2.5  236.0  444.0  444.0
2002 199  7 18 1300  -50.0  995.1    1.5  228.0  444.0  444.0
2002 199  7 18 1400  -50.4  995.5    2.5  253.0  444.0  444.0
2002 199  7 18 1500  -49.8  995.5    1.3  269.0  444.0  444.0
2002 199  7 18 1600  -49.6  995.9    2.0  259.0  444.0  444.0
2002 199  7 18 1700  -49.0  995.5    1.5  259.0  444.0  444.0
2002 199  7 18 1800  -47.0  994.6    2.3  284.0  444.0   -5.0
2002 199  7 18 1900  -44.6  994.2    3.0  257.0  444.0   -2.8
2002 199  7 18 2000  -40.5  993.8    2.0  292.0  444.0    1.5
2002 199  7 18 2100  -39.8  992.7    1.3  101.0  444.0    2.6
2002 199  7 18 2200  -42.9  992.1    1.5  132.0  444.0   -1.9
2002 199  7 18 2300  -47.2  992.6    2.3  232.0  444.0   -4.4
2002 200  7 19 0000  -48.6  992.8    4.3  205.0  444.0  444.0
2002 200  7 19 0100  -50.8  992.8    3.6  195.0  444.0  444.0
2002 200  7 19 0200  -52.5  992.9    3.3  194.0  444.0  444.0
2002 200  7 19 0300  -54.4  993.0    3.6  194.0  444.0  444.0
2002 200  7 19 0400  -54.8  992.9    3.0  205.0  444.0  444.0
2002 200  7 19 0500  -55.2  993.0    3.8  228.0  444.0  444.0
2002 200  7 19 0600  -55.4  992.6    3.6  208.0  444.0  444.0
2002 200  7 19 0700  -55.5  992.1    3.6  208.0  444.0  444.0
2002 200  7 19 0800  -55.8  992.2    2.5  215.0  444.0  444.0
2002 200  7 19 0900  -52.9  991.6    4.1  218.0  444.0  444.0
2002 200  7 19 1000  -49.5  991.4    2.8  243.0  444.0  444.0
2002 200  7 19 1100  -50.1  990.2    1.5  236.0  444.0  444.0
2002 200  7 19 1200  -50.1  989.8    1.5  281.0  444.0  444.0
2002 200  7 19 1300  -50.4  988.3    1.5  294.0  444.0  444.0
2002 200  7 19 1400  -50.5  987.5    2.3  300.0  444.0  444.0
2002 200  7 19 1500  -47.8  986.5    3.0  252.0  444.0  444.0
2002 200  7 19 1600  -46.0  985.7    4.3  263.0  444.0   -4.3
2002 200  7 19 1700  -43.2  985.1    4.6  250.0  444.0   -1.2
2002 200  7 19 1800  -41.2  984.4    5.1  249.0  444.0    0.8
2002 200  7 19 1900  -40.0  983.5    4.8  255.0  444.0    2.0
2002 200  7 19 2000  -39.8  983.3    5.8  248.0  444.0    2.5
2002 200  7 19 2100  -40.0  982.5    6.1  253.0  444.0    2.1
2002 200  7 19 2200  -37.5  981.6    7.6  257.0  444.0    4.6
2002 200  7 19 2300  -36.2  981.6    8.6  246.0  444.0    5.8
2002 201  7 20 0000  -37.8  981.1    7.1  233.0  444.0    4.4
2002 201  7 20 0100  -40.0  980.9    4.3  245.0  444.0    1.0
2002 201  7 20 0200  -39.5  980.4    5.3  246.0  444.0    2.6
2002 201  7 20 0300  -41.4  980.1    4.3  257.0  444.0    0.8
2002 201  7 20 0400  -40.6  979.7    4.1  259.0  444.0    1.3
2002 201  7 20 0500  -39.1  978.9    6.4  249.0  444.0    3.1
2002 201  7 20 0600  -37.8  978.7    7.6  260.0  444.0    4.6
2002 201  7 20 0700  -36.2  978.4    6.6  248.0  444.0    6.0
2002 201  7 20 0800  -35.4  978.0    7.4  249.0  444.0    6.9
2002 201  7 20 0900  -36.8  977.8    7.4  245.0  444.0    5.4
2002 201  7 20 1000  -38.2  977.7    4.8  236.0  444.0    3.8
2002 201  7 20 1100  -38.1  977.5    3.6  232.0  444.0    3.8
2002 201  7 20 1200  -41.5  977.6    3.0  222.0  444.0    0.5
2002 201  7 20 1300  -44.9  977.8    3.3  205.0  444.0   -2.9
2002 201  7 20 1400  -46.9  977.5    2.0  194.0  444.0   -5.0
2002 201  7 20 1500  -47.5  977.1    1.8  218.0  444.0  444.0
2002 201  7 20 1600  -47.8  977.0    0.0    0.0  444.0  444.0
2002 201  7 20 1700  -45.4  976.5    0.0    0.0  444.0   -4.0
2002 201  7 20 1800  -43.8  976.0    2.0  318.0  444.0   -2.2
2002 201  7 20 1900  -42.9  975.1    0.0    0.0  444.0   -1.4
2002 201  7 20 2000  -43.5  974.4    1.5  319.0  444.0   -2.0
2002 201  7 20 2100  -39.8  973.6    4.1  288.0  444.0    2.1
2002 201  7 20 2200  -39.5  973.1    3.3  302.0  444.0    2.3
2002 201  7 20 2300  -39.4  972.6    3.0  297.0  444.0    2.2
2002 202  7 21 0000  -37.8  971.6    3.0  308.0  444.0    3.8
2002 202  7 21 0100  444.0  444.0  444.0  444.0  444.0  444.0
2002 202  7 21 0200  -32.0  970.5    6.9  276.0  444.0    9.8
2002 202  7 21 0300  -30.6  970.1    7.9  243.0  444.0   10.0
2002 202  7 21 0400  -32.8  969.9    7.4  225.0  444.0    8.1
2002 202  7 21 0500  -40.4  971.2    8.9  210.0  444.0    1.3
2002 202  7 21 0600  -43.1  972.4    6.6  198.0  444.0   -2.2
2002 202  7 21 0700  -44.1  973.5    5.8  180.0  444.0   -3.0
2002 202  7 21 0800  -44.1  974.7    6.4  184.0  444.0   -3.2
2002 202  7 21 0900  -47.2  974.9    5.3  176.0  444.0  444.0
2002 202  7 21 1000  -49.4  975.4    4.1  174.0  444.0  444.0
2002 202  7 21 1100  -50.4  975.3    2.5  191.0  444.0  444.0
2002 202  7 21 1200  -51.6  975.5    2.8  187.0  444.0  444.0
2002 202  7 21 1300  -52.2  975.3    1.5  262.0  444.0  444.0
2002 202  7 21 1400  -53.0  975.1    0.0    0.0  444.0  444.0
2002 202  7 21 1500  -53.4  974.8    0.0    0.0  444.0  444.0
2002 202  7 21 1600  -54.2  974.6    1.0  360.0  444.0  444.0
2002 202  7 21 1700  -53.8  974.8    2.0   34.0  444.0  444.0
2002 202  7 21 1800  -54.1  974.7    1.5   22.0  444.0  444.0
2002 202  7 21 1900  -53.4  974.9    2.3   27.0  444.0  444.0
2002 202  7 21 2000  -52.2  974.9    3.3   48.0  444.0  444.0
2002 202  7 21 2100  -52.4  975.6    2.8   51.0  444.0  444.0
2002 202  7 21 2200  -50.5  976.1    4.1   58.0  444.0  444.0
2002 202  7 21 2300  -49.0  976.5    3.8   70.0  444.0  444.0
2002 203  7 22 0000  -48.5  977.4    2.5   45.0  444.0  444.0
2002 203  7 22 0100  -48.0  978.2    3.0   70.0  444.0  444.0
2002 203  7 22 0200  -49.4  979.0    4.3   94.0  444.0  444.0
2002 203  7 22 0300  -50.0  980.0    3.8   96.0  444.0  444.0
2002 203  7 22 0400  -51.0  981.1    3.6   96.0  444.0  444.0
2002 203  7 22 0500  -51.6  982.9    3.6  114.0  444.0  444.0
2002 203  7 22 0600  -52.2  984.2    3.6  138.0  444.0  444.0
2002 203  7 22 0700  -52.1  985.1    5.6  141.0  444.0  444.0
2002 203  7 22 0800  -51.2  986.5    5.1  139.0  444.0  444.0
2002 203  7 22 0900  -51.6  988.4    4.1  139.0  444.0  444.0
2002 203  7 22 1000  -52.4  989.6    6.1  176.0  444.0  444.0
2002 203  7 22 1100  -52.8  990.7    6.6  187.0  444.0  444.0
2002 203  7 22 1200  -52.4  992.6    2.5  166.0  444.0  444.0
2002 203  7 22 1300  -52.4  993.5    4.6  194.0  444.0  444.0
2002 203  7 22 1400  -52.1  994.4    4.3  212.0  444.0  444.0
2002 203  7 22 1500  -52.8  995.2    4.6  212.0  444.0  444.0
2002 203  7 22 1600  -52.8  995.9    2.5  211.0  444.0  444.0
2002 203  7 22 1700  -53.6  996.0    4.1  221.0  444.0  444.0
2002 203  7 22 1800  -53.8  996.6    3.8  221.0  444.0  444.0
2002 203  7 22 1900  -53.5  996.9    2.3  219.0  444.0  444.0
2002 203  7 22 2000  -53.0  996.9    2.8  238.0  444.0  444.0
2002 203  7 22 2100  -52.9  997.1    2.8  252.0  444.0  444.0
2002 203  7 22 2200  -52.8  996.9    2.0  263.0  444.0  444.0
2002 203  7 22 2300  444.0  444.0  444.0  444.0  444.0  444.0
2002 204  7 23 0000  -52.5  996.2    1.3  274.0  444.0  444.0
2002 204  7 23 0100  -53.6  995.7    1.5  290.0  444.0  444.0
2002 204  7 23 0200  -54.5  995.0    1.3  357.0  444.0  444.0
2002 204  7 23 0300  -54.6  994.7    1.8  290.0  444.0  444.0
2002 204  7 23 0400  -54.2  994.1    2.3  300.0  444.0  444.0
2002 204  7 23 0500  -54.5  993.3    0.0    0.0  444.0  444.0
2002 204  7 23 0600  444.0  444.0  444.0  444.0  444.0  444.0
2002 204  7 23 0700  -55.6  992.0    1.3  322.0  444.0  444.0
2002 204  7 23 0800  -54.9  991.1    1.8  315.0  444.0  444.0
2002 204  7 23 0900  -55.2  990.1    1.8  354.0  444.0  444.0
2002 204  7 23 1000  -55.4  989.3    2.0  359.0  444.0  444.0
2002 204  7 23 1100  -53.8  988.2    1.8  360.0  444.0  444.0
2002 204  7 23 1200  -52.9  987.5    2.8  352.0  444.0  444.0
2002 204  7 23 1300  -52.0  986.7    3.6  353.0  444.0  444.0
2002 204  7 23 1400  -51.0  986.2    4.1  359.0  444.0  444.0
2002 204  7 23 1500  -50.5  985.6    4.1  353.0  444.0  444.0
2002 204  7 23 1600  -50.0  984.7    3.0  354.0  444.0  444.0
2002 204  7 23 1700  -50.0  984.5    3.8  357.0  444.0  444.0
2002 204  7 23 1800  -50.1  984.2    3.6  356.0  444.0  444.0
2002 204  7 23 1900  -49.9  984.2    4.3    1.0  444.0  444.0
2002 204  7 23 2000  -49.8  984.7    3.0  360.0  444.0  444.0
2002 204  7 23 2100  444.0  444.0  444.0  444.0  444.0  444.0
2002 204  7 23 2200  -48.8  985.1    3.6    4.0  444.0  444.0
2002 204  7 23 2300  -49.9  985.7    3.3    1.0  444.0  444.0
2002 205  7 24 0000  -48.9  985.9    3.6  359.0  444.0  444.0
2002 205  7 24 0100  -49.2  986.6    4.1  360.0  444.0  444.0
2002 205  7 24 0200  444.0  444.0  444.0  444.0  444.0  444.0
2002 205  7 24 0300  -49.2  988.0    3.0    7.0  444.0  444.0
2002 205  7 24 0400  -47.6  988.9    3.6  360.0  444.0  444.0
2002 205  7 24 0500  -46.6  989.9    3.3  350.0  444.0   -4.6
2002 205  7 24 0600  -46.4  990.8    3.0  347.0  444.0   -4.2
2002 205  7 24 0700  -46.4  991.2    3.6  356.0  444.0   -4.4
2002 205  7 24 0800  -47.1  992.0    3.3  360.0  444.0   -4.9
2002 205  7 24 0900  -47.8  992.6    3.3  288.0  444.0  444.0
2002 205  7 24 1000  -49.8  993.2    4.3  271.0  444.0  444.0
2002 205  7 24 1100  -50.6  993.8    4.1  253.0  444.0  444.0
2002 205  7 24 1200  -50.6  994.6    3.0  252.0  444.0  444.0
2002 205  7 24 1300  -49.6  995.5    5.3  243.0  444.0  444.0
2002 205  7 24 1400  444.0  444.0  444.0  444.0  444.0  444.0
2002 205  7 24 1500  -49.5  996.6    2.5  226.0  444.0  444.0
2002 205  7 24 1600  -50.1  997.0    3.6  240.0  444.0  444.0
2002 205  7 24 1700  -49.9  997.3    3.8  240.0  444.0  444.0
2002 205  7 24 1800  -48.9  997.8    3.8  222.0  444.0  444.0
2002 205  7 24 1900  444.0  444.0  444.0  444.0  444.0  444.0
2002 205  7 24 2000  -44.8  998.4    2.3  215.0  444.0   -2.5
2002 205  7 24 2100  -43.8  998.2    1.5  250.0  444.0   -1.7
2002 205  7 24 2200  -42.6  997.7    4.8  235.0  444.0   -0.6
2002 205  7 24 2300  -41.9  998.3    2.8  232.0  444.0    0.2
2002 206  7 25 0000  444.0  444.0  444.0  444.0  444.0  444.0
2002 206  7 25 0100  -47.4  997.4    2.3  204.0  444.0   -5.1
2002 206  7 25 0200  -49.2  997.2    0.8  297.0  444.0  444.0
2002 206  7 25 0300  -50.6  997.0    0.0    0.0  444.0  444.0
2002 206  7 25 0400  -51.6  996.7    1.8  226.0  444.0  444.0
2002 206  7 25 0500  -52.1  996.4    0.8  245.0  444.0  444.0
2002 206  7 25 0600  -52.9  995.9    2.0  207.0  444.0  444.0
2002 206  7 25 0700  444.0  444.0  444.0  444.0  444.0  444.0
2002 206  7 25 0800  -54.2  995.1    1.5  243.0  444.0  444.0
2002 206  7 25 0900  -54.4  994.7    0.0    0.0  444.0  444.0
2002 206  7 25 1000  -53.0  994.0    1.8  217.0  444.0  444.0
2002 206  7 25 1100  -52.8  993.2    0.0    0.0  444.0  444.0
2002 206  7 25 1200  -53.4  992.6    0.3  338.0  444.0  444.0
2002 206  7 25 1300  -53.4  992.1    1.5  338.0  444.0  444.0
2002 206  7 25 1400  -52.4  991.5    0.0    0.0  444.0  444.0
2002 206  7 25 1500  -50.5  990.9    0.0    0.0  444.0  444.0
2002 206  7 25 1600  -49.2  990.2    1.5  322.0  444.0  444.0
2002 206  7 25 1700  -49.9  989.8    1.5  360.0  444.0  444.0
2002 206  7 25 1800  -50.5  989.1    2.3  360.0  444.0  444.0
2002 206  7 25 1900  -48.8  988.7    2.3  336.0  444.0  444.0
2002 206  7 25 2000  -49.8  988.8    2.3  359.0  444.0  444.0
2002 206  7 25 2100  -47.1  988.3    3.0  322.0  444.0   -4.9
2002 206  7 25 2200  -46.1  988.0    2.8  319.0  444.0   -3.9
2002 206  7 25 2300  -45.1  987.5    3.0  309.0  444.0   -2.7
2002 207  7 26 0000  -42.6  987.6    3.6    1.0  444.0   -0.2
2002 207  7 26 0100  -42.5  987.7    3.6  302.0  444.0   -0.1
2002 207  7 26 0200  -42.1  987.5    3.0  321.0  444.0    0.4
2002 207  7 26 0300  -41.5  987.6    2.5  312.0  444.0    1.1
2002 207  7 26 0400  -44.0  987.3    2.8  329.0  444.0   -1.5
2002 207  7 26 0500  444.0  444.0  444.0  444.0  444.0  444.0
2002 207  7 26 0600  -39.2  987.5    6.1  270.0  444.0    3.4
2002 207  7 26 0700  -36.8  987.6    7.6  274.0  444.0    5.9
2002 207  7 26 0800  -37.0  987.8    8.9  260.0  444.0    5.3
2002 207  7 26 0900  -33.4  988.1   11.4  283.0  444.0    9.3
2002 207  7 26 1000  -33.6  988.8    9.1  284.0  444.0    9.1
2002 207  7 26 1100  -36.2  988.8    6.4  297.0  444.0    6.5
2002 207  7 26 1200  -37.4  989.0   11.4  308.0  444.0    5.9
2002 207  7 26 1300  -35.4  988.6    8.4  283.0  444.0    7.3
2002 207  7 26 1400  -34.5  988.9    7.6  297.0  444.0    8.0
2002 207  7 26 1500  -33.9  989.0   10.7  285.0  444.0    8.8
2002 207  7 26 1600  -35.2  989.4    9.7  291.0  444.0    7.3
2002 207  7 26 1700  -34.5  989.6    9.4  298.0  444.0    8.1
2002 207  7 26 1800  -35.8  989.4   10.2  316.0  444.0    6.6
2002 207  7 26 1900  -37.4  989.8    8.1  305.0  444.0    5.2
2002 207  7 26 2000  -38.0  990.1    7.6  305.0  444.0    4.3
2002 207  7 26 2100  -35.6  989.8    8.9  309.0  444.0    7.0
2002 207  7 26 2200  -37.9  989.3    5.3  307.0  444.0    4.3
2002 207  7 26 2300  -39.4  989.6    3.3  304.0  444.0    2.8
2002 208  7 27 0000  -38.0  989.8    5.3  302.0  444.0    4.1
2002 208  7 27 0100  -40.5  990.0    3.8  311.0  444.0    1.5
2002 208  7 27 0200  -40.5  989.9    5.8  316.0  444.0    1.6
2002 208  7 27 0300  -40.1  989.6    5.6  311.0  444.0    1.8
2002 208  7 27 0400  -39.9  989.2    5.1  305.0  444.0    2.1
2002 208  7 27 0500  -38.9  988.8    5.1  297.0  444.0    3.1
2002 208  7 27 0600  -40.4  988.3    4.1  285.0  444.0    1.5
2002 208  7 27 0700  -38.2  987.9    6.6  269.0  444.0    3.7
2002 208  7 27 0800  -35.9  987.4    6.9  266.0  444.0    6.0
2002 208  7 27 0900  -35.2  987.5    4.8  267.0  444.0    6.6
2002 208  7 27 1000  -35.9  987.0    7.4  260.0  444.0    6.1
2002 208  7 27 1100  -34.5  986.6    8.4  267.0  444.0    7.3
2002 208  7 27 1200  -33.8  985.8    8.4  267.0  444.0    8.0
2002 208  7 27 1300  -32.8  985.4    7.6  260.0  444.0    9.0
2002 208  7 27 1400  -32.0  984.7    8.4  253.0  444.0    9.9
2002 208  7 27 1500  -33.2  984.0    8.6  264.0  444.0    8.5
2002 208  7 27 1600  -32.6  983.4    8.9  269.0  444.0    9.2
2002 208  7 27 1700  -31.1  983.0    9.9  260.0  444.0   10.0
2002 208  7 27 1800  -29.6  982.7    8.1  255.0  444.0   10.0
2002 208  7 27 1900  -28.2  982.5    8.4  253.0  444.0   10.0
2002 208  7 27 2000  -27.6  982.0    9.9  259.0  444.0   10.0
2002 208  7 27 2100  -27.2  981.6   10.2  257.0  444.0   10.0
2002 208  7 27 2200  -27.6  981.7    9.1  238.0  444.0   10.0
2002 208  7 27 2300  -28.5  981.6    9.9  240.0  444.0   10.0
2002 209  7 28 0000  -29.1  981.6    9.7  252.0  444.0   10.0
2002 209  7 28 0100  -29.6  980.9    7.9  245.0  444.0   10.0
2002 209  7 28 0200  -29.6  980.2   10.4  239.0  444.0   10.0
2002 209  7 28 0300  -29.8  980.5    7.1  229.0  444.0   10.0
2002 209  7 28 0400  -32.0  980.2    3.3  211.0  444.0    9.5
2002 209  7 28 0500  -32.2  979.3    5.1  226.0  444.0   10.0
2002 209  7 28 0600  -28.2  978.3    8.9  253.0  444.0   10.0
2002 209  7 28 0700  -28.0  977.2    8.6  242.0  444.0   10.0
2002 209  7 28 0800  -28.6  976.3    9.4  252.0  444.0   10.0
2002 209  7 28 0900  -30.2  975.2    9.1  253.0  444.0   10.0
2002 209  7 28 1000  -30.2  973.9    9.7  255.0  444.0   10.0
2002 209  7 28 1100  -32.6  973.7    4.1  249.0  444.0    8.3
2002 209  7 28 1200  -32.4  971.8    8.6  269.0  444.0    8.5
2002 209  7 28 1300  -31.8  970.6    8.9  270.0  444.0    9.1
2002 209  7 28 1400  -29.9  969.3   12.7  262.0  444.0   10.0
2002 209  7 28 1500  -28.6  968.9    8.9  253.0  444.0   10.0
2002 209  7 28 1600  -29.9  967.5    8.6  257.0  444.0   10.0
2002 209  7 28 1700  -29.6  966.7    8.9  255.0  444.0   10.0
2002 209  7 28 1800  -29.1  965.3    8.6  256.0  444.0   10.0
2002 209  7 28 1900  -31.2  964.5    4.1  257.0  444.0    9.2
2002 209  7 28 2000  -30.6  963.3    7.1  263.0  444.0   10.0
2002 209  7 28 2100  -28.8  962.3    5.8  274.0  444.0   10.0
2002 209  7 28 2200  -27.2  961.1    9.4  274.0  444.0   10.0
2002 209  7 28 2300  -27.6  960.3    7.9  281.0  444.0   10.0
2002 210  7 29 0000  -27.1  959.4    8.1  283.0  444.0   10.0
2002 210  7 29 0100  -27.9  958.3    8.4  269.0  444.0   10.0
2002 210  7 29 0200  -27.9  957.9    8.6  280.0  444.0   10.0
2002 210  7 29 0300  -28.6  957.4    9.4  285.0  444.0   10.0
2002 210  7 29 0400  -26.9  957.3    5.1  257.0  444.0   10.0
2002 210  7 29 0500  -28.5  957.3    5.8  245.0  444.0   10.0
2002 210  7 29 0600  -33.1  957.0    2.0  172.0  444.0    6.5
2002 210  7 29 0700  -35.5  956.8    1.0  295.0  444.0    4.0
2002 210  7 29 0800  -37.1  957.5    3.8  239.0  444.0    2.2
2002 210  7 29 0900  -36.2  958.4    7.9  231.0  444.0    3.1
2002 210  7 29 1000  -37.4  958.1    6.1  225.0  444.0    1.9
2002 210  7 29 1100  -37.5  958.7    6.9  232.0  444.0    1.7
2002 210  7 29 1200  -37.5  958.4    5.6  238.0  444.0    1.7
2002 210  7 29 1300  -37.0  958.0    4.1  245.0  444.0    2.1
2002 210  7 29 1400  -35.8  957.8    5.3  264.0  444.0    3.3
2002 210  7 29 1500  -34.5  957.5    5.1  245.0  444.0    4.6
2002 210  7 29 1600  -35.1  957.8    4.8  245.0  444.0    4.1
2002 210  7 29 1700  -31.5  957.0    7.6  252.0  444.0    7.6
2002 210  7 29 1800  -30.0  958.5    4.3  179.0  444.0    9.2
2002 210  7 29 1900  -31.2  958.4    3.3  260.0  444.0    7.8
2002 210  7 29 2000  -30.8  958.1    3.3  267.0  444.0    8.3
2002 210  7 29 2100  -30.5  958.0    6.1  273.0  444.0    8.5
2002 210  7 29 2200  -30.5  957.8    5.3  267.0  444.0    8.4
2002 210  7 29 2300  -30.8  958.1    5.3  238.0  444.0    8.2
2002 211  7 30 0000  -32.0  958.3    7.9  253.0  444.0    6.8
2002 211  7 30 0100  -32.2  958.9    5.8  257.0  444.0    6.5
2002 211  7 30 0200  -33.4  958.8    7.4  259.0  444.0    5.2
2002 211  7 30 0300  -32.1  959.3    9.4  266.0  444.0    6.6
2002 211  7 30 0400  -30.4  959.7   10.7  252.0  444.0    8.6
2002 211  7 30 0500  -29.5  960.1   14.2  249.0  444.0    9.5
2002 211  7 30 0600  -29.1  960.5    8.6  243.0  444.0    9.7
2002 211  7 30 0700  -29.6  960.8    8.4  243.0  444.0    9.3
2002 211  7 30 0800  -29.8  961.6    9.4  246.0  444.0    9.1
2002 211  7 30 0900  -31.0  961.7    6.1  243.0  444.0    7.7
2002 211  7 30 1000  -31.4  962.0    9.7  240.0  444.0    7.3
2002 211  7 30 1100  -31.4  962.1    9.4  255.0  444.0    7.3
2002 211  7 30 1200  -30.6  962.7    7.6  248.0  444.0    7.9
2002 211  7 30 1300  -30.4  962.9    9.1  260.0  444.0    8.2
2002 211  7 30 1400  -30.2  963.4    8.6  259.0  444.0    8.3
2002 211  7 30 1500  -31.1  964.7    5.8  238.0  444.0    7.3
2002 211  7 30 1600  -30.9  965.3    7.4  243.0  444.0    7.6
2002 211  7 30 1700  -30.8  966.1    6.6  246.0  444.0    7.6
2002 211  7 30 1800  -31.0  966.5    6.4  257.0  444.0    7.1
2002 211  7 30 1900  -31.4  967.2    6.9  246.0  444.0    6.8
2002 211  7 30 2000  -31.8  968.6    6.1  235.0  444.0    6.5
2002 211  7 30 2100  -32.1  969.1    5.3  249.0  444.0    6.1
2002 211  7 30 2200  -32.2  969.7    5.3  238.0  444.0    5.8
2002 211  7 30 2300  -32.8  970.6    4.1  228.0  444.0    5.4
2002 212  7 31 0000  -33.8  971.6    3.6  190.0  444.0    4.4
2002 212  7 31 0100  444.0  444.0  444.0  444.0  444.0  444.0
2002 212  7 31 0200  -36.1  973.6    4.6  158.0  444.0    1.6
2002 212  7 31 0300  -37.0  974.7    2.5  173.0  444.0    0.6
2002 212  7 31 0400  -38.6  976.0    3.8  193.0  444.0   -1.0
2002 212  7 31 0500  -40.5  976.7    2.0  205.0  444.0   -2.9
2002 212  7 31 0600  -41.2  977.5    2.5  188.0  444.0   -3.7
2002 212  7 31 0700  -40.5  978.9    4.6  179.0  444.0   -3.0
2002 212  7 31 0800  -40.1  980.0    4.1  176.0  444.0   -2.8
2002 212  7 31 0900  -41.6  980.3    3.6  202.0  444.0   -4.2
2002 212  7 31 1000  -40.9  980.9    3.6  222.0  444.0   -3.4
2002 212  7 31 1100  -40.0  981.5    4.3  219.0  444.0   -2.6
2002 212  7 31 1200  -40.1  981.7    5.1  208.0  444.0   -2.8
2002 212  7 31 1300  -39.1  983.0    5.6  191.0  444.0   -1.6
2002 212  7 31 1400  -40.1  983.9    4.6  186.0  444.0   -2.9
2002 212  7 31 1500  -40.8  984.6    5.1  187.0  444.0   -3.6
2002 212  7 31 1600  444.0  444.0  444.0  444.0  444.0  444.0
2002 212  7 31 1700  -41.6  986.2    3.6  195.0  444.0   -4.4
2002 212  7 31 1800  -41.6  986.4    4.6  176.0  444.0   -4.4
2002 212  7 31 1900  -42.2  986.9    2.8  218.0  444.0   -4.9
2002 212  7 31 2000  -43.6  987.1    2.8  233.0  444.0  444.0
2002 212  7 31 2100  -44.1  987.0    2.8  248.0  444.0  444.0
2002 212  7 31 2200  -44.8  986.2    4.6  240.0  444.0  444.0
2002 212  7 31 2300  444.0  444.0  444.0  444.0  444.0  444.0
