Year: 2002  Month: 10  ID: SWT  ARGOS:  8913  Name: Schwerdtfeger
Lat: 79.90S  Lon: 169.98E  Elev:   60m                           
2002 274 10  1 0000  -22.0  979.6    6.9  215.0  444.0   10.0
2002 274 10  1 0100  -21.5  979.5    7.9  207.0  444.0   10.0
2002 274 10  1 0200  -21.2  979.7    7.1  201.0  444.0   10.0
2002 274 10  1 0300  -20.6  979.7    8.4  212.0  444.0   10.0
2002 274 10  1 0400  -20.9  979.8    8.4  207.0  444.0   10.0
2002 274 10  1 0500  -21.0  980.0    8.1  207.0  444.0   10.0
2002 274 10  1 0600  -20.8  980.1    7.9  215.0  444.0   10.0
2002 274 10  1 0700  -21.2  980.5    6.6  198.0  444.0   10.0
2002 274 10  1 0800  -21.2  980.6    7.4  207.0  444.0    9.2
2002 274 10  1 0900  -21.9  980.6    8.1  222.0  444.0   10.0
2002 274 10  1 1000  -22.0  980.9    6.4  215.0  444.0   10.0
2002 274 10  1 1100  -23.8  980.8    6.6  228.0  444.0   10.0
2002 274 10  1 1200  -23.9  981.1    7.1  225.0  444.0   10.0
2002 274 10  1 1300  -23.1  980.9    6.4  228.0  444.0   10.0
2002 274 10  1 1400  -23.5  980.5    7.9  236.0  444.0   10.0
2002 274 10  1 1500  -22.8  980.6    5.3  238.0  444.0   10.0
2002 274 10  1 1600  -24.5  980.5    5.6  239.0  444.0    9.8
2002 274 10  1 1700  -25.8  980.0    6.1  232.0  444.0    8.5
2002 274 10  1 1800  -25.9  979.9    5.6  233.0  444.0    8.2
2002 274 10  1 1900  -24.9  979.5    6.9  238.0  444.0    9.1
2002 274 10  1 2000  -24.2  979.4    6.9  222.0  444.0   10.0
2002 274 10  1 2100  -21.9  979.3    7.6  210.0  444.0   10.0
2002 274 10  1 2200  -21.9  979.2    7.1  200.0  444.0   10.0
2002 274 10  1 2300  -21.9  979.1    7.9  190.0  444.0   10.0
2002 275 10  2 0000  -22.0  979.5    6.6  173.0  444.0   10.0
2002 275 10  2 0100  -21.5  979.7    6.4  176.0  444.0   10.0
2002 275 10  2 0200  -21.4  979.4    6.4  169.0  444.0   10.0
2002 275 10  2 0300  -21.9  979.5    5.6  170.0  444.0   10.0
2002 275 10  2 0400  -21.5  979.5    5.3  176.0  444.0   10.0
2002 275 10  2 0500  -21.5  980.1    2.8  176.0  444.0   10.0
2002 275 10  2 0600  -21.9  980.0    1.8  170.0  444.0   10.0
2002 275 10  2 0700  -22.8  980.2    0.5  127.0  444.0   10.0
2002 275 10  2 0800  -23.6  980.3    1.0  212.0  444.0   10.0
2002 275 10  2 0900  -25.1  980.3    1.5  231.0  444.0    8.4
2002 275 10  2 1000  -24.9  980.5    1.8  215.0  444.0    8.8
2002 275 10  2 1100  -25.2  980.5    1.0  222.0  444.0    8.3
2002 275 10  2 1200  -26.6  980.5    1.3  226.0  444.0    6.7
2002 275 10  2 1300  -27.9  980.5    1.0  195.0  444.0    5.7
2002 275 10  2 1400  -29.0  980.3    1.0  176.0  444.0    4.1
2002 275 10  2 1500  -30.5  980.3    1.5  198.0  444.0    2.8
2002 275 10  2 1600  -30.5  980.5    1.3  214.0  444.0    2.5
2002 275 10  2 1700  -30.6  980.7    1.3  190.0  444.0    2.3
2002 275 10  2 1800  -31.0  980.9    1.0  170.0  444.0    1.8
2002 275 10  2 1900  -30.4  981.0    0.5  181.0  444.0    2.6
2002 275 10  2 2000  -29.9  981.3    0.8  207.0  444.0    2.9
2002 275 10  2 2100  -27.9  981.6    0.3  128.0  444.0    4.9
2002 275 10  2 2200  -27.2  982.0    0.8  160.0  444.0    5.1
2002 275 10  2 2300  -26.6  982.1    0.5  212.0  444.0    5.3
2002 276 10  3 0000  -26.6  982.2    1.3  194.0  444.0    5.6
2002 276 10  3 0100  -28.0  982.3    1.8  159.0  444.0    4.4
2002 276 10  3 0200  -27.2  982.5    0.8  174.0  444.0    5.4
2002 276 10  3 0300  -27.2  982.6    0.8  195.0  444.0    4.7
2002 276 10  3 0400  -29.8  982.7    1.5  211.0  444.0    2.0
2002 276 10  3 0500  -30.0  983.1    1.0  165.0  444.0    2.6
2002 276 10  3 0600  -30.5  983.4    1.5  200.0  444.0    2.0
2002 276 10  3 0700  -30.4  983.7    0.8  174.0  444.0    2.3
2002 276 10  3 0800  -32.2  984.2    2.0  155.0  444.0    0.1
2002 276 10  3 0900  -31.5  984.6    1.0  172.0  444.0    1.1
2002 276 10  3 1000  -31.0  984.7    2.8  202.0  444.0    1.7
2002 276 10  3 1100  -30.2  985.3    3.0  190.0  444.0    2.5
2002 276 10  3 1200  -29.9  985.4    2.8  186.0  444.0    2.8
2002 276 10  3 1300  -29.6  985.5    3.3  198.0  444.0    3.2
2002 276 10  3 1400  -29.1  985.4    3.6  200.0  444.0    3.7
2002 276 10  3 1500  -28.5  985.6    3.6  197.0  444.0    3.9
2002 276 10  3 1600  -29.1  985.6    2.8  195.0  444.0    3.7
2002 276 10  3 1700  -29.2  985.7    3.8  180.0  444.0    3.5
2002 276 10  3 1800  -28.6  985.8    3.6  179.0  444.0    3.7
2002 276 10  3 1900  -28.6  985.8    4.1  181.0  444.0    3.8
2002 276 10  3 2000  -28.6  985.8    4.6  184.0  444.0    3.7
2002 276 10  3 2100  -28.0  986.1    5.1  183.0  444.0    4.3
2002 276 10  3 2200  -28.4  986.3    6.1  190.0  444.0    3.8
2002 276 10  3 2300  444.0  444.0  444.0  444.0  444.0  444.0
2002 277 10  4 0000  -29.1  986.8    7.1  191.0  444.0    3.0
2002 277 10  4 0100  -29.9  986.8    5.6  190.0  444.0    2.5
2002 277 10  4 0200  -30.0  986.9    8.1  190.0  444.0    2.3
2002 277 10  4 0300  -30.5  986.7    7.6  186.0  444.0    1.8
2002 277 10  4 0400  -30.5  986.6    6.6  194.0  444.0    1.8
2002 277 10  4 0500  -31.6  986.2    4.8  214.0  444.0    0.7
2002 277 10  4 0600  -31.5  985.7    4.1  228.0  444.0    1.0
2002 277 10  4 0700  -29.2  985.0    6.4  231.0  444.0    3.3
2002 277 10  4 0800  -30.2  984.4    6.1  243.0  444.0    2.3
2002 277 10  4 0900  -30.4  983.9    7.4  212.0  444.0    2.2
2002 277 10  4 1000  -29.6  983.4    5.6  210.0  444.0    2.9
2002 277 10  4 1100  -32.2  982.6    5.1  233.0  444.0    0.2
2002 277 10  4 1200  -32.9  982.3    5.8  232.0  444.0   -0.5
2002 277 10  4 1300  -33.1  981.9    4.3  224.0  444.0   -0.8
2002 277 10  4 1400  -32.4  981.4    2.5  228.0  444.0   -0.1
2002 277 10  4 1500  -33.9  980.6    3.0  262.0  444.0   -1.4
2002 277 10  4 1600  -30.9  979.7    3.8  249.0  444.0    1.6
2002 277 10  4 1700  -33.1  979.0    3.6  267.0  444.0   -0.7
2002 277 10  4 1800  -32.8  978.5    3.6  257.0  444.0   -0.5
2002 277 10  4 1900  -32.4  978.1    4.1  270.0  444.0   -0.5
2002 277 10  4 2000  -31.9  977.7    3.0  266.0  444.0   -0.2
2002 277 10  4 2100  444.0  444.0  444.0  444.0  444.0  444.0
2002 277 10  4 2200  -30.6  977.5    2.5  336.0  444.0    0.3
2002 277 10  4 2300  -31.1  977.5    1.5  360.0  444.0    0.1
2002 278 10  5 0000  -32.4  977.9    2.5  353.0  444.0    0.1
2002 278 10  5 0100  -31.6  977.9    1.8    7.0  444.0    0.6
2002 278 10  5 0200  444.0  444.0  444.0  444.0  444.0  444.0
2002 278 10  5 0300  -28.4  978.3  444.0  444.0  444.0    3.3
2002 278 10  5 0400  -26.8  978.8  444.0  444.0  444.0    5.2
2002 278 10  5 0500  -26.6  979.1  444.0  444.0  444.0    5.5
2002 278 10  5 0600  -26.9  979.6  444.0  444.0  444.0    5.2
2002 278 10  5 0700  -28.0  980.1  444.0  444.0  444.0    4.4
2002 278 10  5 0800  -27.5  981.4  444.0  444.0  444.0    4.9
2002 278 10  5 0900  444.0  444.0  444.0  444.0  444.0  444.0
2002 278 10  5 1000  -34.6  983.3  444.0  444.0  444.0   -2.3
2002 278 10  5 1100  -35.5  984.0  444.0  444.0  444.0   -2.9
2002 278 10  5 1200  -32.9  985.0  444.0  444.0  444.0   -0.4
2002 278 10  5 1300  -30.5  985.8    1.3  146.0  444.0    2.0
2002 278 10  5 1400  444.0  444.0  444.0  444.0  444.0  444.0
2002 278 10  5 1500  -29.4  987.5    0.0    0.0  444.0    3.2
2002 278 10  5 1600  -29.2  988.4    1.5  212.0  444.0    3.2
2002 278 10  5 1700  -28.8  989.3    2.5  204.0  444.0    3.8
2002 278 10  5 1800  -27.9  989.9    3.3  174.0  444.0    4.4
2002 278 10  5 1900  444.0  444.0  444.0  444.0  444.0  444.0
2002 278 10  5 2000  -28.1  991.5    2.8  180.0  444.0    4.1
2002 278 10  5 2100  -28.1  992.1    3.3  179.0  444.0    4.0
2002 278 10  5 2200  -27.9  992.6    5.1  224.0  444.0    4.4
2002 278 10  5 2300  -27.5  993.3    4.8  221.0  444.0    4.4
2002 279 10  6 0000  -29.6  993.6    2.8  238.0  444.0    2.5
2002 279 10  6 0100  -29.2  994.2    2.3  235.0  444.0    2.6
2002 279 10  6 0200  -28.1  994.4    2.0  226.0  444.0    3.9
2002 279 10  6 0300  -28.1  994.3    2.0  236.0  444.0    3.4
2002 279 10  6 0400  -29.2  994.4    1.8  229.0  444.0    2.7
2002 279 10  6 0500  -30.5  994.4    2.0  240.0  444.0    1.6
2002 279 10  6 0600  -31.6  994.5    1.5  242.0  444.0    0.4
2002 279 10  6 0700  444.0  444.0  444.0  444.0  444.0  444.0
2002 279 10  6 0800  -36.1  994.5    1.8  262.0  444.0   -4.0
2002 279 10  6 0900  -37.0  994.6    1.8  235.0  444.0   -4.7
2002 279 10  6 1000  -38.4  994.5    2.0  246.0  444.0  444.0
2002 279 10  6 1100  -38.8  994.0    1.5  240.0  444.0  444.0
2002 279 10  6 1200  444.0  444.0  444.0  444.0  444.0  444.0
2002 279 10  6 1300  -38.2  993.7    0.5   98.0  444.0  444.0
2002 279 10  6 1400  -39.5  993.5    0.8   72.0  444.0  444.0
2002 279 10  6 1500  -40.5  993.5    1.5  330.0  444.0  444.0
2002 279 10  6 1600  -41.0  993.2    2.0    1.0  444.0  444.0
2002 279 10  6 1700  444.0  444.0  444.0  444.0  444.0  444.0
2002 279 10  6 1800  -38.2  992.9    2.8   34.0  444.0  444.0
2002 279 10  6 1900  -36.9  992.6    2.8   17.0  444.0   -4.4
2002 279 10  6 2000  -35.0  992.3    2.5    3.0  444.0   -2.6
2002 279 10  6 2100  -33.5  992.0    2.8    6.0  444.0   -1.4
2002 279 10  6 2200  -32.0  991.9    3.0  336.0  444.0   -0.2
2002 279 10  6 2300  -31.0  991.8    4.3  332.0  444.0    0.2
2002 280 10  7 0000  -31.8  991.3    5.1  330.0  444.0    0.6
2002 280 10  7 0100  -31.0  990.8    4.6  328.0  444.0    1.4
2002 280 10  7 0200  -28.6  990.0    6.1  311.0  444.0    4.2
2002 280 10  7 0300  -26.6  989.3    7.4  297.0  444.0    5.3
2002 280 10  7 0400  -27.6  989.3    5.8  263.0  444.0    4.3
2002 280 10  7 0500  -32.8  989.6    5.3  267.0  444.0   -0.5
2002 280 10  7 0600  -35.2  989.9    4.3  233.0  444.0   -3.1
2002 280 10  7 0700  -37.1  989.9    4.8  243.0  444.0   -4.7
2002 280 10  7 0800  -38.5  990.2    4.6  259.0  444.0  444.0
2002 280 10  7 0900  -39.1  990.4    5.1  246.0  444.0  444.0
2002 280 10  7 1000  -39.8  991.0    6.4  236.0  444.0  444.0
2002 280 10  7 1100  -40.0  991.5    5.8  219.0  444.0  444.0
2002 280 10  7 1200  -41.0  991.9    5.8  205.0  444.0  444.0
2002 280 10  7 1300  -41.8  992.4    4.3  208.0  444.0  444.0
2002 280 10  7 1400  -42.1  992.8    6.4  217.0  444.0  444.0
2002 280 10  7 1500  -42.8  993.9    4.8  219.0  444.0  444.0
2002 280 10  7 1600  -43.2  994.3    4.3  232.0  444.0  444.0
2002 280 10  7 1700  -43.0  994.3    5.3  219.0  444.0  444.0
2002 280 10  7 1800  -42.5  994.8    3.6  248.0  444.0  444.0
2002 280 10  7 1900  -42.2  994.9    4.8  238.0  444.0  444.0
2002 280 10  7 2000  -41.9  995.6    4.6  239.0  444.0  444.0
2002 280 10  7 2100  -40.2  995.9    6.1  238.0  444.0  444.0
2002 280 10  7 2200  -39.4  996.2    4.3  226.0  444.0  444.0
2002 280 10  7 2300  -39.1  996.6    5.3  219.0  444.0  444.0
2002 281 10  8 0000  -38.9  997.0    2.8  221.0  444.0  444.0
2002 281 10  8 0100  -37.9  997.0    2.3  225.0  444.0  444.0
2002 281 10  8 0200  -36.5  997.1    2.0  211.0  444.0   -3.8
2002 281 10  8 0300  -34.5  997.0    1.0  266.0  444.0   -3.3
2002 281 10  8 0400  -34.4  996.9    1.8  276.0  444.0   -2.6
2002 281 10  8 0500  -36.1  996.4    4.1  288.0  444.0   -4.3
2002 281 10  8 0600  -36.4  996.6    4.3  280.0  444.0   -3.9
2002 281 10  8 0700  -34.8  996.8    3.6  290.0  444.0   -2.1
2002 281 10  8 0800  -33.4  997.2    1.8  308.0  444.0   -0.7
2002 281 10  8 0900  -32.8  997.5    1.5  342.0  444.0    0.1
2002 281 10  8 1000  -32.0  997.5    3.0  314.0  444.0    1.1
2002 281 10  8 1100  -32.4  997.8    2.3  316.0  444.0    0.5
2002 281 10  8 1200  -33.5  997.9    1.8  298.0  444.0   -0.1
2002 281 10  8 1300  -30.8  998.1    2.0  280.0  444.0    3.3
2002 281 10  8 1400  -33.1  997.8    3.6  298.0  444.0    0.0
2002 281 10  8 1500  -35.1  997.9    2.5  276.0  444.0   -2.2
2002 281 10  8 1600  -35.1  998.2    3.6  259.0  444.0   -1.9
2002 281 10  8 1700  -32.1  998.3    5.3  257.0  444.0    1.2
2002 281 10  8 1800  -30.5  998.7    5.8  243.0  444.0    2.7
2002 281 10  8 1900  -31.5  998.6    5.3  260.0  444.0    1.6
2002 281 10  8 2000  -31.5  998.8    5.1  256.0  444.0    1.3
2002 281 10  8 2100  -30.9  999.2    4.3  236.0  444.0    1.9
2002 281 10  8 2200  -30.4  999.0    7.4  270.0  444.0    2.2
2002 281 10  8 2300  -28.8  999.6    7.4  263.0  444.0    4.3
2002 282 10  9 0000  -28.1 1000.0    5.3  255.0  444.0    5.0
2002 282 10  9 0100  -26.9 1000.3    6.9  260.0  444.0    6.3
2002 282 10  9 0200  -25.9 1000.0    6.4  266.0  444.0    7.4
2002 282 10  9 0300  -25.1 1000.4    5.6  257.0  444.0    8.3
2002 282 10  9 0400  -25.5  999.9    4.8  255.0  444.0    8.0
2002 282 10  9 0500  -26.0  999.6    5.6  266.0  444.0    7.3
2002 282 10  9 0600  -26.4 1000.3    6.1  245.0  444.0    7.1
2002 282 10  9 0700  -28.1 1000.2    5.8  212.0  444.0    5.4
2002 282 10  9 0800  -28.1 1001.0    3.8  217.0  444.0    5.3
2002 282 10  9 0900  -26.8 1001.4    6.6  217.0  444.0    6.7
2002 282 10  9 1000  -23.5 1001.8    6.9  215.0  444.0   10.0
2002 282 10  9 1100  -25.5 1001.8    4.6  248.0  444.0    8.1
2002 282 10  9 1200  -22.9 1001.8    6.9  229.0  444.0   10.0
2002 282 10  9 1300  -22.6 1001.8    8.6  218.0  444.0   10.0
2002 282 10  9 1400  -20.6 1001.9    5.3  219.0  444.0   10.0
2002 282 10  9 1500  -20.4 1001.8    5.3  191.0  444.0   10.0
2002 282 10  9 1600  -26.6 1002.0    2.0  128.0  444.0    6.8
2002 282 10  9 1700  -27.5 1002.0    2.3  131.0  444.0    5.3
2002 282 10  9 1800  -29.0 1002.5    2.8  167.0  444.0    4.2
2002 282 10  9 1900  -34.0 1002.6    3.0  150.0  444.0   -0.8
2002 282 10  9 2000  -34.8 1003.2    2.3  135.0  444.0   -2.0
2002 282 10  9 2100  -34.1 1003.4    2.3  198.0  444.0   -1.7
2002 282 10  9 2200  -34.4 1004.0    3.3  224.0  444.0   -2.1
2002 282 10  9 2300  -33.9 1003.9    3.0  218.0  444.0   -1.7
2002 283 10 10 0000  -33.1 1003.9    1.3  204.0  444.0   -0.1
2002 283 10 10 0100  -30.6 1004.0    0.5  314.0  444.0    2.7
2002 283 10 10 0200  -28.5 1003.5    0.8  340.0  444.0    5.3
2002 283 10 10 0300  -29.4 1002.9    1.8  290.0  444.0    2.6
2002 283 10 10 0400  -28.8 1002.0    1.8  315.0  444.0    3.5
2002 283 10 10 0500  -28.9 1001.3    1.5  305.0  444.0    3.5
2002 283 10 10 0600  -29.8 1000.6    2.0  308.0  444.0    3.4
2002 283 10 10 0700  -30.2  999.9    2.0  323.0  444.0    2.4
2002 283 10 10 0800  -30.4  999.3    1.8  297.0  444.0    2.4
2002 283 10 10 0900  -30.8  998.5    1.0  345.0  444.0    2.4
2002 283 10 10 1000  -29.9  997.6    3.6  269.0  444.0    3.9
2002 283 10 10 1100  -29.4  997.0    1.8  276.0  444.0    4.0
2002 283 10 10 1200  -31.6  996.1    3.0  342.0  444.0    1.1
2002 283 10 10 1300  -32.2  995.4    3.8  329.0  444.0    1.0
2002 283 10 10 1400  -33.4  994.6    3.3  325.0  444.0   -0.3
2002 283 10 10 1500  -33.2  993.8    3.3  326.0  444.0   -0.3
2002 283 10 10 1600  -30.6  993.2    5.6  314.0  444.0    2.8
2002 283 10 10 1700  -29.2  992.3    5.6  311.0  444.0    3.8
2002 283 10 10 1800  -28.8  991.6    5.1  319.0  444.0    4.7
2002 283 10 10 1900  -27.0  990.8    4.8  323.0  444.0    5.9
2002 283 10 10 2000  -26.5  990.2    4.8  308.0  444.0    6.6
2002 283 10 10 2100  -24.5  989.5    2.8  301.0  444.0    7.6
2002 283 10 10 2200  -23.8  988.8    5.6  297.0  444.0    8.4
2002 283 10 10 2300  -22.9  988.0    4.1  287.0  444.0    9.2
2002 284 10 11 0000  -23.9  987.1    3.6  301.0  444.0    8.8
2002 284 10 11 0100  -23.8  986.2    4.8  294.0  444.0    9.1
2002 284 10 11 0200  -22.0  985.4    5.3  288.0  444.0   10.0
2002 284 10 11 0300  -21.2  984.6    2.0  308.0  444.0   10.0
2002 284 10 11 0400  -23.4  984.0    4.8  326.0  444.0    9.4
2002 284 10 11 0500  -24.5  983.3    3.0  288.0  444.0    8.0
2002 284 10 11 0600  -25.6  983.0    2.8  266.0  444.0    6.8
2002 284 10 11 0700  -27.4  982.7    3.3  346.0  444.0    5.2
2002 284 10 11 0800  -30.2  982.0    4.1  319.0  444.0    2.7
2002 284 10 11 0900  -31.4  981.7    3.3  338.0  444.0    1.6
2002 284 10 11 1000  -32.9  981.1    2.8  338.0  444.0    0.1
2002 284 10 11 1100  -33.4  981.0    2.3  314.0  444.0   -0.4
2002 284 10 11 1200  -34.8  980.4    2.3  333.0  444.0   -1.9
2002 284 10 11 1300  -33.4  980.3    3.6  291.0  444.0    0.5
2002 284 10 11 1400  -33.5  980.1    2.8  294.0  444.0   -0.7
2002 284 10 11 1500  -34.5  980.6    1.8  309.0  444.0   -1.9
2002 284 10 11 1600  -36.4  981.2    1.8  325.0  444.0   -3.7
2002 284 10 11 1700  -36.6  981.4    2.5  304.0  444.0   -4.3
2002 284 10 11 1800  -35.9  981.5    2.0  277.0  444.0   -3.8
2002 284 10 11 1900  -32.4  982.7    0.3   55.0  444.0    0.4
2002 284 10 11 2000  -30.0  983.4    0.0    0.0  444.0    2.5
2002 284 10 11 2100  -32.2  984.1    0.3   55.0  444.0   -0.9
2002 284 10 11 2200  -31.8  985.2    0.3   55.0  444.0   -0.5
2002 284 10 11 2300  -32.4  985.5    3.6  179.0  444.0   -1.0
2002 285 10 12 0000  -34.1  987.1    3.3  159.0  444.0   -1.7
2002 285 10 12 0100  -34.4  987.8    4.6  149.0  444.0   -1.7
2002 285 10 12 0200  -34.4  988.8    3.8  159.0  444.0   -1.7
2002 285 10 12 0300  -33.6  989.9    4.1  172.0  444.0   -1.6
2002 285 10 12 0400  -34.1  990.6    4.1  170.0  444.0   -1.9
2002 285 10 12 0500  -34.1  991.1    3.6  173.0  444.0   -1.9
2002 285 10 12 0600  -35.1  992.4    3.3  184.0  444.0   -2.7
2002 285 10 12 0700  -36.2  993.2    4.3  179.0  444.0   -3.8
2002 285 10 12 0800  -37.4  994.1    3.8  179.0  444.0   -4.8
2002 285 10 12 0900  -38.2  994.9    2.5  188.0  444.0  444.0
2002 285 10 12 1000  -38.0  995.5    2.5  179.0  444.0   -5.0
2002 285 10 12 1100  -36.4  995.9    2.5  207.0  444.0   -3.6
2002 285 10 12 1200  -36.1  996.5    3.0  218.0  444.0   -3.5
2002 285 10 12 1300  -37.0  996.7    3.6  246.0  444.0   -4.4
2002 285 10 12 1400  -37.5  996.9    4.8  231.0  444.0   -4.7
2002 285 10 12 1500  -36.4  997.3    5.3  229.0  444.0   -3.7
2002 285 10 12 1600  -35.4  997.2    4.8  229.0  444.0   -2.7
2002 285 10 12 1700  -34.8  997.2    4.8  229.0  444.0   -2.2
2002 285 10 12 1800  -33.2  997.3    5.1  224.0  444.0   -0.5
2002 285 10 12 1900  -32.2  997.2    5.3  226.0  444.0    0.4
2002 285 10 12 2000  -31.5  997.1    5.6  218.0  444.0    1.4
2002 285 10 12 2100  -30.9  997.0    6.4  233.0  444.0    1.7
2002 285 10 12 2200  -30.2  996.8    5.8  235.0  444.0    2.3
2002 285 10 12 2300  444.0  444.0  444.0  444.0  444.0  444.0
2002 286 10 13 0000  -28.8  996.7    5.8  208.0  444.0    4.1
2002 286 10 13 0100  -27.9  996.6    6.1  208.0  444.0    5.2
2002 286 10 13 0200  -27.2  996.3    6.4  211.0  444.0    5.6
2002 286 10 13 0300  -27.2  996.3    5.6  218.0  444.0    5.5
2002 286 10 13 0400  444.0  444.0  444.0  444.0  444.0  444.0
2002 286 10 13 0500  -28.5  996.1    5.3  218.0  444.0    4.4
2002 286 10 13 0600  -28.4  995.7    6.4  221.0  444.0    4.6
2002 286 10 13 0700  -28.2  996.1    3.0  165.0  444.0    4.6
2002 286 10 13 0800  -29.0  995.5    3.0  207.0  444.0    4.0
2002 286 10 13 0900  444.0  444.0  444.0  444.0  444.0  444.0
2002 286 10 13 1000  -30.6  995.6    2.5  135.0  444.0    2.6
2002 286 10 13 1100  -31.1  995.3    1.3  159.0  444.0    1.9
2002 286 10 13 1200  -31.4  994.9    0.8  176.0  444.0    2.0
2002 286 10 13 1300  -31.0  994.5    1.0  222.0  444.0    2.2
2002 286 10 13 1400  444.0  444.0  444.0  444.0  444.0  444.0
2002 286 10 13 1500  -32.4  993.6    2.0  240.0  444.0    0.9
2002 286 10 13 1600  -34.5  993.3    2.0  248.0  444.0   -1.7
2002 286 10 13 1700  -34.1  993.2    1.8  214.0  444.0   -1.4
2002 286 10 13 1800  -33.2  993.4    0.0    0.0  444.0   -0.4
2002 286 10 13 1900  -31.8  993.3    1.5  274.0  444.0    0.1
2002 286 10 13 2000  -32.2  992.8    3.6  267.0  444.0   -0.1
2002 286 10 13 2100  444.0  444.0  444.0  444.0  444.0  444.0
2002 286 10 13 2200  -30.2  992.4    5.1  257.0  444.0    1.8
2002 286 10 13 2300  -30.0  992.2    5.6  252.0  444.0    2.3
2002 287 10 14 0000  -30.4  992.0    4.6  248.0  444.0    2.4
2002 287 10 14 0100  -30.6  991.9    4.6  232.0  444.0    1.9
2002 287 10 14 0200  -30.6  992.0    3.6  202.0  444.0    2.2
2002 287 10 14 0300  -30.5  991.8    4.1  252.0  444.0    1.6
2002 287 10 14 0400  444.0  444.0  444.0  444.0  444.0  444.0
2002 287 10 14 0500  -31.1  991.4    4.8  236.0  444.0    1.4
2002 287 10 14 0600  -31.6  991.8    4.1  242.0  444.0    1.0
2002 287 10 14 0700  -32.1  991.6    4.3  236.0  444.0    0.5
2002 287 10 14 0800  -34.6  991.5    3.8  240.0  444.0   -1.9
2002 287 10 14 0900  -35.0  991.4    4.1  250.0  444.0   -2.2
2002 287 10 14 1000  -35.6  991.5    4.1  243.0  444.0   -2.7
2002 287 10 14 1100  -35.1  991.4    4.3  246.0  444.0   -2.0
2002 287 10 14 1200  -33.9  991.6    3.6  231.0  444.0   -0.8
2002 287 10 14 1300  -32.9  991.6    4.1  233.0  444.0    0.2
2002 287 10 14 1400  -31.0  991.5    6.9  240.0  444.0    2.2
2002 287 10 14 1500  -30.5  991.3    8.1  235.0  444.0    2.6
2002 287 10 14 1600  -30.6  991.2    8.6  235.0  444.0    2.5
2002 287 10 14 1700  -30.6  991.1    7.6  226.0  444.0    2.3
2002 287 10 14 1800  -30.6  991.3    6.9  214.0  444.0    2.3
2002 287 10 14 1900  -30.4  991.1    7.6  236.0  444.0    2.6
2002 287 10 14 2000  -29.6  991.5    7.1  217.0  444.0    3.2
2002 287 10 14 2100  -29.9  991.5    7.4  232.0  444.0    2.9
2002 287 10 14 2200  -29.1  991.3    6.6  233.0  444.0    3.2
2002 287 10 14 2300  -30.4  991.5    7.4  238.0  444.0    1.9
2002 288 10 15 0000  -31.1  991.4    7.1  235.0  444.0    1.6
2002 288 10 15 0100  -29.8  991.4    5.1  231.0  444.0    2.9
2002 288 10 15 0200  -28.6  991.3    5.8  229.0  444.0    3.8
2002 288 10 15 0300  -28.2  991.2    6.1  229.0  444.0    4.4
2002 288 10 15 0400  -28.0  991.0    6.1  233.0  444.0    4.9
2002 288 10 15 0500  -27.9  991.1    5.1  225.0  444.0    5.2
2002 288 10 15 0600  -28.0  991.3    5.1  221.0  444.0    5.0
2002 288 10 15 0700  -29.1  991.4    3.8  226.0  444.0    3.7
2002 288 10 15 0800  -30.2  991.4    3.8  231.0  444.0    2.8
2002 288 10 15 0900  -30.0  991.4    3.8  232.0  444.0    3.0
2002 288 10 15 1000  -30.2  991.6    3.6  228.0  444.0    2.9
2002 288 10 15 1100  -31.1  991.5    3.0  229.0  444.0    1.9
2002 288 10 15 1200  -31.4  991.9    2.5  219.0  444.0    1.6
2002 288 10 15 1300  -30.4  991.9    5.1  193.0  444.0    2.8
2002 288 10 15 1400  -29.6  991.9    4.6  197.0  444.0    3.6
2002 288 10 15 1500  -28.8  992.0    4.6  193.0  444.0    4.4
2002 288 10 15 1600  -28.0  992.5    4.6  194.0  444.0    4.9
2002 288 10 15 1700  -27.6  992.4    4.6  197.0  444.0    5.4
2002 288 10 15 1800  -27.2  992.4    6.6  195.0  444.0    5.8
2002 288 10 15 1900  -26.6  992.5    5.6  184.0  444.0    6.1
2002 288 10 15 2000  -26.4  992.5    7.9  186.0  444.0    6.4
2002 288 10 15 2100  -25.8  992.6    6.1  177.0  444.0    7.1
2002 288 10 15 2200  -24.9  992.6    7.1  165.0  444.0    7.9
2002 288 10 15 2300  -24.5  992.6    6.4  170.0  444.0    8.4
2002 289 10 16 0000  -24.2  992.7    6.9  167.0  444.0    8.8
2002 289 10 16 0100  -24.0  992.8    5.1  170.0  444.0    9.2
2002 289 10 16 0200  -23.8  992.8    8.6  166.0  444.0    9.2
2002 289 10 16 0300  -23.5  992.5    7.9  167.0  444.0    9.4
2002 289 10 16 0400  -23.6  992.5    8.1  166.0  444.0    9.2
2002 289 10 16 0500  -24.1  992.4    7.4  173.0  444.0    8.8
2002 289 10 16 0600  -23.9  992.5    6.1  176.0  444.0    9.0
2002 289 10 16 0700  -24.2  992.3    8.4  180.0  444.0    8.7
2002 289 10 16 0800  -24.9  992.1    6.1  194.0  444.0    8.3
2002 289 10 16 0900  -25.0  991.8    4.6  179.0  444.0    8.2
2002 289 10 16 1000  -25.1  991.5    6.6  190.0  444.0    7.9
2002 289 10 16 1100  -25.5  991.1    5.1  204.0  444.0    7.6
2002 289 10 16 1200  -26.5  991.0    4.6  204.0  444.0    6.4
2002 289 10 16 1300  -27.4  990.8    3.8  208.0  444.0    5.5
2002 289 10 16 1400  -27.2  990.1    5.1  215.0  444.0    5.7
2002 289 10 16 1500  -26.4  989.7    6.1  217.0  444.0    6.5
2002 289 10 16 1600  -26.1  989.8    4.6  225.0  444.0    6.9
2002 289 10 16 1700  -25.8  989.3    4.6  228.0  444.0    7.1
2002 289 10 16 1800  -26.5  989.2    3.0  239.0  444.0    6.4
2002 289 10 16 1900  -26.4  989.2    2.3  248.0  444.0    6.2
2002 289 10 16 2000  -25.0  989.0    3.0  252.0  444.0    7.4
2002 289 10 16 2100  -24.9  988.8    2.5  262.0  444.0    7.0
2002 289 10 16 2200  -24.9  988.8    2.8  252.0  444.0    6.9
2002 289 10 16 2300  -25.1  988.8    3.0  264.0  444.0    6.7
2002 290 10 17 0000  -25.8  988.8    2.8  259.0  444.0    6.9
2002 290 10 17 0100  -23.8  988.9    3.8  267.0  444.0    8.6
2002 290 10 17 0200  -22.5  988.7    4.6  257.0  444.0   10.0
2002 290 10 17 0300  -21.9  989.0    4.6  248.0  444.0   10.0
2002 290 10 17 0400  -21.9  989.2    3.8  269.0  444.0   10.0
2002 290 10 17 0500  -22.6  989.5    3.0  276.0  444.0    9.8
2002 290 10 17 0600  -24.0  989.4    3.3  274.0  444.0    8.0
2002 290 10 17 0700  -25.5  989.6    3.0  276.0  444.0    6.6
2002 290 10 17 0800  -26.5  989.8    2.0  292.0  444.0    5.4
2002 290 10 17 0900  -27.9  990.2    2.3  297.0  444.0    4.4
2002 290 10 17 1000  -27.9  990.4    2.0  298.0  444.0    4.1
2002 290 10 17 1100  -29.0  990.5    2.5  295.0  444.0    3.3
2002 290 10 17 1200  -28.8  990.5    2.3  277.0  444.0    3.5
2002 290 10 17 1300  -29.4  990.5    1.3  291.0  444.0    2.8
2002 290 10 17 1400  -28.8  990.7    1.8  291.0  444.0    3.6
2002 290 10 17 1500  -27.2  990.9    2.0  301.0  444.0    5.2
2002 290 10 17 1600  -26.6  990.9    1.8  292.0  444.0    5.7
2002 290 10 17 1700  -25.5  991.1    1.8  298.0  444.0    6.8
2002 290 10 17 1800  -24.2  991.4    2.0  292.0  444.0    8.0
2002 290 10 17 1900  -23.1  991.5    3.0  285.0  444.0    9.1
2002 290 10 17 2000  -22.5  991.7    3.0  263.0  444.0    9.7
2002 290 10 17 2100  -22.1  991.8    2.8  273.0  444.0   10.0
2002 290 10 17 2200  -21.9  991.9    2.5  271.0  444.0   10.0
2002 290 10 17 2300  -21.9  991.9    3.8  264.0  444.0   10.0
2002 291 10 18 0000  -20.9  992.0    2.0  267.0  444.0   10.0
2002 291 10 18 0100  -19.8  992.1    2.0  252.0  444.0   10.0
2002 291 10 18 0200  -20.5  991.9    1.5  267.0  444.0   10.0
2002 291 10 18 0300  -22.6  992.0    3.6  219.0  444.0    9.6
2002 291 10 18 0400  -23.4  992.2    2.8  235.0  444.0    8.6
2002 291 10 18 0500  -24.6  992.3    3.3  214.0  444.0    7.3
2002 291 10 18 0600  -25.6  992.3    3.8  212.0  444.0    6.7
2002 291 10 18 0700  -25.2  992.5    3.3  202.0  444.0    6.8
2002 291 10 18 0800  -26.4  992.4    3.6  207.0  444.0    5.8
2002 291 10 18 0900  -26.9  992.5    2.5  215.0  444.0    5.0
2002 291 10 18 1000  -27.9  992.7    2.0  211.0  444.0    4.1
2002 291 10 18 1100  -28.5  992.5    2.0  233.0  444.0    3.5
2002 291 10 18 1200  -28.6  992.6    2.5  248.0  444.0    3.3
2002 291 10 18 1300  -28.5  992.5    2.3  246.0  444.0    3.4
2002 291 10 18 1400  -28.2  992.3    2.0  236.0  444.0    3.7
2002 291 10 18 1500  -27.9  992.1    1.5  228.0  444.0    4.0
2002 291 10 18 1600  -27.5  991.9    1.3  238.0  444.0    4.3
2002 291 10 18 1700  -27.0  991.7    0.8  246.0  444.0    4.7
2002 291 10 18 1800  -26.5  991.6    1.0  253.0  444.0    5.3
2002 291 10 18 1900  -25.9  991.7    0.5  276.0  444.0    5.6
2002 291 10 18 2000  -25.1  991.4    0.5  267.0  444.0    6.2
2002 291 10 18 2100  -24.1  991.5    0.3  222.0  444.0    7.6
2002 291 10 18 2200  -22.4  991.2    0.3  222.0  444.0    9.4
2002 291 10 18 2300  -21.9  990.7    1.0  181.0  444.0    9.8
2002 292 10 19 0000  -20.9  990.8    0.3  169.0  444.0   10.0
2002 292 10 19 0100  -20.9  990.5    1.3  150.0  444.0   10.0
2002 292 10 19 0200  -20.1  990.1    1.8  176.0  444.0   10.0
2002 292 10 19 0300  -22.5  990.1    1.5  202.0  444.0    8.8
2002 292 10 19 0400  -22.9  989.6    2.0  201.0  444.0    8.4
2002 292 10 19 0500  -23.8  989.5    2.0  221.0  444.0    7.8
2002 292 10 19 0600  -24.2  989.3    2.0  219.0  444.0    7.3
2002 292 10 19 0700  -24.6  988.8    2.5  232.0  444.0    7.0
2002 292 10 19 0800  -25.0  988.4    3.0  238.0  444.0    6.7
2002 292 10 19 0900  -25.1  988.0    3.0  235.0  444.0    6.7
2002 292 10 19 1000  -24.9  987.5    3.6  240.0  444.0    6.9
2002 292 10 19 1100  -24.5  986.9    3.3  243.0  444.0    7.3
2002 292 10 19 1200  -24.4  986.3    3.0  240.0  444.0    7.6
2002 292 10 19 1300  -24.0  985.6    3.8  242.0  444.0    8.0
2002 292 10 19 1400  -23.5  984.6    4.3  240.0  444.0    8.3
2002 292 10 19 1500  -22.9  983.6    4.1  245.0  444.0    9.0
2002 292 10 19 1600  -22.5  982.8    4.6  243.0  444.0    9.6
2002 292 10 19 1700  -21.6  981.9    4.6  248.0  444.0   10.0
2002 292 10 19 1800  -20.9  981.0    5.6  246.0  444.0   10.0
2002 292 10 19 1900  -20.2  980.0    4.8  245.0  444.0   10.0
2002 292 10 19 2000  444.0  444.0  444.0  444.0  444.0  444.0
2002 292 10 19 2100  -18.6  978.2    5.8  245.0  444.0   10.0
2002 292 10 19 2200  444.0  444.0  444.0  444.0  444.0  444.0
2002 292 10 19 2300  -16.5  976.9    4.1  232.0  444.0   10.0
2002 293 10 20 0000  -14.8  976.5    3.3  205.0  444.0   10.0
2002 293 10 20 0100  -14.1  975.9    3.6  194.0  444.0   10.0
2002 293 10 20 0200  -13.0  975.6    5.3  174.0  444.0   10.0
2002 293 10 20 0300  -13.4  975.3    4.6  188.0  444.0   10.0
2002 293 10 20 0400  -14.5  974.8    4.3  205.0  444.0   10.0
2002 293 10 20 0500  -16.5  974.5    3.8  224.0  444.0   10.0
2002 293 10 20 0600  -18.5  974.5    4.1  253.0  444.0   10.0
2002 293 10 20 0700  -20.0  974.2    4.3  246.0  444.0   10.0
2002 293 10 20 0800  -20.2  974.0    5.1  239.0  444.0   10.0
2002 293 10 20 0900  -21.5  973.6    5.3  248.0  444.0   10.0
2002 293 10 20 1000  -22.5  973.2    4.8  262.0  444.0    9.3
2002 293 10 20 1100  -23.1  973.0    5.3  252.0  444.0    8.6
2002 293 10 20 1200  -24.2  972.6    4.6  263.0  444.0    7.4
2002 293 10 20 1300  -25.0  972.4    3.6  271.0  444.0    6.5
2002 293 10 20 1400  -25.6  972.4    3.3  287.0  444.0    5.7
2002 293 10 20 1500  -26.4  972.1    4.1  281.0  444.0    5.2
2002 293 10 20 1600  -25.8  972.0    3.8  274.0  444.0    5.6
2002 293 10 20 1700  -24.9  971.7    2.3  307.0  444.0    6.1
2002 293 10 20 1800  444.0  444.0  444.0  444.0  444.0  444.0
2002 293 10 20 1900  -22.6  971.7    3.3  290.0  444.0    8.6
2002 293 10 20 2000  -21.9  971.7    2.5  315.0  444.0    9.2
2002 293 10 20 2100  -20.6  971.8    3.6  316.0  444.0   10.0
2002 293 10 20 2200  -20.9  972.0    2.5  332.0  444.0   10.0
2002 293 10 20 2300  444.0  444.0  444.0  444.0  444.0  444.0
2002 294 10 21 0000  -17.2  972.5    4.3  328.0  444.0   10.0
2002 294 10 21 0100  -16.6  972.7    4.3  336.0  444.0   10.0
2002 294 10 21 0200  -14.8  972.7    3.3  325.0  444.0   10.0
2002 294 10 21 0300  -13.2  973.0    4.6  343.0  444.0   10.0
2002 294 10 21 0400  -13.1  973.1    4.3  340.0  444.0   10.0
2002 294 10 21 0500  -13.1  973.1    5.1  357.0  444.0   10.0
2002 294 10 21 0600  -13.8  973.5    3.8  360.0  444.0   10.0
2002 294 10 21 0700  -14.4  973.5    4.1  360.0  444.0   10.0
2002 294 10 21 0800  -14.9  973.7    4.3   15.0  444.0   10.0
2002 294 10 21 0900  -15.9  973.9    4.3    7.0  444.0   10.0
2002 294 10 21 1000  -16.2  974.0    4.6   22.0  444.0   10.0
2002 294 10 21 1100  444.0  444.0  444.0  444.0  444.0  444.0
2002 294 10 21 1200  -17.6  973.9    3.0   51.0  444.0   10.0
2002 294 10 21 1300  -20.2  973.8    3.3   63.0  444.0   10.0
2002 294 10 21 1400  -20.6  973.7    2.3   98.0  444.0   10.0
2002 294 10 21 1500  -20.4  973.7    5.3  110.0  444.0   10.0
2002 294 10 21 1600  444.0  444.0  444.0  444.0  444.0  444.0
2002 294 10 21 1700  -21.0  972.9    5.8  159.0  444.0   10.0
2002 294 10 21 1800  -19.8  972.3    8.9  173.0  444.0   10.0
2002 294 10 21 1900  -18.9  971.7   10.4  174.0  444.0   10.0
2002 294 10 21 2000  -18.5  970.6   11.9  180.0  444.0   10.0
2002 294 10 21 2100  444.0  444.0  444.0  444.0  444.0  444.0
2002 294 10 21 2200  -17.4  967.8   14.7  191.0  444.0   10.0
2002 294 10 21 2300  -17.2  965.8   14.5  190.0  444.0    9.8
2002 295 10 22 0000  -17.4  964.6   16.0  186.0  444.0   10.0
2002 295 10 22 0100  -17.4  963.2   16.8  191.0  444.0   10.0
2002 295 10 22 0200  -18.0  961.7   16.8  197.0  444.0   10.0
2002 295 10 22 0300  -17.2  959.9   16.8  195.0  444.0   10.0
2002 295 10 22 0400  444.0  444.0  444.0  444.0  444.0  444.0
2002 295 10 22 0500  -15.4  956.6   15.5  197.0  444.0   10.0
2002 295 10 22 0600  -14.8  955.0   13.7  187.0  444.0   10.0
2002 295 10 22 0700  -14.1  954.0   14.2  193.0  444.0   10.0
2002 295 10 22 0800  -13.8  953.1   13.7  190.0  444.0   10.0
2002 295 10 22 0900  444.0  444.0  444.0  444.0  444.0  444.0
2002 295 10 22 1000  -13.1  951.3   14.5  210.0  444.0   10.0
2002 295 10 22 1100  -12.6  951.0   14.0  193.0  444.0   10.0
2002 295 10 22 1200  -12.4  950.8   16.5  202.0  444.0   10.0
2002 295 10 22 1300  -11.9  951.0   10.4  210.0  444.0   10.0
2002 295 10 22 1400  -11.8  951.5   14.7  239.0  444.0   10.0
2002 295 10 22 1500  -15.4  951.4   14.2  263.0  444.0   10.0
2002 295 10 22 1600  -15.4  951.6   13.0  278.0  444.0   10.0
2002 295 10 22 1700  -15.9  951.6   16.5  277.0  444.0   10.0
2002 295 10 22 1800  -16.2  952.1   12.2  269.0  444.0   10.0
2002 295 10 22 1900  -16.0  952.5   11.7  267.0  444.0   10.0
2002 295 10 22 2000  -16.2  953.2   12.7  274.0  444.0   10.0
2002 295 10 22 2100  -16.1  954.3   11.7  271.0  444.0   10.0
2002 295 10 22 2200  -16.1  955.4    9.7  269.0  444.0   10.0
2002 295 10 22 2300  -16.6  956.1    7.4  274.0  444.0   10.0
2002 296 10 23 0000  -15.6  957.3    6.4  271.0  444.0   10.0
2002 296 10 23 0100  -15.6  957.9    4.8  259.0  444.0   10.0
2002 296 10 23 0200  -13.6  958.3    5.1  155.0  444.0   10.0
2002 296 10 23 0300  -13.9  959.5    7.4  173.0  444.0   10.0
2002 296 10 23 0400  -14.4  960.4    7.4  173.0  444.0   10.0
2002 296 10 23 0500  -15.9  961.2    5.1  190.0  444.0   10.0
2002 296 10 23 0600  -17.8  961.5    3.0  226.0  444.0   10.0
2002 296 10 23 0700  -19.2  961.7    5.6  236.0  444.0   10.0
2002 296 10 23 0800  -20.2  961.3    7.1  236.0  444.0   10.0
2002 296 10 23 0900  -20.2  961.1    6.9  231.0  444.0   10.0
2002 296 10 23 1000  -21.9  961.4    5.8  229.0  444.0    8.3
2002 296 10 23 1100  -21.9  961.6    4.8  226.0  444.0    8.0
2002 296 10 23 1200  -22.6  961.9    5.8  224.0  444.0    7.4
2002 296 10 23 1300  -20.4  962.5    8.1  197.0  444.0    9.8
2002 296 10 23 1400  -20.0  963.7    8.9  186.0  444.0   10.0
2002 296 10 23 1500  -22.1  964.4    7.6  217.0  444.0    7.9
2002 296 10 23 1600  -19.0  965.1    9.4  201.0  444.0   10.0
2002 296 10 23 1700  -17.6  965.9    6.6  198.0  444.0   10.0
2002 296 10 23 1800  -17.9  967.5    6.4  176.0  444.0   10.0
2002 296 10 23 1900  -15.6  969.3    7.6  190.0  444.0   10.0
2002 296 10 23 2000  -15.5  971.2    8.6  187.0  444.0   10.0
2002 296 10 23 2100  -15.6  972.6   11.4  172.0  444.0   10.0
2002 296 10 23 2200  -16.1  974.2    8.6  181.0  444.0   10.0
2002 296 10 23 2300  -16.2  975.5    8.9  190.0  444.0   10.0
2002 297 10 24 0000  -16.8  976.5    8.1  205.0  444.0   10.0
2002 297 10 24 0100  -16.5  977.4    7.1  202.0  444.0   10.0
2002 297 10 24 0200  -16.5  978.4    8.6  201.0  444.0   10.0
2002 297 10 24 0300  -16.5  979.0    6.9  218.0  444.0   10.0
2002 297 10 24 0400  -17.1  979.8    5.1  232.0  444.0   10.0
2002 297 10 24 0500  -18.1  980.2    5.3  243.0  444.0   10.0
2002 297 10 24 0600  -19.1  980.4    5.6  255.0  444.0   10.0
2002 297 10 24 0700  -19.8  980.2    3.6  273.0  444.0   10.0
2002 297 10 24 0800  -21.2  979.8    3.8  290.0  444.0    7.7
2002 297 10 24 0900  -21.6  979.7    4.8  297.0  444.0    7.4
2002 297 10 24 1000  -21.6  979.4    6.4  300.0  444.0    7.6
2002 297 10 24 1100  -22.9  979.3    5.6  312.0  444.0    6.4
2002 297 10 24 1200  -24.2  978.8    6.1  325.0  444.0    4.6
2002 297 10 24 1300  -23.6  978.8    6.1  307.0  444.0    5.6
2002 297 10 24 1400  -22.5  979.4    5.6  322.0  444.0    7.0
2002 297 10 24 1500  -24.2  979.7    5.6  340.0  444.0    4.8
2002 297 10 24 1600  -23.5  980.0    5.8  322.0  444.0    5.7
2002 297 10 24 1700  -24.5  980.1    4.1  342.0  444.0    4.3
2002 297 10 24 1800  -24.6  980.6    3.3  357.0  444.0    4.6
2002 297 10 24 1900  -24.2  981.8    3.8  342.0  444.0    4.6
2002 297 10 24 2000  -23.6  982.8    2.8  345.0  444.0    4.9
2002 297 10 24 2100  -23.2  983.8    5.1  316.0  444.0    5.3
2002 297 10 24 2200  -20.9  984.3    3.8  295.0  444.0    6.8
2002 297 10 24 2300  -21.9  984.8    4.1  290.0  444.0    6.1
2002 298 10 25 0000  -21.9  985.8    3.8  295.0  444.0    6.2
2002 298 10 25 0100  -22.6  986.8    4.3  307.0  444.0    5.7
2002 298 10 25 0200  -21.9  987.7    3.3  314.0  444.0    6.5
2002 298 10 25 0300  -21.5  988.4    4.6  304.0  444.0    6.3
2002 298 10 25 0400  -21.6  988.9    3.0  294.0  444.0    6.5
2002 298 10 25 0500  -21.9  989.5    4.6  311.0  444.0    6.1
2002 298 10 25 0600  -23.5  990.1    5.3  322.0  444.0    5.5
2002 298 10 25 0700  -24.6  990.4    4.8  314.0  444.0    4.3
2002 298 10 25 0800  -24.6  990.9    4.3  352.0  444.0    4.0
2002 298 10 25 0900  -22.6  991.3    3.8  326.0  444.0    6.4
2002 298 10 25 1000  -22.1  991.8    3.8  314.0  444.0    6.7
2002 298 10 25 1100  -24.6  992.6    2.0  314.0  444.0    3.6
2002 298 10 25 1200  -29.6  993.1    1.8  329.0  444.0   -1.4
2002 298 10 25 1300  -30.4  993.8    1.3  332.0  444.0   -2.1
2002 298 10 25 1400  -31.5  994.3    0.8   35.0  444.0   -3.5
2002 298 10 25 1500  -32.8  995.0    0.0    0.0  444.0   -4.4
2002 298 10 25 1600  -31.5  995.4    0.0    0.0  444.0   -3.1
2002 298 10 25 1700  -29.0  996.0    3.0  141.0  444.0   -0.5
2002 298 10 25 1800  -29.0  996.7    3.0  121.0  444.0   -0.6
2002 298 10 25 1900  -29.1  997.3    2.3  152.0  444.0   -0.8
2002 298 10 25 2000  -27.6  997.9    1.8  136.0  444.0    0.7
2002 298 10 25 2100  -24.8  998.3    3.6  149.0  444.0    3.9
2002 298 10 25 2200  -21.2  998.7    2.3  165.0  444.0    7.4
2002 298 10 25 2300  -19.8  998.7    1.8  156.0  444.0    8.7
2002 299 10 26 0000  -19.5  998.8    3.8  174.0  444.0    8.9
2002 299 10 26 0100  -20.2  998.8    3.6  166.0  444.0    8.6
2002 299 10 26 0200  -19.0  998.7    2.3  174.0  444.0    9.8
2002 299 10 26 0300  -18.6  998.6    3.0  160.0  444.0   10.0
2002 299 10 26 0400  -18.0  998.4    2.0  174.0  444.0   10.0
2002 299 10 26 0500  -19.1  998.2    2.3  188.0  444.0    9.5
2002 299 10 26 0600  -20.9  998.2    2.0  183.0  444.0    7.8
2002 299 10 26 0700  -22.4  997.8    1.5  174.0  444.0    6.3
2002 299 10 26 0800  -25.2  997.4    2.0  160.0  444.0    3.1
2002 299 10 26 0900  -26.2  997.3    0.5  166.0  444.0    2.2
2002 299 10 26 1000  -27.9  996.9    0.5  155.0  444.0    0.4
2002 299 10 26 1100  -29.4  996.7    0.0    0.0  444.0   -1.1
2002 299 10 26 1200  -30.8  996.4    1.0   59.0  444.0   -2.5
2002 299 10 26 1300  -29.9  995.9    0.8   44.0  444.0   -1.5
2002 299 10 26 1400  -28.8  996.0    2.5   35.0  444.0   -0.4
2002 299 10 26 1500  -27.5  995.4    0.3   69.0  444.0    1.1
2002 299 10 26 1600  -26.2  995.0    2.3  326.0  444.0    2.3
2002 299 10 26 1700  -24.5  994.6    1.0  360.0  444.0    4.3
2002 299 10 26 1800  -23.6  994.2    2.3  285.0  444.0    5.0
2002 299 10 26 1900  -22.5  994.0    1.5  249.0  444.0    6.3
2002 299 10 26 2000  -21.6  993.4    1.3  269.0  444.0    7.0
2002 299 10 26 2100  -21.9  993.2    3.6  285.0  444.0    6.1
2002 299 10 26 2200  -21.4  992.6    3.0  267.0  444.0    6.8
2002 299 10 26 2300  -22.5  992.2    3.0  231.0  444.0    6.2
2002 300 10 27 0000  -23.4  991.9    2.0  159.0  444.0    5.0
2002 300 10 27 0100  -24.0  991.5    2.3  167.0  444.0    4.4
2002 300 10 27 0200  -24.2  991.4    2.0  187.0  444.0    4.5
2002 300 10 27 0300  -24.0  990.8    2.5  205.0  444.0    4.1
2002 300 10 27 0400  -24.4  990.4    2.0  226.0  444.0    4.1
2002 300 10 27 0500  -26.1  989.8    3.0  242.0  444.0    2.5
2002 300 10 27 0600  -26.1  989.1    3.8  256.0  444.0    2.5
2002 300 10 27 0700  -25.8  988.7    3.0  274.0  444.0    2.5
2002 300 10 27 0800  -28.4  988.1    2.5  264.0  444.0    0.0
2002 300 10 27 0900  -29.8  987.4    2.5  257.0  444.0   -1.4
2002 300 10 27 1000  -31.1  986.9    3.6  256.0  444.0   -2.7
2002 300 10 27 1100  -32.2  986.0    3.0  238.0  444.0   -3.8
2002 300 10 27 1200  -33.5  985.7    2.3  225.0  444.0  444.0
2002 300 10 27 1300  -35.0  985.3    2.5  232.0  444.0  444.0
2002 300 10 27 1400  -34.5  985.0    2.3  224.0  444.0  444.0
2002 300 10 27 1500  -34.5  984.5    2.3  214.0  444.0  444.0
2002 300 10 27 1600  -34.5  984.1    1.8  228.0  444.0  444.0
2002 300 10 27 1700  -30.5  984.0    0.3  300.0  444.0   -1.9
2002 300 10 27 1800  -31.2  983.2    0.5  300.0  444.0   -3.1
2002 300 10 27 1900  -30.5  982.8    2.5  295.0  444.0   -2.4
2002 300 10 27 2000  -28.9  982.2    1.3  284.0  444.0   -1.5
2002 300 10 27 2100  -26.2  981.8    0.5  318.0  444.0    1.0
2002 300 10 27 2200  -25.5  981.1    1.0  283.0  444.0    1.1
2002 300 10 27 2300  -22.8  980.7    0.3  305.0  444.0    4.4
2002 301 10 28 0000  -25.6  980.2    1.8  287.0  444.0    2.0
2002 301 10 28 0100  -24.2  979.8    2.0  298.0  444.0    3.4
2002 301 10 28 0200  -23.4  979.8    1.3  309.0  444.0    4.7
2002 301 10 28 0300  -21.9  979.5    1.0  319.0  444.0    7.0
2002 301 10 28 0400  -22.9  979.1    1.5  359.0  444.0    7.6
2002 301 10 28 0500  -23.5  978.7    2.3  328.0  444.0    5.6
2002 301 10 28 0600  -25.8  978.6    3.6  312.0  444.0    2.6
2002 301 10 28 0700  -26.6  978.5    3.3  308.0  444.0    1.1
2002 301 10 28 0800  -27.5  978.6    2.8  309.0  444.0    0.1
2002 301 10 28 0900  -29.4  978.5    2.5  314.0  444.0   -1.3
2002 301 10 28 1000  -30.2  978.4    3.6  307.0  444.0   -2.0
2002 301 10 28 1100  -32.1  978.7    2.5  246.0  444.0   -3.5
2002 301 10 28 1200  -34.4  979.0    1.0  238.0  444.0  444.0
2002 301 10 28 1300  -35.2  979.1    2.0  238.0  444.0  444.0
2002 301 10 28 1400  -36.6  979.4    1.5  229.0  444.0  444.0
2002 301 10 28 1500  -36.2  979.8    2.0  252.0  444.0  444.0
2002 301 10 28 1600  -36.8  980.2    2.8  229.0  444.0  444.0
2002 301 10 28 1700  -35.2  980.7    4.3  225.0  444.0  444.0
2002 301 10 28 1800  -33.0  980.8    5.3  228.0  444.0   -4.3
2002 301 10 28 1900  -28.1  980.5    7.1  233.0  444.0    0.8
2002 301 10 28 2000  444.0  444.0  444.0  444.0  444.0  444.0
2002 301 10 28 2100  -23.4  979.8    9.7  204.0  444.0    5.8
2002 301 10 28 2200  -21.1  979.9   13.0  198.0  444.0    8.4
2002 301 10 28 2300  -21.9  980.1   12.7  180.0  444.0    7.3
2002 302 10 29 0000  -22.1  980.0   10.4  165.0  444.0    6.8
2002 302 10 29 0100  444.0  444.0  444.0  444.0  444.0  444.0
2002 302 10 29 0200  -24.0  980.4    8.6  167.0  444.0    4.9
2002 302 10 29 0300  -24.5  981.0   10.2  174.0  444.0    4.4
2002 302 10 29 0400  -23.6  981.2    9.1  173.0  444.0    5.3
2002 302 10 29 0500  -23.5  981.2    8.4  167.0  444.0    5.6
2002 302 10 29 0600  -24.2  981.1    7.1  183.0  444.0    4.8
2002 302 10 29 0700  -23.6  981.1    6.4  179.0  444.0    5.6
2002 302 10 29 0800  -23.1  981.4    9.1  174.0  444.0    6.4
2002 302 10 29 0900  -24.6  981.4    6.4  200.0  444.0    4.6
2002 302 10 29 1000  -26.1  981.2    5.1  200.0  444.0    3.3
2002 302 10 29 1100  -26.5  981.3    7.1  201.0  444.0    2.8
2002 302 10 29 1200  -26.0  981.2    6.6  202.0  444.0    3.1
2002 302 10 29 1300  -26.1  980.9    5.6  201.0  444.0    3.0
2002 302 10 29 1400  -25.5  980.4    7.1  191.0  444.0    4.0
2002 302 10 29 1500  -25.8  979.7    3.8  201.0  444.0    3.9
2002 302 10 29 1600  -26.0  979.4    5.1  193.0  444.0    3.5
2002 302 10 29 1700  -21.9  978.9    6.9  200.0  444.0    7.9
2002 302 10 29 1800  444.0  444.0  444.0  444.0  444.0  444.0
2002 302 10 29 1900  -20.8  978.6    9.9  181.0  444.0    9.1
2002 302 10 29 2000  -20.6  978.6    8.6  181.0  444.0    9.1
2002 302 10 29 2100  -20.4  978.6    8.4  180.0  444.0    9.2
2002 302 10 29 2200  -20.0  978.7    6.4  201.0  444.0    9.6
2002 302 10 29 2300  444.0  444.0  444.0  444.0  444.0  444.0
2002 303 10 30 0000  -17.1  978.0   12.4  198.0  444.0   10.0
2002 303 10 30 0100  -17.1  978.2   11.4  201.0  444.0   10.0
2002 303 10 30 0200  -16.4  977.2   10.2  200.0  444.0   10.0
2002 303 10 30 0300  -16.0  977.7    9.4  179.0  444.0   10.0
2002 303 10 30 0400  444.0  444.0  444.0  444.0  444.0  444.0
2002 303 10 30 0500  -16.9  976.5    7.6  202.0  444.0   10.0
2002 303 10 30 0600  -17.8  976.3    4.6  204.0  444.0   10.0
2002 303 10 30 0700  -16.9  976.2    6.6  179.0  444.0   10.0
2002 303 10 30 0800  -17.2  975.5    6.1  183.0  444.0   10.0
2002 303 10 30 0900  -18.9  974.6    5.1  212.0  444.0   10.0
2002 303 10 30 1000  -17.2  973.5    9.1  191.0  444.0   10.0
2002 303 10 30 1100  -17.2  973.4    8.9  170.0  444.0   10.0
2002 303 10 30 1200  -18.6  973.2    7.4  163.0  444.0   10.0
2002 303 10 30 1300  -20.0  973.4    7.1  167.0  444.0    9.7
2002 303 10 30 1400  -21.4  974.0    7.6  165.0  444.0    8.3
2002 303 10 30 1500  -22.9  974.7    6.6  166.0  444.0    6.4
2002 303 10 30 1600  -24.0  975.2    5.6  163.0  444.0    5.5
2002 303 10 30 1700  -24.2  975.4    3.0  173.0  444.0    5.1
2002 303 10 30 1800  -24.5  975.1    3.8  205.0  444.0    4.9
2002 303 10 30 1900  -24.1  974.7    3.8  200.0  444.0    5.4
2002 303 10 30 2000  -23.1  974.9    2.8  253.0  444.0    6.4
2002 303 10 30 2100  -22.5  974.7    5.1  212.0  444.0    7.0
2002 303 10 30 2200  -20.0  975.0    5.3  194.0  444.0    9.4
2002 303 10 30 2300  -21.5  974.9    5.6  179.0  444.0    7.5
2002 304 10 31 0000  -21.9  975.0    5.1  141.0  444.0    7.5
2002 304 10 31 0100  -20.6  975.7    5.1  174.0  444.0    8.5
2002 304 10 31 0200  -21.0  976.6    4.6  139.0  444.0    8.6
2002 304 10 31 0300  -21.2  977.5    4.3  156.0  444.0    8.2
2002 304 10 31 0400  444.0  979.0    4.8  166.0  444.0    7.2
2002 304 10 31 0500  -22.2  980.3    2.0  135.0  444.0    6.7
2002 304 10 31 0600  -23.4  980.8    5.3  153.0  444.0    5.8
2002 304 10 31 0700  -23.6  982.2    3.3  127.0  444.0    5.3
2002 304 10 31 0800  -24.0  983.1    4.6  129.0  444.0    5.0
2002 304 10 31 0900  444.0  444.0  444.0  444.0  444.0  444.0
2002 304 10 31 1000  -24.6  984.9    2.0  135.0  444.0    4.0
2002 304 10 31 1100  -26.0  985.2    0.3   86.0  444.0    2.8
2002 304 10 31 1200  -25.8  986.1    1.0  305.0  444.0    2.9
2002 304 10 31 1300  -26.6  986.5    1.3  243.0  444.0    2.1
2002 304 10 31 1400  444.0  444.0  444.0  444.0  444.0  444.0
2002 304 10 31 1500  -27.2  988.2    0.8  158.0  444.0    1.5
2002 304 10 31 1600  -29.5  989.9    2.3  138.0  444.0   -1.0
2002 304 10 31 1700  -26.2  990.9    1.0  117.0  444.0    2.3
2002 304 10 31 1800  -26.0  992.4    1.3  127.0  444.0    2.5
2002 304 10 31 1900  -26.0  993.5    2.0  120.0  444.0    2.3
2002 304 10 31 2000  -24.5  995.3    3.3  129.0  444.0    4.0
2002 304 10 31 2100  -23.6  996.8    3.3  159.0  444.0    4.7
2002 304 10 31 2200  -24.5  998.1    4.3  167.0  444.0    3.7
2002 304 10 31 2300  -25.9  999.3    6.1  163.0  444.0    2.6
