Year: 2024  Month: 06  ID: SWT  ARGOS:  8913  Name: Schwerdtfeger       
Lat: 79.80S  Lon: 170.46E  Elev:   54m
2024 153  6  1 0000  -15.5  973.7    6.0  167.0   96.0  444.0
2024 153  6  1 0100  -16.8  973.4    6.4  167.0   94.0  444.0
2024 153  6  1 0200  -16.9  973.4    5.3  181.0   95.0  444.0
2024 153  6  1 0300  -17.1  973.1    5.5  170.0   94.0  444.0
2024 153  6  1 0400  -17.6  973.2    6.1  168.0   92.3  444.0
2024 153  6  1 0500  -18.1  973.4    5.0  183.0   93.0  444.0
2024 153  6  1 0600  -18.0  973.6    5.1  189.0   93.0  444.0
2024 153  6  1 0700  -18.0  973.7    4.3  176.0   93.0  444.0
2024 153  6  1 0800  -18.2  973.9    3.0  177.0   93.0  444.0
2024 153  6  1 0900  -18.3  974.0    3.5  179.0   92.0  444.0
2024 153  6  1 1000  -18.7  974.3    3.7  175.0   92.0  444.0
2024 153  6  1 1100  -19.1  974.5    3.6  174.0   91.0  444.0
2024 153  6  1 1200  -19.5  974.6    3.9  175.0   91.0  444.0
2024 153  6  1 1300  -19.9  975.1    3.8  163.0   90.0  444.0
2024 153  6  1 1400  -20.2  975.6    3.5  168.0   89.8  444.0
2024 153  6  1 1500  -20.3  976.1    3.8  158.0   89.0  444.0
2024 153  6  1 1600  -20.3  976.7    2.7  143.0   89.3  444.0
2024 153  6  1 1700  -22.4  977.2    2.7  112.0   86.0  444.0
2024 153  6  1 1800  -22.1  977.8    3.4  112.0   90.0  444.0
2024 153  6  1 1900  -21.5  978.6    4.3  128.0   89.0  444.0
2024 153  6  1 2000  -21.0  979.2    4.3  125.0   90.0  444.0
2024 153  6  1 2100  -20.3  979.9    4.2  140.0   91.1  444.0
2024 153  6  1 2200  -20.1  980.8    4.0  154.0   91.0  444.0
2024 153  6  1 2300  -20.1  981.2    5.0  163.0   91.0  444.0
2024 154  6  2 0000  -20.1  981.7    4.9  161.0   90.8  444.0
2024 154  6  2 0100  -20.2  982.1    3.8  156.0   91.0  444.0
2024 154  6  2 0200  -21.2  982.6    4.0  187.0   89.0  444.0
2024 154  6  2 0300  -23.0  983.1    3.8  182.0   87.0  444.0
2024 154  6  2 0400  -23.6  983.6    3.6  184.0   86.0  444.0
2024 154  6  2 0500  -24.0  984.6    2.9  203.0   85.2  444.0
2024 154  6  2 0600  -26.4  984.8    3.7  217.0   80.0  444.0
2024 154  6  2 0700  -26.1  985.1    4.4  203.0   83.0  444.0
2024 154  6  2 0800  -26.4  985.4    4.7  199.0   83.0  444.0
2024 154  6  2 0900  -26.0  985.5    5.2  179.0   83.0  444.0
2024 154  6  2 1000  -25.5  985.8    6.2  173.0   84.0  444.0
2024 154  6  2 1100  -27.1  986.4    4.5  213.0   81.0  444.0
2024 154  6  2 1200  -28.1  986.5    4.4  197.0   80.1  444.0
2024 154  6  2 1300  -30.3  986.7    4.0  207.0   79.0  444.0
2024 154  6  2 1400  -30.6  986.9    3.8  211.0   78.4  444.0
2024 154  6  2 1500  -29.8  986.8    3.4  219.0   78.0  444.0
2024 154  6  2 1600  -29.2  986.8    3.4  211.0   80.0  444.0
2024 154  6  2 1700  -27.3  987.0    3.8  204.0   81.0  444.0
2024 154  6  2 1800  -26.0  987.0    4.4  204.0   83.0  444.0
2024 154  6  2 1900  -26.5  987.0    5.1  199.0   81.7  444.0
2024 154  6  2 2000  -31.0  987.2    3.8  194.0   78.0  444.0
2024 154  6  2 2100  -32.8  987.4    2.5  197.0   76.0  444.0
2024 154  6  2 2200  -33.6  987.3    2.3  193.0   75.8  444.0
2024 154  6  2 2300  -33.7  987.1    2.0  188.0   76.0  444.0
2024 155  6  3 0000  -34.5  987.2    1.9  161.0   75.0  444.0
2024 155  6  3 0100  -33.2  986.9    4.2  183.0   76.0  444.0
2024 155  6  3 0200  -32.9  986.8    3.8  191.0   76.0  444.0
2024 155  6  3 0300  -33.2  986.6    2.9  189.0   75.8  444.0
2024 155  6  3 0400  -34.7  986.4    2.3  193.0   75.0  444.0
2024 155  6  3 0500  -34.1  986.1    1.3  112.0   75.0  444.0
2024 155  6  3 0600  -33.9  985.3    2.0  175.0   75.0  444.0
2024 155  6  3 0700  -33.6  984.8    2.1  177.0   76.0  444.0
2024 155  6  3 0800  -33.5  984.2    2.1  105.0   76.0  444.0
2024 155  6  3 0900  -33.7  983.6    0.8  164.0   75.4  444.0
2024 155  6  3 1000  -34.4  983.1    1.9  185.0   75.0  444.0
2024 155  6  3 1100  -35.8  982.5    2.4  213.0   74.0  444.0
2024 155  6  3 1200  -36.5  981.5    1.5  156.0   73.0  444.0
2024 155  6  3 1300  -36.3  980.9    1.0  194.0   73.0  444.0
2024 155  6  3 1400  -36.0  980.2    1.5  175.0   74.0  444.0
2024 155  6  3 1500  -35.4  979.6    0.3  138.0   74.0  444.0
2024 155  6  3 1600  -33.9  978.8    1.9  162.0   75.0  444.0
2024 155  6  3 1700  -31.3  978.0    1.4  106.0   78.0  444.0
2024 155  6  3 1800  -31.6  977.1    2.1  171.0   77.0  444.0
2024 155  6  3 1900  -31.7  976.4    2.9  194.0   77.0  444.0
2024 155  6  3 2000  -33.8  975.3    2.7  208.0   75.0  444.0
2024 155  6  3 2100  -35.9  974.2    1.4  192.0   74.0  444.0
2024 155  6  3 2200  -36.4  973.4    1.2  210.0   73.0  444.0
2024 155  6  3 2300  -37.3  972.0    1.4  182.0   73.0  444.0
2024 156  6  4 0000  -37.4  971.1    1.4  198.0   73.0  444.0
2024 156  6  4 0100  -36.0  969.6    2.7  206.0   73.7  444.0
2024 156  6  4 0200  -34.5  968.2    1.6  198.0   75.0  444.0
2024 156  6  4 0300  -33.5  967.1    3.8  226.0   76.0  444.0
2024 156  6  4 0400  -32.6  966.0    3.1  223.0   76.0  444.0
2024 156  6  4 0500  -32.1  965.1    3.0  214.0   77.0  444.0
2024 156  6  4 0600  -31.5  964.0    3.6  240.0   77.0  444.0
2024 156  6  4 0700  -30.8  963.3    2.5  193.0   78.0  444.0
2024 156  6  4 0800  -29.9  962.4    3.8  215.0   78.0  444.0
2024 156  6  4 0900  -31.5  961.5    4.2  241.0   77.0  444.0
2024 156  6  4 1000  -32.7  960.7    5.4  260.0   75.9  444.0
2024 156  6  4 1100  -33.3  960.2    5.7  289.0   76.0  444.0
2024 156  6  4 1200  -32.8  959.9    7.2  292.0   76.3  444.0
2024 156  6  4 1300  -32.5  959.2    6.5  299.0   76.0  444.0
2024 156  6  4 1400  -34.1  958.9    5.4  303.0   75.0  444.0
2024 156  6  4 1500  -36.3  958.3    4.3  334.0   73.0  444.0
2024 156  6  4 1600  -38.3  958.1    2.9  333.0   72.0  444.0
2024 156  6  4 1700  -39.7  957.5    2.5  358.0   71.1  444.0
2024 156  6  4 1800  -40.9  957.2  444.0  444.0   70.0  444.0
2024 156  6  4 1900  -40.2  956.8  444.0  444.0   71.0  444.0
2024 156  6  4 2000  -36.5  957.0  444.0  444.0   74.0  444.0
2024 156  6  4 2100  -34.3  957.3  444.0  444.0   75.0  444.0
2024 156  6  4 2200  -33.8  958.1  444.0  444.0   75.0  444.0
2024 156  6  4 2300  -34.1  958.6  444.0  444.0   75.0  444.0
2024 157  6  5 0000  -33.6  959.6  444.0  444.0   75.0  444.0
2024 157  6  5 0100  -35.0  960.4  444.0  444.0   74.0  444.0
2024 157  6  5 0200  -34.7  961.1  444.0  444.0   75.0  444.0
2024 157  6  5 0300  -35.7  962.3    2.1  343.0   74.0  444.0
2024 157  6  5 0400  -35.8  963.2    2.1  344.0   74.0  444.0
2024 157  6  5 0500  -33.8  963.6    0.1  322.0   75.0  444.0
2024 157  6  5 0600  -31.6  964.7    0.0    0.0   77.0  444.0
2024 157  6  5 0700  -30.7  965.8    0.3  360.0   77.0  444.0
2024 157  6  5 0800  -30.2  966.3    2.1  186.0   77.1  444.0
2024 157  6  5 0900  -30.9  966.9    1.9  183.0   77.0  444.0
2024 157  6  5 1000  -30.5  967.6    6.3  151.0   77.1  444.0
2024 157  6  5 1100  -29.8  968.6    3.6  142.0   78.0  444.0
2024 157  6  5 1200  -29.3  969.2    3.9  149.0   78.0  444.0
2024 157  6  5 1300  -28.2  969.6    5.2  153.0   79.0  444.0
2024 157  6  5 1400  -27.9  970.1    4.8  154.0   79.0  444.0
2024 157  6  5 1500  -29.4  970.8    4.0  164.0   77.9  444.0
2024 157  6  5 1600  -30.3  971.6    4.6  169.0   77.0  444.0
2024 157  6  5 1700  -28.9  971.9    6.1  170.0   79.0  444.0
2024 157  6  5 1800  -26.0  972.4    7.0  166.0   80.8  444.0
2024 157  6  5 1900  -25.0  972.5    8.8  165.0   82.0  444.0
2024 157  6  5 2000  -24.4  972.4    9.8  173.0   82.7  444.0
2024 157  6  5 2100  -24.6  971.9    9.4  175.0   83.0  444.0
2024 157  6  5 2200  -25.4  971.9    8.9  162.0   82.0  444.0
2024 157  6  5 2300  -26.7  971.9    9.5  161.0   80.0  444.0
2024 158  6  6 0000  -26.4  971.3    9.8  157.0   81.0  444.0
2024 158  6  6 0100  -25.5  971.4    8.7  139.0   82.0  444.0
2024 158  6  6 0200  -24.8  971.2    8.4  160.0   82.0  444.0
2024 158  6  6 0300  -24.6  971.0    8.4  144.0   83.0  444.0
2024 158  6  6 0400  -24.7  970.8   10.1  156.0   83.0  444.0
2024 158  6  6 0500  -24.4  970.7    9.8  157.0   83.0  444.0
2024 158  6  6 0600  -24.5  970.9    9.6  160.0   82.6  444.0
2024 158  6  6 0700  -24.6  970.7    9.2  163.0   83.0  444.0
2024 158  6  6 0800  -25.1  970.2    9.2  174.0   82.0  444.0
2024 158  6  6 0900  -24.2  969.8    9.2  168.0   83.0  444.0
2024 158  6  6 1000  -24.6  969.6    8.6  183.0   83.0  444.0
2024 158  6  6 1100  -23.3  968.8    9.0  176.0   84.4  444.0
2024 158  6  6 1200  -22.6  968.2   10.2  169.0   85.0  444.0
2024 158  6  6 1300  -22.2  967.4    9.8  168.0   85.0  444.0
2024 158  6  6 1400  -22.6  966.9   10.8  155.0   85.0  444.0
2024 158  6  6 1500  -23.4  966.3    8.6  154.0   84.0  444.0
2024 158  6  6 1600  -23.3  965.7    9.6  155.0   84.2  444.0
2024 158  6  6 1700  -23.3  964.8    8.4  148.0   84.0  444.0
2024 158  6  6 1800  -23.4  963.9    9.0  145.0   84.0  444.0
2024 158  6  6 1900  -23.4  963.5    9.6  162.0   84.0  444.0
2024 158  6  6 2000  -23.1  963.0    8.9  157.0   84.0  444.0
2024 158  6  6 2100  -22.9  962.6    9.1  159.0   84.6  444.0
2024 158  6  6 2200  -22.9  962.1   10.7  168.0   85.0  444.0
2024 158  6  6 2300  -22.5  962.2    9.6  162.0   85.0  444.0
2024 159  6  7 0000  -22.5  961.7    9.1  168.0   85.0  444.0
2024 159  6  7 0100  -22.8  961.7    9.4  174.0   85.0  444.0
2024 159  6  7 0200  -22.9  961.4    7.8  173.0   85.0  444.0
2024 159  6  7 0300  -23.2  961.2    8.2  191.0   84.0  444.0
2024 159  6  7 0400  -23.6  961.0    8.1  205.0   83.0  444.0
2024 159  6  7 0500  -23.7  961.1    6.9  191.0   82.0  444.0
2024 159  6  7 0600  -24.5  960.7    4.6  193.0   80.0  444.0
2024 159  6  7 0700  -26.0  960.7    3.5  223.0   79.0  444.0
2024 159  6  7 0800  -26.5  960.4    4.1  227.0   78.0  444.0
2024 159  6  7 0900  -24.8  959.4    2.8  194.0   81.0  444.0
2024 159  6  7 1000  -27.5  959.6    3.7  214.0   78.0  444.0
2024 159  6  7 1100  -27.5  959.1    3.3  217.0   77.0  444.0
2024 159  6  7 1200  -28.1  958.9    3.8  213.0   76.0  444.0
2024 159  6  7 1300  -29.0  958.9    3.2  204.0   76.0  444.0
2024 159  6  7 1400  -29.4  959.2    2.7  222.0   74.0  444.0
2024 159  6  7 1500  -30.0  959.4    2.8  228.0   75.0  444.0
2024 159  6  7 1600  -29.7  959.7    1.7  206.0   75.0  444.0
2024 159  6  7 1700  -29.2  959.8    2.3  205.0   75.0  444.0
2024 159  6  7 1800  -28.1  960.2    2.7  197.0   77.0  444.0
2024 159  6  7 1900  -28.5  960.8    3.1  198.0   78.0  444.0
2024 159  6  7 2000  -29.4  961.3    3.2  192.0   78.0  444.0
2024 159  6  7 2100  -30.8  961.4    3.0  214.0   77.0  444.0
2024 159  6  7 2200  -31.7  961.9    2.4  230.0   76.5  444.0
2024 159  6  7 2300  -32.6  962.3    2.4  230.0   76.0  444.0
2024 160  6  8 0000  -33.2  962.6    1.8  214.0   75.0  444.0
2024 160  6  8 0100  -35.1  963.1    3.5  177.0   74.0  444.0
2024 160  6  8 0200  -33.2  963.3    2.1  161.0   75.2  444.0
2024 160  6  8 0300  -32.4  963.4    1.9  153.0   75.3  444.0
2024 160  6  8 0400  -30.7  963.5    1.5  153.0   77.0  444.0
2024 160  6  8 0500  -28.3  963.5    4.1  174.0   79.0  444.0
2024 160  6  8 0600  -25.1  963.7    6.3  189.0   82.0  444.0
2024 160  6  8 0700  -25.1  964.5    6.1  200.0   82.1  444.0
2024 160  6  8 0800  -25.6  964.3    5.4  209.0   82.0  444.0
2024 160  6  8 0900  -25.3  964.1    4.6  209.0   82.0  444.0
2024 160  6  8 1000  -26.0  963.8    4.5  203.0   82.0  444.0
2024 160  6  8 1100  -26.9  964.5    5.3  186.0   81.0  444.0
2024 160  6  8 1200  -26.9  965.1    5.9  178.0   80.0  444.0
2024 160  6  8 1300  -27.0  965.8    6.1  170.0   81.0  444.0
2024 160  6  8 1400  -24.1  965.7    6.2  192.0   84.0  444.0
2024 160  6  8 1500  -21.0  965.7    8.2  174.0   87.0  444.0
2024 160  6  8 1600  -20.2  965.7    8.7  172.0   88.0  444.0
2024 160  6  8 1700  -20.9  965.8    9.0  172.0   87.0  444.0
2024 160  6  8 1800  -21.1  965.6    9.0  168.0   87.0  444.0
2024 160  6  8 1900  -20.5  965.9   10.1  167.0   88.0  444.0
2024 160  6  8 2000  -20.5  966.5   10.3  184.0   88.0  444.0
2024 160  6  8 2100  -20.4  966.4    8.9  180.0   88.0  444.0
2024 160  6  8 2200  -20.2  965.6    9.1  185.0   88.0  444.0
2024 160  6  8 2300  -20.1  964.8    8.9  200.0   88.5  444.0
2024 161  6  9 0000  -19.3  963.9    8.6  194.0   89.0  444.0
2024 161  6  9 0100  -19.4  962.8   10.5  199.0   89.0  444.0
2024 161  6  9 0200  -19.3  961.7    7.8  178.0   89.0  444.0
2024 161  6  9 0300  -19.2  960.4   11.4  200.0   90.0  444.0
2024 161  6  9 0400  -19.4  958.9    7.7  202.0   89.0  444.0
2024 161  6  9 0500  -18.7  957.3    8.2  193.0   90.0  444.0
2024 161  6  9 0600  -18.5  955.5    8.9  197.0   90.0  444.0
2024 161  6  9 0700  -18.7  954.4    7.0  202.0   90.0  444.0
2024 161  6  9 0800  -17.4  952.1    8.5  199.0   92.0  444.0
2024 161  6  9 0900  -16.4  949.5   11.2  202.0   94.0  444.0
2024 161  6  9 1000  -15.6  947.2   10.2  204.0   96.0  444.0
2024 161  6  9 1100  -14.5  944.9    9.3  201.0   98.0  444.0
2024 161  6  9 1200  -12.8  942.5   15.0  198.0  100.0  444.0
2024 161  6  9 1300  -12.5  940.5   13.6  208.0  100.0  444.0
2024 161  6  9 1400  -11.0  938.0   14.6  211.0  100.0  444.0
2024 161  6  9 1500  -10.9  935.9   12.2  211.0  100.0  444.0
2024 161  6  9 1600  -10.1  934.2   11.7  202.0  100.0  444.0
2024 161  6  9 1700  -10.2  933.7   10.6  195.0  100.0  444.0
2024 161  6  9 1800  -16.4  935.2   11.3  169.0   94.0  444.0
2024 161  6  9 1900  -18.9  936.5    8.6  172.0   91.0  444.0
2024 161  6  9 2000  -20.5  938.6    9.0  190.0   90.0  444.0
2024 161  6  9 2100  -19.6  939.8   10.2  178.0   91.0  444.0
2024 161  6  9 2200  -19.2  941.2    8.6  174.0   91.0  444.0
2024 161  6  9 2300  -19.1  942.2    8.2  172.0   91.0  444.0
2024 162  6 10 0000  -19.3  943.7    9.3  184.0   91.0  444.0
2024 162  6 10 0100  -19.0  944.7   10.1  190.0   92.0  444.0
2024 162  6 10 0200  -19.1  945.8    9.3  196.0   91.0  444.0
2024 162  6 10 0300  -19.5  946.8    8.8  198.0   91.0  444.0
2024 162  6 10 0400  -20.1  947.0    8.1  205.0   90.0  444.0
2024 162  6 10 0500  -20.3  948.6    6.7  208.0   89.0  444.0
2024 162  6 10 0600  -20.8  949.4    9.4  240.0   89.0  444.0
2024 162  6 10 0700  -22.8  951.6    6.6  264.0   84.0  444.0
2024 162  6 10 0800  -23.6  953.2    7.2  287.0   84.0  444.0
2024 162  6 10 0900  -24.3  955.4    7.9  287.0   82.0  444.0
2024 162  6 10 1000  -25.5  956.8    7.4  297.0   82.0  444.0
2024 162  6 10 1100  -26.5  958.8    7.3  310.0   82.0  444.0
2024 162  6 10 1200  -27.9  960.8    4.8  339.0   81.0  444.0
2024 162  6 10 1300  -28.4  962.4    5.0  351.0   81.0  444.0
2024 162  6 10 1400  -29.6  964.2    5.1   17.0   80.0  444.0
2024 162  6 10 1500  -28.1  965.5    5.7  344.0   81.0  444.0
2024 162  6 10 1600  -28.3  966.7    5.7  342.0   81.0  444.0
2024 162  6 10 1700  -29.2  968.4    4.8  358.0   80.0  444.0
2024 162  6 10 1800  -30.1  969.6    4.6  352.0   79.0  444.0
2024 162  6 10 1900  -30.7  970.6    4.3  344.0   78.4  444.0
2024 162  6 10 2000  -31.4  971.9    3.6  359.0   78.0  444.0
2024 162  6 10 2100  -33.2  973.2    3.2   25.0   76.0  444.0
2024 162  6 10 2200  -33.3  974.2    3.9   12.0   76.0  444.0
2024 162  6 10 2300  -34.1  975.2    3.8   19.0   76.0  444.0
2024 163  6 11 0000  -35.0  976.0    2.4    3.0   74.8  444.0
2024 163  6 11 0100  -35.8  976.7    1.3    3.0   74.0  444.0
2024 163  6 11 0200  -35.0  976.9    0.0    0.0   75.1  444.0
2024 163  6 11 0300  -31.8  977.5    0.0    0.0   77.0  444.0
2024 163  6 11 0400  -30.8  978.3    3.7  179.0   78.0  444.0
2024 163  6 11 0500  -29.7  977.8    4.9  178.0   79.0  444.0
2024 163  6 11 0600  -28.5  977.4    6.5  175.0   81.0  444.0
2024 163  6 11 0700  -25.2  977.7    7.6  164.0   84.0  444.0
2024 163  6 11 0800  -22.3  978.1    8.6  153.0   87.0  444.0
2024 163  6 11 0900  -21.4  978.4    7.9  154.0   88.0  444.0
2024 163  6 11 1000  -20.3  978.5    8.5  139.0   90.0  444.0
2024 163  6 11 1100  -19.6  979.1    9.3  136.0   91.0  444.0
2024 163  6 11 1200  -18.9  979.9    8.7  130.0   91.6  444.0
2024 163  6 11 1300  -18.7  980.8    8.2  127.0   92.0  444.0
2024 163  6 11 1400  -18.7  981.5    7.8  136.0   92.0  444.0
2024 163  6 11 1500  -18.6  982.2    7.1  142.0   91.6  444.0
2024 163  6 11 1600  -19.9  983.1    7.4  150.0   90.0  444.0
2024 163  6 11 1700  -20.0  983.7    7.9  147.0   89.6  444.0
2024 163  6 11 1800  -20.6  984.4    8.9  153.0   89.0  444.0
2024 163  6 11 1900  -22.7  985.3    8.5  152.0   86.0  444.0
2024 163  6 11 2000  -23.8  986.3    6.5  146.0   84.0  444.0
2024 163  6 11 2100  -24.9  987.4    6.6  150.0   82.0  444.0
2024 163  6 11 2200  -26.1  988.7    4.8  155.0   80.5  444.0
2024 163  6 11 2300  -28.1  989.7    3.2  175.0   80.0  444.0
2024 164  6 12 0000  -29.9  990.6    2.6  199.0   79.0  444.0
2024 164  6 12 0100  -29.1  991.4    3.4  193.0   80.0  444.0
2024 164  6 12 0200  -27.9  992.5    3.4  218.0   81.0  444.0
2024 164  6 12 0300  -27.9  993.3    3.5  216.0   80.6  444.0
2024 164  6 12 0400  -28.4  993.7    2.2  220.0   81.0  444.0
2024 164  6 12 0500  -31.4  994.5    3.9  277.0   77.0  444.0
2024 164  6 12 0600  -32.1  994.8    2.8  274.0   77.0  444.0
2024 164  6 12 0700  -32.1  995.0    1.2  254.0   77.0  444.0
2024 164  6 12 0800  -32.5  995.7    2.5  311.0   76.0  444.0
2024 164  6 12 0900  -33.6  996.2    2.3  331.0   76.0  444.0
2024 164  6 12 1000  -32.9  996.4    2.9  334.0   76.4  444.0
2024 164  6 12 1100  -31.0  996.7    3.9  325.0   78.0  444.0
2024 164  6 12 1200  -31.5  997.4    3.8  326.0   77.0  444.0
2024 164  6 12 1300  -29.8  997.5    3.4  323.0   79.0  444.0
2024 164  6 12 1400  -31.2  997.6    2.2  330.0   77.0  444.0
2024 164  6 12 1500  -31.0  997.7    2.4  326.0   77.8  444.0
2024 164  6 12 1600  -32.2  997.9    1.2  360.0   77.0  444.0
2024 164  6 12 1700  -32.8  997.9    0.9   13.0   76.0  444.0
2024 164  6 12 1800  -32.6  998.3    1.9   24.0   76.0  444.0
2024 164  6 12 1900  -31.3  998.3    2.8    7.0   78.0  444.0
2024 164  6 12 2000  -30.7  998.3    1.7   10.0   78.0  444.0
2024 164  6 12 2100  -31.2  998.0    2.0   27.0   77.0  444.0
2024 164  6 12 2200  -30.1  998.0    2.5   39.0   78.0  444.0
2024 164  6 12 2300  -29.7  998.1    2.2   39.0   79.0  444.0
2024 165  6 13 0000  -29.1  998.1    2.0   15.0   79.0  444.0
2024 165  6 13 0100  -30.4  997.9    1.8   53.0   78.0  444.0
2024 165  6 13 0200  -30.0  997.6    1.7   54.0   79.0  444.0
2024 165  6 13 0300  -28.6  997.1    0.3   45.0   79.0  444.0
2024 165  6 13 0400  -28.1  996.7    0.9   50.0   80.0  444.0
2024 165  6 13 0500  -27.8  995.6    0.2   50.0   80.0  444.0
2024 165  6 13 0600  -27.5  995.3    0.0    0.0   80.0  444.0
2024 165  6 13 0700  -27.1  994.6    0.0    0.0   81.0  444.0
2024 165  6 13 0800  -26.9  993.4    0.9  171.0   80.8  444.0
2024 165  6 13 0900  -26.7  992.6    1.3  173.0   81.0  444.0
2024 165  6 13 1000  -26.2  991.2    1.5  169.0   81.0  444.0
2024 165  6 13 1100  -25.9  990.1    4.3  174.0   82.0  444.0
2024 165  6 13 1200  -25.8  989.2    6.7  167.0   82.0  444.0
2024 165  6 13 1300  -25.2  987.2    7.3  163.0   82.0  444.0
2024 165  6 13 1400  -23.8  985.3    7.7  162.0   84.0  444.0
2024 165  6 13 1500  -23.6  984.2    8.2  165.0   84.0  444.0
2024 165  6 13 1600  -23.9  983.2    8.6  169.0   84.0  444.0
2024 165  6 13 1700  -24.8  982.4    8.5  174.0   82.0  444.0
2024 165  6 13 1800  -26.3  980.7    8.8  174.0   80.0  444.0
2024 165  6 13 1900  -28.5  979.4    7.3  152.0   78.5  444.0
2024 165  6 13 2000  -30.9  978.2    5.5  127.0   77.0  444.0
2024 165  6 13 2100  -31.5  977.7    7.4  148.0   77.0  444.0
2024 165  6 13 2200  -31.7  977.8    8.2  149.0   77.0  444.0
2024 165  6 13 2300  -31.3  977.2    6.4  129.0   76.8  444.0
2024 166  6 14 0000  -30.4  976.7    5.1  138.0   78.0  444.0
2024 166  6 14 0100  -29.4  976.5    5.8  149.0   78.0  444.0
2024 166  6 14 0200  -29.8  976.4    5.5  152.0   78.0  444.0
2024 166  6 14 0300  -30.4  976.5    6.3  160.0   77.0  444.0
2024 166  6 14 0400  -30.9  975.9    5.5  164.0   77.0  444.0
2024 166  6 14 0500  -30.7  975.5    6.8  165.0   77.0  444.0
2024 166  6 14 0600  -30.6  975.2    6.2  163.0   77.0  444.0
2024 166  6 14 0700  -30.3  974.6    4.9  166.0   77.0  444.0
2024 166  6 14 0800  -30.0  974.1    6.0  169.0   77.0  444.0
2024 166  6 14 0900  -29.8  973.4    6.9  188.0   78.0  444.0
2024 166  6 14 1000  -29.6  972.6    5.8  173.0   78.0  444.0
2024 166  6 14 1100  -29.8  972.0    4.3  196.0   78.0  444.0
2024 166  6 14 1200  -29.5  971.6    4.1  187.0   78.0  444.0
2024 166  6 14 1300  -29.1  971.1    5.3  206.0   78.0  444.0
2024 166  6 14 1400  -27.8  970.4    5.0  188.0   79.0  444.0
2024 166  6 14 1500  -27.1  969.6    4.4  189.0   79.6  444.0
2024 166  6 14 1600  -26.6  969.1    3.0  208.0   80.0  444.0
2024 166  6 14 1700  -25.9  968.9    4.4  192.0   81.0  444.0
2024 166  6 14 1800  -25.7  968.6    7.1  178.0   81.0  444.0
2024 166  6 14 1900  -26.4  968.2    5.1  160.0   80.0  444.0
2024 166  6 14 2000  -27.8  968.2    7.2  197.0   79.0  444.0
2024 166  6 14 2100  -28.9  968.2    6.1  192.0   78.0  444.0
2024 166  6 14 2200  -29.5  968.4    4.4  181.0   78.0  444.0
2024 166  6 14 2300  -30.2  968.3    4.4  184.0   77.0  444.0
2024 167  6 15 0000  -30.0  968.1    6.2  184.0   78.0  444.0
2024 167  6 15 0100  -29.6  968.2    4.8  193.0   77.9  444.0
2024 167  6 15 0200  -29.8  968.4    4.5  188.0   78.0  444.0
2024 167  6 15 0300  -28.3  968.0    5.7  178.0   79.0  444.0
2024 167  6 15 0400  -27.8  967.4    5.7  180.0   79.0  444.0
2024 167  6 15 0500  -25.8  967.0    5.6  163.0   81.0  444.0
2024 167  6 15 0600  -24.4  966.4    6.5  142.0   82.0  444.0
2024 167  6 15 0700  -23.4  966.2    7.8  178.0   83.0  444.0
2024 167  6 15 0800  -22.5  966.0    7.7  168.0   85.0  444.0
2024 167  6 15 0900  -22.2  966.0    7.5  174.0   85.0  444.0
2024 167  6 15 1000  -21.9  966.3    8.3  166.0   85.0  444.0
2024 167  6 15 1100  -21.6  966.6    7.5  162.0   86.0  444.0
2024 167  6 15 1200  -21.5  966.7    8.0  177.0   86.0  444.0
2024 167  6 15 1300  -21.7  966.4    8.9  167.0   86.0  444.0
2024 167  6 15 1400  -21.3  966.1    9.1  159.0   86.0  444.0
2024 167  6 15 1500  -21.6  966.7    9.1  165.0   86.0  444.0
2024 167  6 15 1600  -22.6  967.1    9.8  176.0   85.0  444.0
2024 167  6 15 1700  -22.9  967.4    7.7  180.0   84.0  444.0
2024 167  6 15 1800  -23.4  967.7    8.1  188.0   83.0  444.0
2024 167  6 15 1900  -23.7  968.3    7.8  189.0   81.0  444.0
2024 167  6 15 2000  -25.5  968.7    6.6  199.0   79.0  444.0
2024 167  6 15 2100  -25.7  968.9    4.9  186.0   78.0  444.0
2024 167  6 15 2200  -26.7  969.0    6.3  230.0   79.0  444.0
2024 167  6 15 2300  -27.1  968.6    6.8  219.0   80.0  444.0
2024 168  6 16 0000  -26.4  967.9    2.9  199.0   80.0  444.0
2024 168  6 16 0100  -26.5  967.5    5.6  222.0   80.0  444.0
2024 168  6 16 0200  -26.4  967.6    5.3  214.0   79.2  444.0
2024 168  6 16 0300  -27.8  966.8    3.8  213.0   78.0  444.0
2024 168  6 16 0400  -27.0  965.7    2.1  209.0   79.3  444.0
2024 168  6 16 0500  -25.9  965.7    3.3  202.0   80.0  444.0
2024 168  6 16 0600  -25.9  965.5    5.3  192.0   80.9  444.0
2024 168  6 16 0700  -26.5  967.4    8.0  180.0   80.2  444.0
2024 168  6 16 0800  -26.3  966.4    5.1  200.0   80.0  444.0
2024 168  6 16 0900  -25.8  966.5    5.3  210.0   80.0  444.0
2024 168  6 16 1000  -26.3  966.4    4.5  220.0   81.0  444.0
2024 168  6 16 1100  -25.5  966.4    6.1  214.0   81.6  444.0
2024 168  6 16 1200  -24.4  965.9    6.2  200.0   82.0  444.0
2024 168  6 16 1300  -23.4  965.5    5.0  202.0   83.0  444.0
2024 168  6 16 1400  -22.1  964.1    5.1  204.0   85.0  444.0
2024 168  6 16 1500  -21.2  964.5   10.3  152.0   86.0  444.0
2024 168  6 16 1600  -25.1  966.1   10.1  141.0   82.0  444.0
2024 168  6 16 1700  -27.1  967.7    8.0  127.0   79.0  444.0
2024 168  6 16 1800  -28.3  969.6    9.8  156.0   79.0  444.0
2024 168  6 16 1900  -29.2  970.6    9.1  156.0   78.0  444.0
2024 168  6 16 2000  -29.1  971.6    8.6  144.0   79.0  444.0
2024 168  6 16 2100  -28.3  973.3   11.0  160.0   78.8  444.0
2024 168  6 16 2200  -28.1  974.9   11.0  154.0   79.0  444.0
2024 168  6 16 2300  -28.9  975.9    9.4  162.0   78.0  444.0
2024 169  6 17 0000  -31.4  977.4   10.3  159.0   76.0  444.0
2024 169  6 17 0100  -31.2  978.6    7.4  154.0   76.0  444.0
2024 169  6 17 0200  -29.7  979.2    7.4  159.0   78.0  444.0
2024 169  6 17 0300  -29.1  980.5    6.9  167.0   78.0  444.0
2024 169  6 17 0400  -29.1  981.7    8.1  166.0   78.0  444.0
2024 169  6 17 0500  -30.6  982.9    7.2  153.0   77.0  444.0
2024 169  6 17 0600  -32.0  983.7    6.0  165.0   76.0  444.0
2024 169  6 17 0700  -32.6  984.6    5.6  160.0   76.0  444.0
2024 169  6 17 0800  -33.8  985.2    5.5  172.0   75.0  444.0
2024 169  6 17 0900  -34.2  985.8    5.1  174.0   75.0  444.0
2024 169  6 17 1000  -35.1  986.1    4.7  159.0   74.0  444.0
2024 169  6 17 1100  -36.0  986.5    3.9  175.0   73.7  444.0
2024 169  6 17 1200  -36.4  986.5    3.0  193.0   74.0  444.0
2024 169  6 17 1300  -35.9  986.5    4.0  212.0   74.0  444.0
2024 169  6 17 1400  -35.7  986.5    3.7  213.0   74.0  444.0
2024 169  6 17 1500  -36.5  986.3    2.6  223.0   73.0  444.0
2024 169  6 17 1600  -37.0  986.2    0.2  223.0   73.2  444.0
2024 169  6 17 1700  -38.1  985.9    1.6  223.0   72.0  444.0
2024 169  6 17 1800  -38.1  985.5    1.9  226.0   72.0  444.0
2024 169  6 17 1900  -36.5  984.5    2.9  240.0   73.0  444.0
2024 169  6 17 2000  -36.6  984.3    2.0  238.0   73.0  444.0
2024 169  6 17 2100  -37.3  984.1    1.8  238.0   72.5  444.0
2024 169  6 17 2200  -38.2  983.5    2.9  216.0   72.0  444.0
2024 169  6 17 2300  -37.7  983.2    2.7  192.0   73.0  444.0
2024 170  6 18 0000  -38.5  983.9    2.8  177.0   72.0  444.0
2024 170  6 18 0100  -37.9  983.8    3.0  195.0   72.0  444.0
2024 170  6 18 0200  -38.5  984.0    2.7  221.0   72.0  444.0
2024 170  6 18 0300  -38.8  984.1    2.7  249.0   72.0  444.0
2024 170  6 18 0400  -37.4  984.5    2.8  221.0   72.0  444.0
2024 170  6 18 0500  -37.4  984.5    2.7  202.0   73.0  444.0
2024 170  6 18 0600  -36.2  984.1    0.7  175.0   73.0  444.0
2024 170  6 18 0700  -33.7  982.9    0.6   87.0   74.9  444.0
2024 170  6 18 0800  -33.6  982.8    1.4  218.0   75.0  444.0
2024 170  6 18 0900  -34.3  983.3    3.1  187.0   74.0  444.0
2024 170  6 18 1000  -34.8  983.4    3.2  215.0   74.0  444.0
2024 170  6 18 1100  -35.6  983.4    2.0  195.0   73.0  444.0
2024 170  6 18 1200  -36.1  983.6    2.7  196.0   73.0  444.0
2024 170  6 18 1300  -37.2  983.5    1.2  233.0   73.0  444.0
2024 170  6 18 1400  -36.8  983.2    0.7  130.0   73.0  444.0
2024 170  6 18 1500  -36.3  983.1    0.8  172.0   73.0  444.0
2024 170  6 18 1600  -36.7  983.7    2.5  193.0   73.0  444.0
2024 170  6 18 1700  -35.0  984.1    1.9  194.0   73.9  444.0
2024 170  6 18 1800  -33.2  983.6    2.4  208.0   75.0  444.0
2024 170  6 18 1900  -33.3  983.6    2.8  204.0   73.9  444.0
2024 170  6 18 2000  -32.9  983.0    3.0  237.0   74.0  444.0
2024 170  6 18 2100  -33.9  982.0    1.2  176.0   74.0  444.0
2024 170  6 18 2200  -34.6  981.8    1.2  148.0   74.2  444.0
2024 170  6 18 2300  -35.2  981.4    1.1  175.0   74.0  444.0
2024 171  6 19 0000  -34.0  981.2    1.9  184.0   74.0  444.0
2024 171  6 19 0100  -32.4  980.6    2.4  226.0   75.0  444.0
2024 171  6 19 0200  -30.9  980.5    3.2  216.0   77.0  444.0
2024 171  6 19 0300  -30.5  979.2    4.4  240.0   76.9  444.0
2024 171  6 19 0400  -29.2  977.9    4.3  228.0   78.0  444.0
2024 171  6 19 0500  -29.3  976.8    4.2  216.0   78.0  444.0
2024 171  6 19 0600  -27.1  976.2    5.1  204.0   80.0  444.0
2024 171  6 19 0700  -27.2  975.7    4.3  210.0   80.0  444.0
2024 171  6 19 0800  -27.5  975.0    4.9  223.0   80.0  444.0
2024 171  6 19 0900  -25.3  973.2    2.9  249.0   81.0  444.0
2024 171  6 19 1000  -24.3  972.5    4.4  225.0   83.0  444.0
2024 171  6 19 1100  -24.6  971.4    5.2  232.0   82.0  444.0
2024 171  6 19 1200  -25.4  970.2    2.1  131.0   81.0  444.0
2024 171  6 19 1300  -25.5  968.4    2.5  267.0   80.0  444.0
2024 171  6 19 1400  -25.0  967.0    6.0  252.0   82.0  444.0
2024 171  6 19 1500  -24.6  965.9    7.4  236.0   82.0  444.0
2024 171  6 19 1600  -24.1  964.3    6.1  246.0   83.0  444.0
2024 171  6 19 1700  -24.1  963.1    7.7  242.0   83.0  444.0
2024 171  6 19 1800  -23.7  961.4    9.8  249.0   83.0  444.0
2024 171  6 19 1900  -23.0  959.9    7.3  257.0   84.0  444.0
2024 171  6 19 2000  -22.7  958.3   10.4  254.0   84.0  444.0
2024 171  6 19 2100  -22.3  956.1   13.9  261.0   85.0  444.0
2024 171  6 19 2200  -22.0  954.7   15.1  271.0   85.0  444.0
2024 171  6 19 2300  -21.5  955.0   11.6  254.0   86.0  444.0
2024 172  6 20 0000  -20.9  954.2    7.4  247.0   87.0  444.0
2024 172  6 20 0100  -22.3  953.7    6.8  232.0   85.0  444.0
2024 172  6 20 0200  -24.8  953.6    7.8  195.0   82.0  444.0
2024 172  6 20 0300  -25.2  953.8    9.0  183.0   82.0  444.0
2024 172  6 20 0400  -25.2  953.8    9.8  169.0   82.0  444.0
2024 172  6 20 0500  -25.9  954.2    9.1  180.0   81.0  444.0
2024 172  6 20 0600  -26.4  954.0    9.7  177.0   81.0  444.0
2024 172  6 20 0700  -26.2  954.2    7.4  182.0   81.0  444.0
2024 172  6 20 0800  -26.1  954.1    7.5  186.0   81.0  444.0
2024 172  6 20 0900  -26.5  954.0    6.2  194.0   81.0  444.0
2024 172  6 20 1000  -26.0  954.0    6.3  214.0   81.9  444.0
2024 172  6 20 1100  -25.8  953.8    4.6  198.0   83.0  444.0
2024 172  6 20 1200  -29.4  953.7    4.2  235.0   78.0  444.0
2024 172  6 20 1300  -30.4  953.7    2.7  236.0   78.0  444.0
2024 172  6 20 1400  -31.4  953.4    0.5  236.0   77.0  444.0
2024 172  6 20 1500  -31.5  954.2    1.8  292.0   77.0  444.0
2024 172  6 20 1600  -31.6  954.4    1.3  292.0   77.0  444.0
2024 172  6 20 1700  -32.7  955.3    0.2  292.0   76.0  444.0
2024 172  6 20 1800  -29.6  956.1    0.1  307.0   78.5  444.0
2024 172  6 20 1900  -28.2  957.4    0.1  307.0   80.0  444.0
2024 172  6 20 2000  -29.0  959.1    4.7   84.0   79.0  444.0
2024 172  6 20 2100  -28.4  960.7    3.3   88.0   79.0  444.0
2024 172  6 20 2200  -27.9  962.6    4.3  113.0   80.0  444.0
2024 172  6 20 2300  -27.7  964.5    5.5  153.0   80.0  444.0
2024 173  6 21 0000  -26.7  966.7    5.6  144.0   81.0  444.0
2024 173  6 21 0100  -26.5  968.3    6.7  165.0   81.1  444.0
2024 173  6 21 0200  -27.4  970.0    7.1  158.0   79.9  444.0
2024 173  6 21 0300  -28.4  971.6    7.8  164.0   79.0  444.0
2024 173  6 21 0400  -30.7  973.0    7.4  167.0   77.0  444.0
2024 173  6 21 0500  -32.3  974.7    7.0  160.0   76.0  444.0
2024 173  6 21 0600  -33.1  976.0    5.4  164.0   76.0  444.0
2024 173  6 21 0700  -35.0  976.6    5.0  167.0   74.0  444.0
2024 173  6 21 0800  -35.7  977.6    3.7  192.0   74.0  444.0
2024 173  6 21 0900  -36.6  978.2    4.0  195.0   73.0  444.0
2024 173  6 21 1000  -37.2  978.3    3.8  184.0   73.0  444.0
2024 173  6 21 1100  -38.7  978.8    3.2  200.0   72.0  444.0
2024 173  6 21 1200  -39.7  979.2    2.2  214.0   71.0  444.0
2024 173  6 21 1300  -40.3  978.5    2.8  213.0   70.6  444.0
2024 173  6 21 1400  -40.2  978.7    3.7  184.0   71.0  444.0
2024 173  6 21 1500  -41.1  978.8  444.0  444.0   70.0  444.0
2024 173  6 21 1600  -41.3  978.7  444.0  444.0   70.0  444.0
2024 173  6 21 1700  -41.8  978.3  444.0  444.0   69.0  444.0
2024 173  6 21 1800  -42.3  978.1  444.0  444.0   69.2  444.0
2024 173  6 21 1900  -42.8  978.1  444.0  444.0   71.0  444.0
2024 173  6 21 2000  -42.0  977.9  444.0  444.0   69.0  444.0
2024 173  6 21 2100  -42.1  977.8  444.0  444.0   69.0  444.0
2024 173  6 21 2200  -42.5  977.5  444.0  444.0   69.0  444.0
2024 173  6 21 2300  -43.3  977.4  444.0  444.0   68.6  444.0
2024 174  6 22 0000  -43.6  976.7  444.0  444.0   68.0  444.0
2024 174  6 22 0100  -43.7  976.8  444.0  444.0   68.0  444.0
2024 174  6 22 0200  -43.5  976.6  444.0  444.0   68.0  444.0
2024 174  6 22 0300  -43.6  976.6  444.0  444.0   68.0  444.0
2024 174  6 22 0400  -42.4  976.7  444.0  444.0   69.0  444.0
2024 174  6 22 0500  -42.4  976.9  444.0  444.0   69.0  444.0
2024 174  6 22 0600  -42.3  977.0  444.0  444.0   69.0  444.0
2024 174  6 22 0700  -42.3  977.0  444.0  444.0   69.0  444.0
2024 174  6 22 0800  -42.5  976.7  444.0  444.0   69.0  444.0
2024 174  6 22 0900  -42.8  977.4  444.0  444.0   69.0  444.0
2024 174  6 22 1000  -42.9  977.9  444.0  444.0   69.0  444.0
2024 174  6 22 1100  -43.1  978.4  444.0  444.0   69.0  444.0
2024 174  6 22 1200  -42.0  978.4  444.0  444.0   69.0  444.0
2024 174  6 22 1300  -41.1  978.9    2.0  271.0   70.0  444.0
2024 174  6 22 1400  -39.1  979.4    3.5  254.0   71.0  444.0
2024 174  6 22 1500  -39.8  979.8    2.6  271.0   71.0  444.0
2024 174  6 22 1600  -40.1  980.0    2.2  269.0   71.0  444.0
2024 174  6 22 1700  -41.5  980.3    0.2  272.0   70.0  444.0
2024 174  6 22 1800  -39.8  980.3    2.8  253.0   71.0  444.0
2024 174  6 22 1900  -42.1  980.7    2.3  256.0   69.0  444.0
2024 174  6 22 2000  -42.5  980.9    2.4  270.0   68.9  444.0
2024 174  6 22 2100  -40.7  981.3    2.7  253.0   70.0  444.0
2024 174  6 22 2200  -41.3  981.6    2.5  253.0   70.0  444.0
2024 174  6 22 2300  -42.2  981.5    1.7  256.0   69.0  444.0
2024 175  6 23 0000  -43.6  981.4    1.0  236.0   68.0  444.0
2024 175  6 23 0100  -42.9  981.3    2.1  268.0   68.6  444.0
2024 175  6 23 0200  -43.9  980.8    2.3  278.0   68.0  444.0
2024 175  6 23 0300  -42.8  980.6    2.0  266.0   69.0  444.0
2024 175  6 23 0400  -42.4  980.3    2.4  284.0   69.0  444.0
2024 175  6 23 0500  -41.2  980.2    2.0  266.0   70.0  444.0
2024 175  6 23 0600  -41.9  979.5    1.4  280.0   69.0  444.0
2024 175  6 23 0700  -40.4  978.9    1.5  283.0   70.0  444.0
2024 175  6 23 0800  -41.1  978.6    1.2  283.0   70.0  444.0
2024 175  6 23 0900  -40.3  978.1    2.2  281.0   70.2  444.0
2024 175  6 23 1000  -40.7  977.8    2.1  293.0   70.0  444.0
2024 175  6 23 1100  -41.7  977.3    1.7  297.0   69.0  444.0
2024 175  6 23 1200  -41.9  976.8  444.0  444.0   69.0  444.0
2024 175  6 23 1300  -41.5  976.6  444.0  444.0   69.0  444.0
2024 175  6 23 1400  -42.2  976.1  444.0  444.0   69.0  444.0
2024 175  6 23 1500  -43.6  975.8  444.0  444.0   68.0  444.0
2024 175  6 23 1600  -43.5  975.6  444.0  444.0   68.0  444.0
2024 175  6 23 1700  -43.5  975.3  444.0  444.0   68.1  444.0
2024 175  6 23 1800  -43.8  975.1  444.0  444.0   68.0  444.0
2024 175  6 23 1900  -43.6  975.3  444.0  444.0   68.0  444.0
2024 175  6 23 2000  -41.9  974.9  444.0  444.0   69.0  444.0
2024 175  6 23 2100  -40.8  974.7  444.0  444.0   70.0  444.0
2024 175  6 23 2200  -41.8  974.4  444.0  444.0   69.1  444.0
2024 175  6 23 2300  -41.4  974.3  444.0  444.0   69.3  444.0
2024 176  6 24 0000  -42.8  974.2  444.0  444.0   68.0  444.0
2024 176  6 24 0100  -43.9  973.7  444.0  444.0   68.0  444.0
2024 176  6 24 0200  -43.4  973.3  444.0  444.0   68.0  444.0
2024 176  6 24 0300  -43.8  972.8  444.0  444.0   68.0  444.0
2024 176  6 24 0400  -43.5  972.1    2.0  300.0   68.0  444.0
2024 176  6 24 0500  -43.5  971.5    2.0  288.0   68.0  444.0
2024 176  6 24 0600  -42.4  971.2    2.1  264.0   69.0  444.0
2024 176  6 24 0700  -42.0  970.7    1.8  263.0   69.0  444.0
2024 176  6 24 0800  -40.2  970.3    2.3  266.0   70.0  444.0
2024 176  6 24 0900  -39.7  969.7    2.4  265.0   70.0  444.0
2024 176  6 24 1000  -38.2  969.2    2.3  260.0   71.4  444.0
2024 176  6 24 1100  -37.6  968.6    1.8  263.0   72.0  444.0
2024 176  6 24 1200  -36.1  968.0    1.6  266.0   73.0  444.0
2024 176  6 24 1300  -35.9  966.4    3.2  300.0   73.0  444.0
2024 176  6 24 1400  -34.2  965.5    1.9  263.0   74.0  444.0
2024 176  6 24 1500  -34.0  964.7    1.8  270.0   74.1  444.0
2024 176  6 24 1600  -35.7  963.7    7.1  272.0   73.0  444.0
2024 176  6 24 1700  -36.6  962.7    3.0  248.0   73.0  444.0
2024 176  6 24 1800  -34.5  962.0    4.1  223.0   74.0  444.0
2024 176  6 24 1900  -37.1  961.7    2.6  234.0   72.0  444.0
2024 176  6 24 2000  -38.3  961.1    1.8  218.0   71.0  444.0
2024 176  6 24 2100  -40.2  961.0    2.2  190.0   70.0  444.0
2024 176  6 24 2200  -38.3  961.2    2.3  187.0   72.0  444.0
2024 176  6 24 2300  -37.5  961.5    2.7  188.0   72.0  444.0
2024 177  6 25 0000  -36.7  961.7    3.2  178.0   72.0  444.0
2024 177  6 25 0100  -35.9  961.7    3.3  187.0   73.0  444.0
2024 177  6 25 0200  -36.1  961.9    3.0  185.0   73.0  444.0
2024 177  6 25 0300  -37.7  962.4    2.8  210.0   71.7  444.0
2024 177  6 25 0400  -37.4  961.8    1.5  206.0   72.0  444.0
2024 177  6 25 0500  -32.8  961.4    3.0  234.0   76.0  444.0
2024 177  6 25 0600  -29.3  961.5    4.8  200.0   78.0  444.0
2024 177  6 25 0700  -32.3  962.6    8.6  167.0   75.0  444.0
2024 177  6 25 0800  -35.4  964.1    5.9  161.0   73.2  444.0
2024 177  6 25 0900  -38.1  965.5    5.4  166.0   71.0  444.0
2024 177  6 25 1000  -39.1  966.9    5.3  166.0   71.0  444.0
2024 177  6 25 1100  -41.3  968.4    4.4  159.0   69.0  444.0
2024 177  6 25 1200  -43.2  969.4    2.8  187.0   68.0  444.0
2024 177  6 25 1300  -43.9  970.4    3.4  210.0   68.0  444.0
2024 177  6 25 1400  -43.5  971.5    2.3  214.0   68.1  444.0
2024 177  6 25 1500  -43.1  971.4    1.1  218.0   68.0  444.0
2024 177  6 25 1600  -39.2  971.6    1.9  251.0   71.0  444.0
2024 177  6 25 1700  -38.2  971.7    0.0    0.0   72.0  444.0
2024 177  6 25 1800  -36.8  971.7    1.2  289.0   72.0  444.0
2024 177  6 25 1900  -34.4  971.6    1.9  315.0   74.0  444.0
2024 177  6 25 2000  -32.6  972.0    0.5  314.0   75.0  444.0
2024 177  6 25 2100  -39.6  972.4    0.3  315.0   70.2  444.0
2024 177  6 25 2200  -39.9  973.4    0.9  315.0   70.0  444.0
2024 177  6 25 2300  -39.2  973.9    1.3  315.0   71.0  444.0
2024 178  6 26 0000  -37.8  973.7    0.1  328.0   71.6  444.0
2024 178  6 26 0100  -30.9  974.2    1.3  223.0   78.0  444.0
2024 178  6 26 0200  -25.3  974.9    5.9  220.0   81.5  444.0
2024 178  6 26 0300  -25.0  975.4    5.8  213.0   82.0  444.0
2024 178  6 26 0400  -25.2  975.8    5.4  210.0   82.0  444.0
2024 178  6 26 0500  -25.8  976.5    5.5  193.0   81.0  444.0
2024 178  6 26 0600  -27.2  977.4    5.6  206.0   80.0  444.0
2024 178  6 26 0700  -28.0  978.5    4.9  216.0   79.0  444.0
2024 178  6 26 0800  -28.8  979.0    4.6  197.0   78.0  444.0
2024 178  6 26 0900  -36.3  980.0    3.3  174.0   73.0  444.0
2024 178  6 26 1000  -38.8  981.2    2.8  167.0   71.0  444.0
2024 178  6 26 1100  -42.5  982.1    2.4  164.0   69.0  444.0
2024 178  6 26 1200  -43.7  982.6    2.8  226.0   68.2  444.0
2024 178  6 26 1300  -43.2  983.2    2.6  204.0   69.0  444.0
2024 178  6 26 1400  -41.7  983.3    3.5  182.0   70.0  444.0
2024 178  6 26 1500  -41.5  983.5    3.5  180.0   69.0  444.0
2024 178  6 26 1600  -42.0  983.3    2.6  199.0   69.0  444.0
2024 178  6 26 1700  -43.3  982.7    2.6  202.0   68.3  444.0
2024 178  6 26 1800  -43.4  982.4    3.5  256.0   68.0  444.0
2024 178  6 26 1900  -43.6  981.8    2.9  236.0   68.2  444.0
2024 178  6 26 2000  -44.2  981.1    2.6  246.0   68.0  444.0
2024 178  6 26 2100  -44.4  980.0    1.8  225.0   68.0  444.0
2024 178  6 26 2200  -45.0  978.7    2.2  290.0   67.1  444.0
2024 178  6 26 2300  -42.8  977.3    3.5  271.0   69.0  444.0
2024 179  6 27 0000  -38.7  975.8    3.3  255.0   71.0  444.0
2024 179  6 27 0100  -38.6  974.3    3.7  258.0   71.0  444.0
2024 179  6 27 0200  -38.8  972.5    4.8  272.0   71.0  444.0
2024 179  6 27 0300  -36.5  970.6    3.2  239.0   72.8  444.0
2024 179  6 27 0400  -35.1  968.8    4.5  253.0   74.0  444.0
2024 179  6 27 0500  -33.8  967.4    4.0  244.0   75.0  444.0
2024 179  6 27 0600  -33.2  966.0    2.4  244.0   75.0  444.0
2024 179  6 27 0700  -33.7  964.8    3.3  244.0   75.0  444.0
2024 179  6 27 0800  -33.1  963.5    5.3  253.0   75.0  444.0
2024 179  6 27 0900  -31.5  961.9    5.2  248.0   77.0  444.0
2024 179  6 27 1000  -30.3  960.8    4.0  236.0   77.4  444.0
2024 179  6 27 1100  -29.8  959.1    6.6  255.0   78.0  444.0
2024 179  6 27 1200  -28.8  958.8    5.0  214.0   78.0  444.0
2024 179  6 27 1300  -27.7  957.8    5.3  212.0   79.0  444.0
2024 179  6 27 1400  -27.8  956.2    2.6  216.0   79.0  444.0
2024 179  6 27 1500  -27.1  956.4    4.4  210.0   79.2  444.0
2024 179  6 27 1600  -27.0  955.3    6.7  225.0   79.0  444.0
2024 179  6 27 1700  -26.5  954.2    5.5  222.0   80.0  444.0
2024 179  6 27 1800  -24.0  953.4    6.2  228.0   84.0  444.0
2024 179  6 27 1900  -20.1  953.6    7.1  202.0   88.0  444.0
2024 179  6 27 2000  -20.0  952.9   10.3  188.0   87.4  444.0
2024 179  6 27 2100  -21.7  952.8   10.5  172.0   85.0  444.0
2024 179  6 27 2200  -29.0  954.3   10.7  162.0   77.0  444.0
2024 179  6 27 2300  -33.3  957.3   11.6  161.0   75.0  444.0
2024 180  6 28 0000  -35.1  959.3    8.8  148.0   74.0  444.0
2024 180  6 28 0100  -35.2  960.6    4.5  126.0   74.0  444.0
2024 180  6 28 0200  -34.9  961.8    6.0  161.0   74.0  444.0
2024 180  6 28 0300  -33.9  961.7    5.3  167.0   75.0  444.0
2024 180  6 28 0400  -32.8  962.2    6.4  164.0   76.0  444.0
2024 180  6 28 0500  -31.9  962.7    6.6  157.0   76.1  444.0
2024 180  6 28 0600  -31.9  963.2    7.4  152.0   76.0  444.0
2024 180  6 28 0700  -32.5  964.3    9.7  162.0   75.0  444.0
2024 180  6 28 0800  -34.5  965.6    6.6  142.0   74.0  444.0
2024 180  6 28 0900  -35.5  966.9    6.0  111.0   73.0  444.0
2024 180  6 28 1000  -35.7  968.8    6.5  117.0   73.0  444.0
2024 180  6 28 1100  -35.2  970.7    9.1  156.0   74.0  444.0
2024 180  6 28 1200  -34.6  972.8    7.4  135.0   74.0  444.0
2024 180  6 28 1300  -35.9  974.4    5.7  130.0   73.0  444.0
2024 180  6 28 1400  -36.4  976.2    7.6  153.0   73.0  444.0
2024 180  6 28 1500  -37.1  978.1    5.2  148.0   72.0  444.0
2024 180  6 28 1600  -37.0  979.8    5.4  194.0   72.2  444.0
2024 180  6 28 1700  -37.9  980.7    4.3  204.0   72.0  444.0
2024 180  6 28 1800  -39.2  981.1    3.9  211.0   71.0  444.0
2024 180  6 28 1900  -39.6  981.4    4.9  228.0   71.0  444.0
2024 180  6 28 2000  -39.4  982.1    4.0  220.0   71.0  444.0
2024 180  6 28 2100  -40.0  982.2    2.9  216.0   71.0  444.0
2024 180  6 28 2200  -41.1  982.1    0.8  216.0   70.0  444.0
2024 180  6 28 2300  -41.2  982.6    2.8  271.0   70.0  444.0
2024 181  6 29 0000  -41.4  982.2    2.0  271.0   70.0  444.0
2024 181  6 29 0100  -41.0  981.8    2.3  271.0   70.0  444.0
2024 181  6 29 0200  -40.2  981.6    2.2  279.0   71.0  444.0
2024 181  6 29 0300  -38.1  981.6    1.4  300.0   71.6  444.0
2024 181  6 29 0400  -37.7  981.4    1.6  300.0   72.0  444.0
2024 181  6 29 0500  -38.8  981.7    1.8  300.0   71.0  444.0
2024 181  6 29 0600  -38.2  982.0    1.3  300.0   72.0  444.0
2024 181  6 29 0700  -38.2  982.1    5.0  300.0   72.0  444.0
2024 181  6 29 0800  -38.5  982.5    2.2  300.0   71.5  444.0
2024 181  6 29 0900  -35.9  983.6    1.4  300.0   73.0  444.0
2024 181  6 29 1000  -33.0  983.8    3.3  223.0   75.0  444.0
2024 181  6 29 1100  -34.7  984.5    3.6  200.0   74.0  444.0
2024 181  6 29 1200  -34.8  985.1    3.0  193.0   74.0  444.0
2024 181  6 29 1300  -33.9  986.0    1.5  220.0   75.0  444.0
2024 181  6 29 1400  -31.6  986.6    3.3  208.0   76.0  444.0
2024 181  6 29 1500  -31.4  987.0    3.5  197.0   76.0  444.0
2024 181  6 29 1600  -31.3  987.9    3.4  181.0   76.4  444.0
2024 181  6 29 1700  -33.8  988.4    2.8  214.0   75.0  444.0
2024 181  6 29 1800  -34.7  989.2    3.2  186.0   74.2  444.0
2024 181  6 29 1900  -34.8  990.1    2.9  222.0   74.0  444.0
2024 181  6 29 2000  -34.5  990.1    3.2  228.0   74.0  444.0
2024 181  6 29 2100  -32.2  990.4    4.2  218.0   76.0  444.0
2024 181  6 29 2200  -29.3  990.6    4.5  212.0   78.0  444.0
2024 181  6 29 2300  -27.3  990.9    3.5  196.0   80.0  444.0
2024 182  6 30 0000  -27.1  991.2    4.3  226.0   80.0  444.0
2024 182  6 30 0100  -25.8  991.4    4.8  226.0   82.0  444.0
2024 182  6 30 0200  -25.0  991.4    4.5  216.0   82.4  444.0
2024 182  6 30 0300  -23.9  991.5    4.3  210.0   84.0  444.0
2024 182  6 30 0400  -23.9  992.1    3.3  219.0   84.0  444.0
2024 182  6 30 0500  -24.0  992.6    4.0  249.0   84.0  444.0
2024 182  6 30 0600  -22.7  992.6    4.8  224.0   85.0  444.0
2024 182  6 30 0700  -22.6  993.1    4.5  226.0   82.0  444.0
2024 182  6 30 0800  -22.6  993.5    3.7  220.0   77.0  444.0
2024 182  6 30 0900  -24.7  993.4    3.3  238.0   78.0  444.0
2024 182  6 30 1000  -23.8  993.8    3.9  222.0   75.0  444.0
2024 182  6 30 1100  -23.3  994.0    3.6  213.0   76.0  444.0
2024 182  6 30 1200  -22.7  994.3    4.4  205.0   74.0  444.0
2024 182  6 30 1300  -24.5  994.4    4.7  215.0   76.0  444.0
2024 182  6 30 1400  -26.7  994.4    4.2  222.0   77.0  444.0
2024 182  6 30 1500  -28.4  994.3    4.7  235.0   79.0  444.0
2024 182  6 30 1600  -29.1  994.1    4.0  217.0   79.0  444.0
2024 182  6 30 1700  -29.0  994.0    3.9  221.0   78.7  444.0
2024 182  6 30 1800  -29.1  993.7    3.9  205.0   78.0  444.0
2024 182  6 30 1900  -30.0  993.4    3.9  191.0   77.0  444.0
2024 182  6 30 2000  -31.4  993.1    3.7  201.0   77.0  444.0
2024 182  6 30 2100  -31.9  993.0    3.6  224.0   76.6  444.0
2024 182  6 30 2200  -31.5  993.1    3.2  214.0   76.0  444.0
2024 182  6 30 2300  -32.7  992.7    3.7  207.0   76.0  444.0
