Year: 2018  Month: 06  ID: SWT  ARGOS:  8913  Name: Schwerdtfeger       
Lat: 79.87S  Lon: 170.15E  Elev:   54m
2018 152  6  1 0000  -36.4  994.6    3.2  228.0   72.0  444.0
2018 152  6  1 0100  -36.8  994.8    3.3  232.0   71.5  444.0
2018 152  6  1 0200  -36.9  994.9    2.4  240.0   71.0  444.0
2018 152  6  1 0300  -37.8  995.1    2.7  233.0   70.5  444.0
2018 152  6  1 0400  -37.6  995.3    3.2  229.0   71.0  444.0
2018 152  6  1 0500  -38.9  995.4    3.1  226.0   70.0  444.0
2018 152  6  1 0600  -39.0  995.7    2.8  224.0   70.0  444.0
2018 152  6  1 0700  -38.9  995.9    2.9  218.0   70.0  444.0
2018 152  6  1 0800  -39.0  996.0    2.8  231.0   69.5  444.0
2018 152  6  1 0900  -38.1  996.2    3.5  234.0   71.0  444.0
2018 152  6  1 1000  -37.9  996.3    3.5  236.0   71.0  444.0
2018 152  6  1 1100  -37.2  996.2    3.5  230.0   71.0  444.0
2018 152  6  1 1200  -34.9  996.1    4.1  223.0   73.0  444.0
2018 152  6  1 1300  -34.4  995.9    4.1  223.0   73.2  444.0
2018 152  6  1 1400  -35.2  995.6    3.6  230.0   72.0  444.0
2018 152  6  1 1500  -36.9  995.7    3.0  230.0   71.0  444.0
2018 152  6  1 1600  -37.1  995.6    3.1  235.0   71.0  444.0
2018 152  6  1 1700  -36.6  994.5    3.7  256.0   71.0  444.0
2018 152  6  1 1800  -36.0  995.0    3.3  227.0   71.9  444.0
2018 152  6  1 1900  -35.1  994.4    3.7  232.0   73.0  444.0
2018 152  6  1 2000  -31.0  993.8    4.5  228.0   76.0  444.0
2018 152  6  1 2100  -29.5  993.5    4.6  223.0   76.0  444.0
2018 152  6  1 2200  -28.0  993.4    3.9  218.0   77.0  444.0
2018 152  6  1 2300  -30.8  993.0    3.3  230.0   74.7  444.0
2018 153  6  2 0000  -31.7  992.9    2.7  240.0   74.0  444.0
2018 153  6  2 0100  -32.6  992.2    3.7  233.0   74.0  444.0
2018 153  6  2 0200  -32.9  991.9    3.3  226.0   74.0  444.0
2018 153  6  2 0300  -33.6  991.3    3.9  230.0   74.0  444.0
2018 153  6  2 0400  -33.8  991.2    3.7  233.0   73.0  444.0
2018 153  6  2 0500  -33.3  991.1    3.9  232.0   74.0  444.0
2018 153  6  2 0600  -33.4  990.0    3.7  239.0   73.5  444.0
2018 153  6  2 0700  -32.9  989.4    3.3  241.0   74.0  444.0
2018 153  6  2 0800  -32.7  988.9    3.6  250.0   74.0  444.0
2018 153  6  2 0900  -32.4  988.2    3.2  259.0   74.0  444.0
2018 153  6  2 1000  -29.7  987.6    3.8  250.0   76.0  444.0
2018 153  6  2 1100  -29.2  987.1    3.6  236.0   76.3  444.0
2018 153  6  2 1200  -30.0  986.9    3.4  226.0   75.0  444.0
2018 153  6  2 1300  -28.1  986.1    3.4  203.0   76.0  444.0
2018 153  6  2 1400  -26.9  985.3    3.8  232.0   78.0  444.0
2018 153  6  2 1500  -26.4  984.4    3.7  254.0   78.0  444.0
2018 153  6  2 1600  -26.3  983.7    3.8  262.0   78.6  444.0
2018 153  6  2 1700  -26.8  983.6    2.6  246.0   78.0  444.0
2018 153  6  2 1800  -27.4  983.2    3.4  244.0   77.0  444.0
2018 153  6  2 1900  -30.1  982.4    3.0  234.0   75.4  444.0
2018 153  6  2 2000  -32.0  981.0    3.0  235.0   74.0  444.0
2018 153  6  2 2100  -34.1  979.9    2.9  243.0   73.0  444.0
2018 153  6  2 2200  -35.5  978.6    3.3  261.0   72.0  444.0
2018 153  6  2 2300  -34.9  976.7    3.1  267.0   73.0  444.0
2018 154  6  3 0000  -35.6  975.3    2.8  270.0   71.9  444.0
2018 154  6  3 0100  -33.3  972.7    3.0  254.0   75.0  444.0
2018 154  6  3 0200  -33.7  970.1    2.7  287.0   73.0  444.0
2018 154  6  3 0300  -33.2  967.5    2.4  293.0   74.0  444.0
2018 154  6  3 0400  -31.8  964.9    3.4  301.0   74.7  444.0
2018 154  6  3 0500  -30.8  962.3    3.3  306.0   75.0  444.0
2018 154  6  3 0600  -27.0  959.5    2.5  306.0   78.0  444.0
2018 154  6  3 0700  -26.1  958.3    2.9  273.0   79.0  444.0
2018 154  6  3 0800  -27.3  956.3    5.0  265.0   78.0  444.0
2018 154  6  3 0900  -28.9  955.4    3.8  256.0   77.0  444.0
2018 154  6  3 1000  -31.0  955.2    3.4  237.0   75.0  444.0
2018 154  6  3 1100  -33.0  955.0    2.7  254.0   74.0  444.0
2018 154  6  3 1200  -35.3  955.8    3.4  221.0   72.2  444.0
2018 154  6  3 1300  -35.0  956.5    4.1  197.0   73.0  444.0
2018 154  6  3 1400  -37.7  957.1    4.9  167.0   71.0  444.0
2018 154  6  3 1500  -37.3  959.2    3.9  174.0   71.0  444.0
2018 154  6  3 1600  -37.9  961.2    3.9  174.0   71.0  444.0
2018 154  6  3 1700  -36.9  962.2    3.4  184.0   71.3  444.0
2018 154  6  3 1800  -35.1  963.8    5.2  188.0   72.8  444.0
2018 154  6  3 1900  -32.1  965.4    5.0  176.0   75.0  444.0
2018 154  6  3 2000  -32.6  967.1    6.1  172.0   74.0  444.0
2018 154  6  3 2100  -34.8  969.5    6.0  173.0   73.0  444.0
2018 154  6  3 2200  -36.5  971.3    5.7  179.0   71.7  444.0
2018 154  6  3 2300  -37.5  972.8    5.0  178.0   71.1  444.0
2018 155  6  4 0000  -38.6  974.3    4.6  179.0   70.0  444.0
2018 155  6  4 0100  -38.8  976.0    4.7  189.0   70.0  444.0
2018 155  6  4 0200  -39.1  977.4    4.8  196.0   70.0  444.0
2018 155  6  4 0300  -40.0  978.8    4.7  205.0   69.0  444.0
2018 155  6  4 0400  -39.5  980.0    3.9  206.0   70.0  444.0
2018 155  6  4 0500  -40.7  980.8    3.7  206.0   68.7  444.0
2018 155  6  4 0600  -40.8  981.4    4.6  207.0   69.0  444.0
2018 155  6  4 0700  -41.0  981.7    4.2  213.0   68.0  444.0
2018 155  6  4 0800  -41.6  982.4    2.8  229.0   68.0  444.0
2018 155  6  4 0900  -41.0  982.6    3.5  227.0   69.0  444.0
2018 155  6  4 1000  -41.0  983.5    3.8  216.0   68.7  444.0
2018 155  6  4 1100  -42.0  983.7    4.3  201.0   68.0  444.0
2018 155  6  4 1200  -43.0  984.5    4.8  210.0   67.0  444.0
2018 155  6  4 1300  -43.0  985.5    4.8  214.0   67.0  444.0
2018 155  6  4 1400  -43.2  986.0    4.2  217.0   67.0  444.0
2018 155  6  4 1500  -42.7  986.6    5.0  210.0   67.4  444.0
2018 155  6  4 1600  -43.3  987.3    4.6  203.0   67.0  444.0
2018 155  6  4 1700  -44.0  987.4    4.4  218.0   66.0  444.0
2018 155  6  4 1800  -44.0  987.6    4.0  208.0   66.0  444.0
2018 155  6  4 1900  -44.4  987.5    4.8  200.0   66.0  444.0
2018 155  6  4 2000  -43.9  988.0    4.0  213.0   66.7  444.0
2018 155  6  4 2100  -43.6  987.9    4.2  217.0   67.0  444.0
2018 155  6  4 2200  -43.8  988.1    4.2  224.0   66.6  444.0
2018 155  6  4 2300  -44.0  987.9    4.8  222.0   66.0  444.0
2018 156  6  5 0000  -43.7  987.4    3.4  201.0   67.0  444.0
2018 156  6  5 0100  -44.0  987.0    3.9  210.0   66.5  444.0
2018 156  6  5 0200  -44.5  986.9    3.5  212.0   66.1  444.0
2018 156  6  5 0300  -45.3  986.4    3.4  208.0   65.5  444.0
2018 156  6  5 0400  -45.2  986.3    2.4  194.0   66.0  444.0
2018 156  6  5 0500  -45.6  985.5    1.7  228.0   65.0  444.0
2018 156  6  5 0600  -45.8  985.2    2.2  251.0   65.0  444.0
2018 156  6  5 0700  -46.3  984.6    3.3  222.0   65.0  444.0
2018 156  6  5 0800  -44.8  983.8    2.9  206.0   65.9  444.0
2018 156  6  5 0900  -44.5  983.4    1.3  263.0   65.0  444.0
2018 156  6  5 1000  -43.0  983.2    2.6  245.0   66.0  444.0
2018 156  6  5 1100  -43.5  982.6    2.0  237.0   66.0  444.0
2018 156  6  5 1200  -42.1  982.0    1.8  234.0   67.0  444.0
2018 156  6  5 1300  -40.5  981.3    1.2  204.0   68.3  444.0
2018 156  6  5 1400  -40.5  980.5    1.2  189.0   68.0  444.0
2018 156  6  5 1500  -40.3  980.1    1.2  190.0   68.0  444.0
2018 156  6  5 1600  -40.1  979.9    1.6  254.0   69.0  444.0
2018 156  6  5 1700  -41.0  979.7    2.0  217.0   68.0  444.0
2018 156  6  5 1800  -40.3  979.7    2.0  218.0   68.8  444.0
2018 156  6  5 1900  -41.6  979.1    2.3  187.0   68.0  444.0
2018 156  6  5 2000  -42.0  979.1    1.9  185.0   68.0  444.0
2018 156  6  5 2100  -42.4  979.6    1.3  247.0   67.0  444.0
2018 156  6  5 2200  -42.2  979.5    1.2  208.0   68.0  444.0
2018 156  6  5 2300  -41.6  979.2    1.2  171.0   68.0  444.0
2018 157  6  6 0000  -41.4  979.1    0.9  194.0   68.0  444.0
2018 157  6  6 0100  -41.7  979.2    0.7  204.0   68.0  444.0
2018 157  6  6 0200  -41.8  979.1    0.7  213.0   68.0  444.0
2018 157  6  6 0300  -41.5  978.8    1.8  205.0   67.3  444.0
2018 157  6  6 0400  -42.1  978.8    1.9  189.0   67.0  444.0
2018 157  6  6 0500  -43.0  978.5    1.6  193.0   67.0  444.0
2018 157  6  6 0600  -43.7  979.0    1.8  214.0   66.0  444.0
2018 157  6  6 0700  -42.7  978.9    2.4  214.0   67.0  444.0
2018 157  6  6 0800  -42.9  978.6    2.4  205.0   66.9  444.0
2018 157  6  6 0900  -43.3  978.9    2.6  216.0   67.0  444.0
2018 157  6  6 1000  -42.9  978.8    2.3  235.0   67.0  444.0
2018 157  6  6 1100  -41.6  978.5    3.0  222.0   68.0  444.0
2018 157  6  6 1200  -40.4  978.0    3.0  220.0   69.0  444.0
2018 157  6  6 1300  -40.4  978.0    2.9  215.0   68.5  444.0
2018 157  6  6 1400  -40.4  977.5    3.0  232.0   69.0  444.0
2018 157  6  6 1500  -41.0  977.1    3.2  235.0   68.0  444.0
2018 157  6  6 1600  -40.9  977.0    3.6  216.0   68.0  444.0
2018 157  6  6 1700  -41.3  976.4    3.2  230.0   68.0  444.0
2018 157  6  6 1800  -40.8  976.1    3.9  227.0   69.0  444.0
2018 157  6  6 1900  -40.6  975.9    4.1  215.0   69.0  444.0
2018 157  6  6 2000  -40.8  975.9    4.2  206.0   68.0  444.0
2018 157  6  6 2100  -42.1  975.7    3.6  204.0   67.0  444.0
2018 157  6  6 2200  -42.5  975.6    3.6  199.0   67.0  444.0
2018 157  6  6 2300  -43.0  975.6    3.5  218.0   67.0  444.0
2018 158  6  7 0000  -41.1  975.7    3.5  225.0   68.0  444.0
2018 158  6  7 0100  -39.1  975.2    3.4  218.0   69.7  444.0
2018 158  6  7 0200  -37.4  974.9    3.9  200.0   71.0  444.0
2018 158  6  7 0300  -37.2  974.9    3.6  203.0   71.0  444.0
2018 158  6  7 0400  -37.8  974.5    2.8  234.0   70.0  444.0
2018 158  6  7 0500  -37.3  974.1    3.5  214.0   70.5  444.0
2018 158  6  7 0600  -38.9  973.5    3.1  228.0   68.9  444.0
2018 158  6  7 0700  -39.6  973.4    3.6  223.0   69.0  444.0
2018 158  6  7 0800  -40.1  973.2    3.1  229.0   69.0  444.0
2018 158  6  7 0900  -41.9  972.9    2.6  236.0   67.0  444.0
2018 158  6  7 1000  -42.1  972.3    2.7  234.0   68.0  444.0
2018 158  6  7 1100  -38.4  971.4    3.2  220.0   70.2  444.0
2018 158  6  7 1200  -39.7  971.6    2.7  214.0   69.0  444.0
2018 158  6  7 1300  -37.4  971.0    3.0  226.0   71.0  444.0
2018 158  6  7 1400  -34.8  970.3    3.3  229.0   73.0  444.0
2018 158  6  7 1500  -33.6  970.0    3.5  219.0   73.0  444.0
2018 158  6  7 1600  -32.9  969.5    4.1  237.0   73.9  444.0
2018 158  6  7 1700  -31.1  968.5    7.5  221.0   75.0  444.0
2018 158  6  7 1800  -29.4  968.3    5.8  214.0   76.0  444.0
2018 158  6  7 1900  -29.1  968.3    4.4  216.0   76.0  444.0
2018 158  6  7 2000  -30.5  968.2    5.5  220.0   75.0  444.0
2018 158  6  7 2100  -31.8  968.6    4.8  184.0   74.0  444.0
2018 158  6  7 2200  -36.2  968.7    4.9  181.0   71.0  444.0
2018 158  6  7 2300  -38.9  969.4    4.6  216.0   69.0  444.0
2018 159  6  8 0000  -39.0  969.2    3.9  196.0   69.0  444.0
2018 159  6  8 0100  -42.1  969.2    3.6  179.0   68.0  444.0
2018 159  6  8 0200  -43.4  969.2    4.1  188.0   67.0  444.0
2018 159  6  8 0300  -44.6  969.1    2.9  176.0   66.0  444.0
2018 159  6  8 0400  -45.4  969.1    2.5  210.0   65.4  444.0
2018 159  6  8 0500  -46.2  969.2    2.4  208.0   65.0  444.0
2018 159  6  8 0600  -46.5  969.1    3.7  197.0   65.0  444.0
2018 159  6  8 0700  -46.7  969.4    2.7  200.0   65.0  444.0
2018 159  6  8 0800  -47.0  969.3    3.4  210.0   65.0  444.0
2018 159  6  8 0900  -46.9  969.2    3.5  221.0   64.6  444.0
2018 159  6  8 1000  -45.4  969.0    4.0  238.0   66.0  444.0
2018 159  6  8 1100  -43.7  968.5    4.3  238.0   67.0  444.0
2018 159  6  8 1200  -41.8  968.4    4.7  211.0   68.0  444.0
2018 159  6  8 1300  -41.9  968.0    3.5  234.0   67.0  444.0
2018 159  6  8 1400  -41.2  967.5    4.3  238.0   68.0  444.0
2018 159  6  8 1500  -39.5  966.9    5.0  234.0   69.0  444.0
2018 159  6  8 1600  -36.5  966.1    5.6  220.0   72.0  444.0
2018 159  6  8 1700  -36.0  966.2    4.7  225.0   71.0  444.0
2018 159  6  8 1800  -37.8  965.5    4.8  231.0   70.0  444.0
2018 159  6  8 1900  -37.5  964.7    3.7  248.0   70.0  444.0
2018 159  6  8 2000  -36.5  963.6    4.3  238.0   71.0  444.0
2018 159  6  8 2100  -33.4  962.5    6.2  221.0   75.0  444.0
2018 159  6  8 2200  -30.4  962.1    6.3  218.0   75.0  444.0
2018 159  6  8 2300  -25.9  961.9    7.5  203.0   79.0  444.0
2018 160  6  9 0000  -27.6  962.2    5.1  230.0   76.0  444.0
2018 160  6  9 0100  -30.3  961.0    5.6  245.0   75.0  444.0
2018 160  6  9 0200  -29.2  960.7    6.8  240.0   76.7  444.0
2018 160  6  9 0300  -29.4  960.3    6.2  238.0   76.0  444.0
2018 160  6  9 0400  -28.4  959.8    6.8  238.0   77.0  444.0
2018 160  6  9 0500  -27.1  959.3    7.7  236.0   77.8  444.0
2018 160  6  9 0600  -26.6  958.8    6.8  238.0   78.0  444.0
2018 160  6  9 0700  -26.7  958.6    7.2  235.0   78.0  444.0
2018 160  6  9 0800  -26.7  958.3    8.1  233.0   78.0  444.0
2018 160  6  9 0900  -27.2  957.9    8.3  227.0   78.0  444.0
2018 160  6  9 1000  -25.9  957.9    9.0  226.0   79.0  444.0
2018 160  6  9 1100  -24.4  958.1    9.1  223.0   80.0  444.0
2018 160  6  9 1200  -23.4  957.7    9.8  232.0   81.0  444.0
2018 160  6  9 1300  -21.2  957.0   11.6  225.0   84.0  444.0
2018 160  6  9 1400  -18.8  956.1   12.7  222.0   85.0  444.0
2018 160  6  9 1500  -15.8  955.5   17.0  197.0   87.2  444.0
2018 160  6  9 1600  -16.4  955.8   17.4  188.0   87.0  444.0
2018 160  6  9 1700  -18.5  956.4   14.3  179.0   86.0  444.0
2018 160  6  9 1800  -18.5  957.1   14.4  178.0   86.0  444.0
2018 160  6  9 1900  -18.3  957.1   14.7  172.0   86.0  444.0
2018 160  6  9 2000  -19.1  958.7   13.8  179.0   85.2  444.0
2018 160  6  9 2100  -19.4  959.7   11.6  185.0   84.9  444.0
2018 160  6  9 2200  -20.1  960.2   11.3  191.0   84.0  444.0
2018 160  6  9 2300  -20.7  961.1   11.2  195.0   84.0  444.0
2018 161  6 10 0000  -21.4  961.5   10.9  201.0   83.0  444.0
2018 161  6 10 0100  -20.5  962.1   10.7  192.0   84.1  444.0
2018 161  6 10 0200  -18.0  962.4   13.0  189.0   86.3  444.0
2018 161  6 10 0300  -17.6  963.0   13.1  190.0   86.5  444.0
2018 161  6 10 0400  -17.1  963.1   13.4  186.0   87.0  444.0
2018 161  6 10 0500  -16.4  964.0   12.3  195.0   88.0  444.0
2018 161  6 10 0600  -16.5  964.5   15.6  200.0   88.0  444.0
2018 161  6 10 0700  -17.9  964.5   15.8  206.0   86.0  444.0
2018 161  6 10 0800  -18.2  965.1   15.1  205.0   86.2  444.0
2018 161  6 10 0900  -18.6  965.9   14.8  208.0   86.0  444.0
2018 161  6 10 1000  -19.5  966.3   13.1  208.0   85.0  444.0
2018 161  6 10 1100  -20.0  966.2   14.9  201.0   85.0  444.0
2018 161  6 10 1200  -20.9  967.3   12.5  195.0   84.0  444.0
2018 161  6 10 1300  -21.9  967.4   10.7  201.0   83.1  444.0
2018 161  6 10 1400  -22.5  967.7    9.2  206.0   83.0  444.0
2018 161  6 10 1500  -22.2  968.1    8.6  205.0   83.0  444.0
2018 161  6 10 1600  -23.8  968.6    8.7  218.0   81.0  444.0
2018 161  6 10 1700  -25.7  968.8    7.6  212.0   80.0  444.0
2018 161  6 10 1800  -26.3  969.1    8.2  224.0   79.8  444.0
2018 161  6 10 1900  -24.2  969.4    8.8  220.0   81.0  444.0
2018 161  6 10 2000  -24.3  970.1    8.5  224.0   81.2  444.0
2018 161  6 10 2100  -24.0  970.2    8.5  231.0   82.0  444.0
2018 161  6 10 2200  -24.1  970.1    8.9  233.0   81.0  444.0
2018 161  6 10 2300  -24.4  970.0    8.9  231.0   81.1  444.0
2018 162  6 11 0000  -23.8  970.1    8.9  228.0   82.0  444.0
2018 162  6 11 0100  -23.5  969.6    9.2  215.0   81.6  444.0
2018 162  6 11 0200  -23.2  969.9    8.1  218.0   82.0  444.0
2018 162  6 11 0300  -23.7  970.3    7.0  209.0   81.0  444.0
2018 162  6 11 0400  -23.9  970.8    7.7  193.0   81.0  444.0
2018 162  6 11 0500  -24.8  971.3    6.7  197.0   80.0  444.0
2018 162  6 11 0600  -27.2  971.4    5.8  226.0   78.8  444.0
2018 162  6 11 0700  -27.1  971.6    6.1  226.0   78.6  444.0
2018 162  6 11 0800  -28.9  971.5    7.2  244.0   78.0  444.0
2018 162  6 11 0900  -29.0  971.7    8.0  225.0   78.0  444.0
2018 162  6 11 1000  -29.1  971.5    6.1  226.0   77.0  444.0
2018 162  6 11 1100  -29.5  971.3    6.5  229.0   77.1  444.0
2018 162  6 11 1200  -31.6  971.5    5.2  201.0   75.0  444.0
2018 162  6 11 1300  -30.2  971.4    5.5  228.0   76.5  444.0
2018 162  6 11 1400  -28.1  970.9    7.4  237.0   78.0  444.0
2018 162  6 11 1500  -29.6  970.8    7.1  246.0   77.0  444.0
2018 162  6 11 1600  -30.9  970.9    5.6  237.0   75.8  444.0
2018 162  6 11 1700  -32.2  971.1    6.0  242.0   75.0  444.0
2018 162  6 11 1800  -32.9  971.4    5.7  228.0   74.7  444.0
2018 162  6 11 1900  -33.7  971.9    6.4  232.0   74.0  444.0
2018 162  6 11 2000  -33.3  972.2    6.2  239.0   74.0  444.0
2018 162  6 11 2100  -33.3  972.2    5.9  245.0   74.0  444.0
2018 162  6 11 2200  -34.3  973.1    5.9  237.0   74.0  444.0
2018 162  6 11 2300  -35.1  973.5    5.6  243.0   73.1  444.0
2018 163  6 12 0000  -35.0  973.7    5.5  243.0   73.0  444.0
2018 163  6 12 0100  -34.2  973.8    6.8  256.0   74.0  444.0
2018 163  6 12 0200  -34.2  973.8    6.2  250.0   74.0  444.0
2018 163  6 12 0300  -34.3  974.0    6.7  245.0   74.0  444.0
2018 163  6 12 0400  -34.2  974.3    5.6  237.0   73.6  444.0
2018 163  6 12 0500  -35.8  974.5    4.4  231.0   73.0  444.0
2018 163  6 12 0600  -35.4  974.8    5.5  237.0   73.0  444.0
2018 163  6 12 0700  -34.6  975.0    5.6  228.0   73.0  444.0
2018 163  6 12 0800  -34.7  975.5    6.3  240.0   73.0  444.0
2018 163  6 12 0900  -34.1  975.7    5.5  242.0   73.6  444.0
2018 163  6 12 1000  -33.5  976.1    5.8  233.0   73.9  444.0
2018 163  6 12 1100  -34.0  976.6    5.1  230.0   74.0  444.0
2018 163  6 12 1200  -34.5  977.1    4.3  226.0   73.0  444.0
2018 163  6 12 1300  -34.0  977.7    4.5  242.0   74.0  444.0
2018 163  6 12 1400  -32.9  978.4    5.2  242.0   74.0  444.0
2018 163  6 12 1500  -32.8  978.8    5.3  249.0   74.5  444.0
2018 163  6 12 1600  -32.7  979.1    4.7  237.0   74.0  444.0
2018 163  6 12 1700  -33.0  979.4    4.4  247.0   74.0  444.0
2018 163  6 12 1800  -32.9  979.7    4.1  248.0   74.0  444.0
2018 163  6 12 1900  -32.8  980.1    4.9  254.0   74.0  444.0
2018 163  6 12 2000  -32.2  980.7    5.4  243.0   74.8  444.0
2018 163  6 12 2100  -31.4  981.3    5.3  240.0   75.0  444.0
2018 163  6 12 2200  -32.0  981.9    3.8  249.0   75.0  444.0
2018 163  6 12 2300  -32.6  982.1    4.0  245.0   74.0  444.0
2018 164  6 13 0000  -33.5  982.7    3.8  248.0   74.0  444.0
2018 164  6 13 0100  -33.9  983.4    3.8  247.0   74.0  444.0
2018 164  6 13 0200  -33.2  983.9    3.9  240.0   74.1  444.0
2018 164  6 13 0300  -32.3  984.2    4.5  238.0   75.0  444.0
2018 164  6 13 0400  -31.7  984.9    4.6  242.0   75.0  444.0
2018 164  6 13 0500  -32.0  985.3    4.8  244.0   74.7  444.0
2018 164  6 13 0600  -32.7  985.8    6.9  255.0   74.0  444.0
2018 164  6 13 0700  -33.2  986.7    6.0  224.0   74.0  444.0
2018 164  6 13 0800  -35.0  986.9    6.8  243.0   73.0  444.0
2018 164  6 13 0900  -34.5  987.2    7.0  268.0   73.0  444.0
2018 164  6 13 1000  -34.9  988.7    7.0  224.0   73.0  444.0
2018 164  6 13 1100  -36.2  988.6    6.3  230.0   72.0  444.0
2018 164  6 13 1200  -36.7  989.3    6.7  225.0   72.0  444.0
2018 164  6 13 1300  -36.1  990.0    7.9  214.0   72.0  444.0
2018 164  6 13 1400  -36.1  990.1    7.2  214.0   72.0  444.0
2018 164  6 13 1500  -35.8  990.5    8.7  223.0   72.0  444.0
2018 164  6 13 1600  -36.7  991.1    8.7  201.0   72.0  444.0
2018 164  6 13 1700  -36.9  991.9    7.0  212.0   72.0  444.0
2018 164  6 13 1800  -37.2  992.2    8.6  209.0   72.0  444.0
2018 164  6 13 1900  -38.4  992.6    6.8  215.0   71.0  444.0
2018 164  6 13 2000  -37.9  992.3    7.1  218.0   71.0  444.0
2018 164  6 13 2100  -38.7  992.6    6.2  213.0   70.0  444.0
2018 164  6 13 2200  -38.4  992.4    7.9  212.0   70.6  444.0
2018 164  6 13 2300  -39.2  992.4    7.0  216.0   70.0  444.0
2018 165  6 14 0000  -39.4  991.9    6.2  217.0   70.0  444.0
2018 165  6 14 0100  -40.2  992.0    5.9  220.0   69.0  444.0
2018 165  6 14 0200  -41.3  992.0    5.2  217.0   68.0  444.0
2018 165  6 14 0300  -42.9  991.8    4.8  222.0   67.4  444.0
2018 165  6 14 0400  -43.4  991.5    4.9  221.0   67.2  444.0
2018 165  6 14 0500  -43.8  991.2    4.7  236.0   67.0  444.0
2018 165  6 14 0600  -44.1  991.3    4.5  241.0   67.0  444.0
2018 165  6 14 0700  -43.5  991.7    4.4  251.0   67.0  444.0
2018 165  6 14 0800  -40.6  991.4    5.4  221.0   69.0  444.0
2018 165  6 14 0900  -39.7  990.8    4.9  246.0   69.0  444.0
2018 165  6 14 1000  -40.9  990.7    2.6  249.0   69.0  444.0
2018 165  6 14 1100  -38.3  990.2    4.2  274.0   70.0  444.0
2018 165  6 14 1200  -37.1  989.6    4.3  259.0   71.0  444.0
2018 165  6 14 1300  -37.4  989.6    4.2  265.0   71.0  444.0
2018 165  6 14 1400  -36.4  989.3    5.0  252.0   71.0  444.0
2018 165  6 14 1500  -37.7  989.2    5.5  278.0   70.0  444.0
2018 165  6 14 1600  -37.0  989.2    5.7  276.0   71.0  444.0
2018 165  6 14 1700  -40.1  989.0    2.1  288.0   69.0  444.0
2018 165  6 14 1800  -40.8  988.6    5.6  283.0   69.0  444.0
2018 165  6 14 1900  -42.8  989.1    3.7  284.0   67.3  444.0
2018 165  6 14 2000  -43.1  989.3    4.8  249.0   67.2  444.0
2018 165  6 14 2100  -45.0  988.5    4.1  246.0   66.0  444.0
2018 165  6 14 2200  -45.4  988.0    4.9  273.0   66.0  444.0
2018 165  6 14 2300  -42.5  987.7    5.4  244.0   68.0  444.0
2018 166  6 15 0000  -37.6  987.9    6.4  250.0   71.0  444.0
2018 166  6 15 0100  -35.0  987.3    6.1  234.0   72.9  444.0
2018 166  6 15 0200  -33.8  986.8    8.1  243.0   73.4  444.0
2018 166  6 15 0300  -31.9  986.5    6.7  224.0   75.0  444.0
2018 166  6 15 0400  -30.4  986.8    6.1  233.0   75.0  444.0
2018 166  6 15 0500  -30.8  986.6    6.4  265.0   75.0  444.0
2018 166  6 15 0600  -31.3  985.9    5.3  261.0   74.7  444.0
2018 166  6 15 0700  -33.6  985.4    6.0  223.0   73.2  444.0
2018 166  6 15 0800  -36.3  985.7    6.0  205.0   72.0  444.0
2018 166  6 15 0900  -36.7  986.4    5.1  206.0   71.0  444.0
2018 166  6 15 1000  -38.0  986.6    4.0  217.0   70.0  444.0
2018 166  6 15 1100  -37.1  986.8    5.4  195.0   71.0  444.0
2018 166  6 15 1200  -37.5  987.4    5.2  194.0   71.0  444.0
2018 166  6 15 1300  -37.8  987.9    5.1  189.0   71.0  444.0
2018 166  6 15 1400  -38.7  988.9    5.5  212.0   70.0  444.0
2018 166  6 15 1500  -38.4  988.9    4.8  227.0   70.0  444.0
2018 166  6 15 1600  -36.6  989.0    5.7  221.0   71.0  444.0
2018 166  6 15 1700  -34.6  989.2    6.8  210.0   73.0  444.0
2018 166  6 15 1800  -34.2  989.1    7.0  210.0   73.1  444.0
2018 166  6 15 1900  -33.4  989.4    6.8  213.0   73.5  444.0
2018 166  6 15 2000  -30.4  989.4    7.4  189.0   76.0  444.0
2018 166  6 15 2100  -30.0  989.8    8.4  207.0   76.0  444.0
2018 166  6 15 2200  -29.6  990.3    7.8  215.0   76.0  444.0
2018 166  6 15 2300  -30.9  990.3    8.6  221.0   75.1  444.0
2018 167  6 16 0000  -29.8  990.0   10.0  216.0   75.8  444.0
2018 167  6 16 0100  -30.0  989.7    9.5  214.0   76.0  444.0
2018 167  6 16 0200  -27.3  989.8    9.2  206.0   78.0  444.0
2018 167  6 16 0300  -30.2  989.0    7.1  240.0   76.0  444.0
2018 167  6 16 0400  -29.6  444.0    9.0  238.0   76.3  444.0
2018 167  6 16 0500  -29.0  988.3    8.8  233.0   77.0  444.0
2018 167  6 16 0600  -24.1  986.8   11.4  219.0   80.0  444.0
2018 167  6 16 0700  -23.7  985.8   11.8  215.0   80.0  444.0
2018 167  6 16 0800  -23.5  986.2   10.5  178.0   81.0  444.0
2018 167  6 16 0900  -26.1  986.7    9.3  172.0   78.0  444.0
2018 167  6 16 1000  -30.5  987.5    9.3  167.0   75.7  444.0
2018 167  6 16 1100  -34.0  988.5    7.5  152.0   73.0  444.0
2018 167  6 16 1200  -35.9  989.0    5.1  174.0   72.3  444.0
2018 167  6 16 1300  -36.0  989.2    5.4  198.0   72.0  444.0
2018 167  6 16 1400  -34.2  989.4    5.0  194.0   74.0  444.0
2018 167  6 16 1500  -33.2  988.9    3.4  212.0   74.0  444.0
2018 167  6 16 1600  -32.2  988.6    2.9  244.0   75.0  444.0
2018 167  6 16 1700  -29.6  988.0    3.4  225.0   77.0  444.0
2018 167  6 16 1800  -27.9  987.8    4.8  198.0   78.0  444.0
2018 167  6 16 1900  -27.5  987.9    5.6  186.0   78.0  444.0
2018 167  6 16 2000  -27.8  988.2    5.0  190.0   78.0  444.0
2018 167  6 16 2100  -30.1  988.2    6.0  183.0   76.0  444.0
2018 167  6 16 2200  -31.0  988.7    5.5  180.0   75.3  444.0
2018 167  6 16 2300  -30.9  989.1    5.5  175.0   76.0  444.0
2018 168  6 17 0000  -32.2  989.5    5.4  187.0   74.0  444.0
2018 168  6 17 0100  -33.1  989.9    6.8  181.0   74.0  444.0
2018 168  6 17 0200  -34.9  990.2    5.7  180.0   73.0  444.0
2018 168  6 17 0300  -35.2  990.3    5.9  186.0   72.7  444.0
2018 168  6 17 0400  -34.8  990.2    7.9  182.0   73.0  444.0
2018 168  6 17 0500  -34.5  990.5    7.9  180.0   73.0  444.0
2018 168  6 17 0600  -35.4  990.9    6.3  189.0   72.0  444.0
2018 168  6 17 0700  -35.0  991.2    6.9  188.0   73.0  444.0
2018 168  6 17 0800  -35.1  990.9    6.9  199.0   73.0  444.0
2018 168  6 17 0900  -33.0  990.8    8.0  189.0   74.0  444.0
2018 168  6 17 1000  -30.8  990.8    8.0  191.0   75.4  444.0
2018 168  6 17 1100  -30.0  991.0    8.2  196.0   76.0  444.0
2018 168  6 17 1200  -30.6  990.7    8.9  183.0   76.0  444.0
2018 168  6 17 1300  -31.7  991.1    7.1  198.0   75.0  444.0
2018 168  6 17 1400  -32.1  991.1    6.5  207.0   75.0  444.0
2018 168  6 17 1500  -32.6  990.9    6.4  204.0   74.2  444.0
2018 168  6 17 1600  -30.9  990.7    8.1  192.0   75.4  444.0
2018 168  6 17 1700  -31.4  991.4    7.7  198.0   75.0  444.0
2018 168  6 17 1800  -32.5  991.2    7.0  207.0   74.0  444.0
2018 168  6 17 1900  -32.3  990.8    6.6  208.0   75.0  444.0
2018 168  6 17 2000  -31.2  990.5    7.9  204.0   75.4  444.0
2018 168  6 17 2100  -32.0  990.2    6.6  202.0   74.7  444.0
2018 168  6 17 2200  -31.0  990.0    6.8  199.0   76.0  444.0
2018 168  6 17 2300  -31.2  990.1    7.0  212.0   75.0  444.0
2018 169  6 18 0000  -28.6  989.7    7.7  206.0   77.0  444.0
2018 169  6 18 0100  -29.3  989.1    6.5  211.0   76.5  444.0
2018 169  6 18 0200  -28.5  988.7    6.2  220.0   77.3  444.0
2018 169  6 18 0300  -25.0  988.0    8.4  208.0   80.0  444.0
2018 169  6 18 0400  -19.6  987.6    8.2  204.0   84.0  444.0
2018 169  6 18 0500  -16.2  987.0   11.6  191.0   87.0  444.0
2018 169  6 18 0600  -15.7  986.8   13.6  186.0   87.0  444.0
2018 169  6 18 0700  -16.4  987.0   12.9  190.0   87.0  444.0
2018 169  6 18 0800  -16.8  986.8   12.4  186.0   87.0  444.0
2018 169  6 18 0900  -16.5  986.5   16.1  180.0   87.0  444.0
2018 169  6 18 1000  -17.0  986.8   12.9  192.0   86.0  444.0
2018 169  6 18 1100  -16.9  986.8   12.5  194.0   86.0  444.0
2018 169  6 18 1200  -16.2  986.5   13.4  194.0   86.0  444.0
2018 169  6 18 1300  -15.4  986.8   14.3  190.0   86.6  444.0
2018 169  6 18 1400  -15.0  986.3   14.1  182.0   86.9  444.0
2018 169  6 18 1500  -13.9  986.8   13.0  183.0   86.0  444.0
2018 169  6 18 1600  -16.3  987.4   14.4  209.0   84.0  444.0
2018 169  6 18 1700  -16.9  987.1   10.9  219.0   82.0  444.0
2018 169  6 18 1800  -16.1  987.2   10.7  196.0   83.5  444.0
2018 169  6 18 1900  -16.5  986.7   11.5  194.0   83.9  444.0
2018 169  6 18 2000  -16.9  986.9   11.4  192.0   85.0  444.0
2018 169  6 18 2100  -17.2  986.9   10.2  166.0   85.0  444.0
2018 169  6 18 2200  -17.1  986.9   11.4  189.0   85.0  444.0
2018 169  6 18 2300  -17.0  986.8   11.1  186.0   85.0  444.0
2018 170  6 19 0000  -17.0  987.1   10.8  182.0   83.6  444.0
2018 170  6 19 0100  -16.9  986.5   11.7  182.0   85.0  444.0
2018 170  6 19 0200  -15.1  986.3   14.3  186.0   84.4  444.0
2018 170  6 19 0300  -15.4  986.6   12.5  179.0   82.0  444.0
2018 170  6 19 0400  -16.8  987.0    8.4  192.0   80.0  444.0
2018 170  6 19 0500  -20.0  987.7    2.0  211.0   80.0  444.0
2018 170  6 19 0600  -19.6  987.0   10.3  214.0   79.0  444.0
2018 170  6 19 0700  -17.5  986.2   10.6  194.0   77.0  444.0
2018 170  6 19 0800  -17.2  985.1   12.1  192.0   76.0  444.0
2018 170  6 19 0900  -16.6  984.7   12.9  186.0   76.0  444.0
2018 170  6 19 1000  -16.9  984.7   12.7  178.0   76.0  444.0
2018 170  6 19 1100  -16.9  984.7   12.6  176.0   76.0  444.0
2018 170  6 19 1200  -16.8  984.8   13.0  176.0   77.0  444.0
2018 170  6 19 1300  -16.9  985.1   11.9  181.0   74.0  444.0
2018 170  6 19 1400  -15.9  985.1   14.7  171.0   66.0  444.0
2018 170  6 19 1500  -15.9  986.0   13.5  161.0   68.0  444.0
2018 170  6 19 1600  -19.4  987.1    9.6  204.0   67.0  444.0
2018 170  6 19 1700  -22.0  988.0    8.0  192.0   72.3  444.0
2018 170  6 19 1800  -22.0  988.3    7.0  185.0   74.0  444.0
2018 170  6 19 1900  -20.6  988.6    8.7  194.0   70.0  444.0
2018 170  6 19 2000  -18.9  988.8    8.0  203.0   68.0  444.0
2018 170  6 19 2100  -15.4  987.9    9.4  199.0   58.0  444.0
2018 170  6 19 2200  -15.9  988.0   11.1  192.0   64.0  444.0
2018 170  6 19 2300  -17.2  988.8   11.3  186.0   70.0  444.0
2018 171  6 20 0000  -17.7  989.5   10.0  188.0   74.0  444.0
2018 171  6 20 0100  -18.8  990.3    8.9  193.0   76.0  444.0
2018 171  6 20 0200  -20.7  991.4    7.6  202.0   77.0  444.0
2018 171  6 20 0300  -21.4  992.2    9.5  208.0   76.0  444.0
2018 171  6 20 0400  -22.9  992.3    9.2  209.0   78.0  444.0
2018 171  6 20 0500  -22.0  992.7    9.6  203.0   76.0  444.0
2018 171  6 20 0600  -21.7  993.3   10.2  196.0   75.0  444.0
2018 171  6 20 0700  -23.0  994.2    8.4  201.0   76.0  444.0
2018 171  6 20 0800  -24.3  995.1    7.8  199.0   77.0  444.0
2018 171  6 20 0900  -25.6  995.7    6.6  209.0   78.0  444.0
2018 171  6 20 1000  -26.1  995.8    6.4  224.0   79.0  444.0
2018 171  6 20 1100  -26.0  995.8    7.4  228.0   76.0  444.0
2018 171  6 20 1200  -25.8  995.7    8.0  225.0   75.0  444.0
2018 171  6 20 1300  -25.9  995.8    8.2  214.0   75.4  444.0
2018 171  6 20 1400  -26.1  996.0    7.3  218.0   77.0  444.0
2018 171  6 20 1500  -26.4  995.7    7.0  226.0   76.0  444.0
2018 171  6 20 1600  -24.9  995.5    8.5  218.0   76.0  444.0
2018 171  6 20 1700  -26.2  995.1    7.2  210.0   79.0  444.0
2018 171  6 20 1800  -27.4  994.5    6.6  212.0   78.8  444.0
2018 171  6 20 1900  -27.1  994.1    6.6  201.0   79.0  444.0
2018 171  6 20 2000  -25.2  993.5    7.5  211.0   80.0  444.0
2018 171  6 20 2100  -25.0  993.3    7.1  214.0   80.0  444.0
2018 171  6 20 2200  -26.4  993.1    6.4  220.0   78.9  444.0
2018 171  6 20 2300  -28.0  992.9    7.2  225.0   78.1  444.0
2018 172  6 21 0000  -29.6  992.5    7.2  228.0   77.0  444.0
2018 172  6 21 0100  -29.9  991.7    7.0  227.0   77.0  444.0
2018 172  6 21 0200  -29.3  991.1    7.5  218.0   77.0  444.0
2018 172  6 21 0300  -29.8  990.8    6.7  225.0   77.0  444.0
2018 172  6 21 0400  -29.7  990.6    7.0  225.0   77.0  444.0
2018 172  6 21 0500  -28.1  990.4    7.6  227.0   77.0  444.0
2018 172  6 21 0600  -27.6  990.1    7.5  224.0   77.0  444.0
2018 172  6 21 0700  -27.6  990.2    6.9  217.0   76.0  444.0
2018 172  6 21 0800  -27.0  989.8    7.2  226.0   75.0  444.0
2018 172  6 21 0900  -26.1  989.7    8.1  229.0   74.0  444.0
2018 172  6 21 1000  -26.2  989.7    8.4  230.0   75.0  444.0
2018 172  6 21 1100  -26.5  989.2    8.3  240.0   74.9  444.0
2018 172  6 21 1200  -27.5  989.3    7.6  246.0   77.0  444.0
2018 172  6 21 1300  -27.6  988.7    7.4  247.0   77.0  444.0
2018 172  6 21 1400  -27.7  988.1    6.1  238.0   78.0  444.0
2018 172  6 21 1500  -26.4  987.1    8.6  239.0   78.0  444.0
2018 172  6 21 1600  -25.2  986.1   11.5  242.0   79.1  444.0
2018 172  6 21 1700  -26.3  986.1    9.1  241.0   78.0  444.0
2018 172  6 21 1800  -27.2  985.7    8.9  240.0   78.0  444.0
2018 172  6 21 1900  -27.1  985.4    7.3  232.0   76.0  444.0
2018 172  6 21 2000  -27.6  985.2    7.2  246.0   78.0  444.0
2018 172  6 21 2100  -28.3  985.1    6.5  246.0   76.2  444.0
2018 172  6 21 2200  -29.0  984.6    6.3  238.0   75.4  444.0
2018 172  6 21 2300  -29.4  984.6    7.5  227.0   77.0  444.0
2018 173  6 22 0000  -30.2  984.5    6.5  225.0   76.0  444.0
2018 173  6 22 0100  -30.4  984.8    6.3  228.0   76.0  444.0
2018 173  6 22 0200  -30.5  984.9    5.6  230.0   76.0  444.0
2018 173  6 22 0300  -31.4  985.2    5.0  237.0   75.3  444.0
2018 173  6 22 0400  -32.6  985.4    4.2  219.0   74.7  444.0
2018 173  6 22 0500  -34.4  985.6    4.2  209.0   73.0  444.0
2018 173  6 22 0600  -36.1  986.7    3.9  204.0   72.0  444.0
2018 173  6 22 0700  -37.2  987.4    3.9  199.0   72.0  444.0
2018 173  6 22 0800  -37.9  988.0    3.4  168.0   71.1  444.0
2018 173  6 22 0900  -38.5  988.9    3.2  180.0   70.6  444.0
2018 173  6 22 1000  -38.9  989.7    3.0  191.0   70.0  444.0
2018 173  6 22 1100  -39.0  990.4    3.8  185.0   70.0  444.0
2018 173  6 22 1200  -39.1  990.9    4.1  179.0   70.0  444.0
2018 173  6 22 1300  -39.3  991.6    1.5  214.0   70.0  444.0
2018 173  6 22 1400  -39.5  992.6    2.5  210.0   69.9  444.0
2018 173  6 22 1500  -39.4  992.8    2.8  204.0   70.0  444.0
2018 173  6 22 1600  -39.0  993.4    3.5  188.0   70.0  444.0
2018 173  6 22 1700  -39.0  993.9    1.2  221.0   70.0  444.0
2018 173  6 22 1800  -39.4  994.6    1.3  231.0   70.0  444.0
2018 173  6 22 1900  -39.7  994.7    2.8  194.0   69.8  444.0
2018 173  6 22 2000  -39.3  995.4    2.3  185.0   70.0  444.0
2018 173  6 22 2100  -38.0  995.9    2.5  213.0   71.0  444.0
2018 173  6 22 2200  -36.6  996.2    3.0  204.0   72.0  444.0
2018 173  6 22 2300  -35.2  996.5    3.4  212.0   73.0  444.0
2018 174  6 23 0000  -34.1  996.6    3.1  231.0   74.0  444.0
2018 174  6 23 0100  -33.0  996.8    3.6  220.0   74.3  444.0
2018 174  6 23 0200  -31.9  997.2    3.6  219.0   75.0  444.0
2018 174  6 23 0300  -30.6  997.1    3.1  201.0   76.0  444.0
2018 174  6 23 0400  -29.5  997.5    3.1  199.0   77.0  444.0
2018 174  6 23 0500  -29.0  997.7    3.3  203.0   77.0  444.0
2018 174  6 23 0600  -28.4  998.2    3.3  224.0   77.0  444.0
2018 174  6 23 0700  -28.0  998.2    3.4  224.0   77.6  444.0
2018 174  6 23 0800  -27.7  998.2    3.7  231.0   78.0  444.0
2018 174  6 23 0900  -27.3  998.3    3.4  238.0   78.0  444.0
2018 174  6 23 1000  -27.2  998.3    3.7  247.0   78.0  444.0
2018 174  6 23 1100  -27.1  998.2    3.7  234.0   78.0  444.0
2018 174  6 23 1200  -27.4  997.9    3.6  223.0   77.9  444.0
2018 174  6 23 1300  -28.1  997.9    2.2  233.0   77.0  444.0
2018 174  6 23 1400  -28.3  997.7    2.3  245.0   77.0  444.0
2018 174  6 23 1500  -28.2  997.5    2.9  230.0   78.0  444.0
2018 174  6 23 1600  -27.8  997.0    2.8  240.0   78.0  444.0
2018 174  6 23 1700  -26.9  997.0    2.4  227.0   78.5  444.0
2018 174  6 23 1800  -26.2  996.9    2.5  231.0   79.0  444.0
2018 174  6 23 1900  -25.4  996.6    3.2  223.0   80.0  444.0
2018 174  6 23 2000  -25.4  996.2    3.4  240.0   80.0  444.0
2018 174  6 23 2100  -25.4  996.2    1.6  259.0   80.0  444.0
2018 174  6 23 2200  -23.9  995.9    3.7  214.0   81.0  444.0
2018 174  6 23 2300  -23.0  995.9    4.7  203.0   81.5  444.0
2018 175  6 24 0000  -24.3  995.5    4.2  197.0   80.0  444.0
2018 175  6 24 0100  -25.2  995.5    3.4  201.0   80.0  444.0
2018 175  6 24 0200  -25.6  995.4    2.9  216.0   80.0  444.0
2018 175  6 24 0300  -25.4  995.3    3.2  206.0   80.0  444.0
2018 175  6 24 0400  -24.8  994.8    3.2  211.0   81.0  444.0
2018 175  6 24 0500  -23.9  994.5    3.0  198.0   81.0  444.0
2018 175  6 24 0600  -23.4  994.7    2.6  197.0   81.0  444.0
2018 175  6 24 0700  -23.0  994.0    3.2  190.0   81.0  444.0
2018 175  6 24 0800  -23.3  993.6    2.9  189.0   80.0  444.0
2018 175  6 24 0900  -23.4  993.7    2.7  216.0   80.0  444.0
2018 175  6 24 1000  -22.5  993.6    2.9  201.0   78.0  444.0
2018 175  6 24 1100  -22.3  993.1    2.2  209.0   77.0  444.0
2018 175  6 24 1200  -22.7  992.9    1.9  222.0   78.0  444.0
2018 175  6 24 1300  -23.0  992.6    2.2  258.0   78.0  444.0
2018 175  6 24 1400  -23.0  991.9    2.1  230.0   77.0  444.0
2018 175  6 24 1500  -23.2  991.6    2.6  242.0   77.0  444.0
2018 175  6 24 1600  -23.9  991.3    1.8  221.0   78.0  444.0
2018 175  6 24 1700  -23.7  990.7    2.5  267.0   79.0  444.0
2018 175  6 24 1800  -22.1  990.2    3.8  266.0   78.5  444.0
2018 175  6 24 1900  -21.2  989.7    4.9  254.0   75.0  444.0
2018 175  6 24 2000  -20.3  989.6    4.8  239.0   73.0  444.0
2018 175  6 24 2100  -20.4  989.2    4.3  247.0   74.0  444.0
2018 175  6 24 2200  -20.7  989.0    4.0  238.0   75.0  444.0
2018 175  6 24 2300  -20.8  988.5    5.3  250.0   76.0  444.0
2018 176  6 25 0000  -20.6  988.2    5.2  242.0   71.0  444.0
2018 176  6 25 0100  -21.8  987.8    5.3  236.0   73.0  444.0
2018 176  6 25 0200  -22.7  987.8    5.2  235.0   72.0  444.0
2018 176  6 25 0300  -23.7  987.7    3.1  227.0   70.0  444.0
2018 176  6 25 0400  -23.8  987.8    1.3  281.0   67.0  444.0
2018 176  6 25 0500  -23.8  987.7    1.6  320.0   68.0  444.0
2018 176  6 25 0600  -23.8  987.5    1.3  297.0   67.3  444.0
2018 176  6 25 0700  -24.6  987.6    2.3  329.0   68.0  444.0
2018 176  6 25 0800  -25.0  987.7    2.6  304.0   70.0  444.0
2018 176  6 25 0900  -26.3  987.9    2.3  347.0   72.0  444.0
2018 176  6 25 1000  -24.5  988.2    1.1   21.0   67.6  444.0
2018 176  6 25 1100  -24.6  988.3    1.8   10.0   71.0  444.0
2018 176  6 25 1200  -24.1  988.3    0.0    0.0   68.6  444.0
2018 176  6 25 1300  -23.4  988.7    0.0    0.0   62.0  444.0
2018 176  6 25 1400  -24.0  989.2    1.3   64.0   73.0  444.0
2018 176  6 25 1500  -23.5  989.3    0.8  122.0   67.0  444.0
2018 176  6 25 1600  -23.3  989.6    1.5  134.0   68.2  444.0
2018 176  6 25 1700  -23.3  990.0    3.0  163.0   62.0  444.0
2018 176  6 25 1800  -25.3  990.5    3.2  164.0   70.0  444.0
2018 176  6 25 1900  -26.0  990.8    3.9  163.0   70.0  444.0
2018 176  6 25 2000  -27.2  991.3    4.2  152.0   68.0  444.0
2018 176  6 25 2100  -27.4  991.7    4.7  179.0   68.3  444.0
2018 176  6 25 2200  -27.1  992.1    5.4  183.0   69.7  444.0
2018 176  6 25 2300  -26.7  992.3    6.1  179.0   69.0  444.0
2018 177  6 26 0000  -25.8  992.4    6.5  176.0   68.0  444.0
2018 177  6 26 0100  -25.1  992.6    7.0  173.0   69.0  444.0
2018 177  6 26 0200  -25.4  993.0    6.8  176.0   69.0  444.0
2018 177  6 26 0300  -24.4  993.0    6.9  175.0   70.0  444.0
2018 177  6 26 0400  -23.4  993.4    6.9  174.0   70.0  444.0
2018 177  6 26 0500  -23.4  993.0    7.7  181.0   74.0  444.0
2018 177  6 26 0600  -22.8  993.5    7.2  169.0   73.0  444.0
2018 177  6 26 0700  -22.7  993.7    7.2  167.0   75.0  444.0
2018 177  6 26 0800  -22.8  994.2    7.2  165.0   76.0  444.0
2018 177  6 26 0900  -22.8  994.4    7.2  154.0   77.0  444.0
2018 177  6 26 1000  -22.9  994.1    7.6  155.0   77.8  444.0
2018 177  6 26 1100  -23.2  995.0    5.3  148.0   79.0  444.0
2018 177  6 26 1200  -23.9  995.4    5.3  142.0   81.0  444.0
2018 177  6 26 1300  -24.1  995.7    5.8  139.0   81.0  444.0
2018 177  6 26 1400  -24.4  996.0    5.1  134.0   81.0  444.0
2018 177  6 26 1500  -24.5  995.9    6.1  140.0   81.2  444.0
2018 177  6 26 1600  -24.4  996.3    5.3  143.0   81.0  444.0
2018 177  6 26 1700  -24.3  996.4    5.3  144.0   81.0  444.0
2018 177  6 26 1800  -24.1  996.8    4.6  149.0   81.0  444.0
2018 177  6 26 1900  -24.2  997.0    4.4  155.0   81.0  444.0
2018 177  6 26 2000  -24.0  997.4    3.8  141.0   81.2  444.0
2018 177  6 26 2100  -24.2  997.7    3.5  155.0   81.0  444.0
2018 177  6 26 2200  -24.4  997.8    3.2  168.0   81.0  444.0
2018 177  6 26 2300  -24.6  997.8    3.2  188.0   81.0  444.0
2018 178  6 27 0000  -24.9  997.5    3.8  179.0   80.0  444.0
2018 178  6 27 0100  -25.2  997.6    3.6  176.0   80.0  444.0
2018 178  6 27 0200  -25.7  997.5    2.6  172.0   80.0  444.0
2018 178  6 27 0300  -26.1  997.5    2.2  186.0   79.0  444.0
2018 178  6 27 0400  -26.9  997.3    2.7  191.0   79.0  444.0
2018 178  6 27 0500  -27.0  997.2    2.0  194.0   79.0  444.0
2018 178  6 27 0600  -27.0  997.1    1.2  214.0   79.0  444.0
2018 178  6 27 0700  -26.9  996.5    2.3  214.0   79.0  444.0
2018 178  6 27 0800  -27.2  996.3    1.9  211.0   79.0  444.0
2018 178  6 27 0900  -27.9  996.0    1.9  208.0   77.9  444.0
2018 178  6 27 1000  -28.3  995.9    1.9  204.0   78.0  444.0
2018 178  6 27 1100  -28.2  995.9    1.4  213.0   78.0  444.0
2018 178  6 27 1200  -28.3  995.7    1.3  203.0   78.0  444.0
2018 178  6 27 1300  -29.1  995.1    1.8  229.0   77.0  444.0
2018 178  6 27 1400  -29.5  995.1    1.5  208.0   76.6  444.0
2018 178  6 27 1500  -29.9  995.0    1.3  205.0   76.0  444.0
2018 178  6 27 1600  -30.4  994.9    1.0  198.0   76.0  444.0
2018 178  6 27 1700  -30.9  994.8    1.1  199.0   76.0  444.0
2018 178  6 27 1800  -31.2  994.6    1.0  184.0   76.0  444.0
2018 178  6 27 1900  -32.0  994.4    1.1  197.0   75.0  444.0
2018 178  6 27 2000  -32.5  994.4    1.1  204.0   75.0  444.0
2018 178  6 27 2100  -32.3  994.4    1.2  206.0   75.0  444.0
2018 178  6 27 2200  -32.2  994.4    0.9  211.0   75.0  444.0
2018 178  6 27 2300  -32.3  994.3    1.0  227.0   74.7  444.0
2018 179  6 28 0000  -32.2  993.9    1.1  219.0   74.7  444.0
2018 179  6 28 0100  -31.9  993.7    1.4  206.0   75.0  444.0
2018 179  6 28 0200  -31.4  993.6    1.5  199.0   75.3  444.0
2018 179  6 28 0300  -31.0  993.3    1.6  187.0   76.0  444.0
2018 179  6 28 0400  -32.7  993.1    1.1  192.0   74.0  444.0
2018 179  6 28 0500  -32.2  993.0    1.3  208.0   75.0  444.0
2018 179  6 28 0600  -32.4  993.0    1.1  235.0   75.0  444.0
2018 179  6 28 0700  -30.9  992.7    1.5  220.0   76.0  444.0
2018 179  6 28 0800  -28.8  992.5    1.6  213.0   77.0  444.0
2018 179  6 28 0900  -28.2  992.4    1.9  214.0   77.0  444.0
2018 179  6 28 1000  -27.2  992.5    1.8  218.0   78.0  444.0
2018 179  6 28 1100  -26.6  992.3    1.9  213.0   79.0  444.0
2018 179  6 28 1200  -26.6  992.0    2.1  213.0   78.6  444.0
2018 179  6 28 1300  -26.8  991.6    1.6  204.0   79.0  444.0
2018 179  6 28 1400  -26.9  991.5    2.1  195.0   79.0  444.0
2018 179  6 28 1500  -27.0  991.4    2.0  189.0   79.0  444.0
2018 179  6 28 1600  -27.3  991.2    2.1  197.0   78.0  444.0
2018 179  6 28 1700  -28.2  990.9    2.3  185.0   77.4  444.0
2018 179  6 28 1800  -28.9  990.7    1.9  193.0   77.0  444.0
2018 179  6 28 1900  -28.8  990.5    2.1  203.0   77.0  444.0
2018 179  6 28 2000  -28.8  990.6    2.1  202.0   77.0  444.0
2018 179  6 28 2100  -29.1  990.4    1.8  204.0   77.0  444.0
2018 179  6 28 2200  -29.2  990.3    1.8  202.0   76.7  444.0
2018 179  6 28 2300  -29.4  990.1    2.3  196.0   77.0  444.0
2018 180  6 29 0000  -29.5  989.9    0.4  192.0   77.0  444.0
2018 180  6 29 0100  -29.4  989.8    2.2  189.0   77.0  444.0
2018 180  6 29 0200  -29.3  989.7    2.1  192.0   77.0  444.0
2018 180  6 29 0300  -29.5  989.4    2.1  191.0   76.0  444.0
2018 180  6 29 0400  -29.8  989.4    1.7  201.0   76.0  444.0
2018 180  6 29 0500  -29.7  989.1    2.2  191.0   76.3  444.0
2018 180  6 29 0600  -30.0  989.0    2.6  186.0   76.0  444.0
2018 180  6 29 0700  -30.5  988.7    2.9  189.0   76.0  444.0
2018 180  6 29 0800  -30.7  988.7    2.7  188.0   76.0  444.0
2018 180  6 29 0900  -31.1  988.7    2.7  194.0   75.0  444.0
2018 180  6 29 1000  -31.2  988.8    2.5  196.0   75.5  444.0
2018 180  6 29 1100  -30.9  988.7    2.1  209.0   76.0  444.0
2018 180  6 29 1200  -30.8  988.7    2.5  191.0   76.0  444.0
2018 180  6 29 1300  -30.9  988.6    2.5  197.0   76.0  444.0
2018 180  6 29 1400  -30.9  988.4    1.8  212.0   76.0  444.0
2018 180  6 29 1500  -31.2  988.4    2.2  195.0   75.3  444.0
2018 180  6 29 1600  -31.6  988.3    1.7  211.0   75.0  444.0
2018 180  6 29 1700  -31.3  988.3    1.8  206.0   75.0  444.0
2018 180  6 29 1800  -31.2  988.3    2.1  204.0   75.0  444.0
2018 180  6 29 1900  -32.0  988.3    2.0  201.0   75.0  444.0
2018 180  6 29 2000  -32.6  988.7    1.6  221.0   74.0  444.0
2018 180  6 29 2100  -32.4  988.9    1.9  224.0   75.0  444.0
2018 180  6 29 2200  -32.0  988.9    2.0  228.0   75.0  444.0
2018 180  6 29 2300  -30.5  989.1    2.3  216.0   75.9  444.0
2018 181  6 30 0000  -30.2  988.8    2.2  225.0   76.0  444.0
2018 181  6 30 0100  -28.8  988.8    2.5  222.0   77.0  444.0
2018 181  6 30 0200  -28.5  988.8    2.6  210.0   77.0  444.0
2018 181  6 30 0300  -28.4  988.8    2.5  219.0   77.2  444.0
2018 181  6 30 0400  -27.6  988.6    2.8  212.0   78.0  444.0
2018 181  6 30 0500  -27.8  988.8    2.6  208.0   78.0  444.0
2018 181  6 30 0600  -27.0  988.8    2.9  194.0   78.0  444.0
2018 181  6 30 0700  -27.2  988.9    3.1  190.0   78.0  444.0
2018 181  6 30 0800  -27.9  989.2    2.1  196.0   77.0  444.0
2018 181  6 30 0900  -28.9  989.4    2.2  202.0   77.0  444.0
2018 181  6 30 1000  -28.5  989.4    4.2  186.0   77.0  444.0
2018 181  6 30 1100  -29.2  989.7    4.0  190.0   76.6  444.0
2018 181  6 30 1200  -30.5  989.7    4.0  184.0   76.0  444.0
2018 181  6 30 1300  -31.1  989.6    4.0  191.0   75.0  444.0
2018 181  6 30 1400  -31.5  989.7    4.3  186.0   75.0  444.0
2018 181  6 30 1500  -31.5  989.5    4.1  191.0   75.0  444.0
2018 181  6 30 1600  -31.3  989.7    3.9  196.0   75.3  444.0
2018 181  6 30 1700  -31.0  989.5    4.8  202.0   76.0  444.0
2018 181  6 30 1800  -30.5  989.4    4.7  212.0   76.0  444.0
2018 181  6 30 1900  -30.5  989.1    4.7  216.0   76.0  444.0
2018 181  6 30 2000  -31.0  989.4    4.0  208.0   75.0  444.0
2018 181  6 30 2100  -32.1  989.2    3.6  216.0   74.7  444.0
2018 181  6 30 2200  -31.9  988.6    4.0  213.0   75.0  444.0
2018 181  6 30 2300  -32.4  988.5    4.0  213.0   74.0  444.0
