Year: 2019  Month: 03  ID: SWT  ARGOS:  8913  Name: Schwerdtfeger       
Lat: 79.87S  Lon: 170.15E  Elev:   54m
2019  60  3  1 0000  -14.4  976.3    5.1  285.0   73.0  444.0
2019  60  3  1 0100  -15.0  976.7    2.2  272.0   76.8  444.0
2019  60  3  1 0200  -14.4  977.0    1.5  323.0   78.0  444.0
2019  60  3  1 0300  -17.2  977.2    3.1    2.0   76.0  444.0
2019  60  3  1 0400  -16.1  977.6    3.1  343.0   78.0  444.0
2019  60  3  1 0500  -13.7  977.8    3.3  188.0   69.0  444.0
2019  60  3  1 0600  -15.9  978.5    3.1  124.0   74.0  444.0
2019  60  3  1 0700  -13.9  979.6    1.7  322.0   70.0  444.0
2019  60  3  1 0800  -14.4  980.5    1.4   74.0   73.0  444.0
2019  60  3  1 0900  -15.1  981.4    2.1   42.0   79.0  444.0
2019  60  3  1 1000  -14.3  982.0    1.5  119.0   73.0  444.0
2019  60  3  1 1100  -14.6  982.7    2.4  145.0   78.0  444.0
2019  60  3  1 1200  -14.3  983.6    3.6  129.0   74.0  444.0
2019  60  3  1 1300  -15.4  984.5    3.2  126.0   81.0  444.0
2019  60  3  1 1400  -16.8  985.3    3.6  132.0   81.0  444.0
2019  60  3  1 1500  -16.6  986.0    3.9  123.0   82.0  444.0
2019  60  3  1 1600  -15.5  986.9    4.7  118.0   86.0  444.0
2019  60  3  1 1700  -14.9  987.5    4.7  107.0   87.0  444.0
2019  60  3  1 1800  -14.8  988.3    4.4   91.0   88.0  444.0
2019  60  3  1 1900  -14.2  988.9    4.9   67.0   89.0  444.0
2019  60  3  1 2000  -15.9  989.8    4.2   37.0   86.0  444.0
2019  60  3  1 2100  -17.8  990.6    3.2   41.0   90.0  444.0
2019  60  3  1 2200  -16.3  991.1    3.9   46.0   88.0  444.0
2019  60  3  1 2300  -15.8  992.0    5.9  319.0   88.0  444.0
2019  61  3  2 0000  -14.4  992.7    5.8  302.0   89.9  444.0
2019  61  3  2 0100  -14.3  993.3    5.7  288.0   79.0  444.0
2019  61  3  2 0200  -14.7  994.0    4.8   17.0   75.0  444.0
2019  61  3  2 0300  -14.9  994.6    2.7    9.0   73.0  444.0
2019  61  3  2 0400  -16.9  995.1    4.5   11.0   77.2  444.0
2019  61  3  2 0500  -17.3  995.2    3.9  345.0   76.0  444.0
2019  61  3  2 0600  -17.5  995.7    3.7  320.0   73.0  444.0
2019  61  3  2 0700  -19.6  996.1    3.5   17.0   76.0  444.0
2019  61  3  2 0800  -17.0  996.2    3.7  333.0   74.0  444.0
2019  61  3  2 0900  -19.6  996.5    4.3    1.0   77.0  444.0
2019  61  3  2 1000  -18.6  996.8    2.9  320.0   75.0  444.0
2019  61  3  2 1100  -16.9  996.9    2.4  271.0   75.0  444.0
2019  61  3  2 1200  -17.7  997.2    3.1  221.0   75.4  444.0
2019  61  3  2 1300  -21.1  996.9    3.3  185.0   80.0  444.0
2019  61  3  2 1400  -21.6  996.9    4.2  181.0   78.0  444.0
2019  61  3  2 1500  -22.3  996.8    2.5  142.0   78.0  444.0
2019  61  3  2 1600  -20.3  996.5    2.7  154.0   78.0  444.0
2019  61  3  2 1700  -19.5  996.4    3.0  186.0   79.2  444.0
2019  61  3  2 1800  -18.6  996.1    3.6  178.0   77.0  444.0
2019  61  3  2 1900  -17.7  996.3    3.8  148.0   79.0  444.0
2019  61  3  2 2000  -15.9  995.6    4.4  182.0   81.0  444.0
2019  61  3  2 2100  -15.0  995.4    3.8  188.0   87.0  444.0
2019  61  3  2 2200  -15.6  995.0    6.2  213.0   86.2  444.0
2019  61  3  2 2300  -16.3  994.6    7.1  268.0   86.0  444.0
2019  62  3  3 0000  -16.3  994.3    7.0  210.0   86.0  444.0
2019  62  3  3 0100  -15.1  993.9    6.2  202.0   87.0  444.0
2019  62  3  3 0200  -14.2  993.2    7.5  190.0   86.9  444.0
2019  62  3  3 0300  -14.1  992.7    7.9  184.0   87.0  444.0
2019  62  3  3 0400  -13.5  992.3    7.6  182.0   89.0  444.0
2019  62  3  3 0500  -12.8  992.2    7.5  176.0   90.0  444.0
2019  62  3  3 0600  -12.9  992.1    7.6  174.0   90.6  444.0
2019  62  3  3 0700  -13.4  992.0    8.2  173.0   91.0  444.0
2019  62  3  3 0800  -13.4  992.1    8.6  172.0   91.0  444.0
2019  62  3  3 0900  -13.7  992.3    9.3  172.0   91.0  444.0
2019  62  3  3 1000  -13.8  992.2   10.1  174.0   91.3  444.0
2019  62  3  3 1100  -14.0  992.7    9.9  172.0   91.2  444.0
2019  62  3  3 1200  -14.2  992.8   10.1  175.0   91.0  444.0
2019  62  3  3 1300  -14.3  993.1   10.6  178.0   91.0  444.0
2019  62  3  3 1400  -14.8  993.3   11.0  180.0   90.0  444.0
2019  62  3  3 1500  -15.5  993.8   11.4  185.0   89.7  444.0
2019  62  3  3 1600  -16.0  994.0   11.3  184.0   89.8  444.0
2019  62  3  3 1700  -15.6  994.5   10.1  183.0   90.0  444.0
2019  62  3  3 1800  -15.3  994.9    9.2  187.0   90.0  444.0
2019  62  3  3 1900  -15.4  995.2    9.8  194.0   89.0  444.0
2019  62  3  3 2000  -15.2  995.3    9.8  191.0   89.0  444.0
2019  62  3  3 2100  -15.1  995.7    9.2  196.0   89.0  444.0
2019  62  3  3 2200  -14.9  995.9    8.9  199.0   88.0  444.0
2019  62  3  3 2300  -14.8  996.4    8.3  208.0   88.0  444.0
2019  63  3  4 0000  -14.9  996.2    8.7  210.0   88.0  444.0
2019  63  3  4 0100  -14.8  996.3    8.4  208.0   88.0  444.0
2019  63  3  4 0200  -14.6  996.0    8.8  212.0   88.0  444.0
2019  63  3  4 0300  -14.6  996.0    8.4  217.0   88.0  444.0
2019  63  3  4 0400  -14.5  995.9    8.7  218.0   88.6  444.0
2019  63  3  4 0500  -15.4  995.9    8.3  226.0   89.0  444.0
2019  63  3  4 0600  -15.5  995.7    8.3  226.0   89.0  444.0
2019  63  3  4 0700  -15.5  995.7    8.1  227.0   89.0  444.0
2019  63  3  4 0800  -15.3  995.6    7.2  224.0   90.0  444.0
2019  63  3  4 0900  -15.2  995.6    6.8  227.0   89.9  444.0
2019  63  3  4 1000  -15.5  995.2    6.8  230.0   90.0  444.0
2019  63  3  4 1100  -15.7  995.2    6.7  228.0   90.0  444.0
2019  63  3  4 1200  -16.1  995.0    7.0  244.0   89.0  444.0
2019  63  3  4 1300  -16.9  994.9    7.1  240.0   88.0  444.0
2019  63  3  4 1400  -17.2  994.6    6.4  240.0   87.0  444.0
2019  63  3  4 1500  -18.9  994.6    6.2  250.0   85.0  444.0
2019  63  3  4 1600  -19.0  994.4    5.8  248.0   84.0  444.0
2019  63  3  4 1700  -19.7  994.3    5.9  258.0   84.0  444.0
2019  63  3  4 1800  -21.2  994.1    5.6  253.0   81.0  444.0
2019  63  3  4 1900  -21.3  994.1    5.5  254.0   81.3  444.0
2019  63  3  4 2000  -22.1  993.9    5.8  252.0   82.0  444.0
2019  63  3  4 2100  -24.3  993.6    3.6  245.0   81.0  444.0
2019  63  3  4 2200  -25.8  993.9    2.8  259.0   78.0  444.0
2019  63  3  4 2300  -23.4  993.7    3.8  264.0   76.7  444.0
2019  64  3  5 0000  -22.8  993.5    2.6  271.0   78.2  444.0
2019  64  3  5 0100  -22.0  993.3    2.3  226.0   78.3  444.0
2019  64  3  5 0200  -21.9  992.9    2.3  278.0   78.0  444.0
2019  64  3  5 0300  -20.9  992.8    3.0  247.0   80.0  444.0
2019  64  3  5 0400  -22.4  992.5    3.6  226.0   80.3  444.0
2019  64  3  5 0500  -22.9  992.4    3.3  225.0   79.0  444.0
2019  64  3  5 0600  -23.2  992.5    3.8  216.0   79.0  444.0
2019  64  3  5 0700  -24.4  992.4    3.5  223.0   76.3  444.0
2019  64  3  5 0800  -25.4  992.6    3.3  239.0   78.0  444.0
2019  64  3  5 0900  -24.0  992.7    4.6  227.0   81.0  444.0
2019  64  3  5 1000  -22.6  992.9    4.0  219.0   84.0  444.0
2019  64  3  5 1100  -21.4  992.9    3.3  225.0   83.0  444.0
2019  64  3  5 1200  -21.4  993.0    3.5  232.0   82.0  444.0
2019  64  3  5 1300  -21.6  993.1    4.5  237.0   87.0  444.0
2019  64  3  5 1400  -19.9  993.0    4.7  239.0   86.0  444.0
2019  64  3  5 1500  -21.5  992.7    4.9  244.0   80.0  444.0
2019  64  3  5 1600  -22.3  992.6    4.3  237.0   78.0  444.0
2019  64  3  5 1700  -22.8  992.5    4.0  241.0   79.4  444.0
2019  64  3  5 1800  -24.8  992.4    4.2  216.0   81.0  444.0
2019  64  3  5 1900  -25.8  992.4    4.1  238.0   80.0  444.0
2019  64  3  5 2000  -26.6  992.3    4.4  228.0   79.0  444.0
2019  64  3  5 2100  -26.5  992.4    3.9  236.0   76.8  444.0
2019  64  3  5 2200  -24.3  992.2    4.6  235.0   78.3  444.0
2019  64  3  5 2300  -22.3  992.1    4.5  239.0   80.0  444.0
2019  65  3  6 0000  -22.0  991.8    4.9  242.0   80.0  444.0
2019  65  3  6 0100  -21.7  991.6    4.6  242.0   79.0  444.0
2019  65  3  6 0200  -20.1  991.3    4.7  231.0   77.0  444.0
2019  65  3  6 0300  -20.3  990.8    5.2  251.0   72.0  444.0
2019  65  3  6 0400  -20.1  990.5    5.9  236.0   75.0  444.0
2019  65  3  6 0500  -21.2  990.2    6.1  231.0   73.2  444.0
2019  65  3  6 0600  -22.6  989.9    5.0  247.0   80.0  444.0
2019  65  3  6 0700  -21.4  989.7    5.6  248.0   82.0  444.0
2019  65  3  6 0800  -21.2  989.5    4.6  231.0   82.0  444.0
2019  65  3  6 0900  -20.4  989.2    5.6  244.0   81.0  444.0
2019  65  3  6 1000  -21.2  989.0    5.9  241.0   77.9  444.0
2019  65  3  6 1100  -21.3  989.0    5.4  234.0   75.0  444.0
2019  65  3  6 1200  -21.2  988.8    5.8  245.0   74.0  444.0
2019  65  3  6 1300  -21.0  988.7    5.7  246.0   74.0  444.0
2019  65  3  6 1400  -21.4  988.2    6.3  251.0   73.0  444.0
2019  65  3  6 1500  -21.7  987.9    4.9  240.0   72.4  444.0
2019  65  3  6 1600  -21.5  987.7    3.9  240.0   72.0  444.0
2019  65  3  6 1700  -21.3  987.5    4.9  248.0   71.0  444.0
2019  65  3  6 1800  -21.5  987.4    4.8  251.0   72.0  444.0
2019  65  3  6 1900  -21.8  987.4    4.3  246.0   74.2  444.0
2019  65  3  6 2000  -21.9  987.3    4.3  251.0   75.0  444.0
2019  65  3  6 2100  -22.2  987.0    5.3  254.0   76.0  444.0
2019  65  3  6 2200  -21.9  987.1    5.9  246.0   75.0  444.0
2019  65  3  6 2300  -20.9  987.0    5.8  242.0   76.0  444.0
2019  66  3  7 0000  -20.2  987.0    5.5  237.0   76.1  444.0
2019  66  3  7 0100  -19.6  986.9    5.6  232.0   77.0  444.0
2019  66  3  7 0200  -19.2  986.8    5.7  230.0   77.0  444.0
2019  66  3  7 0300  -19.0  986.5    6.2  232.0   77.0  444.0
2019  66  3  7 0400  -18.5  986.2    6.1  228.0   76.0  444.0
2019  66  3  7 0500  -18.1  986.0    6.0  217.0   76.8  444.0
2019  66  3  7 0600  -17.5  986.1    5.6  194.0   74.0  444.0
2019  66  3  7 0700  -17.1  986.1    6.4  192.0   74.0  444.0
2019  66  3  7 0800  -17.3  986.2    7.4  185.0   75.1  444.0
2019  66  3  7 0900  -17.6  986.7    6.6  172.0   78.0  444.0
2019  66  3  7 1000  -17.9  986.9    6.3  177.0   77.0  444.0
2019  66  3  7 1100  -18.2  986.8    6.3  180.0   78.0  444.0
2019  66  3  7 1200  -18.6  986.7    7.9  187.0   78.0  444.0
2019  66  3  7 1300  -19.0  987.0    7.8  182.0   79.0  444.0
2019  66  3  7 1400  -19.0  987.3    7.2  176.0   82.0  444.0
2019  66  3  7 1500  -19.5  987.6    6.0  173.0   84.0  444.0
2019  66  3  7 1600  -19.9  988.0    5.1  176.0   84.0  444.0
2019  66  3  7 1700  -20.2  988.3    4.6  188.0   84.0  444.0
2019  66  3  7 1800  -20.5  988.6    4.3  195.0   84.0  444.0
2019  66  3  7 1900  -20.7  988.7    4.2  196.0   83.0  444.0
2019  66  3  7 2000  -21.2  988.9    3.2  189.0   82.0  444.0
2019  66  3  7 2100  -20.8  989.0    3.3  198.0   81.0  444.0
2019  66  3  7 2200  -20.2  989.1    2.3  220.0   80.0  444.0
2019  66  3  7 2300  -19.5  989.0    1.8  245.0   76.0  444.0
2019  67  3  8 0000  -19.8  988.9    2.4  253.0   75.0  444.0
2019  67  3  8 0100  -20.4  988.5    3.9  249.0   78.0  444.0
2019  67  3  8 0200  -20.6  988.1    4.7  248.0   75.0  444.0
2019  67  3  8 0300  -20.6  987.9    5.3  238.0   75.0  444.0
2019  67  3  8 0400  -20.4  987.8    4.2  228.0   77.0  444.0
2019  67  3  8 0500  -20.4  987.6    4.5  234.0   77.0  444.0
2019  67  3  8 0600  -20.3  987.4    4.0  243.0   77.0  444.0
2019  67  3  8 0700  -20.4  987.1    3.7  235.0   78.0  444.0
2019  67  3  8 0800  -20.6  986.9    4.0  240.0   77.0  444.0
2019  67  3  8 0900  -20.8  986.5    4.0  231.0   77.0  444.0
2019  67  3  8 1000  -21.2  986.4    2.5  236.0   78.0  444.0
2019  67  3  8 1100  -21.3  986.0    3.0  249.0   78.0  444.0
2019  67  3  8 1200  -21.4  985.8    3.3  248.0   76.0  444.0
2019  67  3  8 1300  -21.7  985.6    3.7  249.0   75.0  444.0
2019  67  3  8 1400  -23.2  985.1    2.7  270.0   76.0  444.0
2019  67  3  8 1500  -24.4  984.9    2.7  276.0   78.0  444.0
2019  67  3  8 1600  -24.4  984.6    1.9  293.0   79.0  444.0
2019  67  3  8 1700  -25.3  984.4    3.2  283.0   76.0  444.0
2019  67  3  8 1800  -27.6  984.3    1.8  260.0   76.0  444.0
2019  67  3  8 1900  -29.1  984.1    2.8  289.0   76.0  444.0
2019  67  3  8 2000  -29.8  984.2    3.0  283.0   76.0  444.0
2019  67  3  8 2100  -27.7  984.1    3.7  265.0   71.0  444.0
2019  67  3  8 2200  -28.1  984.2    2.6  291.0   70.0  444.0
2019  67  3  8 2300  -28.0  984.2    3.0  296.0   70.0  444.0
2019  68  3  9 0000  -27.0  984.1    3.3  252.0   66.0  444.0
2019  68  3  9 0100  -26.0  984.0    1.0  297.0   66.2  444.0
2019  68  3  9 0200  -26.5  983.9    2.6  264.0   67.5  444.0
2019  68  3  9 0300  -27.5  983.9    2.0  316.0   70.0  444.0
2019  68  3  9 0400  -24.7  983.7    2.7  264.0   65.0  444.0
2019  68  3  9 0500  -24.3  983.5    3.6  249.0   64.0  444.0
2019  68  3  9 0600  -24.7  983.7    3.4  246.0   67.0  444.0
2019  68  3  9 0700  -25.8  983.9    3.0  254.0   67.0  444.0
2019  68  3  9 0800  -27.4  984.2    2.5  327.0   73.0  444.0
2019  68  3  9 0900  -26.1  984.2    2.5  329.0   76.0  444.0
2019  68  3  9 1000  -25.1  984.4    2.8  317.0   78.0  444.0
2019  68  3  9 1100  -24.6  984.5    1.9  309.0   81.0  444.0
2019  68  3  9 1200  -24.1  984.5    1.9  342.0   81.0  444.0
2019  68  3  9 1300  -23.5  984.5    2.0  335.0   81.0  444.0
2019  68  3  9 1400  -23.0  984.7    1.9  328.0   81.0  444.0
2019  68  3  9 1500  -22.8  984.7    1.6  322.0   81.0  444.0
2019  68  3  9 1600  -22.5  984.8    1.9  306.0   80.0  444.0
2019  68  3  9 1700  -22.4  985.0    1.2  304.0   80.0  444.0
2019  68  3  9 1800  -22.2  985.2    2.0  311.0   80.0  444.0
2019  68  3  9 1900  -22.2  984.9    2.2  327.0   80.5  444.0
2019  68  3  9 2000  -23.1  985.0    3.2  333.0   81.0  444.0
2019  68  3  9 2100  -26.4  984.7    3.4  323.0   78.0  444.0
2019  68  3  9 2200  -27.0  984.4    3.4  316.0   78.0  444.0
2019  68  3  9 2300  -27.7  984.4    3.3  305.0   76.3  444.0
2019  69  3 10 0000  -27.6  984.0    3.2  316.0   77.0  444.0
2019  69  3 10 0100  -23.9  983.3    6.5  288.0   76.0  444.0
2019  69  3 10 0200  -23.2  983.7    6.7  274.0   69.0  444.0
2019  69  3 10 0300  -22.6  983.0    6.8  281.0   72.0  444.0
2019  69  3 10 0400  -22.7  983.1    5.5  276.0   72.6  444.0
2019  69  3 10 0500  -22.3  982.5    5.6  288.0   74.0  444.0
2019  69  3 10 0600  -21.8  982.4    5.5  266.0   75.0  444.0
2019  69  3 10 0700  -24.2  982.3    3.9  294.0   77.0  444.0
2019  69  3 10 0800  -25.8  982.0    3.3  283.0   81.0  444.0
2019  69  3 10 0900  -22.2  981.7    3.9  277.0   78.0  444.0
2019  69  3 10 1000  -20.5  981.5    3.8  277.0   78.0  444.0
2019  69  3 10 1100  -18.1  981.1    6.0  279.0   75.0  444.0
2019  69  3 10 1200  -16.9  980.8    7.1  270.0   77.0  444.0
2019  69  3 10 1300  -16.8  980.8    6.8  254.0   77.0  444.0
2019  69  3 10 1400  -16.3  980.9    6.3  249.0   78.0  444.0
2019  69  3 10 1500  -16.3  980.9    6.1  254.0   78.0  444.0
2019  69  3 10 1600  -17.4  980.9    3.9  265.0   78.5  444.0
2019  69  3 10 1700  -17.0  980.7    6.0  267.0   73.1  444.0
2019  69  3 10 1800  -19.5  980.6    4.3  286.0   75.0  444.0
2019  69  3 10 1900  -20.4  980.5    3.7  298.0   80.0  444.0
2019  69  3 10 2000  -18.8  980.3    5.7  276.0   73.0  444.0
2019  69  3 10 2100  -18.5  980.0    6.4  270.0   70.0  444.0
2019  69  3 10 2200  -17.9  979.8    6.9  270.0   72.0  444.0
2019  69  3 10 2300  -17.8  979.9    7.6  280.0   73.0  444.0
2019  70  3 11 0000  -17.0  980.0    8.5  275.0   70.0  444.0
2019  70  3 11 0100  -17.0  979.8    6.5  270.0   72.0  444.0
2019  70  3 11 0200  -16.5  979.7    8.2  277.0   71.0  444.0
2019  70  3 11 0300  -16.7  980.1    6.3  275.0   71.0  444.0
2019  70  3 11 0400  -17.3  980.1    5.6  262.0   74.0  444.0
2019  70  3 11 0500  -16.7  980.5    5.5  270.0   76.0  444.0
2019  70  3 11 0600  -15.2  980.6    7.0  266.0   75.9  444.0
2019  70  3 11 0700  -14.5  980.7    0.8  273.0   73.0  444.0
2019  70  3 11 0800  -15.8  981.3    8.0  282.0   75.0  444.0
2019  70  3 11 0900  -16.5  982.1    5.5  285.0   77.0  444.0
2019  70  3 11 1000  -17.7  982.5    6.3  281.0   76.0  444.0
2019  70  3 11 1100  -20.5  983.3    4.5  299.0   79.5  444.0
2019  70  3 11 1200  -22.0  984.0    5.6  302.0   80.0  444.0
2019  70  3 11 1300  -22.1  984.6    6.4  306.0   79.0  444.0
2019  70  3 11 1400  -23.3  985.3    3.6  322.0   77.0  444.0
2019  70  3 11 1500  -23.5  985.5    3.7  295.0   77.0  444.0
2019  70  3 11 1600  -24.0  986.0    3.6  260.0   74.1  444.0
2019  70  3 11 1700  -26.0  986.4    4.0  306.0   77.0  444.0
2019  70  3 11 1800  -26.4  986.9    3.7  295.0   77.0  444.0
2019  70  3 11 1900  -27.9  987.6    4.1  323.0   76.0  444.0
2019  70  3 11 2000  -27.8  988.0    3.7  313.0   75.0  444.0
2019  70  3 11 2100  -26.4  988.5    3.6  289.0   73.0  444.0
2019  70  3 11 2200  -24.0  989.0    4.1  271.0   69.0  444.0
2019  70  3 11 2300  -25.0  989.0    4.1  304.0   70.0  444.0
2019  71  3 12 0000  -23.4  989.1    5.7  291.0   75.0  444.0
2019  71  3 12 0100  -22.5  989.3    4.8  303.0   79.0  444.0
2019  71  3 12 0200  -22.0  989.1    4.7  315.0   78.0  444.0
2019  71  3 12 0300  -23.0  989.4    5.8  304.0   78.0  444.0
2019  71  3 12 0400  -25.9  989.6    5.0  265.0   74.0  444.0
2019  71  3 12 0500  -25.8  989.6    6.4  279.0   75.0  444.0
2019  71  3 12 0600  -26.2  989.8    7.8  266.0   77.0  444.0
2019  71  3 12 0700  -26.1  990.0    8.4  251.0   78.0  444.0
2019  71  3 12 0800  -26.3  990.5    6.9  243.0   79.0  444.0
2019  71  3 12 0900  -25.8  990.9    6.5  246.0   80.2  444.0
2019  71  3 12 1000  -23.9  991.3    5.6  236.0   83.0  444.0
2019  71  3 12 1100  -23.6  991.3    4.3  237.0   83.0  444.0
2019  71  3 12 1200  -23.3  991.3    3.3  242.0   83.0  444.0
2019  71  3 12 1300  -22.8  991.4    3.0  246.0   83.0  444.0
2019  71  3 12 1400  -22.8  991.2    1.6  296.0   82.7  444.0
2019  71  3 12 1500  -27.5  991.1    3.0  317.0   77.0  444.0
2019  71  3 12 1600  -29.2  990.7    2.8  285.0   77.0  444.0
2019  71  3 12 1700  -29.8  991.0    4.1  315.0   77.0  444.0
2019  71  3 12 1800  -31.8  990.7    3.8  331.0   75.0  444.0
2019  71  3 12 1900  -31.2  990.3    4.0  330.0   74.3  444.0
2019  71  3 12 2000  -29.9  989.9    4.0  320.0   74.0  444.0
2019  71  3 12 2100  -27.7  989.7    4.5  315.0   75.0  444.0
2019  71  3 12 2200  -28.4  989.6    3.7  316.0   74.0  444.0
2019  71  3 12 2300  -27.1  989.6    3.9  331.0   75.1  444.0
2019  72  3 13 0000  -27.4  989.2    2.3  335.0   74.0  444.0
2019  72  3 13 0100  -26.4  988.8    3.2  325.0   76.0  444.0
2019  72  3 13 0200  -25.1  988.1    3.4  331.0   79.0  444.0
2019  72  3 13 0300  -22.6  987.8    2.6  308.0   80.6  444.0
2019  72  3 13 0400  -22.0  987.5    3.5  309.0   81.6  444.0
2019  72  3 13 0500  -22.0  987.3    3.3  301.0   77.0  444.0
2019  72  3 13 0600  -22.1  986.8    5.5  274.0   71.0  444.0
2019  72  3 13 0700  -23.6  986.4    3.9  270.0   70.0  444.0
2019  72  3 13 0800  -25.2  986.2    3.7  292.0   75.0  444.0
2019  72  3 13 0900  -26.3  986.1    3.0  341.0   77.0  444.0
2019  72  3 13 1000  -26.5  985.5    4.5  308.0   76.0  444.0
2019  72  3 13 1100  -27.3  984.8    5.5  288.0   76.3  444.0
2019  72  3 13 1200  -25.2  984.4    7.4  259.0   75.7  444.0
2019  72  3 13 1300  -24.4  984.3   10.4  245.0   77.0  444.0
2019  72  3 13 1400  -24.8  984.0    8.5  247.0   73.0  444.0
2019  72  3 13 1500  -24.5  983.7    8.8  243.0   74.0  444.0
2019  72  3 13 1600  -25.4  983.7    5.8  252.0   73.0  444.0
2019  72  3 13 1700  -28.9  983.6    3.9  284.0   75.5  444.0
2019  72  3 13 1800  -29.2  984.0    5.1  268.0   77.0  444.0
2019  72  3 13 1900  -30.8  984.3    5.3  246.0   75.0  444.0
2019  72  3 13 2000  -30.9  984.3    3.3  246.0   77.0  444.0
2019  72  3 13 2100  -30.6  984.3    3.3  224.0   73.6  444.0
2019  72  3 13 2200  -31.2  984.7    4.1  226.0   73.0  444.0
2019  72  3 13 2300  -30.8  985.3    3.4  237.0   72.0  444.0
2019  73  3 14 0000  -30.2  985.5    3.7  234.0   73.0  444.0
2019  73  3 14 0100  -29.9  985.4    4.1  238.0   74.0  444.0
2019  73  3 14 0200  -29.8  985.6    3.8  220.0   72.8  444.0
2019  73  3 14 0300  -30.0  985.9    4.3  212.0   73.0  444.0
2019  73  3 14 0400  -29.2  985.7    4.2  221.0   76.0  444.0
2019  73  3 14 0500  -27.9  985.8    5.2  230.0   77.0  444.0
2019  73  3 14 0600  -28.2  985.8    3.5  216.0   76.0  444.0
2019  73  3 14 0700  -29.1  985.9    4.5  216.0   76.0  444.0
2019  73  3 14 0800  -29.3  985.8    4.3  219.0   77.0  444.0
2019  73  3 14 0900  -27.5  985.7    5.4  227.0   79.0  444.0
2019  73  3 14 1000  -28.1  985.3    5.4  228.0   78.0  444.0
2019  73  3 14 1100  -29.5  985.2    4.8  227.0   77.0  444.0
2019  73  3 14 1200  -31.8  984.5    6.5  220.0   75.0  444.0
2019  73  3 14 1300  -31.6  984.1    6.4  210.0   76.0  444.0
2019  73  3 14 1400  -31.4  984.4    5.3  212.0   75.7  444.0
2019  73  3 14 1500  -31.6  984.0    5.7  208.0   76.0  444.0
2019  73  3 14 1600  -29.4  984.0    7.0  205.0   77.0  444.0
2019  73  3 14 1700  -28.6  984.2    6.2  208.0   77.0  444.0
2019  73  3 14 1800  -27.3  983.7    7.1  205.0   79.0  444.0
2019  73  3 14 1900  -27.0  984.0    6.9  204.0   78.4  444.0
2019  73  3 14 2000  -26.3  983.3    7.5  204.0   79.0  444.0
2019  73  3 14 2100  -24.6  983.0    8.2  201.0   80.0  444.0
2019  73  3 14 2200  -24.3  983.6    6.8  203.0   80.0  444.0
2019  73  3 14 2300  -24.5  983.2    7.9  206.0   79.0  444.0
2019  74  3 15 0000  -24.9  983.3    7.9  198.0   78.8  444.0
2019  74  3 15 0100  -26.3  983.1    7.6  204.0   78.0  444.0
2019  74  3 15 0200  -26.6  982.7    6.7  208.0   76.0  444.0
2019  74  3 15 0300  -25.5  982.4    7.0  208.0   79.0  444.0
2019  74  3 15 0400  -24.2  982.3    6.7  207.0   80.0  444.0
2019  74  3 15 0500  -22.4  982.1    6.7  195.0   82.0  444.0
2019  74  3 15 0600  -22.7  982.2    6.1  193.0   82.0  444.0
2019  74  3 15 0700  -22.1  982.0    5.8  192.0   83.0  444.0
2019  74  3 15 0800  -23.4  982.1    6.5  201.0   82.0  444.0
2019  74  3 15 0900  -26.0  981.6    6.3  206.0   79.0  444.0
2019  74  3 15 1000  -29.6  981.3    6.1  195.0   77.0  444.0
2019  74  3 15 1100  -30.8  981.2    5.4  202.0   76.0  444.0
2019  74  3 15 1200  -31.7  980.8    4.8  210.0   75.8  444.0
2019  74  3 15 1300  -31.7  980.6    3.2  214.0   76.0  444.0
2019  74  3 15 1400  -32.3  980.1    4.4  208.0   75.0  444.0
2019  74  3 15 1500  -33.3  979.9    4.6  226.0   75.0  444.0
2019  74  3 15 1600  -33.9  979.8    4.5  223.0   74.0  444.0
2019  74  3 15 1700  -33.5  979.2    4.9  224.0   74.4  444.0
2019  74  3 15 1800  -34.4  978.9    4.2  227.0   74.0  444.0
2019  74  3 15 1900  -34.9  978.5    3.5  218.0   73.0  444.0
2019  74  3 15 2000  -34.2  977.8    3.5  218.0   73.0  444.0
2019  74  3 15 2100  -33.8  977.6    3.0  236.0   73.0  444.0
2019  74  3 15 2200  -31.2  977.1    3.1  218.0   73.3  444.0
2019  74  3 15 2300  -31.2  976.9    2.5  219.0   74.0  444.0
2019  75  3 16 0000  -28.5  976.2    2.8  177.0   75.0  444.0
2019  75  3 16 0100  444.0  975.6    1.5  279.0   75.0  444.0
2019  75  3 16 0200  -29.7  975.0    1.5  330.0   74.0  444.0
2019  75  3 16 0300  -27.9  973.9    3.6    1.0   76.1  444.0
2019  75  3 16 0400  -27.2  972.9    6.2   17.0   77.0  444.0
2019  75  3 16 0500  -26.6  972.1    5.7  337.0   76.0  444.0
2019  75  3 16 0600  -28.5  972.0    2.8  297.0   76.0  444.0
2019  75  3 16 0700  -28.3  971.2    6.5  324.0   76.0  444.0
2019  75  3 16 0800  -27.9  970.7    7.3  325.0   76.0  444.0
2019  75  3 16 0900  -26.8  970.3    7.8  308.0   75.0  444.0
2019  75  3 16 1000  -28.9  970.1    5.5  293.0   77.0  444.0
2019  75  3 16 1100  -31.5  970.2    3.8  298.0   77.0  444.0
2019  75  3 16 1200  -29.6  969.9    5.6  301.0   77.0  444.0
2019  75  3 16 1300  -29.6  969.6    7.4  275.0   77.0  444.0
2019  75  3 16 1400  -30.0  969.6    6.2  296.0   77.0  444.0
2019  75  3 16 1500  -30.4  969.7    5.4  272.0   76.2  444.0
2019  75  3 16 1600  -29.2  969.5    6.3  283.0   76.0  444.0
2019  75  3 16 1700  -29.5  969.3    5.4  290.0   76.0  444.0
2019  75  3 16 1800  -30.6  969.3    7.1  265.0   76.0  444.0
2019  75  3 16 1900  -31.5  969.5    5.5  260.0   75.0  444.0
2019  75  3 16 2000  -30.3  969.5    6.6  252.0   75.8  444.0
2019  75  3 16 2100  -29.3  969.6    9.3  244.0   76.0  444.0
2019  75  3 16 2200  -29.0  969.5    9.8  247.0   76.0  444.0
2019  75  3 16 2300  -28.6  969.4   10.5  246.0   76.0  444.0
2019  76  3 17 0000  -29.2  969.0    9.7  260.0   75.0  444.0
2019  76  3 17 0100  -28.8  968.9   10.0  265.0   75.2  444.0
2019  76  3 17 0200  -28.8  968.7    8.7  260.0   76.0  444.0
2019  76  3 17 0300  -28.3  968.6   11.0  255.0   78.0  444.0
2019  76  3 17 0400  -28.4  968.8    8.2  266.0   74.0  444.0
2019  76  3 17 0500  -28.3  968.6    9.1  267.0   75.0  444.0
2019  76  3 17 0600  -28.3  968.6    8.7  266.0   74.8  444.0
2019  76  3 17 0700  -28.4  968.9    7.6  259.0   74.0  444.0
2019  76  3 17 0800  -28.6  969.1    6.8  269.0   74.0  444.0
2019  76  3 17 0900  -29.0  969.2    6.6  275.0   74.5  444.0
2019  76  3 17 1000  -30.4  969.5    6.5  272.0   74.0  444.0
2019  76  3 17 1100  -31.4  969.9    2.8  307.0   74.0  444.0
2019  76  3 17 1200  -32.5  969.4    5.3  298.0   74.0  444.0
2019  76  3 17 1300  -31.9  969.6    3.6  296.0   74.0  444.0
2019  76  3 17 1400  -31.6  969.6    3.1  267.0   74.5  444.0
2019  76  3 17 1500  -32.5  970.0    1.9  266.0   74.0  444.0
2019  76  3 17 1600  -32.2  970.0    2.8  276.0   74.0  444.0
2019  76  3 17 1700  -33.4  970.3    3.0  288.0   75.0  444.0
2019  76  3 17 1800  -35.5  970.9    3.3   39.0   72.4  444.0
2019  76  3 17 1900  -35.4  970.7    3.7  341.0   72.2  444.0
2019  76  3 17 2000  -35.6  971.0    3.0    1.0   71.0  444.0
2019  76  3 17 2100  -36.6  971.2    3.3  341.0   70.0  444.0
2019  76  3 17 2200  -36.8  971.8    2.6    5.0   69.0  444.0
2019  76  3 17 2300  -35.6  971.7    3.0  332.0   69.7  444.0
2019  77  3 18 0000  -34.3  971.7    3.1  312.0   71.0  444.0
2019  77  3 18 0100  -34.7  971.6    2.7  306.0   71.0  444.0
2019  77  3 18 0200  -34.3  972.0    1.8  169.0   70.0  444.0
2019  77  3 18 0300  -34.6  971.9    2.1   65.0   69.3  444.0
2019  77  3 18 0400  -35.0  971.8    2.4   51.0   69.0  444.0
2019  77  3 18 0500  -34.3  972.1    1.4    2.0   70.0  444.0
2019  77  3 18 0600  -34.1  972.4    1.4   32.0   70.0  444.0
2019  77  3 18 0700  -34.3  972.2    2.1  304.0   72.0  444.0
2019  77  3 18 0800  -36.5  972.3    1.8  214.0   71.0  444.0
2019  77  3 18 0900  -38.8  972.8    3.3  186.0   70.0  444.0
2019  77  3 18 1000  -39.5  972.6    1.8  222.0   70.0  444.0
2019  77  3 18 1100  -38.6  972.3    2.2  240.0   69.0  444.0
2019  77  3 18 1200  -39.5  972.4    2.9  229.0   69.0  444.0
2019  77  3 18 1300  -40.1  972.3    2.3  254.0   70.0  444.0
2019  77  3 18 1400  -37.4  971.9    2.9  266.0   71.0  444.0
2019  77  3 18 1500  -38.3  972.6    5.0  219.0   71.0  444.0
2019  77  3 18 1600  -40.1  972.6    4.0  254.0   69.0  444.0
2019  77  3 18 1700  -39.8  972.5    3.6  271.0   70.0  444.0
2019  77  3 18 1800  -39.2  972.4    3.5  278.0   70.0  444.0
2019  77  3 18 1900  -38.5  972.2    3.4  274.0   70.0  444.0
2019  77  3 18 2000  -37.5  971.8    4.7  287.0   69.0  444.0
2019  77  3 18 2100  -36.7  971.9    4.0  288.0   69.0  444.0
2019  77  3 18 2200  -35.1  971.5    4.5  292.0   70.0  444.0
2019  77  3 18 2300  -32.4  971.2    5.4  287.0   72.0  444.0
2019  78  3 19 0000  -28.8  970.9    6.0  275.0   74.0  444.0
2019  78  3 19 0100  -29.3  970.6    4.6  300.0   74.3  444.0
2019  78  3 19 0200  -29.4  970.6    4.2  284.0   73.0  444.0
2019  78  3 19 0300  -29.0  970.5    4.1  291.0   73.0  444.0
2019  78  3 19 0400  -28.8  970.6    3.8  305.0   74.0  444.0
2019  78  3 19 0500  -26.7  970.6    5.3  294.0   78.0  444.0
2019  78  3 19 0600  -26.2  970.8    4.4  308.0   77.2  444.0
2019  78  3 19 0700  -28.1  971.1    4.2  310.0   78.0  444.0
2019  78  3 19 0800  -28.0  971.2    4.3  279.0   78.0  444.0
2019  78  3 19 0900  -26.1  971.5    3.4  287.0   79.0  444.0
2019  78  3 19 1000  -28.8  972.0    3.1  302.0   77.0  444.0
2019  78  3 19 1100  -29.6  972.4    2.3  281.0   76.7  444.0
2019  78  3 19 1200  -29.1  972.9    2.9  230.0   77.0  444.0
2019  78  3 19 1300  -32.9  973.6    3.3  196.0   74.0  444.0
2019  78  3 19 1400  -36.2  974.2    2.7  134.0   72.0  444.0
2019  78  3 19 1500  -35.3  975.9    3.1  230.0   73.0  444.0
2019  78  3 19 1600  -37.8  976.3    3.6  204.0   71.0  444.0
2019  78  3 19 1700  -38.6  977.2    3.6  207.0   71.0  444.0
2019  78  3 19 1800  -39.1  978.0    3.2  205.0   70.0  444.0
2019  78  3 19 1900  -39.5  978.8    0.9  149.0   69.0  444.0
2019  78  3 19 2000  -37.1  979.7    2.3  274.0   71.4  444.0
2019  78  3 19 2100  -33.9  980.3    2.5  232.0   73.0  444.0
2019  78  3 19 2200  -31.6  980.9    0.9  260.0   75.0  444.0
2019  78  3 19 2300  -30.2  980.9    1.4  292.0   75.0  444.0
2019  79  3 20 0000  -31.0  981.6    5.9  181.0   74.0  444.0
2019  79  3 20 0100  -34.1  982.1    4.8  169.0   72.5  444.0
2019  79  3 20 0200  -33.8  983.0    3.1  200.0   73.0  444.0
2019  79  3 20 0300  -32.6  983.6    3.4  224.0   73.0  444.0
2019  79  3 20 0400  -33.4  983.9    3.1  217.0   70.7  444.0
2019  79  3 20 0500  -35.0  984.3    3.8  254.0   70.0  444.0
2019  79  3 20 0600  -35.9  984.4    3.9  221.0   70.6  444.0
2019  79  3 20 0700  -38.0  984.8    3.8  238.0   70.0  444.0
2019  79  3 20 0800  -39.1  984.9    3.4  247.0   70.0  444.0
2019  79  3 20 0900  -39.8  984.8    3.1  254.0   69.5  444.0
2019  79  3 20 1000  -39.3  984.9    3.3  259.0   70.0  444.0
2019  79  3 20 1100  -40.3  984.8    2.3  251.0   69.0  444.0
2019  79  3 20 1200  -40.5  984.7    2.8  256.0   69.0  444.0
2019  79  3 20 1300  -39.4  984.1    3.0  262.0   70.0  444.0
2019  79  3 20 1400  -34.8  983.7    2.9  250.0   71.0  444.0
2019  79  3 20 1500  -35.4  983.2    1.9  318.0   73.0  444.0
2019  79  3 20 1600  -35.1  982.9    2.2  330.0   72.0  444.0
2019  79  3 20 1700  -31.8  982.3    1.8  316.0   75.0  444.0
2019  79  3 20 1800  -23.7  981.7    4.7  276.0   81.7  444.0
2019  79  3 20 1900  -21.4  981.1    7.1  280.0   83.2  444.0
2019  79  3 20 2000  -20.8  980.4    8.7  283.0   84.0  444.0
2019  79  3 20 2100  -20.4  980.1    9.4  275.0   84.0  444.0
2019  79  3 20 2200  -20.4  979.8   10.3  276.0   84.0  444.0
2019  79  3 20 2300  -19.8  979.1   10.1  283.0   84.5  444.0
2019  80  3 21 0000  -19.4  978.7   10.6  276.0   85.0  444.0
2019  80  3 21 0100  -18.5  978.4   10.8  279.0   86.0  444.0
2019  80  3 21 0200  -17.9  977.9    9.7  283.0   87.0  444.0
2019  80  3 21 0300  -18.8  977.2    9.6  280.0   85.0  444.0
2019  80  3 21 0400  -17.5  977.2    8.8  278.0   88.0  444.0
2019  80  3 21 0500  -17.6  977.5    5.2  271.0   88.0  444.0
2019  80  3 21 0600  -18.0  977.3    3.7  278.0   88.0  444.0
2019  80  3 21 0700  -20.0  977.2    3.2  229.0   83.2  444.0
2019  80  3 21 0800  -26.9  977.1    5.2  232.0   79.0  444.0
2019  80  3 21 0900  -26.8  977.3    3.9  216.0   80.0  444.0
2019  80  3 21 1000  -25.4  977.1    3.3  205.0   81.0  444.0
2019  80  3 21 1100  -24.8  977.5    3.2  218.0   82.0  444.0
2019  80  3 21 1200  -24.5  977.7    3.8  218.0   82.0  444.0
2019  80  3 21 1300  -24.4  977.9    2.8  205.0   82.0  444.0
2019  80  3 21 1400  -24.4  978.1    3.3  222.0   82.0  444.0
2019  80  3 21 1500  -24.5  978.0    4.1  214.0   82.0  444.0
2019  80  3 21 1600  -23.4  977.9    4.7  184.0   83.0  444.0
2019  80  3 21 1700  -24.9  978.0    4.8  197.0   81.2  444.0
2019  80  3 21 1800  -25.2  978.1    4.8  199.0   81.0  444.0
2019  80  3 21 1900  -25.1  978.2    6.5  207.0   81.0  444.0
2019  80  3 21 2000  -25.2  977.9    5.0  222.0   81.0  444.0
2019  80  3 21 2100  -25.2  978.0    4.6  209.0   80.3  444.0
2019  80  3 21 2200  -24.6  977.9    4.4  210.0   81.0  444.0
2019  80  3 21 2300  -24.4  977.8    4.3  195.0   80.0  444.0
2019  81  3 22 0000  -24.6  977.7    4.5  183.0   80.0  444.0
2019  81  3 22 0100  -24.9  977.7    4.5  178.0   80.0  444.0
2019  81  3 22 0200  -24.4  977.8    3.6  183.0   80.8  444.0
2019  81  3 22 0300  -24.0  978.2    3.3  182.0   81.0  444.0
2019  81  3 22 0400  -24.6  978.4    5.0  169.0   81.0  444.0
2019  81  3 22 0500  -26.0  979.1    5.7  163.0   79.7  444.0
2019  81  3 22 0600  -27.6  979.6    5.4  173.0   78.0  444.0
2019  81  3 22 0700  -29.2  980.3    6.3  176.0   78.0  444.0
2019  81  3 22 0800  -29.7  980.8    6.6  176.0   77.0  444.0
2019  81  3 22 0900  -29.4  981.3    6.0  181.0   78.0  444.0
2019  81  3 22 1000  -29.4  981.8    5.7  189.0   77.0  444.0
2019  81  3 22 1100  -29.4  982.3    4.9  191.0   77.0  444.0
2019  81  3 22 1200  -29.3  982.9    5.2  192.0   78.0  444.0
2019  81  3 22 1300  -30.2  983.2    4.7  198.0   77.0  444.0
2019  81  3 22 1400  -30.7  983.0    4.7  189.0   77.0  444.0
2019  81  3 22 1500  -30.9  983.3    4.5  193.0   76.0  444.0
2019  81  3 22 1600  -31.1  983.6    4.4  196.0   76.0  444.0
2019  81  3 22 1700  -30.7  983.5    4.4  198.0   77.0  444.0
2019  81  3 22 1800  -30.2  983.5    4.9  198.0   77.0  444.0
2019  81  3 22 1900  -29.6  983.6    4.6  191.0   77.0  444.0
2019  81  3 22 2000  -29.3  983.5    3.3  188.0   77.0  444.0
2019  81  3 22 2100  -29.0  983.6    2.8  204.0   77.0  444.0
2019  81  3 22 2200  -28.7  983.5    3.9  222.0   77.0  444.0
2019  81  3 22 2300  -28.3  983.4    2.3  213.0   78.0  444.0
2019  82  3 23 0000  -27.4  983.3    3.2  226.0   77.9  444.0
2019  82  3 23 0100  -26.6  983.2    2.2  217.0   77.0  444.0
2019  82  3 23 0200  -26.9  983.3    2.4  224.0   76.0  444.0
2019  82  3 23 0300  -29.2  983.3    2.9  224.0   76.0  444.0
2019  82  3 23 0400  -31.6  983.5    3.6  219.0   75.0  444.0
2019  82  3 23 0500  -31.8  983.7    3.4  221.0   75.0  444.0
2019  82  3 23 0600  -31.4  983.7    3.5  204.0   75.0  444.0
2019  82  3 23 0700  -33.2  983.8    3.6  218.0   74.0  444.0
2019  82  3 23 0800  -32.8  983.7    2.8  205.0   75.0  444.0
2019  82  3 23 0900  -32.8  983.6    4.1  219.0   75.0  444.0
2019  82  3 23 1000  -32.2  983.5    5.1  220.0   75.0  444.0
2019  82  3 23 1100  -31.3  983.4    5.4  210.0   76.0  444.0
2019  82  3 23 1200  -30.7  983.5    6.0  208.0   76.0  444.0
2019  82  3 23 1300  -30.7  983.4    5.6  220.0   76.0  444.0
2019  82  3 23 1400  -29.7  982.8    7.4  233.0   77.0  444.0
2019  82  3 23 1500  -28.5  982.4    6.7  233.0   77.0  444.0
2019  82  3 23 1600  -28.1  982.0    7.1  213.0   78.0  444.0
2019  82  3 23 1700  -28.6  981.8    6.7  212.0   77.0  444.0
2019  82  3 23 1800  -27.2  981.6    7.8  210.0   78.0  444.0
2019  82  3 23 1900  -26.8  981.4    7.4  220.0   79.0  444.0
2019  82  3 23 2000  -26.7  981.0    6.9  228.0   78.0  444.0
2019  82  3 23 2100  -26.0  980.5    6.9  229.0   77.0  444.0
2019  82  3 23 2200  -26.7  980.3    9.1  255.0   77.0  444.0
2019  82  3 23 2300  -24.6  979.8    8.3  249.0   78.0  444.0
2019  83  3 24 0000  -24.3  978.9    7.3  245.0   78.0  444.0
2019  83  3 24 0100  -24.1  977.9    4.8  238.0   78.0  444.0
2019  83  3 24 0200  -23.5  976.1    6.5  249.0   78.0  444.0
2019  83  3 24 0300  -24.1  974.3    8.9  263.0   78.0  444.0
2019  83  3 24 0400  -22.5  972.9   11.4  260.0   80.0  444.0
2019  83  3 24 0500  -22.9  971.9   10.5  266.0   80.0  444.0
2019  83  3 24 0600  -21.8  971.6    8.9  252.0   83.0  444.0
2019  83  3 24 0700  -20.6  971.3   12.1  243.0   85.0  444.0
2019  83  3 24 0800  -20.9  970.0   11.5  254.0   85.0  444.0
2019  83  3 24 0900  -20.4  968.6   11.8  255.0   85.0  444.0
2019  83  3 24 1000  -18.4  967.5   11.1  252.0   88.0  444.0
2019  83  3 24 1100  -15.0  966.4   12.8  233.0   91.3  444.0
2019  83  3 24 1200  -16.2  966.2   15.9  226.0   89.0  444.0
2019  83  3 24 1300  -15.0  966.0   14.9  224.0   91.0  444.0
2019  83  3 24 1400  -10.7  965.3   17.1  200.0   95.0  444.0
2019  83  3 24 1500  -11.7  965.8   14.7  215.0   94.0  444.0
2019  83  3 24 1600  -11.2  965.2   15.4  187.0   94.4  444.0
2019  83  3 24 1700  -11.2  965.2   15.4  189.0   95.0  444.0
2019  83  3 24 1800  -11.7  965.1   15.1  194.0   94.0  444.0
2019  83  3 24 1900  -11.8  964.9   17.0  186.0   94.0  444.0
2019  83  3 24 2000  -11.9  965.1   17.6  192.0   94.0  444.0
2019  83  3 24 2100  -11.4  965.4   17.6  191.0   94.0  444.0
2019  83  3 24 2200  -11.6  965.6   16.7  191.0   93.0  444.0
2019  83  3 24 2300  -12.4  966.0   15.0  188.0   91.0  444.0
2019  84  3 25 0000  -13.3  966.3   15.0  183.0   90.1  444.0
2019  84  3 25 0100  -13.6  966.5   14.5  181.0   90.0  444.0
2019  84  3 25 0200  -14.2  967.3   13.6  183.0   90.0  444.0
2019  84  3 25 0300  -14.6  968.2   13.3  182.0   90.0  444.0
2019  84  3 25 0400  -15.2  969.1   13.5  181.0   89.1  444.0
2019  84  3 25 0500  -16.0  970.3   11.3  186.0   89.0  444.0
2019  84  3 25 0600  -16.6  970.9   11.7  187.0   89.0  444.0
2019  84  3 25 0700  -16.6  971.5   12.8  186.0   89.0  444.0
2019  84  3 25 0800  -16.4  972.4   11.8  187.0   89.0  444.0
2019  84  3 25 0900  -16.0  973.1   12.0  191.0   89.3  444.0
2019  84  3 25 1000  -15.7  973.4   11.9  193.0   89.0  444.0
2019  84  3 25 1100  -15.4  974.2   12.8  195.0   90.0  444.0
2019  84  3 25 1200  -14.9  974.7   11.7  195.0   90.0  444.0
2019  84  3 25 1300  -14.5  975.3   12.3  193.0   91.0  444.0
2019  84  3 25 1400  -14.9  975.9   12.3  198.0   90.6  444.0
2019  84  3 25 1500  -14.5  976.0   12.3  200.0   91.0  444.0
2019  84  3 25 1600  -15.0  976.3   14.7  174.0   90.0  444.0
2019  84  3 25 1700  -18.7  978.0   14.0  175.0   86.0  444.0
2019  84  3 25 1800  -21.0  979.6   12.8  171.0   84.0  444.0
2019  84  3 25 1900  -21.6  981.1   11.1  172.0   82.0  444.0
2019  84  3 25 2000  -22.1  982.2   10.2  170.0   81.0  444.0
2019  84  3 25 2100  -22.4  983.0    7.4  178.0   81.0  444.0
2019  84  3 25 2200  -22.3  983.9    6.1  192.0   79.0  444.0
2019  84  3 25 2300  -22.6  984.4    4.4  221.0   80.0  444.0
2019  85  3 26 0000  -23.3  985.0    4.0  230.0   79.0  444.0
2019  85  3 26 0100  -22.2  985.5    5.0  220.0   79.0  444.0
2019  85  3 26 0200  -23.0  985.8    5.6  232.0   79.0  444.0
2019  85  3 26 0300  -23.5  985.5    5.6  223.0   78.1  444.0
2019  85  3 26 0400  -23.6  985.6    5.7  207.0   76.0  444.0
2019  85  3 26 0500  -25.5  985.9    4.3  228.0   77.0  444.0
2019  85  3 26 0600  -25.1  986.4    4.9  233.0   76.0  444.0
2019  85  3 26 0700  -25.8  986.6    5.2  255.0   76.0  444.0
2019  85  3 26 0800  -25.9  987.1    5.2  226.0   74.0  444.0
2019  85  3 26 0900  -26.7  987.5    4.7  218.0   74.0  444.0
2019  85  3 26 1000  -28.2  988.0    3.9  229.0   75.0  444.0
2019  85  3 26 1100  -27.8  987.9    3.5  212.0   74.0  444.0
2019  85  3 26 1200  -27.1  987.8    3.5  198.0   77.0  444.0
2019  85  3 26 1300  -28.6  988.1    2.7  245.0   77.0  444.0
2019  85  3 26 1400  -27.0  988.9    4.4  216.0   77.0  444.0
2019  85  3 26 1500  -29.0  988.8    3.2  175.0   76.0  444.0
2019  85  3 26 1600  -25.9  988.8    4.1  202.0   72.0  444.0
2019  85  3 26 1700  -26.1  989.1    3.2  251.0   73.0  444.0
2019  85  3 26 1800  -29.6  989.4    3.3  282.0   74.0  444.0
2019  85  3 26 1900  -28.7  989.4    3.8  288.0   76.0  444.0
2019  85  3 26 2000  -29.0  989.5    4.3  284.0   73.0  444.0
2019  85  3 26 2100  -26.5  989.5    4.3  285.0   70.0  444.0
2019  85  3 26 2200  -27.7  989.5    3.6  276.0   71.8  444.0
2019  85  3 26 2300  -27.7  989.7    3.1  264.0   69.0  444.0
2019  86  3 27 0000  -27.5  989.5    0.9  322.0   70.0  444.0
2019  86  3 27 0100  -27.1  989.3    4.0  291.0   76.1  444.0
2019  86  3 27 0200  -27.3  989.0    3.4  294.0   70.0  444.0
2019  86  3 27 0300  -27.5  988.4    3.1  288.0   68.0  444.0
2019  86  3 27 0400  -29.4  988.2    3.2  300.0   70.0  444.0
2019  86  3 27 0500  -30.6  988.0    2.8  304.0   74.0  444.0
2019  86  3 27 0600  -31.8  987.9    2.5  303.0   76.2  444.0
2019  86  3 27 0700  -33.0  987.7    1.7  317.0   76.0  444.0
2019  86  3 27 0800  -32.9  987.2    1.0  277.0   76.0  444.0
2019  86  3 27 0900  -33.6  986.7    1.7  306.0   75.0  444.0
2019  86  3 27 1000  -35.8  986.3    2.0  285.0   73.0  444.0
2019  86  3 27 1100  -37.3  986.1    2.4  277.0   72.6  444.0
2019  86  3 27 1200  -37.8  985.5    2.5  317.0   72.0  444.0
2019  86  3 27 1300  -38.0  985.1    2.8  316.0   72.0  444.0
2019  86  3 27 1400  -37.5  984.5    2.7  301.0   72.0  444.0
2019  86  3 27 1500  -37.4  984.2    2.7  302.0   72.0  444.0
2019  86  3 27 1600  -35.0  983.5    3.3  319.0   74.0  444.0
2019  86  3 27 1700  -33.1  982.8    4.0  318.0   75.0  444.0
2019  86  3 27 1800  -32.9  982.5    4.8  318.0   75.0  444.0
2019  86  3 27 1900  -31.2  982.2    4.3  316.0   76.0  444.0
2019  86  3 27 2000  -31.4  981.9    3.9  321.0   75.0  444.0
2019  86  3 27 2100  -26.7  981.4    8.0  321.0   77.8  444.0
2019  86  3 27 2200  -24.8  980.5    6.7  328.0   66.0  444.0
2019  86  3 27 2300  -24.9  980.8    7.0  289.0   75.0  444.0
2019  87  3 28 0000  -26.9  980.4    5.2  308.0   73.0  444.0
2019  87  3 28 0100  -26.6  980.0    7.8  282.0   76.0  444.0
2019  87  3 28 0200  -27.8  980.3    6.9  276.0   75.0  444.0
2019  87  3 28 0300  -27.5  979.6    7.1  246.0   73.0  444.0
2019  87  3 28 0400  -28.4  979.8    7.9  256.0   75.9  444.0
2019  87  3 28 0500  -28.5  979.7    8.3  256.0   75.9  444.0
2019  87  3 28 0600  -29.3  979.7    8.6  276.0   76.0  444.0
2019  87  3 28 0700  -29.7  979.5    8.3  249.0   76.0  444.0
2019  87  3 28 0800  -28.5  979.0    9.6  272.0   75.0  444.0
2019  87  3 28 0900  -31.4  979.5    8.4  263.0   75.2  444.0
2019  87  3 28 1000  -31.2  979.4    9.2  258.0   75.0  444.0
2019  87  3 28 1100  -32.1  979.5    8.7  245.0   75.0  444.0
2019  87  3 28 1200  -32.6  979.8    7.1  249.0   75.0  444.0
2019  87  3 28 1300  -32.6  980.0    6.9  271.0   74.7  444.0
2019  87  3 28 1400  -33.5  979.4    7.4  258.0   74.0  444.0
2019  87  3 28 1500  -33.8  979.5    7.9  252.0   74.0  444.0
2019  87  3 28 1600  -33.5  980.0    7.8  248.0   74.0  444.0
2019  87  3 28 1700  -34.3  980.4    5.8  257.0   74.0  444.0
2019  87  3 28 1800  -35.1  980.1    4.8  257.0   73.1  444.0
2019  87  3 28 1900  -35.9  980.0    5.5  262.0   73.0  444.0
2019  87  3 28 2000  -36.2  980.1    5.6  248.0   72.0  444.0
2019  87  3 28 2100  -35.5  980.1    5.4  261.0   72.0  444.0
2019  87  3 28 2200  -34.8  979.6    7.3  239.0   72.0  444.0
2019  87  3 28 2300  -35.4  980.1    6.1  261.0   70.8  444.0
2019  88  3 29 0000  -34.5  980.1    7.0  245.0   72.0  444.0
2019  88  3 29 0100  -34.0  980.2    7.0  245.0   71.5  444.0
2019  88  3 29 0200  -33.4  980.3    6.9  240.0   71.0  444.0
2019  88  3 29 0300  -33.6  980.4    5.9  258.0   71.0  444.0
2019  88  3 29 0400  -33.3  980.2    6.0  250.0   72.0  444.0
2019  88  3 29 0500  -34.0  980.2    4.7  246.0   73.0  444.0
2019  88  3 29 0600  -33.3  980.0    4.9  253.0   74.2  444.0
2019  88  3 29 0700  -31.7  980.0    5.3  254.0   75.0  444.0
2019  88  3 29 0800  -31.2  979.7    6.1  256.0   75.0  444.0
2019  88  3 29 0900  -31.8  979.7    6.8  257.0   75.0  444.0
2019  88  3 29 1000  -32.4  979.7    6.8  249.0   75.0  444.0
2019  88  3 29 1100  -32.4  979.5    7.2  257.0   74.7  444.0
2019  88  3 29 1200  -32.0  979.5    6.4  247.0   75.0  444.0
2019  88  3 29 1300  -31.8  979.6    7.0  260.0   75.0  444.0
2019  88  3 29 1400  -30.7  979.0    8.7  248.0   76.0  444.0
2019  88  3 29 1500  -30.3  979.1    9.2  259.0   76.0  444.0
2019  88  3 29 1600  -29.7  978.4   10.3  253.0   76.2  444.0
2019  88  3 29 1700  -30.0  978.4    8.7  257.0   76.0  444.0
2019  88  3 29 1800  -29.5  978.2    9.4  263.0   76.0  444.0
2019  88  3 29 1900  -29.4  978.0    9.0  254.0   76.0  444.0
2019  88  3 29 2000  -29.4  977.8    9.0  251.0   76.0  444.0
2019  88  3 29 2100  -29.3  977.5   10.2  248.0   75.5  444.0
2019  88  3 29 2200  -28.5  977.5    9.8  252.0   75.0  444.0
2019  88  3 29 2300  -28.0  977.2    9.1  259.0   74.0  444.0
2019  89  3 30 0000  -27.1  977.1    9.8  251.0   76.0  444.0
2019  89  3 30 0100  -27.4  976.5    9.9  256.0   77.0  444.0
2019  89  3 30 0200  -27.7  976.3   10.1  253.0   74.1  444.0
2019  89  3 30 0300  -27.5  976.3   10.8  257.0   76.0  444.0
2019  89  3 30 0400  -27.2  976.1   11.3  252.0   77.0  444.0
2019  89  3 30 0500  -26.8  976.0   10.9  248.0   78.0  444.0
2019  89  3 30 0600  -26.8  976.5   10.7  250.0   77.0  444.0
2019  89  3 30 0700  -27.5  976.3   10.8  255.0   76.0  444.0
2019  89  3 30 0800  -28.0  977.1    8.5  241.0   74.0  444.0
2019  89  3 30 0900  -28.4  977.7    7.8  226.0   73.1  444.0
2019  89  3 30 1000  -27.4  978.1    7.8  240.0   71.0  444.0
2019  89  3 30 1100  -27.1  978.4    6.6  231.0   72.0  444.0
2019  89  3 30 1200  -28.1  978.6    5.9  257.0   72.0  444.0
2019  89  3 30 1300  -30.4  979.0    6.0  251.0   72.0  444.0
2019  89  3 30 1400  -30.8  978.3    8.0  265.0   72.5  444.0
2019  89  3 30 1500  -30.0  978.6    7.9  252.0   69.0  444.0
2019  89  3 30 1600  -30.8  979.1    6.2  236.0   72.0  444.0
2019  89  3 30 1700  -30.3  978.5    9.3  276.0   74.0  444.0
2019  89  3 30 1800  -29.0  979.7    8.0  252.0   74.0  444.0
2019  89  3 30 1900  -29.2  979.8    7.3  258.0   72.8  444.0
2019  89  3 30 2000  -28.4  980.3    8.7  246.0   71.0  444.0
2019  89  3 30 2100  -29.5  981.0    6.2  239.0   68.0  444.0
2019  89  3 30 2200  -31.3  981.5    3.9  260.0   67.0  444.0
2019  89  3 30 2300  -31.1  981.4    4.9  260.0   66.0  444.0
2019  90  3 31 0000  -31.8  981.6    5.8  282.0   66.7  444.0
2019  90  3 31 0100  -31.1  982.4    3.8  248.0   66.0  444.0
2019  90  3 31 0200  -31.5  982.6    4.0  253.0   65.5  444.0
2019  90  3 31 0300  -32.5  981.9    4.4  292.0   67.0  444.0
2019  90  3 31 0400  -31.8  982.6    4.0  282.0   69.0  444.0
2019  90  3 31 0500  -30.6  982.5    4.1  272.0   64.0  444.0
2019  90  3 31 0600  -32.0  982.0    5.3  246.0   71.0  444.0
2019  90  3 31 0700  -35.3  982.4    3.1  240.0   71.9  444.0
2019  90  3 31 0800  -36.2  982.8    3.8  223.0   72.0  444.0
2019  90  3 31 0900  -36.4  983.0    3.5  210.0   72.0  444.0
2019  90  3 31 1000  -37.8  983.3    3.4  212.0   72.0  444.0
2019  90  3 31 1100  -38.9  983.6    2.7  248.0   71.0  444.0
2019  90  3 31 1200  -39.9  983.4    2.6  226.0   70.6  444.0
2019  90  3 31 1300  -40.5  983.3    2.1  215.0   70.0  444.0
2019  90  3 31 1400  -39.8  983.3    0.9  200.0   70.0  444.0
2019  90  3 31 1500  -40.7  983.1    2.2  273.0   70.0  444.0
2019  90  3 31 1600  -39.9  982.9    1.5  267.0   70.0  444.0
2019  90  3 31 1700  -39.2  982.6    1.8  280.0   70.4  444.0
2019  90  3 31 1800  -39.4  982.3    1.0   82.0   70.0  444.0
2019  90  3 31 1900  -37.8  982.0    0.7  328.0   70.0  444.0
2019  90  3 31 2000  -37.6  981.8    2.2  337.0   71.0  444.0
2019  90  3 31 2100  -38.5  981.6    2.7  345.0   71.0  444.0
2019  90  3 31 2200  -37.2  981.4    2.6  358.0   70.3  444.0
2019  90  3 31 2300  -35.0  981.1    2.5  315.0   72.0  444.0
