Year: 2024  Month: 04  ID: SWT  ARGOS:  8913  Name: Schwerdtfeger       
Lat: 79.80S  Lon: 170.46E  Elev:   54m
2024  92  4  1 0000  -30.0  952.4    4.3  215.0   77.0  444.0
2024  92  4  1 0100  -28.7  953.0    4.8  216.0   76.0  444.0
2024  92  4  1 0200  -27.4  952.4    7.0  223.0   79.0  444.0
2024  92  4  1 0300  -26.9  952.9    5.6  214.0   79.0  444.0
2024  92  4  1 0400  -26.8  952.6    2.7  200.0   80.0  444.0
2024  92  4  1 0500  -26.9  952.6    4.7  200.0   80.0  444.0
2024  92  4  1 0600  -26.6  952.2    5.5  224.0   81.0  444.0
2024  92  4  1 0700  -26.6  952.3    5.5  216.0   81.0  444.0
2024  92  4  1 0800  -26.4  952.0    7.3  228.0   81.0  444.0
2024  92  4  1 0900  -26.0  951.3    9.2  239.0   82.0  444.0
2024  92  4  1 1000  -24.2  950.9   10.8  234.0   84.0  444.0
2024  92  4  1 1100  -22.7  950.7   10.7  240.0   85.0  444.0
2024  92  4  1 1200  -20.5  950.2    9.8  234.0   89.0  444.0
2024  92  4  1 1300  -18.6  950.0    8.0  219.0   91.0  444.0
2024  92  4  1 1400  -16.6  950.1    6.9  231.0   95.0  444.0
2024  92  4  1 1500  -15.5  950.6    5.9  210.0   96.0  444.0
2024  92  4  1 1600  -16.0  951.2    6.8  184.0   94.0  444.0
2024  92  4  1 1700  -17.1  952.4    8.6  156.0   93.0  444.0
2024  92  4  1 1800  -17.3  953.6   10.2  165.0   93.0  444.0
2024  92  4  1 1900  -18.3  955.0    9.0  170.0   91.0  444.0
2024  92  4  1 2000  -19.5  956.1    9.1  172.0   90.0  444.0
2024  92  4  1 2100  -19.5  957.7    7.3  185.0   91.0  444.0
2024  92  4  1 2200  -17.8  958.6    5.8  197.0   92.0  444.0
2024  92  4  1 2300  -16.2  959.0    6.4  196.0   95.0  444.0
2024  93  4  2 0000  -16.9  959.6    8.2  174.0   93.0  444.0
2024  93  4  2 0100  -20.0  960.3    7.0  183.0   88.0  444.0
2024  93  4  2 0200  -19.9  960.9    7.1  182.0   89.0  444.0
2024  93  4  2 0300  -18.8  961.6    7.5  184.0   90.0  444.0
2024  93  4  2 0400  -19.1  962.1    5.3  202.0   91.0  444.0
2024  93  4  2 0500  -18.2  962.7    4.2  206.0   92.0  444.0
2024  93  4  2 0600  -19.1  963.1    5.1  213.0   92.0  444.0
2024  93  4  2 0700  -19.0  963.5    4.9  211.0   92.0  444.0
2024  93  4  2 0800  -18.8  963.8    4.5  214.0   92.0  444.0
2024  93  4  2 0900  -20.5  964.3    4.0  200.0   89.0  444.0
2024  93  4  2 1000  -22.2  964.9    4.2  202.0   87.0  444.0
2024  93  4  2 1100  -23.6  965.3    4.6  215.0   85.0  444.0
2024  93  4  2 1200  -22.1  965.7    4.7  200.0   87.0  444.0
2024  93  4  2 1300  -23.3  965.9    4.9  202.0   86.0  444.0
2024  93  4  2 1400  -25.0  966.3    5.1  201.0   84.0  444.0
2024  93  4  2 1500  -25.9  966.8    4.4  201.0   82.0  444.0
2024  93  4  2 1600  -24.2  967.3    5.1  196.0   85.0  444.0
2024  93  4  2 1700  -23.0  967.9    5.0  194.0   86.0  444.0
2024  93  4  2 1800  -22.2  968.2    5.9  204.0   86.0  444.0
2024  93  4  2 1900  -21.1  968.5    6.2  211.0   87.0  444.0
2024  93  4  2 2000  -20.8  968.6    7.1  200.0   88.2  444.0
2024  93  4  2 2100  -19.6  969.0    7.8  193.0   89.0  444.0
2024  93  4  2 2200  -19.6  969.6    5.2  215.0   89.0  444.0
2024  93  4  2 2300  -18.5  970.0    6.7  185.0   88.0  444.0
2024  94  4  3 0000  -18.7  970.5    6.7  203.0   89.0  444.0
2024  94  4  3 0100  -19.9  970.9    7.8  185.0   85.0  444.0
2024  94  4  3 0200  -22.2  971.4    5.3  183.0   83.0  444.0
2024  94  4  3 0300  -23.0  972.2    5.5  206.0   86.0  444.0
2024  94  4  3 0400  -19.3  972.5    8.2  206.0   89.0  444.0
2024  94  4  3 0500  -18.9  973.1    8.1  208.0   89.0  444.0
2024  94  4  3 0600  -21.2  973.8    6.5  194.0   86.0  444.0
2024  94  4  3 0700  -24.7  974.4    4.9  205.0   84.0  444.0
2024  94  4  3 0800  -25.1  975.1    4.5  211.0   84.0  444.0
2024  94  4  3 0900  -27.3  975.4    4.4  211.0   82.0  444.0
2024  94  4  3 1000  -29.2  976.0    3.1  221.0   79.0  444.0
2024  94  4  3 1100  -30.8  976.5    3.2  244.0   78.0  444.0
2024  94  4  3 1200  -32.0  977.0    2.9  212.0   77.0  444.0
2024  94  4  3 1300  -32.4  977.5    3.1  219.0   77.0  444.0
2024  94  4  3 1400  -33.1  978.3    3.2  259.0   76.0  444.0
2024  94  4  3 1500  -32.1  978.7    3.3  246.0   77.0  444.0
2024  94  4  3 1600  -31.4  979.3    2.4  231.0   77.3  444.0
2024  94  4  3 1700  -31.9  979.6    2.3  226.0   77.0  444.0
2024  94  4  3 1800  -32.1  980.1    2.9  276.0   77.0  444.0
2024  94  4  3 1900  -32.8  980.8    2.5  254.0   76.0  444.0
2024  94  4  3 2000  -33.3  981.6    2.5  272.0   76.0  444.0
2024  94  4  3 2100  -31.0  981.5    2.6  207.0   77.0  444.0
2024  94  4  3 2200  -31.3  982.3    2.1  228.0   77.0  444.0
2024  94  4  3 2300  -32.1  982.6    1.6  259.0   76.5  444.0
2024  95  4  4 0000  -29.0  983.3    2.3  256.0   79.0  444.0
2024  95  4  4 0100  -27.8  983.6    2.0  290.0   80.0  444.0
2024  95  4  4 0200  -27.7  984.2    2.4  352.0   80.0  444.0
2024  95  4  4 0300  -27.4  984.5    1.6  334.0   79.0  444.0
2024  95  4  4 0400  -27.0  984.8    1.0   19.0   78.0  444.0
2024  95  4  4 0500  -26.2  985.0    2.5  288.0   79.0  444.0
2024  95  4  4 0600  -26.9  985.4    2.4  238.0   78.4  444.0
2024  95  4  4 0700  -26.9  985.8    1.3  292.0   79.0  444.0
2024  95  4  4 0800  -26.9  986.1    2.2  286.0   79.0  444.0
2024  95  4  4 0900  -26.8  986.3    3.1  285.0   77.3  444.0
2024  95  4  4 1000  -27.6  986.8    2.1  246.0   78.0  444.0
2024  95  4  4 1100  -27.3  987.1    2.4  232.0   79.0  444.0
2024  95  4  4 1200  -27.5  987.4    2.4  220.0   76.0  444.0
2024  95  4  4 1300  -27.6  987.8    1.9  214.0   72.0  444.0
2024  95  4  4 1400  -27.8  987.9    1.4  286.0   72.8  444.0
2024  95  4  4 1500  -28.3  987.9    4.1  268.0   70.0  444.0
2024  95  4  4 1600  -31.6  987.9    4.8  269.0   69.3  444.0
2024  95  4  4 1700  -32.7  987.3    3.7  220.0   71.0  444.0
2024  95  4  4 1800  -31.9  988.1    3.2  250.0   75.0  444.0
2024  95  4  4 1900  -31.6  988.2    3.5  216.0   76.7  444.0
2024  95  4  4 2000  -31.3  988.2    4.5  206.0   77.0  444.0
2024  95  4  4 2100  -31.7  988.6    3.5  207.0   77.0  444.0
2024  95  4  4 2200  -31.0  988.4    3.4  202.0   77.0  444.0
2024  95  4  4 2300  -30.2  988.6    3.1  198.0   77.0  444.0
2024  96  4  5 0000  -29.8  988.6    4.0  190.0   77.3  444.0
2024  96  4  5 0100  -29.1  988.5    4.0  191.0   78.0  444.0
2024  96  4  5 0200  -29.5  988.4    4.6  195.0   76.0  444.0
2024  96  4  5 0300  -31.3  988.2    6.2  193.0   75.0  444.0
2024  96  4  5 0400  -33.8  988.2    5.8  194.0   74.0  444.0
2024  96  4  5 0500  -35.4  988.3    5.7  191.0   73.2  444.0
2024  96  4  5 0600  -35.4  988.0    5.1  191.0   73.0  444.0
2024  96  4  5 0700  -33.9  987.8    6.0  190.0   75.0  444.0
2024  96  4  5 0800  -31.7  987.4    5.1  185.0   76.0  444.0
2024  96  4  5 0900  -29.9  987.4    6.4  188.0   77.0  444.0
2024  96  4  5 1000  -29.0  987.4    6.0  190.0   78.0  444.0
2024  96  4  5 1100  -28.5  986.9    5.9  191.0   78.0  444.0
2024  96  4  5 1200  -27.5  986.8    7.4  192.0   79.4  444.0
2024  96  4  5 1300  -27.0  986.2    7.2  193.0   80.0  444.0
2024  96  4  5 1400  -26.7  985.9    6.3  184.0   80.0  444.0
2024  96  4  5 1500  -26.4  985.6    7.5  184.0   81.0  444.0
2024  96  4  5 1600  -26.4  985.4    5.8  185.0   81.0  444.0
2024  96  4  5 1700  -25.6  985.2    6.7  183.0   82.0  444.0
2024  96  4  5 1800  -24.0  984.7    9.0  183.0   84.0  444.0
2024  96  4  5 1900  -22.9  984.6   10.2  183.0   85.0  444.0
2024  96  4  5 2000  -22.2  984.1   11.1  182.0   86.0  444.0
2024  96  4  5 2100  -22.0  984.0   11.5  177.0   86.0  444.0
2024  96  4  5 2200  -22.0  984.4    9.8  179.0   85.3  444.0
2024  96  4  5 2300  -22.5  984.4    9.3  180.0   85.0  444.0
2024  97  4  6 0000  -22.4  984.1   10.0  179.0   85.0  444.0
2024  97  4  6 0100  -22.1  983.9    9.9  181.0   85.0  444.0
2024  97  4  6 0200  -22.4  983.9    9.1  179.0   84.8  444.0
2024  97  4  6 0300  -23.1  984.0    9.0  191.0   83.9  444.0
2024  97  4  6 0400  -25.4  983.8    7.7  181.0   81.0  444.0
2024  97  4  6 0500  -25.8  983.8    8.4  184.0   81.0  444.0
2024  97  4  6 0600  -28.0  984.1    8.1  189.0   79.0  444.0
2024  97  4  6 0700  -29.6  984.0    7.3  188.0   78.0  444.0
2024  97  4  6 0800  -30.4  983.8    6.4  184.0   77.0  444.0
2024  97  4  6 0900  -31.2  984.0    5.3  174.0   76.6  444.0
2024  97  4  6 1000  -31.4  983.7    6.3  185.0   77.0  444.0
2024  97  4  6 1100  -32.0  983.7    6.1  185.0   76.0  444.0
2024  97  4  6 1200  -32.6  983.5    5.4  179.0   76.0  444.0
2024  97  4  6 1300  -33.2  983.2    5.9  185.0   75.0  444.0
2024  97  4  6 1400  -32.5  982.8    6.2  174.0   75.0  444.0
2024  97  4  6 1500  -32.5  982.4    6.0  180.0   75.0  444.0
2024  97  4  6 1600  -32.7  982.3    5.3  177.0   75.0  444.0
2024  97  4  6 1700  -32.7  982.1    6.5  170.0   75.4  444.0
2024  97  4  6 1800  -32.8  981.9    4.4  174.0   75.0  444.0
2024  97  4  6 1900  -33.2  981.6    5.7  158.0   75.1  444.0
2024  97  4  6 2000  -32.6  981.6    6.0  170.0   76.0  444.0
2024  97  4  6 2100  -32.2  981.5    6.7  165.0   75.0  444.0
2024  97  4  6 2200  -32.7  981.6    6.1  187.0   75.0  444.0
2024  97  4  6 2300  -33.6  981.1    5.9  176.0   74.0  444.0
2024  98  4  7 0000  -34.5  980.7    5.9  176.0   73.0  444.0
2024  98  4  7 0100  -33.2  979.9    5.5  182.0   75.0  444.0
2024  98  4  7 0200  -34.8  978.9    4.3  181.0   73.0  444.0
2024  98  4  7 0300  -35.6  978.4    3.4  170.0   73.0  444.0
2024  98  4  7 0400  -35.5  977.7    2.9  167.0   73.0  444.0
2024  98  4  7 0500  -36.5  977.2    3.0  175.0   72.6  444.0
2024  98  4  7 0600  -37.3  976.7    3.7  199.0   72.0  444.0
2024  98  4  7 0700  -36.9  975.9    2.4  134.0   73.0  444.0
2024  98  4  7 0800  -36.1  975.3    3.1  164.0   73.0  444.0
2024  98  4  7 0900  -35.4  974.4    2.3   97.0   74.0  444.0
2024  98  4  7 1000  -34.7  974.0    4.2  180.0   74.0  444.0
2024  98  4  7 1100  -35.3  973.5    3.7  159.0   73.0  444.0
2024  98  4  7 1200  -35.6  972.9    1.7  141.0   73.0  444.0
2024  98  4  7 1300  -37.1  972.3    2.8  184.0   72.0  444.0
2024  98  4  7 1400  -37.3  971.7    2.3  164.0   72.0  444.0
2024  98  4  7 1500  -37.6  971.4    2.2  199.0   71.2  444.0
2024  98  4  7 1600  -38.7  971.1    1.4  191.0   71.0  444.0
2024  98  4  7 1700  -39.2  970.7    2.3  189.0   71.0  444.0
2024  98  4  7 1800  -39.3  970.1    2.0  198.0   70.8  444.0
2024  98  4  7 1900  -38.8  969.4    2.1  168.0   71.0  444.0
2024  98  4  7 2000  -39.0  968.8    2.7  184.0   71.0  444.0
2024  98  4  7 2100  -39.1  968.4    2.4  158.0   71.0  444.0
2024  98  4  7 2200  -39.0  968.3    1.6  176.0   71.0  444.0
2024  98  4  7 2300  -39.2  967.9    3.2  199.0   70.0  444.0
2024  99  4  8 0000  -39.3  967.5    2.7  204.0   70.0  444.0
2024  99  4  8 0100  -38.9  967.3    2.5  170.0   70.0  444.0
2024  99  4  8 0200  -37.6  966.9    4.6  218.0   71.0  444.0
2024  99  4  8 0300  -36.0  967.0    3.0  197.0   73.0  444.0
2024  99  4  8 0400  -34.8  966.7    3.3  212.0   73.0  444.0
2024  99  4  8 0500  -33.9  966.3    3.3  203.0   74.0  444.0
2024  99  4  8 0600  -33.4  966.1    2.9  194.0   74.0  444.0
2024  99  4  8 0700  -32.7  965.7    3.5  202.0   75.0  444.0
2024  99  4  8 0800  -32.1  965.4    6.3  218.0   75.0  444.0
2024  99  4  8 0900  -31.5  965.2    4.2  194.0   76.0  444.0
2024  99  4  8 1000  -30.8  965.4    5.3  210.0   76.0  444.0
2024  99  4  8 1100  -30.3  965.7    6.0  231.0   77.0  444.0
2024  99  4  8 1200  -30.1  965.2    6.7  227.0   77.0  444.0
2024  99  4  8 1300  -29.8  965.5    7.9  213.0   77.0  444.0
2024  99  4  8 1400  -29.6  964.7    5.5  205.0   77.0  444.0
2024  99  4  8 1500  -29.4  964.9    5.1  208.0   77.0  444.0
2024  99  4  8 1600  -29.0  965.3    6.6  216.0   76.0  444.0
2024  99  4  8 1700  -29.0  965.4    4.3  212.0   76.0  444.0
2024  99  4  8 1800  -28.6  965.8    5.3  206.0   78.0  444.0
2024  99  4  8 1900  -28.5  965.2    7.1  218.0   78.0  444.0
2024  99  4  8 2000  -28.0  964.9    5.3  215.0   79.0  444.0
2024  99  4  8 2100  -28.0  965.3    3.9  196.0   79.0  444.0
2024  99  4  8 2200  -28.0  964.9    4.7  228.0   78.0  444.0
2024  99  4  8 2300  -27.9  964.7    7.6  242.0   78.0  444.0
2024 100  4  9 0000  -27.4  964.9    4.6  216.0   79.0  444.0
2024 100  4  9 0100  -27.5  964.7    6.2  229.0   78.0  444.0
2024 100  4  9 0200  -27.1  964.2    5.9  221.0   78.8  444.0
2024 100  4  9 0300  -27.1  963.8    7.2  234.0   78.0  444.0
2024 100  4  9 0400  -27.3  963.4    7.1  226.0   79.0  444.0
2024 100  4  9 0500  -26.9  964.0    6.4  230.0   80.0  444.0
2024 100  4  9 0600  -26.0  963.4    6.6  221.0   81.0  444.0
2024 100  4  9 0700  -25.5  963.2    7.6  241.0   82.0  444.0
2024 100  4  9 0800  -25.1  963.4    8.8  254.0   82.0  444.0
2024 100  4  9 0900  -25.4  963.1    9.7  260.0   82.0  444.0
2024 100  4  9 1000  -25.0  963.2    7.0  245.0   82.0  444.0
2024 100  4  9 1100  -24.3  963.2    7.4  244.0   83.0  444.0
2024 100  4  9 1200  -24.3  963.5    8.4  254.0   82.0  444.0
2024 100  4  9 1300  -24.5  963.4    8.3  269.0   82.0  444.0
2024 100  4  9 1400  -24.6  963.4    8.9  274.0   81.0  444.0
2024 100  4  9 1500  -24.5  964.0    7.4  271.0   81.0  444.0
2024 100  4  9 1600  -24.9  964.4    5.8  287.0   82.0  444.0
2024 100  4  9 1700  -25.0  964.6    5.6  284.0   82.7  444.0
2024 100  4  9 1800  -26.5  965.0    4.9  294.0   81.0  444.0
2024 100  4  9 1900  -28.5  965.1    4.8  301.0   80.0  444.0
2024 100  4  9 2000  -27.6  965.2    4.5  300.0   81.0  444.0
2024 100  4  9 2100  -26.7  965.6    3.2  311.0   81.0  444.0
2024 100  4  9 2200  -28.9  966.2    3.4  322.0   78.6  444.0
2024 100  4  9 2300  -28.6  966.8    2.4  350.0   79.0  444.0
2024 101  4 10 0000  -28.4  967.3    2.4  347.0   79.0  444.0
2024 101  4 10 0100  -27.9  967.6    3.3    1.0   80.0  444.0
2024 101  4 10 0200  -26.4  968.0    3.5  345.0   80.0  444.0
2024 101  4 10 0300  -27.0  968.5    2.9  333.0   80.9  444.0
2024 101  4 10 0400  -25.9  969.1    2.9  358.0   82.0  444.0
2024 101  4 10 0500  -26.8  969.5    1.1   11.0   81.0  444.0
2024 101  4 10 0600  -28.4  970.1    2.2   20.0   79.0  444.0
2024 101  4 10 0700  -30.0  970.3    2.2   42.0   78.0  444.0
2024 101  4 10 0800  -32.0  970.9    2.5   56.0   76.0  444.0
2024 101  4 10 0900  -33.5  971.2    2.6   49.0   75.0  444.0
2024 101  4 10 1000  -34.7  971.8    2.2   63.0   74.5  444.0
2024 101  4 10 1100  -33.8  972.3    2.1   63.0   75.0  444.0
2024 101  4 10 1200  -34.9  972.6    3.0   74.0   74.0  444.0
2024 101  4 10 1300  -36.1  973.0    2.6   56.0   74.0  444.0
2024 101  4 10 1400  -36.9  973.5    2.5   50.0   73.0  444.0
2024 101  4 10 1500  -34.1  973.9    1.9  309.0   75.3  444.0
2024 101  4 10 1600  -31.9  974.7    1.9  307.0   76.0  444.0
2024 101  4 10 1700  -31.4  975.4    1.0  323.0   77.0  444.0
2024 101  4 10 1800  -31.3  975.7    1.0  353.0   77.0  444.0
2024 101  4 10 1900  -30.6  975.8    0.8  297.0   77.0  444.0
2024 101  4 10 2000  -30.5  976.1    0.1  249.0   77.3  444.0
2024 101  4 10 2100  -30.7  976.6    0.6  249.0   77.0  444.0
2024 101  4 10 2200  -31.1  976.7    0.0    0.0   77.0  444.0
2024 101  4 10 2300  -30.5  977.1    1.1  249.0   77.0  444.0
2024 102  4 11 0000  -30.8  977.2    1.3  249.0   77.0  444.0
2024 102  4 11 0100  -31.8  977.2    1.5  195.0   75.8  444.0
2024 102  4 11 0200  -31.5  977.2    1.8  209.0   76.1  444.0
2024 102  4 11 0300  -30.8  976.9    2.8  210.0   77.0  444.0
2024 102  4 11 0400  -31.3  976.9    2.2  216.0   76.6  444.0
2024 102  4 11 0500  -30.4  977.0    2.7  208.0   77.0  444.0
2024 102  4 11 0600  -29.9  976.9    3.0  200.0   78.0  444.0
2024 102  4 11 0700  -31.2  976.5    2.0  212.0   77.0  444.0
2024 102  4 11 0800  -30.9  976.2    2.3  236.0   77.0  444.0
2024 102  4 11 0900  -30.0  976.2    2.1  236.0   78.0  444.0
2024 102  4 11 1000  -29.8  976.2    1.9  239.0   78.0  444.0
2024 102  4 11 1100  -29.5  975.8    2.4  226.0   78.0  444.0
2024 102  4 11 1200  -30.7  975.5    2.8  232.0   77.0  444.0
2024 102  4 11 1300  -30.2  975.2    2.3  207.0   78.0  444.0
2024 102  4 11 1400  -29.9  974.9    2.5  217.0   78.0  444.0
2024 102  4 11 1500  -29.2  974.6    2.7  206.0   78.0  444.0
2024 102  4 11 1600  -29.0  974.7    3.7  209.0   78.0  444.0
2024 102  4 11 1700  -30.3  974.6    4.7  196.0   77.0  444.0
2024 102  4 11 1800  -31.7  974.4    3.1  210.0   76.0  444.0
2024 102  4 11 1900  -30.6  974.3    3.6  190.0   77.3  444.0
2024 102  4 11 2000  -29.2  974.1    3.1  202.0   78.0  444.0
2024 102  4 11 2100  -30.0  973.8    3.6  206.0   77.0  444.0
2024 102  4 11 2200  -31.8  973.8    2.4  189.0   76.0  444.0
2024 102  4 11 2300  -31.6  974.1    2.4  202.0   76.0  444.0
2024 103  4 12 0000  -32.0  973.7    2.8  209.0   76.0  444.0
2024 103  4 12 0100  -33.3  973.5    2.3  207.0   75.0  444.0
2024 103  4 12 0200  -33.3  973.9    3.0  186.0   75.0  444.0
2024 103  4 12 0300  -34.3  973.7    3.4  213.0   74.0  444.0
2024 103  4 12 0400  -35.1  973.5    2.3  197.0   73.9  444.0
2024 103  4 12 0500  -33.0  973.6    1.7  201.0   76.0  444.0
2024 103  4 12 0600  -31.9  974.0    3.1  195.0   76.0  444.0
2024 103  4 12 0700  -30.1  974.3    3.8  214.0   77.1  444.0
2024 103  4 12 0800  -32.5  974.4    2.9  216.0   76.0  444.0
2024 103  4 12 0900  -33.9  974.5    1.4  186.0   75.0  444.0
2024 103  4 12 1000  -34.6  974.7    1.7  197.0   74.0  444.0
2024 103  4 12 1100  -33.5  974.7    2.1  192.0   75.0  444.0
2024 103  4 12 1200  -35.1  975.0    2.2  172.0   74.0  444.0
2024 103  4 12 1300  -34.6  975.1    2.5  185.0   74.0  444.0
2024 103  4 12 1400  -33.8  975.2    2.1  192.0   75.0  444.0
2024 103  4 12 1500  -32.8  975.3    2.7  202.0   75.0  444.0
2024 103  4 12 1600  -31.8  975.5    2.1  191.0   76.0  444.0
2024 103  4 12 1700  -31.3  975.5    3.4  208.0   76.0  444.0
2024 103  4 12 1800  -31.5  975.6    4.8  224.0   76.0  444.0
2024 103  4 12 1900  -30.9  975.7    2.4  180.0   77.0  444.0
2024 103  4 12 2000  -30.4  975.7    4.7  191.0   77.0  444.0
2024 103  4 12 2100  -30.2  975.6    3.8  191.0   77.0  444.0
2024 103  4 12 2200  -30.5  975.9    4.3  196.0   77.0  444.0
2024 103  4 12 2300  -30.4  975.8    4.9  222.0   77.0  444.0
2024 104  4 13 0000  -30.0  975.7    2.2  202.0   78.0  444.0
2024 104  4 13 0100  -29.3  975.5    3.7  206.0   78.0  444.0
2024 104  4 13 0200  -29.2  975.6    3.8  205.0   78.0  444.0
2024 104  4 13 0300  -30.1  975.4    3.4  190.0   77.0  444.0
2024 104  4 13 0400  -29.8  975.6    3.6  206.0   77.5  444.0
2024 104  4 13 0500  -29.0  975.3    1.5  196.0   78.3  444.0
2024 104  4 13 0600  -29.9  974.7    5.1  232.0   77.0  444.0
2024 104  4 13 0700  -29.6  974.3    2.8  174.0   78.0  444.0
2024 104  4 13 0800  -28.6  973.8    4.3  190.0   79.0  444.0
2024 104  4 13 0900  -28.4  972.4    5.3  177.0   79.0  444.0
2024 104  4 13 1000  -28.1  971.5    2.3  209.0   79.0  444.0
2024 104  4 13 1100  -26.9  971.0    3.6  190.0   80.0  444.0
2024 104  4 13 1200  -25.3  969.7    2.4  204.0   82.0  444.0
2024 104  4 13 1300  -20.1  968.4    6.8  207.0   88.0  444.0
2024 104  4 13 1400  -17.8  967.9   10.6  184.0   91.0  444.0
2024 104  4 13 1500  -18.6  968.1    9.1  182.0   90.0  444.0
2024 104  4 13 1600  -19.4  968.3    9.8  184.0   88.0  444.0
2024 104  4 13 1700  -18.6  968.0   11.4  179.0   89.0  444.0
2024 104  4 13 1800  -18.6  967.7   11.1  175.0   90.0  444.0
2024 104  4 13 1900  -17.9  968.0   11.8  180.0   91.0  444.0
2024 104  4 13 2000  -17.1  967.7   13.0  175.0   92.0  444.0
2024 104  4 13 2100  -16.1  967.7    9.9  179.0   94.0  444.0
2024 104  4 13 2200  -16.1  967.5   14.1  172.0   93.0  444.0
2024 104  4 13 2300  -15.0  967.0   13.9  170.0   96.0  444.0
2024 105  4 14 0000  -15.1  967.0   13.6  174.0   96.0  444.0
2024 105  4 14 0100  -16.1  967.1   15.9  172.0   94.0  444.0
2024 105  4 14 0200  -15.9  967.1   13.5  177.0   94.0  444.0
2024 105  4 14 0300  -15.9  967.2   13.3  176.0   95.0  444.0
2024 105  4 14 0400  -15.3  967.0   17.2  172.0   95.0  444.0
2024 105  4 14 0500  -15.8  967.7   17.7  168.0   94.0  444.0
2024 105  4 14 0600  -15.7  968.0   16.9  168.0   95.0  444.0
2024 105  4 14 0700  -15.8  968.4   15.2  173.0   94.3  444.0
2024 105  4 14 0800  -15.5  968.8   13.4  176.0   95.0  444.0
2024 105  4 14 0900  -15.3  968.9   13.8  171.0   95.0  444.0
2024 105  4 14 1000  -14.9  968.9   14.1  174.0   95.0  444.0
2024 105  4 14 1100  -15.0  969.5   14.0  187.0   92.0  444.0
2024 105  4 14 1200  -15.7  970.2    9.6  188.0   89.3  444.0
2024 105  4 14 1300  -15.0  970.2   12.8  200.0   84.0  444.0
2024 105  4 14 1400  -15.7  970.0   10.3  205.0   81.0  444.0
2024 105  4 14 1500  -16.3  970.2   11.2  199.0   84.0  444.0
2024 105  4 14 1600  -17.8  970.2    9.2  211.0   83.0  444.0
2024 105  4 14 1700  -19.1  970.6    7.4  200.0   84.3  444.0
2024 105  4 14 1800  -17.9  970.4    9.0  210.0   81.0  444.0
2024 105  4 14 1900  -18.7  970.1    7.3  207.0   79.0  444.0
2024 105  4 14 2000  -18.2  970.1    7.0  195.0   77.0  444.0
2024 105  4 14 2100  -19.7  970.7    7.3  230.0   81.0  444.0
2024 105  4 14 2200  -21.1  970.7    5.6  210.0   82.0  444.0
2024 105  4 14 2300  -21.6  970.7    5.5  204.0   81.0  444.0
2024 106  4 15 0000  -20.9  970.4    5.3  192.0   81.0  444.0
2024 106  4 15 0100  -20.0  970.3    6.0  209.0   78.0  444.0
2024 106  4 15 0200  -20.0  969.9    4.8  182.0   79.0  444.0
2024 106  4 15 0300  -18.0  970.0    9.1  187.0   85.0  444.0
2024 106  4 15 0400  -15.6  969.6   12.9  179.0   92.0  444.0
2024 106  4 15 0500  -15.8  970.1   10.5  188.0   86.0  444.0
2024 106  4 15 0600  -17.4  970.2   10.9  196.0   85.0  444.0
2024 106  4 15 0700  -17.7  970.5   10.8  209.0   86.0  444.0
2024 106  4 15 0800  -18.6  970.6    8.8  194.0   87.0  444.0
2024 106  4 15 0900  -18.0  970.8    9.8  195.0   85.0  444.0
2024 106  4 15 1000  -18.8  971.2    9.1  201.0   83.0  444.0
2024 106  4 15 1100  -19.4  971.2    7.9  193.0   85.0  444.0
2024 106  4 15 1200  -20.0  971.3    7.5  193.0   86.0  444.0
2024 106  4 15 1300  -19.7  971.5    9.5  181.0   86.0  444.0
2024 106  4 15 1400  -20.6  971.8    7.6  191.0   83.0  444.0
2024 106  4 15 1500  -19.9  971.9    9.2  182.0   85.0  444.0
2024 106  4 15 1600  -20.3  972.3    9.3  179.0   85.0  444.0
2024 106  4 15 1700  -20.2  972.4    9.1  177.0   86.0  444.0
2024 106  4 15 1800  -20.0  972.4    9.9  181.0   84.0  444.0
2024 106  4 15 1900  -20.2  973.1    9.7  179.0   87.0  444.0
2024 106  4 15 2000  -20.5  973.8    8.1  184.0   87.0  444.0
2024 106  4 15 2100  -20.0  974.0    9.1  178.0   87.0  444.0
2024 106  4 15 2200  -19.9  974.3    9.1  180.0   87.0  444.0
2024 106  4 15 2300  -20.0  974.7    7.7  178.0   87.0  444.0
2024 107  4 16 0000  -19.1  974.1   11.4  173.0   88.0  444.0
2024 107  4 16 0100  -18.5  974.7   11.4  171.0   89.0  444.0
2024 107  4 16 0200  -18.8  974.7   13.6  169.0   89.0  444.0
2024 107  4 16 0300  -19.4  975.6   13.6  165.0   88.9  444.0
2024 107  4 16 0400  -22.7  976.9   10.4  145.0   85.0  444.0
2024 107  4 16 0500  -27.0  978.0    8.9  157.0   79.0  444.0
2024 107  4 16 0600  -28.5  978.6    8.9  163.0   78.0  444.0
2024 107  4 16 0700  -27.7  978.5    6.6  168.0   79.8  444.0
2024 107  4 16 0800  -26.9  978.7    5.1  180.0   80.9  444.0
2024 107  4 16 0900  -26.0  978.9    3.9  197.0   82.0  444.0
2024 107  4 16 1000  -26.9  978.6    3.0  230.0   82.0  444.0
2024 107  4 16 1100  -27.6  978.1    3.8  211.0   82.0  444.0
2024 107  4 16 1200  -24.9  977.7    6.2  196.0   83.0  444.0
2024 107  4 16 1300  -22.8  977.5    6.6  203.0   87.0  444.0
2024 107  4 16 1400  -19.4  976.8    6.9  190.0   91.0  444.0
2024 107  4 16 1500  -17.1  976.2   10.0  184.0   91.0  444.0
2024 107  4 16 1600  -17.1  975.1   10.5  180.0   89.0  444.0
2024 107  4 16 1700  -18.0  974.8   12.1  171.0   88.9  444.0
2024 107  4 16 1800  -19.0  974.7    8.8  180.0   87.0  444.0
2024 107  4 16 1900  -19.4  974.4    9.8  179.0   87.0  444.0
2024 107  4 16 2000  -19.9  974.2   10.3  177.0   88.0  444.0
2024 107  4 16 2100  -20.3  974.0   10.9  169.0   88.0  444.0
2024 107  4 16 2200  -20.6  974.6   11.6  177.0   87.7  444.0
2024 107  4 16 2300  -21.0  974.7   10.0  176.0   87.0  444.0
2024 108  4 17 0000  -20.8  974.7   10.2  177.0   87.0  444.0
2024 108  4 17 0100  -21.1  974.7    8.6  189.0   85.0  444.0
2024 108  4 17 0200  -21.4  974.4    7.9  192.0   86.0  444.0
2024 108  4 17 0300  -22.1  973.7    6.9  191.0   85.0  444.0
2024 108  4 17 0400  -20.1  972.8    8.3  184.0   86.0  444.0
2024 108  4 17 0500  -19.4  972.3    9.3  191.0   86.0  444.0
2024 108  4 17 0600  -18.2  971.6   10.0  179.0   89.0  444.0
2024 108  4 17 0700  -18.1  971.2    9.7  182.0   87.0  444.0
2024 108  4 17 0800  -17.2  970.4   10.9  179.0   87.0  444.0
2024 108  4 17 0900  -17.5  970.4    9.3  183.0   87.0  444.0
2024 108  4 17 1000  -16.6  970.1    9.5  177.0   87.0  444.0
2024 108  4 17 1100  -15.7  969.1   10.7  175.0   90.0  444.0
2024 108  4 17 1200  -15.2  968.6    9.7  178.0   93.0  444.0
2024 108  4 17 1300  -15.3  967.5   11.8  197.0   94.0  444.0
2024 108  4 17 1400  -17.6  966.6    9.9  200.0   92.0  444.0
2024 108  4 17 1500  -16.1  966.0    9.9  199.0   94.0  444.0
2024 108  4 17 1600  -14.6  965.2   11.5  175.0   92.7  444.0
2024 108  4 17 1700  -14.8  964.6   12.6  183.0   93.0  444.0
2024 108  4 17 1800  -15.6  964.6    9.9  186.0   93.0  444.0
2024 108  4 17 1900  -15.5  964.1    9.3  187.0   93.0  444.0
2024 108  4 17 2000  -19.7  963.1    7.9  209.0   88.0  444.0
2024 108  4 17 2100  -20.8  962.2    6.0  194.0   86.0  444.0
2024 108  4 17 2200  -21.7  961.4    7.0  210.0   87.0  444.0
2024 108  4 17 2300  -20.6  960.6    6.4  203.0   85.0  444.0
2024 109  4 18 0000  -22.1  960.4    6.5  209.0   84.0  444.0
2024 109  4 18 0100  -22.3  959.5    5.6  194.0   83.0  444.0
2024 109  4 18 0200  -22.2  959.3    6.6  203.0   82.0  444.0
2024 109  4 18 0300  -22.5  958.6    5.4  208.0   80.0  444.0
2024 109  4 18 0400  -21.6  957.6    6.5  201.0   84.0  444.0
2024 109  4 18 0500  -20.0  956.2    7.4  202.0   81.0  444.0
2024 109  4 18 0600  -16.8  955.3    7.3  158.0   85.0  444.0
2024 109  4 18 0700  -16.0  954.9   11.3  171.0   87.0  444.0
2024 109  4 18 0800  -16.8  954.9   11.5  176.0   89.0  444.0
2024 109  4 18 0900  -16.4  954.8   11.0  169.0   90.0  444.0
2024 109  4 18 1000  -16.0  954.8   12.3  172.0   90.0  444.0
2024 109  4 18 1100  -16.6  955.3   11.4  176.0   90.0  444.0
2024 109  4 18 1200  -17.1  955.6   10.0  179.0   90.0  444.0
2024 109  4 18 1300  -17.1  955.5   10.5  175.0   91.0  444.0
2024 109  4 18 1400  -17.6  955.0   11.7  176.0   91.0  444.0
2024 109  4 18 1500  -18.4  955.5   10.7  175.0   91.0  444.0
2024 109  4 18 1600  -20.0  955.8   11.3  168.0   88.0  444.0
2024 109  4 18 1700  -24.2  956.4   10.9  164.0   83.0  444.0
2024 109  4 18 1800  -24.3  957.6   10.1  168.0   84.0  444.0
2024 109  4 18 1900  -25.5  958.7   11.1  164.0   82.0  444.0
2024 109  4 18 2000  -27.5  959.9   10.2  163.0   80.0  444.0
2024 109  4 18 2100  -30.0  961.3    9.0  165.0   78.0  444.0
2024 109  4 18 2200  -31.1  962.4    7.9  154.0   77.0  444.0
2024 109  4 18 2300  -31.6  963.9    5.4  155.0   77.0  444.0
2024 110  4 19 0000  -32.0  964.7    3.7  166.0   77.0  444.0
2024 110  4 19 0100  -33.2  965.3    2.8  173.0   77.3  444.0
2024 110  4 19 0200  -33.1  965.7  444.0  444.0   77.0  444.0
2024 110  4 19 0300  -33.0  966.0  444.0  444.0   76.0  444.0
2024 110  4 19 0400  -33.0  965.8  444.0  444.0   76.0  444.0
2024 110  4 19 0500  -32.9  965.9  444.0  444.0   76.0  444.0
2024 110  4 19 0600  -33.0  965.8  444.0  444.0   76.0  444.0
2024 110  4 19 0700  -33.1  965.4  444.0  444.0   76.0  444.0
2024 110  4 19 0800  -33.4  965.1  444.0  444.0   76.0  444.0
2024 110  4 19 0900  -32.9  964.7  444.0  444.0   76.0  444.0
2024 110  4 19 1000  -31.5  964.4  444.0  444.0   77.0  444.0
2024 110  4 19 1100  -30.6  964.4  444.0  444.0   78.0  444.0
2024 110  4 19 1200  -28.9  964.5  444.0  444.0   79.0  444.0
2024 110  4 19 1300  -28.6  964.5    4.3  197.0   79.8  444.0
2024 110  4 19 1400  -28.4  964.3    5.3  190.0   80.0  444.0
2024 110  4 19 1500  -28.2  964.6    4.6  197.0   80.0  444.0
2024 110  4 19 1600  -28.6  965.0    3.7  228.0   79.0  444.0
2024 110  4 19 1700  -27.3  965.0    4.3  207.0   81.0  444.0
2024 110  4 19 1800  -28.1  964.8    4.2  220.0   79.5  444.0
2024 110  4 19 1900  -29.1  964.9    3.3  209.0   79.0  444.0
2024 110  4 19 2000  -29.0  965.2    4.3  201.0   79.0  444.0
2024 110  4 19 2100  -29.8  965.1    4.2  184.0   78.0  444.0
2024 110  4 19 2200  -30.8  965.7    4.2  185.0   78.0  444.0
2024 110  4 19 2300  -31.1  966.5    3.8  182.0   77.1  444.0
2024 111  4 20 0000  -31.8  966.8    3.6  185.0   77.0  444.0
2024 111  4 20 0100  -33.4  967.1    3.2  194.0   75.0  444.0
2024 111  4 20 0200  -34.1  967.2    3.0  191.0   75.0  444.0
2024 111  4 20 0300  -34.7  967.0    2.8  186.0   75.0  444.0
2024 111  4 20 0400  -35.1  967.0    3.5  280.0   74.4  444.0
2024 111  4 20 0500  -33.3  967.0    2.9  219.0   76.0  444.0
2024 111  4 20 0600  -33.0  967.4    2.8  248.0   76.0  444.0
2024 111  4 20 0700  -33.3  967.5    2.7  259.0   76.0  444.0
2024 111  4 20 0800  -33.6  967.8    2.3  226.0   75.0  444.0
2024 111  4 20 0900  -33.1  967.7    3.2  240.0   75.7  444.0
2024 111  4 20 1000  -32.9  967.9    3.1  235.0   76.0  444.0
2024 111  4 20 1100  -31.9  967.8    3.9  252.0   77.0  444.0
2024 111  4 20 1200  -30.2  967.8    2.7  206.0   78.0  444.0
2024 111  4 20 1300  -30.0  967.9    3.0  219.0   78.0  444.0
2024 111  4 20 1400  -29.9  968.1    3.1  228.0   78.0  444.0
2024 111  4 20 1500  -29.6  968.0    1.9  215.0   78.0  444.0
2024 111  4 20 1600  -30.4  968.0    4.0  219.0   78.0  444.0
2024 111  4 20 1700  -30.1  968.0    3.8  215.0   77.0  444.0
2024 111  4 20 1800  -30.4  968.2    6.3  203.0   77.0  444.0
2024 111  4 20 1900  -30.8  968.2    4.0  222.0   76.1  444.0
2024 111  4 20 2000  -30.5  968.3    5.5  255.0   76.0  444.0
2024 111  4 20 2100  -30.1  968.7    4.5  225.0   78.0  444.0
2024 111  4 20 2200  -31.3  969.3    2.8  224.0   76.0  444.0
2024 111  4 20 2300  -32.7  969.5    2.3  227.0   75.0  444.0
2024 112  4 21 0000  -34.4  969.9    1.9  228.0   74.5  444.0
2024 112  4 21 0100  -34.2  969.9    2.2  220.0   74.0  444.0
2024 112  4 21 0200  -35.5  970.2    2.5  223.0   74.0  444.0
2024 112  4 21 0300  -36.4  970.3    2.7  259.0   73.0  444.0
2024 112  4 21 0400  -35.8  971.0    3.1  240.0   73.0  444.0
2024 112  4 21 0500  -34.8  971.4    3.2  206.0   74.0  444.0
2024 112  4 21 0600  -35.3  972.3    2.4  241.0   74.1  444.0
2024 112  4 21 0700  -34.9  972.8    1.8  244.0   74.0  444.0
2024 112  4 21 0800  -36.3  973.3    2.1  301.0   73.0  444.0
2024 112  4 21 0900  -35.8  974.2    2.4  264.0   74.0  444.0
2024 112  4 21 1000  -36.5  974.6    2.7  208.0   74.0  444.0
2024 112  4 21 1100  -37.2  975.9    2.8  176.0   73.0  444.0
2024 112  4 21 1200  -38.2  976.5    3.5  182.0   72.0  444.0
2024 112  4 21 1300  -37.8  977.4    4.2  181.0   72.0  444.0
2024 112  4 21 1400  -37.5  977.7    3.9  166.0   72.4  444.0
2024 112  4 21 1500  -38.2  978.9    3.3  179.0   72.0  444.0
2024 112  4 21 1600  -38.2  979.4    3.5  197.0   72.0  444.0
2024 112  4 21 1700  -39.0  979.6    2.4  177.0   71.0  444.0
2024 112  4 21 1800  -39.1  979.6    1.8  188.0   71.0  444.0
2024 112  4 21 1900  -36.7  979.5    2.2  177.0   72.8  444.0
2024 112  4 21 2000  -35.6  979.6    2.5  164.0   74.0  444.0
2024 112  4 21 2100  -35.5  979.5    2.4  192.0   74.0  444.0
2024 112  4 21 2200  -35.5  979.4    1.4  164.0   74.0  444.0
2024 112  4 21 2300  -34.3  979.2    2.4  186.0   74.0  444.0
2024 113  4 22 0000  -34.2  978.8    2.4  189.0   74.4  444.0
2024 113  4 22 0100  -34.5  978.8    1.6  136.0   74.0  444.0
2024 113  4 22 0200  -33.5  978.6    3.8  182.0   75.0  444.0
2024 113  4 22 0300  -35.3  978.7    3.8  197.0   74.0  444.0
2024 113  4 22 0400  -36.0  978.6    2.9  213.0   73.0  444.0
2024 113  4 22 0500  -36.2  978.2    1.8  206.0   73.0  444.0
2024 113  4 22 0600  -35.5  977.8    1.8  205.0   73.0  444.0
2024 113  4 22 0700  -36.6  977.6    2.2  186.0   73.0  444.0
2024 113  4 22 0800  -35.9  977.3    3.0  215.0   73.0  444.0
2024 113  4 22 0900  -34.5  977.0    3.0  198.0   74.0  444.0
2024 113  4 22 1000  -34.8  976.7    1.6  203.0   74.0  444.0
2024 113  4 22 1100  -34.4  976.5    1.3  176.0   75.0  444.0
2024 113  4 22 1200  -34.2  976.4    1.6  210.0   74.4  444.0
2024 113  4 22 1300  -35.2  976.3    1.4  190.0   74.0  444.0
2024 113  4 22 1400  -34.8  976.0    2.5  208.0   74.0  444.0
2024 113  4 22 1500  -36.3  976.1    2.0  196.0   73.0  444.0
2024 113  4 22 1600  -36.5  975.7    2.8  215.0   73.0  444.0
2024 113  4 22 1700  -34.7  975.6    3.7  220.0   74.0  444.0
2024 113  4 22 1800  -33.7  975.5    3.4  223.0   75.0  444.0
2024 113  4 22 1900  -33.2  975.2    4.3  223.0   75.0  444.0
2024 113  4 22 2000  -32.5  975.2    4.2  232.0   75.0  444.0
2024 113  4 22 2100  -32.7  975.7    4.9  234.0   75.0  444.0
2024 113  4 22 2200  -33.7  975.7    4.8  249.0   73.9  444.0
2024 113  4 22 2300  -34.5  976.4    4.2  242.0   73.0  444.0
2024 114  4 23 0000  -34.8  976.4    6.8  261.0   73.0  444.0
2024 114  4 23 0100  -35.0  976.9    5.7  268.0   73.0  444.0
2024 114  4 23 0200  -34.4  977.1    6.8  281.0   74.0  444.0
2024 114  4 23 0300  -35.8  977.3    5.6  291.0   73.0  444.0
2024 114  4 23 0400  -36.4  977.5    5.3  295.0   72.0  444.0
2024 114  4 23 0500  -36.6  978.0    6.2  299.0   73.0  444.0
2024 114  4 23 0600  -37.8  978.6    5.0  292.0   72.0  444.0
2024 114  4 23 0700  -36.9  978.9    5.2  290.0   72.0  444.0
2024 114  4 23 0800  -37.0  979.2    4.5  291.0   72.0  444.0
2024 114  4 23 0900  -38.5  980.0    2.7  297.0   71.6  444.0
2024 114  4 23 1000  -39.8  980.4    3.1  312.0   71.0  444.0
2024 114  4 23 1100  -41.1  980.9    3.8  351.0   70.0  444.0
2024 114  4 23 1200  -41.4  981.4    3.8  352.0   70.0  444.0
2024 114  4 23 1300  -39.7  982.0    3.1  348.0   71.0  444.0
2024 114  4 23 1400  -40.6  982.4    3.1   11.0   70.0  444.0
2024 114  4 23 1500  -41.1  983.1    3.2   30.0   70.0  444.0
2024 114  4 23 1600  -42.5  983.5    2.3   12.0   69.0  444.0
2024 114  4 23 1700  -42.7  984.1    2.4   13.0   69.0  444.0
2024 114  4 23 1800  -42.6  984.8    2.4  326.0   69.0  444.0
2024 114  4 23 1900  -42.1  986.3    1.9  316.0   68.9  444.0
2024 114  4 23 2000  -40.9  986.7    2.3  337.0   70.0  444.0
2024 114  4 23 2100  -40.4  987.3    2.9   14.0   70.0  444.0
2024 114  4 23 2200  -40.2  988.0    2.1  320.0   70.0  444.0
2024 114  4 23 2300  -38.7  988.4    2.7  316.0   71.0  444.0
2024 115  4 24 0000  -38.4  989.0    4.4  330.0   71.5  444.0
2024 115  4 24 0100  -36.8  988.9    4.9  335.0   72.0  444.0
2024 115  4 24 0200  -37.8  989.3    4.6  331.0   71.7  444.0
2024 115  4 24 0300  -37.5  989.2    4.8  313.0   72.0  444.0
2024 115  4 24 0400  -37.7  989.6    4.5  335.0   71.8  444.0
2024 115  4 24 0500  -37.0  990.3    4.1  305.0   72.0  444.0
2024 115  4 24 0600  -39.5  991.0    2.1  304.0   71.0  444.0
2024 115  4 24 0700  -40.5  991.3    2.8  344.0   69.9  444.0
2024 115  4 24 0800  -42.0  991.9    2.5   18.0   69.0  444.0
2024 115  4 24 0900  -42.2  992.3    2.0    3.0   69.0  444.0
2024 115  4 24 1000  -42.0  992.8    0.0    0.0   69.0  444.0
2024 115  4 24 1100  -42.7  993.4    0.5   53.0   69.0  444.0
2024 115  4 24 1200  -42.1  993.7    2.9  117.0   69.0  444.0
2024 115  4 24 1300  -41.7  993.9    0.0    0.0   69.0  444.0
2024 115  4 24 1400  -40.4  994.0    1.4  187.0   70.0  444.0
2024 115  4 24 1500  -38.7  994.1    2.3  192.0   71.0  444.0
2024 115  4 24 1600  -36.6  993.9    2.2  200.0   72.0  444.0
2024 115  4 24 1700  -34.4  993.7    3.2  177.0   74.0  444.0
2024 115  4 24 1800  -33.6  993.1    3.3  204.0   74.0  444.0
2024 115  4 24 1900  -32.8  992.8    4.1  181.0   75.0  444.0
2024 115  4 24 2000  -32.2  992.3    2.6  192.0   75.0  444.0
2024 115  4 24 2100  -31.8  991.8    3.4  202.0   76.0  444.0
2024 115  4 24 2200  -32.3  991.2    3.4  214.0   75.1  444.0
2024 115  4 24 2300  -34.1  990.5    3.2  218.0   74.0  444.0
2024 116  4 25 0000  -35.3  989.2    2.7  228.0   73.0  444.0
2024 116  4 25 0100  -36.9  988.2    3.1  244.0   72.0  444.0
2024 116  4 25 0200  -37.8  986.9    2.1  205.0   72.0  444.0
2024 116  4 25 0300  -39.0  985.5    2.8  242.0   71.0  444.0
2024 116  4 25 0400  -39.8  984.2    2.3  276.0   70.0  444.0
2024 116  4 25 0500  -40.3  982.4    2.5  308.0   70.1  444.0
2024 116  4 25 0600  -41.8  981.8    2.9  308.0   69.0  444.0
2024 116  4 25 0700  -41.4  980.5    3.0  291.0   69.0  444.0
2024 116  4 25 0800  -41.7  979.6    3.3  306.0   68.0  444.0
2024 116  4 25 0900  -40.4  978.4    3.4  302.0   70.0  444.0
2024 116  4 25 1000  -40.7  977.1    2.4  327.0   69.8  444.0
2024 116  4 25 1100  -42.9  975.9    3.2  342.0   68.0  444.0
2024 116  4 25 1200  -43.6  974.7    2.0  330.0   68.0  444.0
2024 116  4 25 1300  -43.3  973.5    2.6  313.0   68.0  444.0
2024 116  4 25 1400  -43.3  972.2    2.2  349.0   68.0  444.0
2024 116  4 25 1500  -40.2  971.2    3.0  356.0   70.7  444.0
2024 116  4 25 1600  -38.2  970.2    2.4    8.0   71.0  444.0
2024 116  4 25 1700  -38.1  969.4    2.7   26.0   71.0  444.0
2024 116  4 25 1800  -38.9  968.3    2.4   38.0   71.0  444.0
2024 116  4 25 1900  -39.9  967.3    3.4   53.0   70.0  444.0
2024 116  4 25 2000  -38.3  966.4    4.0   48.0   71.3  444.0
2024 116  4 25 2100  -36.9  966.0    2.6   12.0   72.0  444.0
2024 116  4 25 2200  -36.1  966.0    2.1  360.0   73.0  444.0
2024 116  4 25 2300  -36.4  965.7    1.7    5.0   73.0  444.0
2024 117  4 26 0000  -35.9  965.5    0.8   52.0   73.0  444.0
2024 117  4 26 0100  -34.5  965.5    1.6   96.0   73.8  444.0
2024 117  4 26 0200  -33.3  965.3    2.7  211.0   75.0  444.0
2024 117  4 26 0300  -32.7  966.0    1.7  108.0   75.0  444.0
2024 117  4 26 0400  -32.3  966.3    1.3  207.0   75.0  444.0
2024 117  4 26 0500  -32.5  966.7    1.9  210.0   75.0  444.0
2024 117  4 26 0600  -33.1  967.4    1.9  212.0   74.7  444.0
2024 117  4 26 0700  -33.6  968.2    2.2  205.0   74.0  444.0
2024 117  4 26 0800  -33.3  968.5    2.2  202.0   75.0  444.0
2024 117  4 26 0900  -34.1  969.3    2.2  210.0   74.0  444.0
2024 117  4 26 1000  -33.7  970.1    1.8  189.0   74.0  444.0
2024 117  4 26 1100  -34.5  970.9    2.9  206.0   74.0  444.0
2024 117  4 26 1200  -35.5  971.9    1.1  167.0   73.0  444.0
2024 117  4 26 1300  -37.3  972.1    2.6  209.0   72.0  444.0
2024 117  4 26 1400  -38.8  972.7    1.8  223.0   71.0  444.0
2024 117  4 26 1500  -39.5  973.1    1.1  164.0   71.0  444.0
2024 117  4 26 1600  -38.7  974.1    0.9   98.0   71.0  444.0
2024 117  4 26 1700  -38.9  974.7    1.6  278.0   71.0  444.0
2024 117  4 26 1800  -43.1  975.5    1.4  178.0   68.0  444.0
2024 117  4 26 1900  -44.7  976.2    1.5  168.0   67.0  444.0
2024 117  4 26 2000  -45.8  977.3    2.3  192.0   66.2  444.0
2024 117  4 26 2100  -46.6  977.6    2.0  190.0   66.0  444.0
2024 117  4 26 2200  -46.1  978.3    1.5  183.0   66.0  444.0
2024 117  4 26 2300  -45.0  978.8    1.8  180.0   67.0  444.0
2024 118  4 27 0000  -42.4  979.3    3.2  191.0   69.0  444.0
2024 118  4 27 0100  -40.1  979.6    2.9  205.0   70.0  444.0
2024 118  4 27 0200  -38.9  979.9    5.0  171.0   71.0  444.0
2024 118  4 27 0300  -38.1  980.1    5.1  169.0   71.0  444.0
2024 118  4 27 0400  -37.2  980.8    6.6  163.0   72.0  444.0
2024 118  4 27 0500  -36.0  981.4    6.5  163.0   73.0  444.0
2024 118  4 27 0600  -35.6  982.0    6.6  165.0   73.0  444.0
2024 118  4 27 0700  -35.8  982.5    6.3  162.0   73.0  444.0
2024 118  4 27 0800  -35.5  982.5    6.5  159.0   73.0  444.0
2024 118  4 27 0900  -34.8  982.8    6.6  158.0   73.0  444.0
2024 118  4 27 1000  -33.3  982.9    7.0  157.0   75.0  444.0
2024 118  4 27 1100  -32.7  983.0    7.3  152.0   75.0  444.0
2024 118  4 27 1200  -32.1  983.0    8.6  155.0   75.0  444.0
2024 118  4 27 1300  -31.5  983.1    8.4  144.0   76.0  444.0
2024 118  4 27 1400  -30.9  983.1    8.8  148.0   76.0  444.0
2024 118  4 27 1500  -30.2  983.3    9.7  147.0   77.0  444.0
2024 118  4 27 1600  -29.8  983.5   10.0  142.0   77.0  444.0
2024 118  4 27 1700  -29.5  983.5    9.1  142.0   77.0  444.0
2024 118  4 27 1800  -28.8  983.5   10.2  143.0   78.0  444.0
2024 118  4 27 1900  -27.9  983.3   10.4  147.0   79.0  444.0
2024 118  4 27 2000  -27.8  983.6   11.6  146.0   79.0  444.0
2024 118  4 27 2100  -28.2  984.0    8.8  143.0   78.2  444.0
2024 118  4 27 2200  -28.5  984.7    8.9  150.0   78.0  444.0
2024 118  4 27 2300  -28.9  984.7    9.8  154.0   78.0  444.0
2024 119  4 28 0000  -29.1  985.4    9.5  159.0   78.0  444.0
2024 119  4 28 0100  -29.4  985.2    6.9  132.0   77.0  444.0
2024 119  4 28 0200  -30.4  985.3    7.7  148.0   76.6  444.0
2024 119  4 28 0300  -30.7  984.8    9.0  166.0   76.0  444.0
2024 119  4 28 0400  -31.0  984.6    7.2  162.0   76.0  444.0
2024 119  4 28 0500  -31.4  984.2    5.7  171.0   76.0  444.0
2024 119  4 28 0600  -33.6  983.8    4.8  171.0   74.0  444.0
2024 119  4 28 0700  -36.3  983.0    3.4  184.0   72.6  444.0
2024 119  4 28 0800  -37.6  982.2    3.1  163.0   72.0  444.0
2024 119  4 28 0900  -37.6  981.1    3.0  166.0   72.0  444.0
2024 119  4 28 1000  -38.5  980.4    2.0  189.0   71.0  444.0
2024 119  4 28 1100  -39.5  979.6    1.7  206.0   71.0  444.0
2024 119  4 28 1200  -40.1  978.3    1.4  195.0   71.0  444.0
2024 119  4 28 1300  -39.9  976.9    2.2  209.0   70.6  444.0
2024 119  4 28 1400  -39.6  975.4    2.1  208.0   71.0  444.0
2024 119  4 28 1500  -33.1  973.8    3.1  206.0   75.0  444.0
2024 119  4 28 1600  -34.0  972.6    3.6  259.0   74.0  444.0
2024 119  4 28 1700  -32.8  971.2    2.1  224.0   76.0  444.0
2024 119  4 28 1800  -32.1  970.7    2.2  238.0   76.0  444.0
2024 119  4 28 1900  -36.8  969.8    2.8  341.0   72.1  444.0
2024 119  4 28 2000  -36.8  968.6    3.7  328.0   73.0  444.0
2024 119  4 28 2100  -34.4  967.7    4.6  289.0   75.0  444.0
2024 119  4 28 2200  -31.1  967.2    5.4  276.0   77.0  444.0
2024 119  4 28 2300  -31.7  967.7    6.1  302.0   76.0  444.0
2024 120  4 29 0000  -31.9  967.2    4.8  306.0   76.0  444.0
2024 120  4 29 0100  -33.6  966.9    3.8  319.0   75.0  444.0
2024 120  4 29 0200  -33.3  966.7    4.0  299.0   75.0  444.0
2024 120  4 29 0300  -34.1  966.9    3.1  335.0   74.0  444.0
2024 120  4 29 0400  -34.2  966.7    2.4  339.0   74.0  444.0
2024 120  4 29 0500  -35.0  966.9    2.4  344.0   74.0  444.0
2024 120  4 29 0600  -36.1  967.1    2.0    3.0   73.0  444.0
2024 120  4 29 0700  -39.2  967.7    3.1    4.0   71.0  444.0
2024 120  4 29 0800  -35.0  968.2    1.6  306.0   75.0  444.0
2024 120  4 29 0900  -33.4  968.6    1.6  282.0   75.0  444.0
2024 120  4 29 1000  -35.7  968.5    1.9  198.0   73.0  444.0
2024 120  4 29 1100  -32.6  968.8    1.5  139.0   75.0  444.0
2024 120  4 29 1200  -32.3  969.5    1.9  157.0   75.4  444.0
2024 120  4 29 1300  -32.5  969.7    4.2  209.0   75.0  444.0
2024 120  4 29 1400  -35.2  969.9    4.6  285.0   73.0  444.0
2024 120  4 29 1500  -36.5  970.2    4.8  284.0   73.0  444.0
2024 120  4 29 1600  -37.6  970.7    3.0  240.0   72.0  444.0
2024 120  4 29 1700  -38.7  971.2    2.2  238.0   71.0  444.0
2024 120  4 29 1800  -39.0  971.7    3.4  266.0   71.0  444.0
2024 120  4 29 1900  -38.8  972.1    3.1  276.0   71.0  444.0
2024 120  4 29 2000  -38.0  972.0    4.3  282.0   72.0  444.0
2024 120  4 29 2100  -35.9  972.1    2.1  227.0   73.0  444.0
2024 120  4 29 2200  -35.2  972.2    3.6  239.0   73.5  444.0
2024 120  4 29 2300  -34.9  972.1    3.2  248.0   74.0  444.0
2024 121  4 30 0000  -36.8  972.4    2.2  212.0   72.0  444.0
2024 121  4 30 0100  -38.2  972.7    2.0  240.0   71.0  444.0
2024 121  4 30 0200  -39.0  972.3    1.7  233.0   71.0  444.0
2024 121  4 30 0300  -38.2  972.1    1.2  218.0   71.0  444.0
2024 121  4 30 0400  -38.8  972.0    1.8  201.0   71.0  444.0
2024 121  4 30 0500  -38.7  971.9    1.7  213.0   71.0  444.0
2024 121  4 30 0600  -38.8  971.8    1.2  232.0   71.0  444.0
2024 121  4 30 0700  -39.1  971.6    1.9  226.0   71.0  444.0
2024 121  4 30 0800  -41.9  971.3    2.1  238.0   69.0  444.0
2024 121  4 30 0900  -42.6  971.1    1.3  223.0   69.0  444.0
2024 121  4 30 1000  -43.0  970.6    1.5  228.0   68.0  444.0
2024 121  4 30 1100  -43.5  970.4    1.7  234.0   68.0  444.0
2024 121  4 30 1200  -43.3  970.3    1.7  221.0   68.0  444.0
2024 121  4 30 1300  -43.7  970.3    1.8  326.0   68.0  444.0
2024 121  4 30 1400  -44.4  969.9    1.9  320.0   67.0  444.0
2024 121  4 30 1500  -44.6  969.7    2.2  323.0   67.0  444.0
2024 121  4 30 1600  -44.4  969.9    1.9  323.0   67.0  444.0
2024 121  4 30 1700  -44.4  969.9    2.0  358.0   67.2  444.0
2024 121  4 30 1800  -45.4  969.9    2.2   18.0   66.4  444.0
2024 121  4 30 1900  -44.2  970.5    2.8    7.0   67.0  444.0
2024 121  4 30 2000  -44.3  970.9    2.6    1.0   67.0  444.0
2024 121  4 30 2100  -42.7  971.3    2.9  345.0   68.0  444.0
2024 121  4 30 2200  -42.3  971.9    3.1  344.0   69.0  444.0
2024 121  4 30 2300  -42.3  972.6    3.1  342.0   69.0  444.0
