Year: 2017  Month: 05  ID: SWT  ARGOS:  8913  Name: Schwerdtfeger       
Lat: 79.87S  Lon: 170.15E  Elev:   54m
2017 121  5  1 0000  -28.9  983.6   13.5  256.0   77.3  444.0
2017 121  5  1 0100  -28.5  982.7   14.4  262.0   77.4  444.0
2017 121  5  1 0200  -27.8  982.5   14.1  256.0   77.8  444.0
2017 121  5  1 0300  -28.0  982.3   14.2  254.0   78.0  444.0
2017 121  5  1 0400  -28.2  981.9   14.6  252.0   77.0  444.0
2017 121  5  1 0500  -28.7  981.8   14.2  250.0   77.0  444.0
2017 121  5  1 0600  -29.0  981.6   14.6  254.0   76.8  444.0
2017 121  5  1 0700  -29.3  980.7   14.3  261.0   76.6  444.0
2017 121  5  1 0800  -28.4  980.1   13.5  260.0   77.0  444.0
2017 121  5  1 0900  -28.3  979.4   15.7  262.0   77.0  444.0
2017 121  5  1 1000  -28.0  979.3   14.3  263.0   77.0  444.0
2017 121  5  1 1100  -28.0  978.9   14.9  260.0   77.6  444.0
2017 121  5  1 1200  -28.3  978.4   15.6  266.0   77.2  444.0
2017 121  5  1 1300  -28.3  977.5   15.8  266.0   77.0  444.0
2017 121  5  1 1400  -28.2  977.1   15.1  265.0   77.0  444.0
2017 121  5  1 1500  -28.3  976.6   16.1  267.0   77.0  444.0
2017 121  5  1 1600  -28.0  975.9   14.9  269.0   77.4  444.0
2017 121  5  1 1700  -27.8  976.0   13.8  266.0   77.5  444.0
2017 121  5  1 1800  -27.7  975.7   14.1  269.0   78.0  444.0
2017 121  5  1 1900  -26.7  975.0   12.8  268.0   78.0  444.0
2017 121  5  1 2000  -27.0  975.0   11.2  272.0   78.0  444.0
2017 121  5  1 2100  -25.7  974.8   10.0  270.0   79.0  444.0
2017 121  5  1 2200  -24.9  974.6    7.1  263.0   80.0  444.0
2017 121  5  1 2300  -25.3  974.5    5.0  254.0   80.0  444.0
2017 122  5  2 0000  -24.0  974.6    4.2  239.0   81.0  444.0
2017 122  5  2 0100  -21.4  974.4    4.2  237.0   83.0  444.0
2017 122  5  2 0200  -20.6  974.6    3.2  219.0   84.0  444.0
2017 122  5  2 0300  -19.5  974.5    3.8  225.0   85.0  444.0
2017 122  5  2 0400  -18.8  974.3    4.8  222.0   85.0  444.0
2017 122  5  2 0500  -19.1  974.2    4.6  214.0   85.0  444.0
2017 122  5  2 0600  -19.9  974.2    4.7  220.0   84.4  444.0
2017 122  5  2 0700  -20.4  973.9    6.0  230.0   84.0  444.0
2017 122  5  2 0800  -21.4  973.7    5.3  219.0   83.0  444.0
2017 122  5  2 0900  -22.9  973.3    5.5  223.0   82.0  444.0
2017 122  5  2 1000  -23.4  973.2    4.9  234.0   81.4  444.0
2017 122  5  2 1100  -23.6  972.5    5.3  238.0   81.4  444.0
2017 122  5  2 1200  -23.2  972.0    4.7  234.0   82.0  444.0
2017 122  5  2 1300  -23.3  971.2    4.8  242.0   82.0  444.0
2017 122  5  2 1400  -23.1  970.6    5.3  222.0   82.0  444.0
2017 122  5  2 1500  -23.0  970.0    5.6  213.0   82.1  444.0
2017 122  5  2 1600  -21.6  969.5    5.0  237.0   83.5  444.0
2017 122  5  2 1700  -19.1  969.1    6.1  226.0   85.0  444.0
2017 122  5  2 1800  -17.9  968.5    6.4  226.0   86.0  444.0
2017 122  5  2 1900  -18.0  968.0    7.9  221.0   86.0  444.0
2017 122  5  2 2000  -17.7  967.5    8.0  226.0   85.6  444.0
2017 122  5  2 2100  -16.5  966.9    9.9  230.0   87.0  444.0
2017 122  5  2 2200  -16.5  966.9    8.5  220.0   87.0  444.0
2017 122  5  2 2300  -18.7  966.2    7.2  234.0   87.0  444.0
2017 123  5  3 0000  -19.8  965.6   10.6  242.0   85.0  444.0
2017 123  5  3 0100  -20.1  965.1   10.7  243.0   84.0  444.0
2017 123  5  3 0200  -21.3  964.4   10.4  245.0   83.8  444.0
2017 123  5  3 0300  -20.9  964.5   10.5  245.0   83.8  444.0
2017 123  5  3 0400  -20.8  963.0   11.9  250.0   84.0  444.0
2017 123  5  3 0500  -21.3  962.5   12.0  245.0   83.0  444.0
2017 123  5  3 0600  -22.0  962.4   12.7  244.0   83.0  444.0
2017 123  5  3 0700  -21.6  961.6   11.5  249.0   82.9  444.0
2017 123  5  3 0800  -21.2  961.1    8.9  255.0   83.0  444.0
2017 123  5  3 0900  -20.7  960.6   11.3  252.0   84.5  444.0
2017 123  5  3 1000  -19.6  960.2   12.6  243.0   85.0  444.0
2017 123  5  3 1100  -19.5  960.1   12.4  247.0   85.0  444.0
2017 123  5  3 1200  -20.9  960.0   13.5  245.0   84.0  444.0
2017 123  5  3 1300  -21.3  959.7   11.6  259.0   83.0  444.0
2017 123  5  3 1400  -21.4  959.0   11.8  255.0   83.5  444.0
2017 123  5  3 1500  -19.7  958.5   11.6  252.0   85.0  444.0
2017 123  5  3 1600  -18.3  958.3   10.1  248.0   86.0  444.0
2017 123  5  3 1700  -17.0  958.2    8.8  245.0   87.0  444.0
2017 123  5  3 1800  -14.8  958.4    6.8  234.0   89.0  444.0
2017 123  5  3 1900  -14.4  959.0    4.2  217.0   88.3  444.0
2017 123  5  3 2000  -14.3  959.4    5.6  202.0   88.0  444.0
2017 123  5  3 2100  -14.8  959.6    5.5  188.0   88.0  444.0
2017 123  5  3 2200  -15.6  960.0    5.4  195.0   88.0  444.0
2017 123  5  3 2300  -15.3  960.6    6.2  184.0   88.0  444.0
2017 124  5  4 0000  -16.2  961.1    7.1  180.0   87.2  444.0
2017 124  5  4 0100  -16.9  961.6    6.8  173.0   87.0  444.0
2017 124  5  4 0200  -17.1  962.2    7.2  178.0   86.9  444.0
2017 124  5  4 0300  -18.3  962.8    7.6  179.0   86.0  444.0
2017 124  5  4 0400  -17.5  963.3    6.1  189.0   87.0  444.0
2017 124  5  4 0500  -16.7  963.9    5.5  198.0   87.4  444.0
2017 124  5  4 0600  -16.9  964.6    4.7  189.0   88.0  444.0
2017 124  5  4 0700  -16.9  965.0    4.9  210.0   87.5  444.0
2017 124  5  4 0800  -18.3  965.5    6.3  211.0   86.0  444.0
2017 124  5  4 0900  -20.5  966.1    6.2  206.0   84.0  444.0
2017 124  5  4 1000  -19.9  966.4    6.7  218.0   84.8  444.0
2017 124  5  4 1100  -19.2  966.7    6.3  232.0   86.0  444.0
2017 124  5  4 1200  -18.7  966.9    7.4  215.0   86.0  444.0
2017 124  5  4 1300  -17.7  967.0    6.3  224.0   86.0  444.0
2017 124  5  4 1400  -17.0  967.2    7.6  205.0   87.0  444.0
2017 124  5  4 1500  -16.2  967.0    6.6  209.0   87.9  444.0
2017 124  5  4 1600  -16.0  967.2    7.7  216.0   88.0  444.0
2017 124  5  4 1700  -16.1  967.8    6.4  217.0   88.1  444.0
2017 124  5  4 1800  -17.2  967.7    5.9  190.0   87.0  444.0
2017 124  5  4 1900  -18.9  968.0    6.0  202.0   86.0  444.0
2017 124  5  4 2000  -17.6  968.0    5.8  203.0   86.9  444.0
2017 124  5  4 2100  -16.9  968.1    5.1  219.0   87.0  444.0
2017 124  5  4 2200  -16.6  968.2    5.6  216.0   87.5  444.0
2017 124  5  4 2300  -16.9  968.4    6.3  228.0   87.0  444.0
2017 125  5  5 0000  -16.9  968.3    7.7  231.0   87.0  444.0
2017 125  5  5 0100  -20.4  968.3   10.4  247.0   84.1  444.0
2017 125  5  5 0200  -20.3  968.4    9.6  235.0   84.2  444.0
2017 125  5  5 0300  -20.8  968.5    8.9  238.0   83.9  444.0
2017 125  5  5 0400  -22.0  968.6    8.6  250.0   83.0  444.0
2017 125  5  5 0500  -23.5  968.9    9.4  252.0   81.0  444.0
2017 125  5  5 0600  -24.9  969.0   10.4  255.0   80.0  444.0
2017 125  5  5 0700  -25.5  969.0   10.7  253.0   80.0  444.0
2017 125  5  5 0800  -26.0  969.2    9.7  252.0   79.4  444.0
2017 125  5  5 0900  -26.0  969.3    8.9  249.0   80.0  444.0
2017 125  5  5 1000  -25.5  969.4    9.7  255.0   79.8  444.0
2017 125  5  5 1100  -25.5  969.4    9.8  255.0   80.0  444.0
2017 125  5  5 1200  -25.6  969.7   10.0  251.0   80.0  444.0
2017 125  5  5 1300  -25.7  969.4   12.8  246.0   79.7  444.0
2017 125  5  5 1400  -25.5  969.2   12.2  245.0   80.0  444.0
2017 125  5  5 1500  -25.3  969.2   11.1  250.0   79.9  444.0
2017 125  5  5 1600  -25.1  969.4   11.1  252.0   80.0  444.0
2017 125  5  5 1700  -24.9  969.1   11.6  254.0   80.0  444.0
2017 125  5  5 1800  -24.8  969.3   12.0  261.0   79.9  444.0
2017 125  5  5 1900  -24.4  969.5   11.6  259.0   80.1  444.0
2017 125  5  5 2000  -24.8  969.5   11.6  262.0   80.1  444.0
2017 125  5  5 2100  -25.0  969.9    9.6  269.0   80.0  444.0
2017 125  5  5 2200  -25.1  969.9    8.2  265.0   79.0  444.0
2017 125  5  5 2300  -25.0  969.9    6.6  268.0   79.3  444.0
2017 126  5  6 0000  -24.2  969.5    9.0  271.0   79.9  444.0
2017 126  5  6 0100  -25.0  969.7    8.2  272.0   79.0  444.0
2017 126  5  6 0200  -24.3  969.7    7.9  274.0   80.0  444.0
2017 126  5  6 0300  -24.0  969.6    7.5  277.0   77.7  444.0
2017 126  5  6 0400  -24.8  969.6    7.3  275.0   78.0  444.0
2017 126  5  6 0500  -25.4  969.5    7.2  268.0   78.6  444.0
2017 126  5  6 0600  -24.9  969.4    8.7  273.0   78.7  444.0
2017 126  5  6 0700  -25.2  969.4    8.0  277.0   78.0  444.0
2017 126  5  6 0800  -26.8  969.6    8.8  287.0   77.4  444.0
2017 126  5  6 0900  -26.3  969.6   10.0  265.0   75.0  444.0
2017 126  5  6 1000  -28.7  970.2    7.0  285.0   75.0  444.0
2017 126  5  6 1100  -29.5  970.3    4.6  287.0   75.3  444.0
2017 126  5  6 1200  -29.1  970.4    6.9  281.0   75.0  444.0
2017 126  5  6 1300  -27.1  970.5    9.6  273.0   75.1  444.0
2017 126  5  6 1400  -28.6  970.7    8.5  285.0   74.0  444.0
2017 126  5  6 1500  -30.0  970.9    6.0  288.0   75.0  444.0
2017 126  5  6 1600  -29.0  970.6   10.1  275.0   75.8  444.0
2017 126  5  6 1700  -28.6  971.1    7.5  269.0   77.0  444.0
2017 126  5  6 1800  -26.8  971.1    9.8  265.0   76.5  444.0
2017 126  5  6 1900  -27.4  971.2   11.9  276.0   76.0  444.0
2017 126  5  6 2000  -26.8  971.3   12.9  279.0   78.0  444.0
2017 126  5  6 2100  -26.5  971.2   12.7  282.0   77.0  444.0
2017 126  5  6 2200  -26.9  970.9   14.4  269.0   78.0  444.0
2017 126  5  6 2300  -27.7  971.4   12.0  271.0   77.3  444.0
2017 127  5  7 0000  -27.3  971.0   12.8  264.0   78.0  444.0
2017 127  5  7 0100  -28.5  971.4   12.8  264.0   77.0  444.0
2017 127  5  7 0200  -29.5  971.8    9.4  254.0   77.0  444.0
2017 127  5  7 0300  -29.9  972.5    7.3  239.0   76.0  444.0
2017 127  5  7 0400  -30.1  972.6    7.3  234.0   76.8  444.0
2017 127  5  7 0500  -30.0  973.3    7.3  233.0   76.0  444.0
2017 127  5  7 0600  -30.5  973.8    6.6  252.0   76.0  444.0
2017 127  5  7 0700  -32.2  973.8    5.3  252.0   75.0  444.0
2017 127  5  7 0800  -31.1  974.0    7.6  254.0   76.0  444.0
2017 127  5  7 0900  -31.0  973.9    7.8  247.0   75.5  444.0
2017 127  5  7 1000  -29.8  974.1    8.7  249.0   76.0  444.0
2017 127  5  7 1100  -28.1  974.0   10.0  253.0   77.4  444.0
2017 127  5  7 1200  -28.8  974.4    8.3  245.0   77.0  444.0
2017 127  5  7 1300  -28.7  974.5    8.7  246.0   77.0  444.0
2017 127  5  7 1400  -26.9  974.8    9.2  239.0   78.4  444.0
2017 127  5  7 1500  -27.1  975.1    8.6  238.0   78.0  444.0
2017 127  5  7 1600  -27.5  975.8    8.0  242.0   77.8  444.0
2017 127  5  7 1700  -28.2  976.3    9.5  239.0   77.0  444.0
2017 127  5  7 1800  -27.8  976.8    9.2  240.0   77.6  444.0
2017 127  5  7 1900  -27.5  976.9    9.2  242.0   78.0  444.0
2017 127  5  7 2000  -28.0  976.9    8.5  243.0   77.0  444.0
2017 127  5  7 2100  -29.2  976.9    9.2  247.0   76.3  444.0
2017 127  5  7 2200  -29.8  977.1    8.8  242.0   76.0  444.0
2017 127  5  7 2300  -30.2  977.4    7.8  244.0   75.0  444.0
2017 128  5  8 0000  -29.5  977.4    7.8  239.0   75.0  444.0
2017 128  5  8 0100  -29.6  977.2    7.6  242.0   75.0  444.0
2017 128  5  8 0200  -30.9  976.9    7.3  241.0   75.1  444.0
2017 128  5  8 0300  -31.3  977.3    6.0  230.0   75.6  444.0
2017 128  5  8 0400  -32.6  977.8    4.7  214.0   74.0  444.0
2017 128  5  8 0500  -34.5  977.6    4.3  231.0   73.0  444.0
2017 128  5  8 0600  -35.7  977.4    5.8  238.0   73.0  444.0
2017 128  5  8 0700  -33.6  977.3    5.9  232.0   74.0  444.0
2017 128  5  8 0800  -31.6  977.1    3.5  234.0   75.0  444.0
2017 128  5  8 0900  -30.5  976.4    5.5  234.0   76.0  444.0
2017 128  5  8 1000  -30.5  976.2    4.6  229.0   76.0  444.0
2017 128  5  8 1100  -29.7  976.0    6.6  225.0   76.0  444.0
2017 128  5  8 1200  -30.3  975.3    8.4  243.0   76.0  444.0
2017 128  5  8 1300  -31.3  974.7    7.9  246.0   75.3  444.0
2017 128  5  8 1400  -31.8  974.5    6.8  246.0   74.9  444.0
2017 128  5  8 1500  -32.9  974.1    6.9  248.0   74.0  444.0
2017 128  5  8 1600  -34.4  973.6    6.3  246.0   73.0  444.0
2017 128  5  8 1700  -35.1  972.9    6.8  250.0   73.0  444.0
2017 128  5  8 1800  -34.2  972.4    6.0  237.0   73.0  444.0
2017 128  5  8 1900  -33.2  972.2    5.8  232.0   74.2  444.0
2017 128  5  8 2000  -34.2  972.2    6.4  218.0   73.0  444.0
2017 128  5  8 2100  -34.3  972.1    6.7  221.0   73.0  444.0
2017 128  5  8 2200  -32.8  971.5    5.8  231.0   74.0  444.0
2017 128  5  8 2300  -32.3  971.3    6.0  234.0   75.0  444.0
2017 129  5  9 0000  -31.0  971.0    6.6  231.0   75.7  444.0
2017 129  5  9 0100  -30.6  971.0    6.9  230.0   76.0  444.0
2017 129  5  9 0200  -30.1  970.8    7.3  225.0   76.0  444.0
2017 129  5  9 0300  -29.9  970.8    7.4  228.0   76.2  444.0
2017 129  5  9 0400  -30.5  970.9    7.5  224.0   76.0  444.0
2017 129  5  9 0500  -30.8  970.8    7.2  228.0   76.0  444.0
2017 129  5  9 0600  -30.5  970.9    8.2  226.0   75.7  444.0
2017 129  5  9 0700  -30.3  971.0    7.3  221.0   76.0  444.0
2017 129  5  9 0800  -31.4  971.3    7.5  227.0   75.0  444.0
2017 129  5  9 0900  -31.8  971.4    7.3  225.0   75.0  444.0
2017 129  5  9 1000  -31.6  971.9    7.9  228.0   75.0  444.0
2017 129  5  9 1100  -32.3  972.1    7.9  221.0   74.5  444.0
2017 129  5  9 1200  -33.2  972.3    7.8  218.0   74.0  444.0
2017 129  5  9 1300  -34.2  972.3    7.5  219.0   73.0  444.0
2017 129  5  9 1400  -35.3  972.6    8.3  219.0   73.0  444.0
2017 129  5  9 1500  -35.9  973.1    7.6  217.0   72.0  444.0
2017 129  5  9 1600  -36.1  973.4    7.3  216.0   71.9  444.0
2017 129  5  9 1700  -36.4  973.8    7.4  218.0   71.8  444.0
2017 129  5  9 1800  -35.9  974.1    7.4  217.0   72.0  444.0
2017 129  5  9 1900  -34.5  974.5    7.7  210.0   73.0  444.0
2017 129  5  9 2000  -33.5  974.6    8.1  216.0   74.0  444.0
2017 129  5  9 2100  -33.3  975.2    7.5  212.0   74.0  444.0
2017 129  5  9 2200  -33.8  975.3    7.6  215.0   73.0  444.0
2017 129  5  9 2300  -32.3  975.9    8.4  222.0   74.0  444.0
2017 130  5 10 0000  -33.0  976.1    7.6  228.0   74.0  444.0
2017 130  5 10 0100  -32.7  976.6    8.5  224.0   73.8  444.0
2017 130  5 10 0200  -33.2  976.8    8.9  225.0   74.0  444.0
2017 130  5 10 0300  -32.7  976.7    8.4  221.0   74.0  444.0
2017 130  5 10 0400  -31.5  976.7    9.1  221.0   75.0  444.0
2017 130  5 10 0500  -31.2  977.0    7.9  221.0   74.0  444.0
2017 130  5 10 0600  -30.9  977.1    7.9  213.0   74.4  444.0
2017 130  5 10 0700  -30.8  977.4    7.0  206.0   74.0  444.0
2017 130  5 10 0800  -30.8  977.6    6.2  208.0   74.0  444.0
2017 130  5 10 0900  -30.4  978.0    6.2  216.0   73.6  444.0
2017 130  5 10 1000  -31.1  978.1    6.1  226.0   74.0  444.0
2017 130  5 10 1100  -31.4  978.1    5.9  228.0   73.0  444.0
2017 130  5 10 1200  -30.6  978.1    6.4  214.0   73.0  444.0
2017 130  5 10 1300  -31.0  978.4    6.3  216.0   73.0  444.0
2017 130  5 10 1400  -31.7  978.5    4.7  230.0   73.6  444.0
2017 130  5 10 1500  -32.6  978.5    3.8  252.0   74.0  444.0
2017 130  5 10 1600  -31.3  978.1    6.1  240.0   73.0  444.0
2017 130  5 10 1700  -32.5  977.9    3.6  236.0   73.0  444.0
2017 130  5 10 1800  -32.8  977.5    4.7  243.0   73.0  444.0
2017 130  5 10 1900  -32.9  977.1    4.3  248.0   72.9  444.0
2017 130  5 10 2000  -32.6  976.8    4.1  249.0   73.0  444.0
2017 130  5 10 2100  -32.7  976.4    3.5  246.0   74.0  444.0
2017 130  5 10 2200  -33.1  976.0    3.8  257.0   74.0  444.0
2017 130  5 10 2300  -33.0  975.7    4.2  263.0   74.0  444.0
2017 131  5 11 0000  -32.7  975.3    5.9  259.0   74.5  444.0
2017 131  5 11 0100  -33.2  974.8    6.0  253.0   74.0  444.0
2017 131  5 11 0200  -33.3  974.5    5.7  253.0   74.0  444.0
2017 131  5 11 0300  -33.6  974.0    5.4  253.0   74.0  444.0
2017 131  5 11 0400  -33.6  973.7    4.7  259.0   73.5  444.0
2017 131  5 11 0500  -33.2  973.1    5.8  255.0   74.0  444.0
2017 131  5 11 0600  -33.4  972.9    5.1  258.0   74.0  444.0
2017 131  5 11 0700  -32.2  972.4    7.7  248.0   74.5  444.0
2017 131  5 11 0800  -31.1  971.9    9.2  245.0   75.0  444.0
2017 131  5 11 0900  -30.6  971.3    9.8  246.0   75.0  444.0
2017 131  5 11 1000  -30.4  971.4    8.7  251.0   76.0  444.0
2017 131  5 11 1100  -30.2  970.9    9.2  262.0   75.0  444.0
2017 131  5 11 1200  -30.3  970.8    9.9  259.0   74.7  444.0
2017 131  5 11 1300  -30.3  970.5    9.2  259.0   74.0  444.0
2017 131  5 11 1400  -31.3  970.6    9.1  257.0   74.0  444.0
2017 131  5 11 1500  -31.1  970.1    9.1  258.0   73.0  444.0
2017 131  5 11 1600  -31.8  970.3    8.6  259.0   73.0  444.0
2017 131  5 11 1700  -32.1  969.8    8.7  259.0   71.7  444.0
2017 131  5 11 1800  -31.3  969.3   10.4  249.0   72.0  444.0
2017 131  5 11 1900  -31.5  969.3    8.6  259.0   74.0  444.0
2017 131  5 11 2000  -31.5  968.9    8.8  252.0   74.0  444.0
2017 131  5 11 2100  -31.3  968.6   11.0  247.0   74.0  444.0
2017 131  5 11 2200  -32.1  968.2   10.5  256.0   74.1  444.0
2017 131  5 11 2300  -32.1  967.8   10.3  258.0   74.2  444.0
2017 132  5 12 0000  -32.5  967.4   10.3  249.0   74.0  444.0
2017 132  5 12 0100  -32.9  966.8    9.8  255.0   74.0  444.0
2017 132  5 12 0200  -32.6  966.1   10.7  260.0   74.0  444.0
2017 132  5 12 0300  -31.9  965.6   11.4  251.0   73.9  444.0
2017 132  5 12 0400  -31.7  965.5    9.6  251.0   73.0  444.0
2017 132  5 12 0500  -33.0  966.1    6.4  244.0   72.0  444.0
2017 132  5 12 0600  -34.8  965.5    3.9  266.0   70.0  444.0
2017 132  5 12 0700  -36.3  965.4    3.0  280.0   70.0  444.0
2017 132  5 12 0800  -37.5  965.5    3.2  287.0   70.0  444.0
2017 132  5 12 0900  -35.3  965.7    5.6  301.0   71.9  444.0
2017 132  5 12 1000  -36.5  965.9    6.2  302.0   72.1  444.0
2017 132  5 12 1100  -33.8  966.2    7.3  294.0   71.0  444.0
2017 132  5 12 1200  -34.0  966.7    6.5  280.0   71.0  444.0
2017 132  5 12 1300  -33.3  967.0    8.2  277.0   71.1  444.0
2017 132  5 12 1400  -33.5  967.1    6.8  295.0   70.0  444.0
2017 132  5 12 1500  -33.0  967.6    7.7  295.0   70.6  444.0
2017 132  5 12 1600  -34.1  967.5    7.1  301.0   71.0  444.0
2017 132  5 12 1700  -34.1  967.7    9.0  289.0   72.0  444.0
2017 132  5 12 1800  -34.6  968.2    7.9  281.0   71.0  444.0
2017 132  5 12 1900  -34.6  968.6    7.8  279.0   71.0  444.0
2017 132  5 12 2000  -35.1  968.9    5.8  284.0   69.6  444.0
2017 132  5 12 2100  -35.9  969.0    3.9  294.0   69.8  444.0
2017 132  5 12 2200  -36.7  969.1    3.7  284.0   70.0  444.0
2017 132  5 12 2300  -37.4  969.6    3.6  271.0   71.0  444.0
2017 133  5 13 0000  -37.0  970.1    4.3  232.0   72.0  444.0
2017 133  5 13 0100  -37.0  970.8    4.1  246.0   71.5  444.0
2017 133  5 13 0200  -36.7  970.9    3.8  251.0   71.6  444.0
2017 133  5 13 0300  -35.7  971.2    3.7  247.0   73.0  444.0
2017 133  5 13 0400  -34.7  971.2    3.1  263.0   73.0  444.0
2017 133  5 13 0500  -32.9  971.0    2.7  258.0   74.0  444.0
2017 133  5 13 0600  -32.0  970.6    3.6  255.0   75.0  444.0
2017 133  5 13 0700  -31.2  970.1    3.8  250.0   75.0  444.0
2017 133  5 13 0800  -30.8  969.6    4.2  253.0   75.3  444.0
2017 133  5 13 0900  -30.6  969.7    3.8  222.0   75.0  444.0
2017 133  5 13 1000  -32.3  968.6    3.8  267.0   74.0  444.0
2017 133  5 13 1100  -32.4  967.9    3.5  251.0   74.0  444.0
2017 133  5 13 1200  -32.0  966.9    3.3  253.0   74.6  444.0
2017 133  5 13 1300  -31.9  965.5    3.1  270.0   74.5  444.0
2017 133  5 13 1400  -30.9  964.2    3.9  268.0   75.0  444.0
2017 133  5 13 1500  -30.7  963.2    3.8  264.0   75.0  444.0
2017 133  5 13 1600  -29.0  961.9    4.4  268.0   77.0  444.0
2017 133  5 13 1700  -25.2  960.9    6.3  256.0   80.1  444.0
2017 133  5 13 1800  -22.5  959.8    6.9  253.0   82.1  444.0
2017 133  5 13 1900  -20.5  958.5    6.8  252.0   83.0  444.0
2017 133  5 13 2000  -19.9  957.6    5.4  245.0   84.0  444.0
2017 133  5 13 2100  -16.9  956.6    4.9  220.0   86.0  444.0
2017 133  5 13 2200  -17.0  956.0    5.4  206.0   86.5  444.0
2017 133  5 13 2300  -17.7  955.1    6.1  190.0   86.0  444.0
2017 134  5 14 0000  -18.5  954.9    5.8  194.0   85.0  444.0
2017 134  5 14 0100  -18.9  954.7    5.1  194.0   85.0  444.0
2017 134  5 14 0200  -18.4  954.6    5.8  187.0   86.0  444.0
2017 134  5 14 0300  -19.9  954.8    5.6  179.0   83.9  444.0
2017 134  5 14 0400  -22.8  955.3    4.7  186.0   81.0  444.0
2017 134  5 14 0500  -26.0  956.1    5.3  164.0   79.0  444.0
2017 134  5 14 0600  -28.7  956.8    4.9  167.0   77.0  444.0
2017 134  5 14 0700  -30.0  958.1    4.4  181.0   77.0  444.0
2017 134  5 14 0800  -30.1  958.4    6.9  173.0   77.0  444.0
2017 134  5 14 0900  -29.8  959.4    7.1  161.0   77.0  444.0
2017 134  5 14 1000  -31.4  960.6    7.4  155.0   75.6  444.0
2017 134  5 14 1100  -31.7  961.8    6.7  156.0   75.5  444.0
2017 134  5 14 1200  -31.8  963.0    7.1  158.0   75.0  444.0
2017 134  5 14 1300  -32.2  964.3    7.4  158.0   75.0  444.0
2017 134  5 14 1400  -32.5  965.8    6.4  153.0   75.0  444.0
2017 134  5 14 1500  -33.0  966.8    6.0  158.0   74.5  444.0
2017 134  5 14 1600  -32.7  968.1    6.7  154.0   74.8  444.0
2017 134  5 14 1700  -32.1  969.6    6.1  155.0   75.0  444.0
2017 134  5 14 1800  -30.9  970.8    5.2  168.0   76.0  444.0
2017 134  5 14 1900  -31.2  971.9    6.4  176.0   75.0  444.0
2017 134  5 14 2000  -30.8  973.0    5.2  175.0   76.4  444.0
2017 134  5 14 2100  -30.3  973.5    4.9  186.0   76.0  444.0
2017 134  5 14 2200  -27.8  973.8    5.0  199.0   78.2  444.0
2017 134  5 14 2300  -25.8  973.6    4.6  215.0   80.0  444.0
2017 135  5 15 0000  -24.0  973.2    3.7  234.0   81.0  444.0
2017 135  5 15 0100  -22.3  972.4    4.1  233.0   82.3  444.0
2017 135  5 15 0200  -21.4  971.8    4.5  229.0   83.0  444.0
2017 135  5 15 0300  -22.3  971.4    3.6  218.0   82.0  444.0
2017 135  5 15 0400  -22.7  971.0    4.1  208.0   82.0  444.0
2017 135  5 15 0500  -21.4  970.5    4.2  201.0   83.0  444.0
2017 135  5 15 0600  -20.5  970.0    4.3  191.0   83.7  444.0
2017 135  5 15 0700  -20.5  969.5    3.2  217.0   83.0  444.0
2017 135  5 15 0800  -18.6  969.0    4.4  208.0   84.8  444.0
2017 135  5 15 0900  -18.9  968.3    4.2  242.0   85.0  444.0
2017 135  5 15 1000  -17.1  967.4    4.9  227.0   86.0  444.0
2017 135  5 15 1100  -15.2  966.5    5.8  222.0   87.0  444.0
2017 135  5 15 1200  -14.1  965.6    6.7  222.0   89.0  444.0
2017 135  5 15 1300  -11.9  965.0    6.0  207.0   90.2  444.0
2017 135  5 15 1400  -12.3  964.8    3.8  227.0   90.0  444.0
2017 135  5 15 1500  -11.1  964.1    4.7  181.0   91.0  444.0
2017 135  5 15 1600  -14.9  964.0    6.1  174.0   88.0  444.0
2017 135  5 15 1700  -17.9  964.1    5.7  171.0   85.7  444.0
2017 135  5 15 1800  -19.5  964.4    4.4  193.0   85.1  444.0
2017 135  5 15 1900  -21.0  964.3    3.2  194.0   84.0  444.0
2017 135  5 15 2000  -22.0  964.4    2.6  203.0   83.0  444.0
2017 135  5 15 2100  -23.3  964.1    3.3  214.0   83.0  444.0
2017 135  5 15 2200  -22.5  964.4    3.5  215.0   83.0  444.0
2017 135  5 15 2300  -20.5  964.0    3.9  227.0   84.9  444.0
2017 136  5 16 0000  -18.0  963.3    4.2  226.0   87.0  444.0
2017 136  5 16 0100  -15.6  963.1    5.0  215.0   89.0  444.0
2017 136  5 16 0200  -14.5  962.3    6.0  190.0   89.0  444.0
2017 136  5 16 0300  -14.4  961.7    6.7  188.0   89.0  444.0
2017 136  5 16 0400  -12.8  961.4    8.9  178.0   91.0  444.0
2017 136  5 16 0500  -12.3  961.0    9.9  176.0   91.0  444.0
2017 136  5 16 0600  -12.7  961.4   10.0  170.0   90.8  444.0
2017 136  5 16 0700  -14.3  962.1    9.1  176.0   89.0  444.0
2017 136  5 16 0800  -14.2  962.5    8.6  175.0   90.0  444.0
2017 136  5 16 0900  -13.8  962.8    9.3  172.0   90.0  444.0
2017 136  5 16 1000  -13.3  963.7    7.4  179.0   90.0  444.0
2017 136  5 16 1100  -13.2  963.7    7.8  178.0   90.4  444.0
2017 136  5 16 1200  -12.6  963.3    9.9  179.0   91.0  444.0
2017 136  5 16 1300  -11.9  963.5   10.6  169.0   91.0  444.0
2017 136  5 16 1400  -12.3  964.2    9.4  167.0   91.0  444.0
2017 136  5 16 1500  -12.9  964.8    8.8  167.0   90.8  444.0
2017 136  5 16 1600  -13.0  965.6    8.8  163.0   90.7  444.0
2017 136  5 16 1700  -13.2  966.7    7.8  164.0   90.0  444.0
2017 136  5 16 1800  -13.9  967.4    7.6  164.0   89.0  444.0
2017 136  5 16 1900  -15.0  968.5    8.2  158.0   88.0  444.0
2017 136  5 16 2000  -16.7  969.5    7.8  170.0   87.5  444.0
2017 136  5 16 2100  -17.1  970.7    6.9  149.0   86.2  444.0
2017 136  5 16 2200  -18.0  972.0    7.4  158.0   85.0  444.0
2017 136  5 16 2300  -19.5  973.1    4.6  179.0   85.0  444.0
2017 137  5 17 0000  -17.5  974.3    7.0  170.0   87.0  444.0
2017 137  5 17 0100  -17.2  975.1    8.9  168.0   87.0  444.0
2017 137  5 17 0200  -16.8  975.7    9.4  170.0   87.0  444.0
2017 137  5 17 0300  -17.9  976.8    8.4  176.0   86.0  444.0
2017 137  5 17 0400  -17.8  977.5    8.1  178.0   86.0  444.0
2017 137  5 17 0500  -17.3  977.8    8.7  174.0   86.0  444.0
2017 137  5 17 0600  -17.5  978.1    7.8  179.0   85.0  444.0
2017 137  5 17 0700  -18.2  978.6    7.7  191.0   84.0  444.0
2017 137  5 17 0800  -19.1  979.3    6.4  198.0   83.0  444.0
2017 137  5 17 0900  -19.2  979.3    7.0  201.0   83.0  444.0
2017 137  5 17 1000  -20.6  979.8    5.2  204.0   83.0  444.0
2017 137  5 17 1100  -17.7  979.8    6.7  184.0   81.0  444.0
2017 137  5 17 1200  -16.3  980.1    7.2  181.0   82.0  444.0
2017 137  5 17 1300  -16.8  980.5    6.4  200.0   77.0  444.0
2017 137  5 17 1400  -19.4  981.3    5.5  214.0   79.0  444.0
2017 137  5 17 1500  -20.2  981.6    8.1  219.0   78.0  444.0
2017 137  5 17 1600  -20.5  982.0    8.7  212.0   78.0  444.0
2017 137  5 17 1700  -20.6  982.1    7.9  221.0   76.0  444.0
2017 137  5 17 1800  -21.5  982.3    6.1  212.0   75.0  444.0
2017 137  5 17 1900  -22.4  982.5    6.6  230.0   76.0  444.0
2017 137  5 17 2000  -23.2  982.4    6.7  236.0   76.1  444.0
2017 137  5 17 2100  -23.1  982.6    7.7  255.0   77.0  444.0
2017 137  5 17 2200  -22.8  983.1    7.6  247.0   81.0  444.0
2017 137  5 17 2300  -23.3  983.2    6.0  257.0   78.0  444.0
2017 138  5 18 0000  -23.1  982.9    5.7  252.0   74.6  444.0
2017 138  5 18 0100  -23.9  983.5    6.6  254.0   76.4  444.0
2017 138  5 18 0200  -24.4  983.9    8.5  242.0   78.0  444.0
2017 138  5 18 0300  -24.4  984.5    9.2  241.0   80.0  444.0
2017 138  5 18 0400  -23.5  985.2    7.9  251.0   80.0  444.0
2017 138  5 18 0500  -24.4  985.9    8.1  260.0   80.1  444.0
2017 138  5 18 0600  -24.1  986.0    8.7  255.0   80.4  444.0
2017 138  5 18 0700  -23.4  986.1    9.3  258.0   81.0  444.0
2017 138  5 18 0800  -23.0  986.3    9.6  265.0   81.0  444.0
2017 138  5 18 0900  -23.2  986.1    9.1  272.0   81.0  444.0
2017 138  5 18 1000  -23.4  986.1    5.9  263.0   81.0  444.0
2017 138  5 18 1100  -23.2  986.4    7.6  252.0   80.5  444.0
2017 138  5 18 1200  -23.2  986.1    6.7  273.0   81.0  444.0
2017 138  5 18 1300  -23.1  985.8    4.6  236.0   80.7  444.0
2017 138  5 18 1400  -22.9  985.4    3.1  253.0   81.0  444.0
2017 138  5 18 1500  -22.4  985.2    5.2  261.0   80.0  444.0
2017 138  5 18 1600  -22.2  985.4    7.9  254.0   80.8  444.0
2017 138  5 18 1700  -21.4  985.8    7.2  243.0   81.0  444.0
2017 138  5 18 1800  -21.3  985.8    7.6  250.0   81.1  444.0
2017 138  5 18 1900  -21.8  985.4    8.2  260.0   82.0  444.0
2017 138  5 18 2000  -22.0  985.2    8.9  259.0   82.0  444.0
2017 138  5 18 2100  -23.6  984.9    7.8  264.0   80.0  444.0
2017 138  5 18 2200  -24.9  985.0    6.9  257.0   80.0  444.0
2017 138  5 18 2300  -25.0  984.3    8.3  257.0   79.4  444.0
2017 139  5 19 0000  -24.7  984.4    8.1  234.0   79.0  444.0
2017 139  5 19 0100  -24.2  984.1    8.5  245.0   78.0  444.0
2017 139  5 19 0200  -23.6  983.6    8.7  246.0   79.0  444.0
2017 139  5 19 0300  -22.7  983.1    9.3  258.0   82.0  444.0
2017 139  5 19 0400  -22.4  982.2   10.5  258.0   81.9  444.0
2017 139  5 19 0500  -21.1  981.4   11.1  246.0   84.0  444.0
2017 139  5 19 0600  -18.3  981.0   12.1  235.0   85.0  444.0
2017 139  5 19 0700  -18.8  980.7   12.1  233.0   85.0  444.0
2017 139  5 19 0800  -18.7  980.5   12.5  236.0   85.0  444.0
2017 139  5 19 0900  -19.5  979.9   12.6  235.0   84.6  444.0
2017 139  5 19 1000  -19.2  979.9   11.2  241.0   85.0  444.0
2017 139  5 19 1100  -19.3  979.5   10.9  236.0   85.0  444.0
2017 139  5 19 1200  -19.7  978.7   11.8  236.0   85.0  444.0
2017 139  5 19 1300  -19.4  978.1   10.0  241.0   85.0  444.0
2017 139  5 19 1400  -19.1  977.3    8.4  234.0   85.0  444.0
2017 139  5 19 1500  -18.4  976.4   10.0  229.0   85.0  444.0
2017 139  5 19 1600  -17.8  976.0    9.1  208.0   85.4  444.0
2017 139  5 19 1700  -20.1  975.9    9.0  237.0   84.0  444.0
2017 139  5 19 1800  -19.4  975.5   11.9  220.0   85.0  444.0
2017 139  5 19 1900  -20.3  975.3   12.1  224.0   84.0  444.0
2017 139  5 19 2000  -20.2  975.2    9.0  206.0   83.0  444.0
2017 139  5 19 2100  -20.1  974.8    4.4  184.0   83.3  444.0
2017 139  5 19 2200  -21.0  974.8    6.2  176.0   81.0  444.0
2017 139  5 19 2300  -23.7  974.7    6.3  184.0   78.0  444.0
2017 140  5 20 0000  -24.2  974.4    8.1  198.0   78.0  444.0
2017 140  5 20 0100  -25.6  974.5    6.1  204.0   78.0  444.0
2017 140  5 20 0200  -25.5  974.1    5.9  199.0   77.0  444.0
2017 140  5 20 0300  -26.8  973.7    6.0  187.0   76.0  444.0
2017 140  5 20 0400  -27.6  973.9    5.9  196.0   78.0  444.0
2017 140  5 20 0500  -28.6  974.3    6.2  159.0   75.0  444.0
2017 140  5 20 0600  -29.5  974.4    7.3  177.0   75.0  444.0
2017 140  5 20 0700  -30.7  974.2    7.3  177.0   75.1  444.0
2017 140  5 20 0800  -31.6  974.4    6.4  175.0   75.0  444.0
2017 140  5 20 0900  -31.8  974.7    6.8  178.0   75.0  444.0
2017 140  5 20 1000  -32.1  974.5    6.9  175.0   77.0  444.0
2017 140  5 20 1100  -32.4  975.1    6.4  172.0   76.0  444.0
2017 140  5 20 1200  -32.6  975.4    5.8  173.0   75.9  444.0
2017 140  5 20 1300  -32.6  975.6    5.7  178.0   76.0  444.0
2017 140  5 20 1400  -32.2  976.1    5.7  193.0   75.6  444.0
2017 140  5 20 1500  -32.1  976.2    7.0  200.0   75.0  444.0
2017 140  5 20 1600  -32.3  976.2    6.9  191.0   75.1  444.0
2017 140  5 20 1700  -32.3  976.8    7.0  193.0   75.1  444.0
2017 140  5 20 1800  -32.2  977.0    7.6  197.0   75.0  444.0
2017 140  5 20 1900  -31.5  977.1    8.1  194.0   75.6  444.0
2017 140  5 20 2000  -31.2  977.2    8.1  200.0   76.0  444.0
2017 140  5 20 2100  -31.0  977.6    8.0  201.0   76.0  444.0
2017 140  5 20 2200  -31.7  977.7    8.2  202.0   75.3  444.0
2017 140  5 20 2300  -32.1  978.0    8.8  204.0   75.0  444.0
2017 141  5 21 0000  -32.4  978.1    8.6  204.0   74.9  444.0
2017 141  5 21 0100  -32.1  977.6    8.4  211.0   75.0  444.0
2017 141  5 21 0200  -33.4  977.6    8.6  220.0   74.0  444.0
2017 141  5 21 0300  -33.3  977.4    8.2  216.0   74.0  444.0
2017 141  5 21 0400  -32.8  977.1    8.6  212.0   75.0  444.0
2017 141  5 21 0500  -32.0  976.7    9.4  208.0   75.0  444.0
2017 141  5 21 0600  -31.9  976.8    9.4  212.0   75.0  444.0
2017 141  5 21 0700  -31.7  976.4    8.7  220.0   75.0  444.0
2017 141  5 21 0800  -29.4  975.9    8.8  229.0   77.0  444.0
2017 141  5 21 0900  -28.1  975.4    9.6  230.0   78.0  444.0
2017 141  5 21 1000  -27.9  975.0   10.2  230.0   77.8  444.0
2017 141  5 21 1100  -26.6  974.9   10.2  224.0   79.0  444.0
2017 141  5 21 1200  -26.1  974.4   10.6  236.0   79.0  444.0
2017 141  5 21 1300  -26.8  974.2   11.1  236.0   78.0  444.0
2017 141  5 21 1400  -27.7  974.3   10.3  238.0   78.0  444.0
2017 141  5 21 1500  -27.8  973.3   11.3  241.0   77.2  444.0
2017 141  5 21 1600  -28.5  973.8    9.4  220.0   77.0  444.0
2017 141  5 21 1700  -28.4  973.7    8.0  225.0   76.0  444.0
2017 141  5 21 1800  -28.3  972.9    6.9  243.0   75.0  444.0
2017 141  5 21 1900  -28.0  972.5    6.2  254.0   75.0  444.0
2017 141  5 21 2000  -27.2  972.2    4.9  248.0   75.4  444.0
2017 141  5 21 2100  -27.3  972.2    7.9  246.0   77.0  444.0
2017 141  5 21 2200  -27.4  972.0    7.3  237.0   77.3  444.0
2017 141  5 21 2300  -28.1  972.0    5.7  238.0   76.0  444.0
2017 142  5 22 0000  -28.7  971.5    6.7  254.0   76.0  444.0
2017 142  5 22 0100  -29.6  971.1    6.8  243.0   75.6  444.0
2017 142  5 22 0200  -29.6  970.7    7.0  247.0   76.0  444.0
2017 142  5 22 0300  -28.5  970.0   11.5  258.0   77.0  444.0
2017 142  5 22 0400  -27.4  969.8   10.7  255.0   78.0  444.0
2017 142  5 22 0500  -26.9  969.2   11.4  253.0   78.0  444.0
2017 142  5 22 0600  -26.5  968.5   12.1  262.0   78.0  444.0
2017 142  5 22 0700  -26.1  967.9   13.3  258.0   79.0  444.0
2017 142  5 22 0800  -26.0  967.3   13.3  259.0   78.7  444.0
2017 142  5 22 0900  -26.0  967.2   10.6  251.0   79.0  444.0
2017 142  5 22 1000  -25.2  967.0    9.9  248.0   79.0  444.0
2017 142  5 22 1100  -25.1  966.3   10.6  249.0   79.0  444.0
2017 142  5 22 1200  -24.9  965.7   10.4  255.0   78.0  444.0
2017 142  5 22 1300  -24.6  965.0   10.9  253.0   78.4  444.0
2017 142  5 22 1400  -23.2  964.1   11.7  246.0   80.0  444.0
2017 142  5 22 1500  -22.0  963.7   12.1  243.0   82.0  444.0
2017 142  5 22 1600  -20.8  963.6   12.2  238.0   83.0  444.0
2017 142  5 22 1700  -18.9  964.1    9.5  229.0   85.0  444.0
2017 142  5 22 1800  -18.0  964.3   13.2  224.0   81.8  444.0
2017 142  5 22 1900  -20.5  965.2   12.7  231.0   83.3  444.0
2017 142  5 22 2000  -20.9  964.9   13.2  232.0   83.0  444.0
2017 142  5 22 2100  -20.0  964.7   13.2  234.0   84.0  444.0
2017 142  5 22 2200  -18.5  964.9    9.6  226.0   86.0  444.0
2017 142  5 22 2300  -16.5  965.0   12.3  218.0   87.1  444.0
2017 143  5 23 0000  -16.8  965.1   10.7  206.0   86.1  444.0
2017 143  5 23 0100  -18.0  965.7    7.6  203.0   85.3  444.0
2017 143  5 23 0200  -18.4  965.6    7.5  196.0   85.0  444.0
2017 143  5 23 0300  -18.4  966.1    9.2  185.0   84.0  444.0
2017 143  5 23 0400  -19.2  966.4    7.5  189.0   84.0  444.0
2017 143  5 23 0500  -20.4  966.9    8.0  179.0   82.0  444.0
2017 143  5 23 0600  -21.5  967.7    7.6  172.0   81.5  444.0
2017 143  5 23 0700  -22.9  968.8    5.6  179.0   81.0  444.0
2017 143  5 23 0800  -22.1  969.8    4.5  184.0   81.0  444.0
2017 143  5 23 0900  -20.4  970.3    6.5  194.0   83.0  444.0
2017 143  5 23 1000  -20.2  970.8    6.3  186.0   83.0  444.0
2017 143  5 23 1100  -20.5  971.8    6.4  192.0   81.5  444.0
2017 143  5 23 1200  -21.3  972.1    6.7  184.0   80.7  444.0
2017 143  5 23 1300  -22.2  972.7    5.4  206.0   79.0  444.0
2017 143  5 23 1400  -24.4  973.2    5.9  231.0   80.0  444.0
2017 143  5 23 1500  -24.2  973.4    7.4  226.0   80.0  444.0
2017 143  5 23 1600  -24.0  973.5    6.5  231.0   79.4  444.0
2017 143  5 23 1700  -24.3  974.0    5.6  220.0   78.4  444.0
2017 143  5 23 1800  -25.6  974.1    6.0  214.0   78.0  444.0
2017 143  5 23 1900  -25.7  975.3    5.5  192.0   78.0  444.0
2017 143  5 23 2000  -26.6  975.5    5.6  202.0   77.0  444.0
2017 143  5 23 2100  -27.0  976.3    6.0  209.0   77.3  444.0
2017 143  5 23 2200  -25.2  977.5    6.3  223.0   76.2  444.0
2017 143  5 23 2300  -26.4  978.1    6.1  232.0   76.9  444.0
2017 144  5 24 0000  -26.4  979.2    8.1  232.0   77.1  444.0
2017 144  5 24 0100  -26.1  980.0    8.5  221.0   77.0  444.0
2017 144  5 24 0200  -25.9  980.4    6.8  225.0   77.0  444.0
2017 144  5 24 0300  -25.1  980.9    7.6  234.0   78.0  444.0
2017 144  5 24 0400  -24.0  982.2    8.8  232.0   78.4  444.0
2017 144  5 24 0500  -24.9  982.9    9.3  244.0   78.2  444.0
2017 144  5 24 0600  -24.9  983.5    9.7  241.0   78.0  444.0
2017 144  5 24 0700  -27.1  984.0    9.6  248.0   77.0  444.0
2017 144  5 24 0800  -27.4  984.8    9.6  224.0   77.0  444.0
2017 144  5 24 0900  -26.7  984.9   10.7  242.0   77.5  444.0
2017 144  5 24 1000  -27.0  985.0   11.1  241.0   77.8  444.0
2017 144  5 24 1100  -26.9  985.5   10.4  239.0   78.0  444.0
2017 144  5 24 1200  -27.4  985.8    8.3  232.0   77.0  444.0
2017 144  5 24 1300  -26.2  986.5    8.7  235.0   77.0  444.0
2017 144  5 24 1400  -27.8  987.3   10.3  243.0   77.5  444.0
2017 144  5 24 1500  -27.7  988.4    8.8  240.0   76.5  444.0
2017 144  5 24 1600  -28.8  988.6    9.0  240.0   76.0  444.0
2017 144  5 24 1700  -28.8  989.1    9.0  240.0   76.0  444.0
2017 144  5 24 1800  -29.3  989.8    9.6  242.0   76.0  444.0
2017 144  5 24 1900  -30.0  990.6    7.3  231.0   76.0  444.0
2017 144  5 24 2000  -30.4  991.2    6.7  238.0   75.9  444.0
2017 144  5 24 2100  -31.4  991.2    6.7  250.0   76.0  444.0
2017 144  5 24 2200  -30.1  991.1    7.4  241.0   77.0  444.0
2017 144  5 24 2300  -29.3  991.6    7.7  233.0   77.0  444.0
2017 145  5 25 0000  -30.1  991.8    7.1  235.0   76.0  444.0
2017 145  5 25 0100  -30.3  992.3    8.3  236.0   76.2  444.0
2017 145  5 25 0200  -29.9  992.6    8.2  233.0   76.0  444.0
2017 145  5 25 0300  -28.0  992.6    8.3  229.0   77.8  444.0
2017 145  5 25 0400  -26.9  992.9    8.0  233.0   78.0  444.0
2017 145  5 25 0500  -26.5  993.1    7.8  228.0   79.0  444.0
2017 145  5 25 0600  -26.7  993.3    7.9  228.0   78.6  444.0
2017 145  5 25 0700  -26.2  993.4    7.9  223.0   79.0  444.0
2017 145  5 25 0800  -25.6  993.6    7.6  234.0   79.8  444.0
2017 145  5 25 0900  -24.8  993.7    6.9  228.0   81.0  444.0
2017 145  5 25 1000  -24.3  993.8    7.0  220.0   81.0  444.0
2017 145  5 25 1100  -23.9  993.8    7.3  213.0   81.0  444.0
2017 145  5 25 1200  -23.8  994.1    6.7  214.0   81.0  444.0
2017 145  5 25 1300  -23.8  994.2    6.8  207.0   81.2  444.0
2017 145  5 25 1400  -23.6  994.4    6.4  212.0   81.0  444.0
2017 145  5 25 1500  -23.6  994.5    6.1  212.0   81.0  444.0
2017 145  5 25 1600  -23.5  994.7    5.7  213.0   81.4  444.0
2017 145  5 25 1700  -23.2  994.9    5.4  211.0   82.0  444.0
2017 145  5 25 1800  -23.2  994.9    4.8  213.0   81.7  444.0
2017 145  5 25 1900  -22.9  994.8    5.2  215.0   82.0  444.0
2017 145  5 25 2000  -22.8  995.0    4.6  210.0   82.0  444.0
2017 145  5 25 2100  -22.7  995.1    4.3  211.0   82.0  444.0
2017 145  5 25 2200  -22.7  995.0    3.7  220.0   82.0  444.0
2017 145  5 25 2300  -22.8  994.7    4.2  224.0   82.1  444.0
2017 146  5 26 0000  -22.7  994.5    3.8  215.0   82.0  444.0
2017 146  5 26 0100  -22.7  994.1    3.7  226.0   82.0  444.0
2017 146  5 26 0200  -22.5  993.5    3.6  223.0   82.0  444.0
2017 146  5 26 0300  -22.5  993.2    3.3  219.0   82.2  444.0
2017 146  5 26 0400  -22.8  992.7    4.1  215.0   82.0  444.0
2017 146  5 26 0500  -22.8  992.1    4.2  223.0   82.0  444.0
2017 146  5 26 0600  -22.8  991.4    4.8  213.0   82.0  444.0
2017 146  5 26 0700  -23.1  991.0    4.9  214.0   82.0  444.0
2017 146  5 26 0800  -23.0  990.6    5.7  217.0   82.0  444.0
2017 146  5 26 0900  -22.7  990.2    5.4  214.0   82.2  444.0
2017 146  5 26 1000  -23.1  989.7    4.5  228.0   82.0  444.0
2017 146  5 26 1100  -23.4  989.4    4.2  246.0   81.6  444.0
2017 146  5 26 1200  -24.7  988.7    3.9  262.0   81.0  444.0
2017 146  5 26 1300  -25.7  987.5    4.7  268.0   80.0  444.0
2017 146  5 26 1400  -25.9  986.5    6.3  270.0   79.6  444.0
2017 146  5 26 1500  -25.9  986.1    4.4  243.0   80.0  444.0
2017 146  5 26 1600  -25.5  985.1    2.3  262.0   80.0  444.0
2017 146  5 26 1700  -25.6  984.1    5.6  257.0   79.0  444.0
2017 146  5 26 1800  -25.8  983.1    6.3  265.0   80.0  444.0
2017 146  5 26 1900  -26.5  982.0    6.9  270.0   79.0  444.0
2017 146  5 26 2000  -26.1  981.2    8.2  263.0   79.0  444.0
2017 146  5 26 2100  -26.4  980.8    7.0  258.0   78.6  444.0
2017 146  5 26 2200  -27.6  980.0    5.5  265.0   77.0  444.0
2017 146  5 26 2300  -29.1  979.6    4.2  288.0   76.0  444.0
2017 147  5 27 0000  -28.4  978.5    5.9  273.0   77.0  444.0
2017 147  5 27 0100  -30.0  978.4    4.3  273.0   76.0  444.0
2017 147  5 27 0200  -30.3  978.1    3.3  286.0   76.0  444.0
2017 147  5 27 0300  -31.1  977.7    3.5  288.0   75.0  444.0
2017 147  5 27 0400  -32.2  977.6    2.8  300.0   74.7  444.0
2017 147  5 27 0500  -30.9  977.1    5.4  292.0   76.0  444.0
2017 147  5 27 0600  -31.6  977.0    4.5  296.0   76.0  444.0
2017 147  5 27 0700  -30.2  976.7    4.7  299.0   76.3  444.0
2017 147  5 27 0800  -31.1  977.0    4.6  280.0   75.0  444.0
2017 147  5 27 0900  -32.3  977.2    3.8  303.0   74.8  444.0
2017 147  5 27 1000  -31.5  977.0    3.7  288.0   75.0  444.0
2017 147  5 27 1100  -31.2  976.8    4.0  278.0   75.0  444.0
2017 147  5 27 1200  -30.7  976.9    4.4  277.0   75.8  444.0
2017 147  5 27 1300  -29.1  976.9    4.5  260.0   77.1  444.0
2017 147  5 27 1400  -30.6  976.7    3.2  233.0   75.1  444.0
2017 147  5 27 1500  -31.6  976.7    4.6  232.0   75.0  444.0
2017 147  5 27 1600  -30.7  977.0    4.6  234.0   75.0  444.0
2017 147  5 27 1700  -33.4  977.0    3.1  253.0   73.3  444.0
2017 147  5 27 1800  -36.0  977.0    4.0  257.0   72.0  444.0
2017 147  5 27 1900  -37.0  976.9    4.2  254.0   72.0  444.0
2017 147  5 27 2000  -36.8  977.1    4.2  272.0   72.0  444.0
2017 147  5 27 2100  -37.1  977.2    4.1  256.0   72.0  444.0
2017 147  5 27 2200  -37.7  977.3    4.2  275.0   71.2  444.0
2017 147  5 27 2300  -37.2  976.9    4.4  272.0   71.6  444.0
2017 148  5 28 0000  -36.7  976.6    4.7  280.0   71.8  444.0
2017 148  5 28 0100  -34.2  976.3    5.4  275.0   74.0  444.0
2017 148  5 28 0200  -32.9  975.9    5.1  270.0   75.0  444.0
2017 148  5 28 0300  -29.2  975.4    7.4  260.0   77.0  444.0
2017 148  5 28 0400  -27.4  974.6    8.5  267.0   77.8  444.0
2017 148  5 28 0500  -25.3  973.9    9.3  269.0   78.1  444.0
2017 148  5 28 0600  -24.7  973.8    8.9  345.0   78.0  444.0
2017 148  5 28 0700  -23.6  973.4    8.2  264.0   80.0  444.0
2017 148  5 28 0800  -23.6  972.6    8.7  270.0   79.0  444.0
2017 148  5 28 0900  -23.2  972.0    7.8  272.0   79.0  444.0
2017 148  5 28 1000  -22.3  971.9    8.0  276.0   81.1  444.0
2017 148  5 28 1100  -21.1  971.5    8.1  273.0   82.7  444.0
2017 148  5 28 1200  -21.0  970.8    7.3  292.0   82.3  444.0
2017 148  5 28 1300  -20.7  970.0    7.6  298.0   82.0  444.0
2017 148  5 28 1400  -21.8  969.7    6.8  313.0   80.0  444.0
2017 148  5 28 1500  -22.2  969.5    7.0  319.0   80.6  444.0
2017 148  5 28 1600  -21.0  969.2    7.9  320.0   82.4  444.0
2017 148  5 28 1700  -21.6  969.2    6.8  324.0   82.6  444.0
2017 148  5 28 1800  -21.1  969.2    6.7  327.0   82.0  444.0
2017 148  5 28 1900  -19.8  969.3    7.0  328.0   80.0  444.0
2017 148  5 28 2000  -19.2  969.7    6.8  329.0   79.9  444.0
2017 148  5 28 2100  -19.6  969.7    6.3  343.0   79.0  444.0
2017 148  5 28 2200  -22.5  969.8    6.5  349.0   77.1  444.0
2017 148  5 28 2300  -20.5  970.3    5.8  335.0   80.0  444.0
2017 149  5 29 0000  -22.0  970.6    4.7  345.0   78.0  444.0
2017 149  5 29 0100  -23.1  971.0    4.7    3.0   79.0  444.0
2017 149  5 29 0200  -24.7  970.6    3.4  354.0   77.5  444.0
2017 149  5 29 0300  -24.0  970.7    3.2    3.0   79.3  444.0
2017 149  5 29 0400  -22.5  971.1    2.4  333.0   80.0  444.0
2017 149  5 29 0500  -21.8  971.1    2.5  354.0   82.0  444.0
2017 149  5 29 0600  -22.2  970.9    2.7    7.0   83.0  444.0
2017 149  5 29 0700  -21.4  971.4    1.1    7.0   84.0  444.0
2017 149  5 29 0800  -22.8  971.6    1.4    7.0   82.0  444.0
2017 149  5 29 0900  -23.7  971.7    1.9    7.0   81.0  444.0
2017 149  5 29 1000  -25.2  972.4    2.1    7.0   79.0  444.0
2017 149  5 29 1100  -25.1  972.7    1.7    7.0   80.0  444.0
2017 149  5 29 1200  -24.3  973.1    0.8    7.0   81.0  444.0
2017 149  5 29 1300  -24.0  973.7    1.7   37.0   81.0  444.0
2017 149  5 29 1400  -23.7  973.8    1.0   37.0   81.0  444.0
2017 149  5 29 1500  -23.4  974.6    1.3   37.0   82.0  444.0
2017 149  5 29 1600  -22.9  974.9    0.0    0.0   82.0  444.0
2017 149  5 29 1700  -23.2  975.2    2.0  116.0   82.0  444.0
2017 149  5 29 1800  -23.8  975.9    2.2  128.0   81.0  444.0
2017 149  5 29 1900  -24.8  976.8    1.6  130.0   81.0  444.0
2017 149  5 29 2000  -25.0  977.1    2.0  151.0   80.0  444.0
2017 149  5 29 2100  -25.1  977.4    2.0  142.0   80.0  444.0
2017 149  5 29 2200  -24.6  977.9    1.7  134.0   81.0  444.0
2017 149  5 29 2300  -24.6  978.5    0.9  134.0   81.0  444.0
2017 150  5 30 0000  -24.5  978.9    1.1  134.0   80.4  444.0
2017 150  5 30 0100  -24.7  979.0    1.0  134.0   80.0  444.0
2017 150  5 30 0200  -24.8  979.3    0.8  183.0   81.0  444.0
2017 150  5 30 0300  -25.0  979.1    0.9  198.0   80.2  444.0
2017 150  5 30 0400  -26.6  978.8    0.8  206.0   79.0  444.0
2017 150  5 30 0500  -27.3  978.8    0.7  213.0   78.3  444.0
2017 150  5 30 0600  -28.0  978.3    0.7  270.0   78.0  444.0
2017 150  5 30 0700  -28.2  977.9    0.9  274.0   78.0  444.0
2017 150  5 30 0800  -29.6  977.0    0.7  278.0   76.7  444.0
2017 150  5 30 0900  -31.2  976.5    0.6  300.0   75.0  444.0
2017 150  5 30 1000  -31.2  975.9    0.5  285.0   75.0  444.0
2017 150  5 30 1100  -22.8  974.9    0.7  248.0   83.0  444.0
2017 150  5 30 1200  -19.8  974.1    0.6  248.0   85.0  444.0
2017 150  5 30 1300  -18.0  973.5    0.3  209.0   86.0  444.0
2017 150  5 30 1400  -19.0  972.8    0.2  210.0   85.0  444.0
2017 150  5 30 1500  -19.2  972.4    0.3  202.0   85.0  444.0
2017 150  5 30 1600  -19.7  972.0    0.2  207.0   85.0  444.0
2017 150  5 30 1700  -19.4  971.5    0.3  198.0   85.0  444.0
2017 150  5 30 1800  -19.1  970.8    0.2  203.0   85.0  444.0
2017 150  5 30 1900  -18.7  970.4    0.2  190.0   85.0  444.0
2017 150  5 30 2000  -18.4  969.7    0.4  196.0   86.0  444.0
2017 150  5 30 2100  -18.9  969.6    0.4  186.0   85.0  444.0
2017 150  5 30 2200  -19.3  969.4    0.2  199.0   85.2  444.0
2017 150  5 30 2300  -19.3  968.8    0.4  202.0   85.0  444.0
2017 151  5 31 0000  -20.5  968.5    4.7  202.0   84.0  444.0
2017 151  5 31 0100  -21.5  968.3    4.5  206.0   82.0  444.0
2017 151  5 31 0200  -23.5  968.2    3.3  214.0   81.0  444.0
2017 151  5 31 0300  -24.1  968.1    3.5  228.0   81.0  444.0
2017 151  5 31 0400  -24.6  968.1    3.4  246.0   81.0  444.0
2017 151  5 31 0500  -23.4  968.1    4.6  236.0   82.0  444.0
2017 151  5 31 0600  -24.3  968.2    4.6  244.0   80.8  444.0
2017 151  5 31 0700  -24.6  968.1    4.4  236.0   80.0  444.0
2017 151  5 31 0800  -26.1  968.5    3.4  234.0   79.0  444.0
2017 151  5 31 0900  -25.9  968.6    4.7  247.0   80.0  444.0
2017 151  5 31 1000  -25.4  968.4    6.1  255.0   80.0  444.0
2017 151  5 31 1100  -24.5  968.2    7.1  248.0   80.6  444.0
2017 151  5 31 1200  -23.6  968.3    8.2  243.0   82.0  444.0
2017 151  5 31 1300  -22.2  968.1   10.5  247.0   83.0  444.0
2017 151  5 31 1400  -21.7  967.7    9.6  253.0   83.0  444.0
2017 151  5 31 1500  -21.0  967.6    9.4  252.0   84.0  444.0
2017 151  5 31 1600  -20.2  967.9    4.5  248.0   84.0  444.0
2017 151  5 31 1700  -19.3  968.0    9.9  245.0   85.0  444.0
2017 151  5 31 1800  -19.5  968.0   10.5  246.0   85.0  444.0
2017 151  5 31 1900  -18.8  967.8   11.1  241.0   85.0  444.0
2017 151  5 31 2000  -17.7  967.7   10.8  239.0   87.0  444.0
2017 151  5 31 2100  -17.4  967.2   10.1  250.0   86.0  444.0
2017 151  5 31 2200  -17.9  967.5    9.7  240.0   86.0  444.0
2017 151  5 31 2300  -17.1  966.8   10.8  245.0   87.0  444.0
