Year: 2023  Month: 02  ID: SWT  ARGOS:  8913  Name: Schwerdtfeger       
Lat: 79.80S  Lon: 170.46E  Elev:   54m
2023  32  2  1 0000   -7.5  981.2    4.8  271.0   95.0  444.0
2023  32  2  1 0100   -7.2  981.1    3.7  281.0   92.4  444.0
2023  32  2  1 0200   -7.3  981.0    4.6  274.0   86.8  444.0
2023  32  2  1 0300   -7.5  980.9    4.4  265.0   85.5  444.0
2023  32  2  1 0400   -8.0  980.9    4.3  271.0   85.0  444.0
2023  32  2  1 0500   -8.0  981.0    4.1  259.0   83.0  444.0
2023  32  2  1 0600   -7.8  981.0    5.0  260.0   69.0  444.0
2023  32  2  1 0700   -8.5  981.2    5.6  270.0   72.0  444.0
2023  32  2  1 0800   -9.1  981.2    3.2  263.0   79.7  444.0
2023  32  2  1 0900   -9.5  981.2    2.9  301.0   86.0  444.0
2023  32  2  1 1000   -9.3  981.2    1.6  295.0   82.0  444.0
2023  32  2  1 1100   -9.4  981.2    1.7  343.0   87.0  444.0
2023  32  2  1 1200  -10.2  981.0    3.0  329.0   93.0  444.0
2023  32  2  1 1300   -9.8  980.9    1.4  317.0   87.1  444.0
2023  32  2  1 1400  -10.3  980.7    2.9  337.0   86.3  444.0
2023  32  2  1 1500  -11.6  980.5    1.6  316.0   88.0  444.0
2023  32  2  1 1600  -12.6  980.4    3.2    2.0   95.0  444.0
2023  32  2  1 1700  -12.1  980.2    3.1  356.0   99.0  444.0
2023  32  2  1 1800  -13.0  980.4    1.6  350.0   89.0  444.0
2023  32  2  1 1900  -14.3  980.3    2.4  325.0  100.0  444.0
2023  32  2  1 2000  -12.4  980.2    2.2  338.0   97.0  444.0
2023  32  2  1 2100  -11.2  979.9    1.4  315.0  100.0  444.0
2023  32  2  1 2200   -8.8  979.7    1.3  296.0   93.0  444.0
2023  32  2  1 2300   -6.3  979.5    2.1  280.0   86.7  444.0
2023  33  2  2 0000   -8.7  979.4    2.1  246.0   91.0  444.0
2023  33  2  2 0100  444.0  979.2    0.2  262.0   76.5  444.0
2023  33  2  2 0200  444.0  978.8    0.4  182.0   80.0  444.0
2023  33  2  2 0300  444.0  978.6    0.8  125.0   83.0  444.0
2023  33  2  2 0400  444.0  978.3    0.3  290.0   90.0  444.0
2023  33  2  2 0500  444.0  978.0    0.4  320.0   88.0  444.0
2023  33  2  2 0600  444.0  977.7    0.6  209.0   85.5  444.0
2023  33  2  2 0700  444.0  977.6    1.2   32.0   80.2  444.0
2023  33  2  2 0800  444.0  977.5    0.7  310.0   86.0  444.0
2023  33  2  2 0900  -10.6  977.1    1.7  172.0   91.0  444.0
2023  33  2  2 1000  -11.4  976.9    2.1  165.0   98.0  444.0
2023  33  2  2 1100  -11.5  977.0    3.3  143.0   99.0  444.0
2023  33  2  2 1200  -11.7  976.8    3.5  144.0  100.0  444.0
2023  33  2  2 1300  -11.6  976.8    4.0  158.0  100.0  444.0
2023  33  2  2 1400  -11.3  976.5    4.5  165.0  100.0  444.0
2023  33  2  2 1500  -10.9  976.4    5.0  160.0  100.0  444.0
2023  33  2  2 1600  -10.3  976.1    6.0  171.0  100.0  444.0
2023  33  2  2 1700  -10.2  975.8    6.1  167.0  100.0  444.0
2023  33  2  2 1800  -10.3  975.6    6.5  179.0  100.0  444.0
2023  33  2  2 1900  -10.6  975.6    6.6  179.0  100.0  444.0
2023  33  2  2 2000  -11.1  975.6    6.2  171.0  100.0  444.0
2023  33  2  2 2100  -11.1  975.3    5.7  192.0   99.0  444.0
2023  33  2  2 2200  -10.9  975.2    6.8  186.0   98.0  444.0
2023  33  2  2 2300  -10.3  974.9    6.9  170.0   96.9  444.0
2023  34  2  3 0000  -10.2  974.7    7.1  162.0   96.0  444.0
2023  34  2  3 0100   -9.9  974.3    7.3  172.0   97.0  444.0
2023  34  2  3 0200  -10.6  974.1    7.0  174.0   93.0  444.0
2023  34  2  3 0300  -11.0  973.5    6.9  184.0   93.0  444.0
2023  34  2  3 0400  -10.2  973.0    5.6  186.0   94.3  444.0
2023  34  2  3 0500  -10.2  973.0    4.8  172.0   96.0  444.0
2023  34  2  3 0600   -9.4  972.8    4.6  160.0  100.0  444.0
2023  34  2  3 0700   -9.2  972.5    4.4  180.0  100.0  444.0
2023  34  2  3 0800   -9.9  972.3    6.0  184.0   98.0  444.0
2023  34  2  3 0900  -10.5  972.1    5.9  194.0  100.0  444.0
2023  34  2  3 1000  -11.1  971.7    6.5  203.0  100.0  444.0
2023  34  2  3 1100  -10.7  971.5    5.7  184.0  100.0  444.0
2023  34  2  3 1200  -10.6  971.5    5.8  187.0  100.0  444.0
2023  34  2  3 1300  -11.1  971.2    6.7  194.0  100.0  444.0
2023  34  2  3 1400  -11.9  971.2    6.8  196.0   99.0  444.0
2023  34  2  3 1500  -14.6  971.2    7.2  197.0   98.0  444.0
2023  34  2  3 1600  -14.5  971.0    6.7  199.0   97.5  444.0
2023  34  2  3 1700  -14.7  971.2    6.9  191.0   95.0  444.0
2023  34  2  3 1800  -13.7  971.3    6.1  192.0   96.4  444.0
2023  34  2  3 1900  -13.2  971.5    6.3  211.0   97.0  444.0
2023  34  2  3 2000  -12.8  971.6    5.8  221.0  100.0  444.0
2023  34  2  3 2100  -11.7  971.6    6.0  216.0   98.0  444.0
2023  34  2  3 2200  -10.0  972.0    6.8  187.0   99.0  444.0
2023  34  2  3 2300   -9.8  972.4    6.8  194.0   98.0  444.0
2023  35  2  4 0000   -9.4  972.6    7.0  193.0   98.0  444.0
2023  35  2  4 0100   -9.5  972.7    6.9  177.0   95.0  444.0
2023  35  2  4 0200   -9.2  972.7    6.0  182.0   92.4  444.0
2023  35  2  4 0300   -9.4  972.7    6.3  182.0   90.0  444.0
2023  35  2  4 0400   -9.7  972.8    5.6  190.0   93.0  444.0
2023  35  2  4 0500   -9.9  973.0    5.3  188.0   95.0  444.0
2023  35  2  4 0600   -9.9  973.1    5.0  198.0   96.0  444.0
2023  35  2  4 0700   -9.8  973.2    4.1  189.0   93.0  444.0
2023  35  2  4 0800   -9.8  973.3    3.8  212.0   97.0  444.0
2023  35  2  4 0900   -9.8  973.3    2.0  221.0   98.0  444.0
2023  35  2  4 1000  -10.1  973.3    3.4  219.0  100.0  444.0
2023  35  2  4 1100  -10.4  973.2    2.2  235.0  100.0  444.0
2023  35  2  4 1200  -10.6  973.2    1.3  257.0  100.0  444.0
2023  35  2  4 1300  -10.7  973.2    1.8  263.0  100.0  444.0
2023  35  2  4 1400  444.0  973.0    1.4  275.0  100.0  444.0
2023  35  2  4 1500  444.0  973.0    0.8  308.0  100.0  444.0
2023  35  2  4 1600  444.0  973.1    1.0  334.0  100.0  444.0
2023  35  2  4 1700  444.0  973.0    0.9  359.0  100.0  444.0
2023  35  2  4 1800  444.0  973.0    0.4   80.0   97.0  444.0
2023  35  2  4 1900  444.0  973.2    0.3  146.0   93.0  444.0
2023  35  2  4 2000  -10.1  973.3    1.7  165.0   94.0  444.0
2023  35  2  4 2100  -10.2  973.5    2.4  183.0   89.6  444.0
2023  35  2  4 2200  -10.4  973.7    2.6  188.0   85.0  444.0
2023  35  2  4 2300  -10.6  974.2    2.7  187.0   82.0  444.0
2023  36  2  5 0000  -10.9  974.2    3.9  216.0   86.0  444.0
2023  36  2  5 0100  -11.0  974.1    4.6  243.0   86.0  444.0
2023  36  2  5 0200  -10.4  973.9    5.9  241.0   92.0  444.0
2023  36  2  5 0300  -10.1  973.6    7.5  240.0   93.7  444.0
2023  36  2  5 0400  -10.4  973.3    8.6  236.0   93.1  444.0
2023  36  2  5 0500  -10.4  973.4    8.3  231.0   90.0  444.0
2023  36  2  5 0600  -10.1  973.6    8.1  230.0   89.0  444.0
2023  36  2  5 0700   -9.5  973.7    7.6  224.0   85.0  444.0
2023  36  2  5 0800   -9.4  973.9    6.9  222.0   83.0  444.0
2023  36  2  5 0900   -9.2  974.1    6.7  212.0   84.0  444.0
2023  36  2  5 1000   -9.6  974.4    7.2  215.0   82.0  444.0
2023  36  2  5 1100  -10.4  974.9    7.0  215.0   83.0  444.0
2023  36  2  5 1200  -12.6  975.3    5.3  222.0   84.0  444.0
2023  36  2  5 1300  -13.4  975.5    4.8  239.0   84.0  444.0
2023  36  2  5 1400  -14.1  975.3    4.5  234.0   81.7  444.0
2023  36  2  5 1500  -14.9  975.6    4.3  232.0   81.6  444.0
2023  36  2  5 1600  -15.9  975.9    4.2  221.0   82.0  444.0
2023  36  2  5 1700  -15.3  976.2    4.0  194.0   84.0  444.0
2023  36  2  5 1800  -15.7  976.3    2.8  185.0   84.0  444.0
2023  36  2  5 1900  -17.4  976.8    1.6  235.0   86.4  444.0
2023  36  2  5 2000  -18.3  977.0    1.9  220.0   85.0  444.0
2023  36  2  5 2100  -17.9  977.5    2.4  237.0   83.0  444.0
2023  36  2  5 2200  -15.9  977.8    2.7  243.0   83.0  444.0
2023  36  2  5 2300  -13.9  978.1    4.2  243.0   84.0  444.0
2023  37  2  6 0000  -12.6  978.2    6.1  233.0   81.0  444.0
2023  37  2  6 0100  -11.7  978.5    6.6  222.0   80.4  444.0
2023  37  2  6 0200  -10.9  978.8    6.2  223.0   76.0  444.0
2023  37  2  6 0300  -10.8  979.2    5.0  226.0   80.0  444.0
2023  37  2  6 0400   -8.8  979.6    6.6  216.0   76.0  444.0
2023  37  2  6 0500   -9.3  979.9    5.8  221.0   77.0  444.0
2023  37  2  6 0600  -10.4  980.4    5.3  213.0   76.0  444.0
2023  37  2  6 0700  -11.8  981.1    5.1  209.0   78.0  444.0
2023  37  2  6 0800  -12.1  981.4    4.9  215.0   76.5  444.0
2023  37  2  6 0900  -15.6  982.0    3.5  215.0   84.0  444.0
2023  37  2  6 1000  -13.3  982.5    4.6  211.0   83.0  444.0
2023  37  2  6 1100  -15.5  982.8    3.6  217.0   83.0  444.0
2023  37  2  6 1200  -16.7  983.3    4.0  204.0   86.3  444.0
2023  37  2  6 1300  -19.2  983.8    3.5  231.0   85.9  444.0
2023  37  2  6 1400  -19.5  984.2    3.8  214.0   85.0  444.0
2023  37  2  6 1500  -18.3  984.4    3.6  202.0   84.0  444.0
2023  37  2  6 1600  -19.8  984.5    1.9  231.0   82.0  444.0
2023  37  2  6 1700  -20.2  984.8    2.3  236.0   85.0  444.0
2023  37  2  6 1800  -20.8  985.0    1.7  244.0   81.3  444.0
2023  37  2  6 1900  -18.8  985.3    2.7  227.0   81.7  444.0
2023  37  2  6 2000  -17.3  985.6    3.2  209.0   82.0  444.0
2023  37  2  6 2100  -16.9  985.7    2.9  224.0   82.0  444.0
2023  37  2  6 2200  -16.0  985.8    3.1  237.0   82.0  444.0
2023  37  2  6 2300  -14.6  985.8    3.5  228.0   81.8  444.0
2023  38  2  7 0000  -14.4  985.7    4.1  244.0   81.0  444.0
2023  38  2  7 0100  -13.5  985.7    3.7  219.0   81.7  444.0
2023  38  2  7 0200  -12.7  985.4    3.0  230.0   82.0  444.0
2023  38  2  7 0300  -12.1  985.0    1.9  246.0   82.0  444.0
2023  38  2  7 0400  -11.8  984.7    1.5  246.0   82.0  444.0
2023  38  2  7 0500  -12.6  984.7    2.4  250.0   85.0  444.0
2023  38  2  7 0600  -13.6  984.6    2.7  233.0   85.2  444.0
2023  38  2  7 0700  -14.5  984.3    2.5  242.0   84.1  444.0
2023  38  2  7 0800  -15.8  984.2    3.6  230.0   85.0  444.0
2023  38  2  7 0900  -17.1  984.2    3.1  238.0   86.0  444.0
2023  38  2  7 1000  -18.1  984.0    3.9  221.0   86.0  444.0
2023  38  2  7 1100  -18.3  984.0    4.3  218.0   86.1  444.0
2023  38  2  7 1200  -18.9  983.8    4.9  220.0   85.7  444.0
2023  38  2  7 1300  -19.6  983.7    5.4  219.0   85.0  444.0
2023  38  2  7 1400  -19.7  983.7    5.1  209.0   85.0  444.0
2023  38  2  7 1500  -20.9  983.9    4.3  209.0   85.0  444.0
2023  38  2  7 1600  -21.4  983.9    3.8  207.0   84.0  444.0
2023  38  2  7 1700  -21.7  984.1    4.0  211.0   83.7  444.0
2023  38  2  7 1800  -21.0  984.2    4.5  207.0   84.0  444.0
2023  38  2  7 1900  -20.9  984.4    3.6  201.0   82.0  444.0
2023  38  2  7 2000  -20.5  984.6    4.1  214.0   81.0  444.0
2023  38  2  7 2100  -19.6  984.6    5.1  210.0   81.0  444.0
2023  38  2  7 2200  -18.5  984.7    5.4  208.0   80.6  444.0
2023  38  2  7 2300  -17.5  985.1    5.7  202.0   80.0  444.0
2023  39  2  8 0000  -16.0  985.2    5.8  199.0   80.0  444.0
2023  39  2  8 0100  -15.5  985.4    5.9  201.0   80.0  444.0
2023  39  2  8 0200  -15.0  985.5    5.6  200.0   80.0  444.0
2023  39  2  8 0300  -14.5  985.7    5.3  196.0   81.0  444.0
2023  39  2  8 0400  -14.3  985.8    4.3  199.0   81.5  444.0
2023  39  2  8 0500  -14.3  986.1    4.1  204.0   82.0  444.0
2023  39  2  8 0600  -14.6  986.3    3.7  219.0   83.0  444.0
2023  39  2  8 0700  -15.2  986.5    4.3  212.0   84.0  444.0
2023  39  2  8 0800  -15.9  986.4    4.8  208.0   85.0  444.0
2023  39  2  8 0900  -17.0  986.8    3.9  212.0   85.0  444.0
2023  39  2  8 1000  -18.0  987.0    4.4  217.0   84.6  444.0
2023  39  2  8 1100  -19.9  987.0    3.7  223.0   85.0  444.0
2023  39  2  8 1200  -20.4  987.3    4.2  229.0   84.0  444.0
2023  39  2  8 1300  -22.1  987.4    4.0  226.0   86.0  444.0
2023  39  2  8 1400  -19.6  987.5    5.1  211.0   84.0  444.0
2023  39  2  8 1500  -19.2  987.7    3.7  226.0   82.0  444.0
2023  39  2  8 1600  -20.2  987.9    3.8  220.0   82.0  444.0
2023  39  2  8 1700  -20.9  988.2    4.0  220.0   81.0  444.0
2023  39  2  8 1800  -19.5  988.4    4.0  215.0   80.0  444.0
2023  39  2  8 1900  -20.3  988.6    4.1  232.0   78.7  444.0
2023  39  2  8 2000  -15.9  988.8    6.1  222.0   76.2  444.0
2023  39  2  8 2100  -16.4  989.0    6.2  229.0   73.0  444.0
2023  39  2  8 2200  -16.6  989.0    5.3  220.0   76.0  444.0
2023  39  2  8 2300  -15.4  989.3    4.5  214.0   78.0  444.0
2023  40  2  9 0000  -14.8  989.3    5.3  216.0   79.0  444.0
2023  40  2  9 0100  -14.1  989.5    4.6  214.0   80.5  444.0
2023  40  2  9 0200  -13.8  989.4    5.7  210.0   79.6  444.0
2023  40  2  9 0300  -13.6  989.4    5.5  201.0   81.0  444.0
2023  40  2  9 0400  -13.7  989.4    5.4  200.0   82.0  444.0
2023  40  2  9 0500  -13.9  989.5    5.2  196.0   82.4  444.0
2023  40  2  9 0600  -14.3  989.8    4.1  212.0   83.0  444.0
2023  40  2  9 0700  -15.4  990.0    3.9  214.0   85.0  444.0
2023  40  2  9 0800  -16.0  990.1    4.2  212.0   84.1  444.0
2023  40  2  9 0900  -17.2  990.1    3.3  228.0   84.0  444.0
2023  40  2  9 1000  -18.7  990.1    3.9  223.0   85.0  444.0
2023  40  2  9 1100  -19.2  990.4    4.3  217.0   86.0  444.0
2023  40  2  9 1200  -21.4  990.4    3.7  221.0   88.0  444.0
2023  40  2  9 1300  -21.7  990.1    2.9  254.0   89.0  444.0
2023  40  2  9 1400  -21.4  989.7    2.2  262.0   85.0  444.0
2023  40  2  9 1500  -20.3  989.4    4.4  240.0   81.0  444.0
2023  40  2  9 1600  -17.2  989.8    2.9  192.0   74.0  444.0
2023  40  2  9 1700  -16.8  989.6    2.4  228.0   77.0  444.0
2023  40  2  9 1800  -18.3  989.8    2.6  192.0   76.2  444.0
2023  40  2  9 1900  -18.2  989.8    4.2  231.0   72.0  444.0
2023  40  2  9 2000  -18.0  989.8    4.7  235.0   72.0  444.0
2023  40  2  9 2100  -15.9  989.7    6.2  243.0   73.0  444.0
2023  40  2  9 2200  -14.4  989.9    5.1  244.0   71.0  444.0
2023  40  2  9 2300  -12.6  989.9    6.7  245.0   61.0  444.0
2023  41  2 10 0000  -12.8  989.5    5.5  246.0   65.0  444.0
2023  41  2 10 0100  -12.4  989.2    5.7  245.0   67.0  444.0
2023  41  2 10 0200  -12.4  989.0    5.2  251.0   70.0  444.0
2023  41  2 10 0300  -12.9  988.8    6.3  232.0   71.0  444.0
2023  41  2 10 0400  -14.0  988.7    5.9  238.0   76.0  444.0
2023  41  2 10 0500  -14.7  988.6    4.8  238.0   78.0  444.0
2023  41  2 10 0600  -15.0  988.7    5.7  227.0   75.0  444.0
2023  41  2 10 0700  -15.3  988.7    5.8  223.0   79.0  444.0
2023  41  2 10 0800  -16.4  988.7    4.7  224.0   82.0  444.0
2023  41  2 10 0900  -17.8  988.7    4.1  228.0   84.0  444.0
2023  41  2 10 1000  -18.8  988.7    2.9  241.0   85.0  444.0
2023  41  2 10 1100  -20.6  988.8    3.2  238.0   89.0  444.0
2023  41  2 10 1200  -19.4  988.8    4.0  232.0   89.0  444.0
2023  41  2 10 1300  -18.9  988.8    4.4  234.0   89.0  444.0
2023  41  2 10 1400  -19.2  989.1    4.7  226.0   87.0  444.0
2023  41  2 10 1500  -20.6  989.2    4.5  230.0   88.0  444.0
2023  41  2 10 1600  -21.9  989.2    4.1  235.0   91.0  444.0
2023  41  2 10 1700  -22.2  989.1    3.7  242.0   89.0  444.0
2023  41  2 10 1800  -20.9  989.0    3.6  232.0   86.0  444.0
2023  41  2 10 1900  -20.2  988.8    2.8  241.0   83.0  444.0
2023  41  2 10 2000  -19.3  988.6    3.2  264.0   81.0  444.0
2023  41  2 10 2100  -18.4  988.6    2.7  240.0   79.0  444.0
2023  41  2 10 2200  -18.0  988.4    1.5  216.0   79.0  444.0
2023  41  2 10 2300  -18.0  988.5    2.2  211.0   81.0  444.0
2023  42  2 11 0000  -17.4  988.3    2.7  229.0   82.0  444.0
2023  42  2 11 0100  -16.5  988.1    3.0  217.0   83.0  444.0
2023  42  2 11 0200  -15.2  987.9    3.8  230.0   81.8  444.0
2023  42  2 11 0300  -14.7  987.8    4.3  225.0   83.0  444.0
2023  42  2 11 0400  -14.1  987.7    4.0  233.0   85.0  444.0
2023  42  2 11 0500  -13.6  987.6    4.2  238.0   85.0  444.0
2023  42  2 11 0600  -13.5  987.4    3.8  228.0   84.0  444.0
2023  42  2 11 0700  -13.1  987.1    2.4  231.0   89.0  444.0
2023  42  2 11 0800  -13.0  986.8    2.2  260.0   89.4  444.0
2023  42  2 11 0900  -13.0  986.6    4.2  250.0   82.0  444.0
2023  42  2 11 1000  -13.5  986.3    2.2  246.0   87.0  444.0
2023  42  2 11 1100  -13.6  986.0    3.1  261.0   86.0  444.0
2023  42  2 11 1200  -13.0  985.8    3.0  262.0   78.0  444.0
2023  42  2 11 1300  -12.9  985.5    4.3  260.0   74.3  444.0
2023  42  2 11 1400  -16.5  985.3    3.1  255.0   79.0  444.0
2023  42  2 11 1500  -20.2  984.8    2.4  268.0   82.0  444.0
2023  42  2 11 1600  -21.3  984.7    2.6  288.0   83.0  444.0
2023  42  2 11 1700  -21.1  984.6    3.0  291.0   80.7  444.0
2023  42  2 11 1800  -21.6  984.5    1.9  291.0   77.1  444.0
2023  42  2 11 1900  -22.3  984.3    2.9  287.0   80.0  444.0
2023  42  2 11 2000  -20.8  984.4    2.3  270.0   79.0  444.0
2023  42  2 11 2100  -16.5  984.3    5.0  252.0   76.0  444.0
2023  42  2 11 2200  -14.6  984.2    5.6  250.0   73.4  444.0
2023  42  2 11 2300  -14.4  984.1    6.1  244.0   73.0  444.0
2023  43  2 12 0000  -13.6  983.8    7.1  253.0   74.5  444.0
2023  43  2 12 0100  -13.1  983.6    8.2  253.0   75.0  444.0
2023  43  2 12 0200  -12.7  983.6    8.2  247.0   76.0  444.0
2023  43  2 12 0300  -12.6  983.3    7.7  249.0   78.0  444.0
2023  43  2 12 0400  -12.6  982.9    8.3  260.0   76.3  444.0
2023  43  2 12 0500  -12.5  982.5    8.2  261.0   78.9  444.0
2023  43  2 12 0600  -13.0  982.5    8.0  254.0   79.2  444.0
2023  43  2 12 0700  -14.3  982.6    5.4  246.0   82.0  444.0
2023  43  2 12 0800  -15.6  982.8    5.0  244.0   82.0  444.0
2023  43  2 12 0900  -17.1  982.8    4.1  245.0   80.0  444.0
2023  43  2 12 1000  -19.2  982.7    2.8  260.0   79.0  444.0
2023  43  2 12 1100  -18.0  982.5    4.1  259.0   79.7  444.0
2023  43  2 12 1200  -19.7  982.4    2.6  269.0   83.0  444.0
2023  43  2 12 1300  -21.2  982.3    3.3  287.0   83.0  444.0
2023  43  2 12 1400  -21.5  982.0    3.7  290.0   80.0  444.0
2023  43  2 12 1500  -22.1  981.9    3.8  304.0   80.1  444.0
2023  43  2 12 1600  -22.6  981.9    3.7  318.0   80.8  444.0
2023  43  2 12 1700  -22.6  981.9    3.6  320.0   81.0  444.0
2023  43  2 12 1800  -20.7  982.0    4.9  323.0   75.0  444.0
2023  43  2 12 1900  -17.9  981.8    4.3  316.0   66.0  444.0
2023  43  2 12 2000  -16.8  981.8    5.3  306.0   66.9  444.0
2023  43  2 12 2100  -16.4  981.8    4.8  309.0   68.0  444.0
2023  43  2 12 2200  -15.4  981.8    6.3  310.0   67.8  444.0
2023  43  2 12 2300  -14.9  981.8    5.2  320.0   72.0  444.0
2023  44  2 13 0000  -13.8  981.8    5.0  288.0   75.0  444.0
2023  44  2 13 0100  -14.1  981.8    3.6  273.0   76.0  444.0
2023  44  2 13 0200  -17.0  981.7    4.3  254.0   79.7  444.0
2023  44  2 13 0300  -17.5  982.0    7.2  239.0   80.5  444.0
2023  44  2 13 0400  -15.3  982.3    6.2  240.0   88.0  444.0
2023  44  2 13 0500  -11.7  982.2    7.0  240.0   92.0  444.0
2023  44  2 13 0600  -12.7  982.2    6.7  239.0   93.0  444.0
2023  44  2 13 0700  -13.4  982.8    5.6  232.0   90.0  444.0
2023  44  2 13 0800  -16.1  983.0    4.9  231.0   87.0  444.0
2023  44  2 13 0900  -16.1  983.0    4.5  237.0   91.4  444.0
2023  44  2 13 1000  -15.9  983.1    5.4  228.0   93.0  444.0
2023  44  2 13 1100  -15.8  983.4    5.3  232.0   94.0  444.0
2023  44  2 13 1200  -18.0  983.7    3.6  226.0   90.0  444.0
2023  44  2 13 1300  -21.6  984.1    4.0  225.0   86.0  444.0
2023  44  2 13 1400  -24.0  984.6    3.0  229.0   83.7  444.0
2023  44  2 13 1500  -25.4  984.6    3.4  233.0   82.0  444.0
2023  44  2 13 1600  -26.1  984.9    3.2  241.0   81.0  444.0
2023  44  2 13 1700  -26.1  985.1    3.4  227.0   84.0  444.0
2023  44  2 13 1800  -25.1  985.3    2.7  253.0   84.0  444.0
2023  44  2 13 1900  -22.4  985.4    2.6  243.0   84.3  444.0
2023  44  2 13 2000  -22.1  985.5    2.5  244.0   84.0  444.0
2023  44  2 13 2100  -19.9  985.6    2.5  239.0   85.0  444.0
2023  44  2 13 2200  -17.3  985.4    1.7  260.0   88.0  444.0
2023  44  2 13 2300  -14.5  985.4    2.4  253.0   91.0  444.0
2023  45  2 14 0000  -12.8  985.4    2.1  267.0   93.0  444.0
2023  45  2 14 0100  -11.7  985.7    2.0  228.0   94.0  444.0
2023  45  2 14 0200  -13.1  985.7    1.6  135.0   91.0  444.0
2023  45  2 14 0300  -13.3  985.6    2.5  278.0   90.0  444.0
2023  45  2 14 0400  -13.5  985.3    1.8  303.0   87.6  444.0
2023  45  2 14 0500  -12.7  985.0    2.8  257.0   90.0  444.0
2023  45  2 14 0600  -13.3  984.6    3.8  265.0   90.0  444.0
2023  45  2 14 0700  -12.0  984.6    4.4  258.0   96.0  444.0
2023  45  2 14 0800  -11.5  984.6    4.0  264.0   96.0  444.0
2023  45  2 14 0900  -10.9  984.7    3.4  272.0   97.0  444.0
2023  45  2 14 1000  -10.4  984.5    4.8  265.0   95.0  444.0
2023  45  2 14 1100  -10.8  984.9    4.5  254.0   92.0  444.0
2023  45  2 14 1200  -10.7  984.6    6.7  253.0   90.0  444.0
2023  45  2 14 1300  -10.9  984.9    6.9  250.0   92.6  444.0
2023  45  2 14 1400  -11.2  985.1    6.9  249.0   93.0  444.0
2023  45  2 14 1500  -11.8  985.3    6.6  255.0   92.0  444.0
2023  45  2 14 1600  -12.2  985.5    7.1  252.0   88.0  444.0
2023  45  2 14 1700  -12.6  985.5    6.8  250.0   87.0  444.0
2023  45  2 14 1800  -12.8  985.7    7.7  254.0   86.0  444.0
2023  45  2 14 1900  -12.8  985.9    7.3  246.0   83.0  444.0
2023  45  2 14 2000  -13.1  986.1    6.1  242.0   82.0  444.0
2023  45  2 14 2100  -12.8  986.4    5.5  242.0   81.0  444.0
2023  45  2 14 2200  -14.6  986.5    4.0  178.0   87.0  444.0
2023  45  2 14 2300  -15.7  986.8    3.3  168.0   88.0  444.0
2023  46  2 15 0000  -16.3  986.9    3.5  161.0   90.0  444.0
2023  46  2 15 0100  -16.6  987.6    4.5  204.0   89.0  444.0
2023  46  2 15 0200  -17.1  987.5    4.4  197.0   83.0  444.0
2023  46  2 15 0300  -16.7  987.2    3.3  187.0   82.0  444.0
2023  46  2 15 0400  -16.5  987.0    1.2  193.0   80.0  444.0
2023  46  2 15 0500  444.0  986.8    0.6  266.0   79.0  444.0
2023  46  2 15 0600  -17.6  985.8    3.0   21.0   83.0  444.0
2023  46  2 15 0700  -18.4  985.3    4.2   21.0   85.0  444.0
2023  46  2 15 0800  -20.0  985.2    4.1  157.0   83.0  444.0
2023  46  2 15 0900  -21.2  986.6    4.1  194.0   92.0  444.0
2023  46  2 15 1000  -23.0  985.6    3.8  157.0   87.0  444.0
2023  46  2 15 1100  -21.6  985.8    1.3  233.0   94.0  444.0
2023  46  2 15 1200  -20.3  986.1    1.8  272.0   95.0  444.0
2023  46  2 15 1300  -19.4  986.6    4.2  274.0   93.0  444.0
2023  46  2 15 1400  -19.3  986.2    1.4  212.0   92.0  444.0
2023  46  2 15 1500  -18.3  986.4    3.1  245.0   92.0  444.0
2023  46  2 15 1600  -18.9  986.5    4.2  244.0   91.0  444.0
2023  46  2 15 1700  -17.2  986.3    3.5  189.0   93.0  444.0
2023  46  2 15 1800  -16.6  986.8    4.3  223.0   93.5  444.0
2023  46  2 15 1900  -16.3  987.0    6.1  216.0   94.0  444.0
2023  46  2 15 2000  -16.9  987.2    6.8  223.0   92.0  444.0
2023  46  2 15 2100  -16.5  987.7    6.8  226.0   92.0  444.0
2023  46  2 15 2200  -17.3  988.1    5.0  222.0   88.0  444.0
2023  46  2 15 2300  -16.4  988.1    5.9  281.0   90.0  444.0
2023  47  2 16 0000  -16.1  987.8    5.3  232.0   89.0  444.0
2023  47  2 16 0100  -15.8  987.6    5.4  234.0   89.0  444.0
2023  47  2 16 0200  -15.6  987.3    4.6  226.0   90.0  444.0
2023  47  2 16 0300  -14.9  987.0    2.9  202.0   86.1  444.0
2023  47  2 16 0400  -16.0  986.9    4.1  185.0   90.0  444.0
2023  47  2 16 0500  -16.1  986.6    4.7  182.0   90.0  444.0
2023  47  2 16 0600  -16.6  986.8    4.3  189.0   90.2  444.0
2023  47  2 16 0700  -18.9  986.8    2.8  198.0   88.2  444.0
2023  47  2 16 0800  -17.9  986.7    2.7  225.0   90.0  444.0
2023  47  2 16 0900  -17.2  986.7    2.8  210.0   91.0  444.0
2023  47  2 16 1000  -16.6  986.6    3.7  215.0   89.0  444.0
2023  47  2 16 1100  -20.2  986.3    3.1  232.0   88.0  444.0
2023  47  2 16 1200  -23.5  985.9    3.2  228.0   84.0  444.0
2023  47  2 16 1300  -26.2  985.4    2.5  235.0   81.0  444.0
2023  47  2 16 1400  -24.5  984.7    2.1  211.0   84.0  444.0
2023  47  2 16 1500  -22.6  984.3    2.4  224.0   83.0  444.0
2023  47  2 16 1600  -21.5  983.7    3.0  232.0   86.0  444.0
2023  47  2 16 1700  -22.4  983.1    4.1  240.0   84.5  444.0
2023  47  2 16 1800  -22.0  982.7    4.4  247.0   86.0  444.0
2023  47  2 16 1900  -19.9  982.0    6.3  231.0   87.0  444.0
2023  47  2 16 2000  -17.7  981.6    6.4  232.0   88.0  444.0
2023  47  2 16 2100  -16.1  980.8    7.5  229.0   89.0  444.0
2023  47  2 16 2200  -15.1  980.1    7.7  224.0   90.3  444.0
2023  47  2 16 2300  -14.1  979.4    8.9  211.0   90.0  444.0
2023  48  2 17 0000  -14.2  979.3    7.9  202.0   86.0  444.0
2023  48  2 17 0100  -14.6  979.2    6.0  204.0   84.0  444.0
2023  48  2 17 0200  -15.1  978.6    4.2  199.0   83.0  444.0
2023  48  2 17 0300  -13.2  977.8    5.6  211.0   85.4  444.0
2023  48  2 17 0400  -13.8  977.6    5.4  206.0   86.0  444.0
2023  48  2 17 0500  -13.6  977.4    5.6  214.0   88.5  444.0
2023  48  2 17 0600  -13.6  977.3    5.6  220.0   89.0  444.0
2023  48  2 17 0700  -13.3  977.0    5.5  224.0   89.0  444.0
2023  48  2 17 0800  -13.6  976.6    5.3  220.0   90.0  444.0
2023  48  2 17 0900  -13.7  976.3    5.7  214.0   89.3  444.0
2023  48  2 17 1000  -13.9  976.1    3.9  203.0   87.9  444.0
2023  48  2 17 1100  -18.4  976.0    3.2  242.0   91.0  444.0
2023  48  2 17 1200  -18.7  975.6    3.4  228.0   91.0  444.0
2023  48  2 17 1300  -19.3  975.2    3.1  225.0   91.0  444.0
2023  48  2 17 1400  -21.5  974.9    3.0  262.0   94.0  444.0
2023  48  2 17 1500  -23.1  974.8    1.8  233.0   88.0  444.0
2023  48  2 17 1600  -22.9  974.6    3.7  243.0   85.0  444.0
2023  48  2 17 1700  -22.0  974.3    3.7  214.0   83.0  444.0
2023  48  2 17 1800  -18.7  974.3    2.9  239.0   81.0  444.0
2023  48  2 17 1900  -18.8  974.3    3.4  268.0   76.0  444.0
2023  48  2 17 2000  -19.3  974.4    6.0  263.0   73.8  444.0
2023  48  2 17 2100  -19.8  974.5    6.2  263.0   74.6  444.0
2023  48  2 17 2200  -19.4  974.5    3.5  254.0   75.4  444.0
2023  48  2 17 2300  -18.4  974.5    5.1  263.0   76.0  444.0
2023  49  2 18 0000  -18.0  975.0    6.5  248.0   76.0  444.0
2023  49  2 18 0100  -18.5  974.8    5.1  252.0   78.6  444.0
2023  49  2 18 0200  -21.1  974.7    6.1  253.0   80.0  444.0
2023  49  2 18 0300  -18.8  974.5    6.8  246.0   81.7  444.0
2023  49  2 18 0400  -16.2  974.9    7.0  240.0   80.0  444.0
2023  49  2 18 0500  -13.8  974.8    7.0  240.0   79.0  444.0
2023  49  2 18 0600  -14.3  974.7    7.4  261.0   80.0  444.0
2023  49  2 18 0700  -14.2  974.8    8.4  256.0   83.0  444.0
2023  49  2 18 0800  -14.0  974.9    8.8  248.0   84.5  444.0
2023  49  2 18 0900  -13.5  974.8   10.4  244.0   86.0  444.0
2023  49  2 18 1000  -13.1  974.7   10.8  244.0   84.0  444.0
2023  49  2 18 1100  -13.3  975.2   10.2  223.0   87.0  444.0
2023  49  2 18 1200  -13.5  974.7    9.8  238.0   86.0  444.0
2023  49  2 18 1300  -12.5  975.0    9.7  231.0   82.0  444.0
2023  49  2 18 1400  -10.6  975.0   10.3  211.0   84.0  444.0
2023  49  2 18 1500   -9.9  975.2   11.2  207.0   86.0  444.0
2023  49  2 18 1600  -11.6  975.6    9.2  204.0   88.0  444.0
2023  49  2 18 1700  -11.3  976.1   10.0  197.0   87.0  444.0
2023  49  2 18 1800  -11.1  976.5    9.6  195.0   80.1  444.0
2023  49  2 18 1900  -11.5  977.3   10.2  200.0   79.0  444.0
2023  49  2 18 2000  -11.9  977.8    9.1  216.0   77.2  444.0
2023  49  2 18 2100  -11.6  978.5    9.1  212.0   75.0  444.0
2023  49  2 18 2200  -11.5  979.2    8.2  221.0   77.0  444.0
2023  49  2 18 2300  -11.7  979.6    8.9  220.0   77.0  444.0
2023  50  2 19 0000  -11.3  979.8    8.3  217.0   73.0  444.0
2023  50  2 19 0100  -10.7  979.9    8.3  218.0   73.5  444.0
2023  50  2 19 0200  -10.9  980.0    7.5  211.0   72.6  444.0
2023  50  2 19 0300  -10.9  979.8    7.5  214.0   71.0  444.0
2023  50  2 19 0400  -11.6  979.6    7.1  218.0   77.0  444.0
2023  50  2 19 0500  -12.3  979.8    6.5  226.0   79.0  444.0
2023  50  2 19 0600  -12.8  979.7    7.0  227.0   78.4  444.0
2023  50  2 19 0700  -12.2  979.7    7.7  221.0   76.3  444.0
2023  50  2 19 0800  -12.1  979.7    7.9  209.0   75.0  444.0
2023  50  2 19 0900  -13.4  980.0    6.7  203.0   77.0  444.0
2023  50  2 19 1000  -14.2  980.2    5.9  202.0   76.0  444.0
2023  50  2 19 1100  -16.5  980.4    3.6  204.0   80.2  444.0
2023  50  2 19 1200  -15.8  980.4    4.2  184.0   72.3  444.0
2023  50  2 19 1300  -19.7  980.9    4.4  240.0   79.0  444.0
2023  50  2 19 1400  -19.1  981.1    4.6  228.0   81.0  444.0
2023  50  2 19 1500  -18.2  981.2    4.2  240.0   76.0  444.0
2023  50  2 19 1600  -18.7  981.4    4.9  234.0   81.0  444.0
2023  50  2 19 1700  -19.6  981.7    5.7  242.0   82.9  444.0
2023  50  2 19 1800  -19.8  982.0    4.9  231.0   80.9  444.0
2023  50  2 19 1900  -20.5  982.3    5.1  235.0   78.0  444.0
2023  50  2 19 2000  -19.5  982.3    5.4  233.0   72.0  444.0
2023  50  2 19 2100  -18.6  982.3    5.0  222.0   70.0  444.0
2023  50  2 19 2200  -18.0  982.6    4.9  239.0   72.0  444.0
2023  50  2 19 2300  -16.9  982.7    5.9  229.0   70.3  444.0
2023  51  2 20 0000  -15.6  983.0    6.3  218.0   70.0  444.0
2023  51  2 20 0100  -16.0  982.9    7.1  252.0   73.0  444.0
2023  51  2 20 0200  -14.9  983.1    7.6  247.0   73.0  444.0
2023  51  2 20 0300  -15.2  983.3    7.5  245.0   76.0  444.0
2023  51  2 20 0400  -14.6  983.3    7.7  242.0   77.1  444.0
2023  51  2 20 0500  -15.2  983.5    6.8  235.0   79.2  444.0
2023  51  2 20 0600  -17.1  983.9    6.4  228.0   82.0  444.0
2023  51  2 20 0700  -17.6  984.1    6.3  228.0   76.0  444.0
2023  51  2 20 0800  -18.2  984.5    5.9  226.0   75.0  444.0
2023  51  2 20 0900  -17.8  984.7    5.8  227.0   75.0  444.0
2023  51  2 20 1000  -18.2  984.9    5.6  233.0   77.0  444.0
2023  51  2 20 1100  -18.5  985.1    6.4  229.0   77.0  444.0
2023  51  2 20 1200  -17.9  985.3    6.4  232.0   77.0  444.0
2023  51  2 20 1300  -18.9  985.5    7.2  229.0   79.0  444.0
2023  51  2 20 1400  -18.5  985.4    6.9  230.0   78.0  444.0
2023  51  2 20 1500  -19.0  985.4    6.8  229.0   77.0  444.0
2023  51  2 20 1600  -20.7  985.2    6.4  232.0   77.0  444.0
2023  51  2 20 1700  -21.2  985.0    7.0  230.0   77.0  444.0
2023  51  2 20 1800  -20.2  984.7    7.3  228.0   74.0  444.0
2023  51  2 20 1900  -15.8  984.7    9.7  214.0   66.0  444.0
2023  51  2 20 2000  -15.3  984.5    8.3  201.0   71.0  444.0
2023  51  2 20 2100  -13.1  984.6    8.4  209.0   65.0  444.0
2023  51  2 20 2200  -11.3  983.9   10.9  192.0   62.0  444.0
2023  51  2 20 2300  -12.0  983.9    9.1  213.0   65.0  444.0
2023  52  2 21 0000  -12.5  983.6    9.9  204.0   65.0  444.0
2023  52  2 21 0100  -12.3  983.4    9.6  196.0   73.0  444.0
2023  52  2 21 0200  -12.2  983.4    8.0  193.0   79.2  444.0
2023  52  2 21 0300  -12.0  983.3    7.8  185.0   80.2  444.0
2023  52  2 21 0400  -12.1  983.4    7.4  195.0   80.0  444.0
2023  52  2 21 0500  -11.6  983.2    8.0  188.0   77.8  444.0
2023  52  2 21 0600  -12.3  983.3    7.7  195.0   78.0  444.0
2023  52  2 21 0700  -13.8  983.3    7.1  205.0   79.0  444.0
2023  52  2 21 0800  -13.0  983.2    7.2  199.0   81.0  444.0
2023  52  2 21 0900  -15.3  983.3    5.4  204.0   81.0  444.0
2023  52  2 21 1000  -15.1  983.0    7.3  189.0   81.0  444.0
2023  52  2 21 1100  -16.0  983.2    7.0  197.0   81.0  444.0
2023  52  2 21 1200  -17.4  983.2    7.0  214.0   77.0  444.0
2023  52  2 21 1300  -16.4  982.8    8.3  206.0   72.0  444.0
2023  52  2 21 1400  -17.5  982.7    7.5  204.0   73.0  444.0
2023  52  2 21 1500  -17.5  982.4    6.7  211.0   75.0  444.0
2023  52  2 21 1600  -17.4  982.2    6.4  222.0   73.4  444.0
2023  52  2 21 1700  -16.7  982.1    8.1  211.0   67.0  444.0
2023  52  2 21 1800  -18.1  981.5    6.1  225.0   70.0  444.0
2023  52  2 21 1900  -14.5  981.7    8.1  207.0   62.0  444.0
2023  52  2 21 2000  -14.8  981.6    8.4  219.0   63.0  444.0
2023  52  2 21 2100  -13.4  981.4    5.2  183.0   62.0  444.0
2023  52  2 21 2200  -13.5  980.8    7.9  228.0   64.0  444.0
2023  52  2 21 2300  -12.4  980.3    7.4  239.0   66.0  444.0
2023  53  2 22 0000  -11.8  980.2    5.4  211.0   65.0  444.0
2023  53  2 22 0100  -12.0  979.9    4.9  213.0   68.0  444.0
2023  53  2 22 0200  -12.5  979.5    4.8  190.0   66.0  444.0
2023  53  2 22 0300  -12.8  979.1    3.7  230.0   68.2  444.0
2023  53  2 22 0400  -13.6  978.4    2.7  238.0   71.4  444.0
2023  53  2 22 0500  -14.5  978.2    2.8  208.0   71.0  444.0
2023  53  2 22 0600  -15.5  978.0    3.4  208.0   72.0  444.0
2023  53  2 22 0700  -17.0  977.8    3.3  218.0   74.0  444.0
2023  53  2 22 0800  -19.1  977.7    5.3  245.0   78.0  444.0
2023  53  2 22 0900  -19.7  978.0    4.5  225.0   75.8  444.0
2023  53  2 22 1000  -21.8  978.0    3.8  236.0   77.0  444.0
2023  53  2 22 1100  -22.9  977.6    2.4  208.0   77.0  444.0
2023  53  2 22 1200  -16.5  976.6    9.0  257.0   71.0  444.0
2023  53  2 22 1300  -17.0  975.7    9.5  278.0   72.0  444.0
2023  53  2 22 1400  -19.5  975.3    7.6  255.0   81.4  444.0
2023  53  2 22 1500  -20.2  975.8    7.5  234.0   79.0  444.0
2023  53  2 22 1600  -21.8  976.2    5.3  231.0   77.0  444.0
2023  53  2 22 1700  -23.3  976.0    3.9  240.0   77.0  444.0
2023  53  2 22 1800  -21.8  976.0    5.5  259.0   74.0  444.0
2023  53  2 22 1900  -19.7  975.9    9.2  253.0   73.6  444.0
2023  53  2 22 2000  -19.3  976.3    8.8  236.0   74.1  444.0
2023  53  2 22 2100  -19.9  976.1    7.3  241.0   74.3  444.0
2023  53  2 22 2200  -19.6  976.2    6.9  248.0   74.0  444.0
2023  53  2 22 2300  -19.3  976.4    7.2  233.0   74.0  444.0
2023  54  2 23 0000  -18.9  976.3    7.5  246.0   74.0  444.0
2023  54  2 23 0100  -18.1  976.4    7.2  246.0   73.9  444.0
2023  54  2 23 0200  -17.5  976.3    7.1  245.0   74.0  444.0
2023  54  2 23 0300  -17.0  976.4    7.0  249.0   75.0  444.0
2023  54  2 23 0400  -16.6  976.2    7.6  246.0   74.0  444.0
2023  54  2 23 0500  -16.5  976.3    7.1  242.0   72.0  444.0
2023  54  2 23 0600  -16.8  976.2    7.2  240.0   72.9  444.0
2023  54  2 23 0700  -16.6  976.1    6.6  237.0   69.5  444.0
2023  54  2 23 0800  -16.9  976.1    6.3  235.0   66.0  444.0
2023  54  2 23 0900  -18.9  976.0    4.3  233.0   72.1  444.0
2023  54  2 23 1000  -21.2  976.0    2.1  223.0   75.0  444.0
2023  54  2 23 1100  -23.0  975.9    3.0  237.0   75.0  444.0
2023  54  2 23 1200  -24.0  975.8    2.8  241.0   77.4  444.0
2023  54  2 23 1300  -26.2  975.8    2.8  271.0   78.0  444.0
2023  54  2 23 1400  -22.9  975.7    1.4  231.0   79.9  444.0
2023  54  2 23 1500  -20.8  975.7    2.4  209.0   72.0  444.0
2023  54  2 23 1600  -20.5  975.5    2.6  244.0   73.0  444.0
2023  54  2 23 1700  -20.1  975.2    4.3  233.0   72.5  444.0
2023  54  2 23 1800  -19.8  975.3    4.9  228.0   72.0  444.0
2023  54  2 23 1900  -19.9  975.0    4.6  241.0   75.6  444.0
2023  54  2 23 2000  -19.6  974.9    5.0  227.0   80.0  444.0
2023  54  2 23 2100  -19.8  974.6    5.8  211.0   80.0  444.0
2023  54  2 23 2200  -19.5  974.9    5.3  200.0   80.4  444.0
2023  54  2 23 2300  -18.6  974.7    4.2  211.0   79.0  444.0
2023  55  2 24 0000  -18.0  974.3    4.3  246.0   78.0  444.0
2023  55  2 24 0100  -17.5  974.4    3.5  212.0   77.0  444.0
2023  55  2 24 0200  -17.8  974.2    4.6  239.0   79.0  444.0
2023  55  2 24 0300  -18.4  974.0    4.9  230.0   81.0  444.0
2023  55  2 24 0400  -17.8  973.6    4.7  215.0   84.0  444.0
2023  55  2 24 0500  -16.5  973.4    3.5  182.0   88.0  444.0
2023  55  2 24 0600  -16.5  973.2    3.4  175.0   84.9  444.0
2023  55  2 24 0700  -17.2  973.2    2.7  205.0   87.0  444.0
2023  55  2 24 0800  -17.7  973.1    3.2  239.0   88.0  444.0
2023  55  2 24 0900  -17.8  973.0    3.9  229.0   88.0  444.0
2023  55  2 24 1000  -18.2  972.7    3.9  228.0   89.0  444.0
2023  55  2 24 1100  -20.4  972.6    4.4  201.0   88.3  444.0
2023  55  2 24 1200  -24.7  972.8    3.1  230.0   87.0  444.0
2023  55  2 24 1300  -25.8  972.5    3.5  194.0   87.0  444.0
2023  55  2 24 1400  -25.8  972.3    3.0  189.0   88.0  444.0
2023  55  2 24 1500  -28.4  972.0    3.1  234.0   84.8  444.0
2023  55  2 24 1600  -28.4  972.1    3.8  261.0   85.0  444.0
2023  55  2 24 1700  -28.0  971.8    3.1  260.0   83.5  444.0
2023  55  2 24 1800  -27.2  971.7    3.4  263.0   85.0  444.0
2023  55  2 24 1900  -25.2  971.5    2.6  255.0   80.0  444.0
2023  55  2 24 2000  -24.4  971.4    2.4  281.0   80.0  444.0
2023  55  2 24 2100  -23.0  971.3    3.3  286.0   81.0  444.0
2023  55  2 24 2200  -22.3  971.3    3.0  302.0   80.9  444.0
2023  55  2 24 2300  -20.7  971.1    3.5  292.0   79.0  444.0
2023  56  2 25 0000  -20.4  971.1    2.5  306.0   76.0  444.0
2023  56  2 25 0100  -19.6  971.2    2.2  316.0   75.0  444.0
2023  56  2 25 0200  -19.3  971.1    1.9  318.0   75.0  444.0
2023  56  2 25 0300  -18.8  971.3    1.4  343.0   73.0  444.0
2023  56  2 25 0400  -19.3  971.8    1.8  350.0   73.0  444.0
2023  56  2 25 0500  -18.5  972.0    2.1  351.0   74.0  444.0
2023  56  2 25 0600  -20.1  972.5    1.9   21.0   79.0  444.0
2023  56  2 25 0700  -20.9  973.0    2.9   33.0   78.0  444.0
2023  56  2 25 0800  -19.6  973.6    2.3   24.0   73.9  444.0
2023  56  2 25 0900  -20.7  973.9    2.4   45.0   76.0  444.0
2023  56  2 25 1000  -22.3  974.2    3.4   61.0   78.0  444.0
2023  56  2 25 1100  -24.4  974.8    2.9   55.0   83.0  444.0
2023  56  2 25 1200  -23.6  975.3    2.8   50.0   84.0  444.0
2023  56  2 25 1300  -24.4  976.1    2.5   29.0   84.0  444.0
2023  56  2 25 1400  -25.5  976.6    2.6   22.0   84.0  444.0
2023  56  2 25 1500  -27.0  977.3    2.3  355.0   83.6  444.0
2023  56  2 25 1600  -28.1  978.1    1.9    6.0   81.0  444.0
2023  56  2 25 1700  -27.5  978.7    1.1  288.0   79.0  444.0
2023  56  2 25 1800  -26.8  979.3    0.6  307.0   81.0  444.0
2023  56  2 25 1900  -27.8  980.3    2.1    3.0   78.0  444.0
2023  56  2 25 2000  444.0  981.1    0.6  277.0   83.6  444.0
2023  56  2 25 2100  444.0  981.5    0.7  255.0   81.0  444.0
2023  56  2 25 2200  -24.2  982.5    1.8  288.0   75.0  444.0
2023  56  2 25 2300  444.0  983.2    0.5  238.0   63.0  444.0
2023  57  2 26 0000  -23.4  983.6    2.1  111.0   70.0  444.0
2023  57  2 26 0100  -22.8  984.2    1.3  117.0   77.0  444.0
2023  57  2 26 0200  -19.9  984.8    0.4   16.0   77.0  444.0
2023  57  2 26 0300  -17.5  984.9    1.7  193.0   70.0  444.0
2023  57  2 26 0400  -18.7  985.3    2.0   97.0   81.0  444.0
2023  57  2 26 0500  -18.3  985.7    2.5   61.0   86.0  444.0
2023  57  2 26 0600  -17.7  986.0    2.0  101.0   84.0  444.0
2023  57  2 26 0700  -17.8  986.3    1.2  108.0   83.0  444.0
2023  57  2 26 0800  -18.2  986.5    1.2  152.0   79.0  444.0
2023  57  2 26 0900  -18.3  986.5    1.2  125.0   80.0  444.0
2023  57  2 26 1000  -18.3  986.6    2.0   98.0   82.0  444.0
2023  57  2 26 1100  -17.9  986.5    1.9   68.0   82.0  444.0
2023  57  2 26 1200  -17.8  986.4    3.3   65.0   81.0  444.0
2023  57  2 26 1300  -20.2  986.4    2.2   72.0   84.1  444.0
2023  57  2 26 1400  -19.9  986.5    2.5   52.0   85.0  444.0
2023  57  2 26 1500  -18.0  986.6    2.0    8.0   90.0  444.0
2023  57  2 26 1600  -18.9  986.8    1.5  234.0   89.0  444.0
2023  57  2 26 1700  -18.4  986.7    0.3  122.0   89.0  444.0
2023  57  2 26 1800  -18.0  986.4    1.8   95.0   89.6  444.0
2023  57  2 26 1900  -17.3  986.2    0.9  134.0   89.0  444.0
2023  57  2 26 2000  -17.1  986.1    1.8  273.0   88.0  444.0
2023  57  2 26 2100  -16.8  985.8    1.7  276.0   81.0  444.0
2023  57  2 26 2200  -18.6  985.4    3.2  270.0   68.0  444.0
2023  57  2 26 2300  -18.4  985.3    1.8  280.0   69.1  444.0
2023  58  2 27 0000  -20.8  985.1    2.9  258.0   68.0  444.0
2023  58  2 27 0100  -22.7  984.9    2.9  270.0   69.0  444.0
2023  58  2 27 0200  -22.3  984.7    4.1  278.0   67.0  444.0
2023  58  2 27 0300  -23.1  984.3    3.0  313.0   69.4  444.0
2023  58  2 27 0400  -22.9  983.9    3.2  333.0   73.0  444.0
2023  58  2 27 0500  -23.4  983.6    3.7  336.0   75.0  444.0
2023  58  2 27 0600  -24.6  983.3    3.2  345.0   77.0  444.0
2023  58  2 27 0700  -24.9  983.0    3.8  332.0   85.0  444.0
2023  58  2 27 0800  -22.0  982.8    3.7  329.0   82.8  444.0
2023  58  2 27 0900  -20.3  982.6    4.4  335.0   80.0  444.0
2023  58  2 27 1000  -18.0  982.6    4.6  320.0   78.0  444.0
2023  58  2 27 1100  -19.2  982.5    5.2  327.0   81.0  444.0
2023  58  2 27 1200  -19.6  982.6    5.8  319.0   77.0  444.0
2023  58  2 27 1300  -20.9  982.7    5.0  308.0   72.0  444.0
2023  58  2 27 1400  -21.9  982.7    5.1  306.0   69.0  444.0
2023  58  2 27 1500  -22.3  982.8    5.4  311.0   70.0  444.0
2023  58  2 27 1600  -24.8  983.2    4.9  324.0   73.0  444.0
2023  58  2 27 1700  -27.6  983.1    4.0  317.0   73.0  444.0
2023  58  2 27 1800  -26.1  983.3    3.0  321.0   68.3  444.0
2023  58  2 27 1900  -24.4  983.1    4.1  293.0   68.1  444.0
2023  58  2 27 2000  -25.3  983.4    2.7  285.0   70.0  444.0
2023  58  2 27 2100  444.0  983.7    1.8   17.0   69.0  444.0
2023  58  2 27 2200  -26.7  984.2    1.2  352.0   68.0  444.0
2023  58  2 27 2300  -26.1  984.5    1.0  358.0   67.0  444.0
2023  59  2 28 0000  -26.4  984.6    1.2  217.0   68.7  444.0
2023  59  2 28 0100  -25.2  984.7    3.5  119.0   72.0  444.0
2023  59  2 28 0200  -25.8  984.6    2.7  166.0   72.0  444.0
2023  59  2 28 0300  -25.7  984.7    3.1  143.0   73.0  444.0
2023  59  2 28 0400  -24.6  984.7    4.2  145.0   85.0  444.0
2023  59  2 28 0500  -25.0  984.7    4.1  168.0   85.0  444.0
2023  59  2 28 0600  -24.4  984.6    5.7  168.0   85.0  444.0
2023  59  2 28 0700  -21.6  984.8    6.3  169.0   88.0  444.0
2023  59  2 28 0800  -20.7  984.8    5.6  168.0   89.0  444.0
2023  59  2 28 0900  -20.2  984.8    5.9  178.0   89.0  444.0
2023  59  2 28 1000  -19.8  984.4    7.0  184.0   89.0  444.0
2023  59  2 28 1100  -19.4  984.0    7.4  187.0   89.0  444.0
2023  59  2 28 1200  -19.0  984.0    7.3  187.0   89.6  444.0
2023  59  2 28 1300  -18.8  983.5    8.3  190.0   89.7  444.0
2023  59  2 28 1400  -18.7  982.8    9.9  203.0   90.0  444.0
2023  59  2 28 1500  -18.5  982.1   10.4  190.0   90.0  444.0
2023  59  2 28 1600  -18.1  981.3   11.1  188.0   90.4  444.0
2023  59  2 28 1700  -18.3  980.5   11.6  186.0   89.9  444.0
2023  59  2 28 1800  -18.6  980.5   10.8  196.0   89.0  444.0
2023  59  2 28 1900  -18.6  979.3   11.8  198.0   88.0  444.0
2023  59  2 28 2000  -17.8  978.9   10.3  206.0   89.0  444.0
2023  59  2 28 2100  -16.0  978.3    9.2  204.0   91.0  444.0
2023  59  2 28 2200  -14.5  977.3    8.6  206.0   91.9  444.0
2023  59  2 28 2300  -12.8  976.6    5.6  211.0   95.0  444.0
