Year: 2017  Month: 03  ID: SWT  ARGOS:  8913  Name: Schwerdtfeger       
Lat: 79.87S  Lon: 170.15E  Elev:   54m
2017  60  3  1 0000  -19.7 1001.3    5.4  216.0   77.0  444.0
2017  60  3  1 0100  -18.7 1001.4    4.4  224.0   77.0  444.0
2017  60  3  1 0200  -18.1 1001.3    5.2  228.0   78.0  444.0
2017  60  3  1 0300  -17.6 1001.0    6.5  223.0   79.0  444.0
2017  60  3  1 0400  -17.1 1001.2    5.1  229.0   81.3  444.0
2017  60  3  1 0500  -17.0 1001.5    4.9  226.0   82.0  444.0
2017  60  3  1 0600  -17.1 1002.0    3.2  239.0   83.0  444.0
2017  60  3  1 0700  -17.4 1002.1    3.7  240.0   79.9  444.0
2017  60  3  1 0800  -17.7 1002.4    2.8  244.0   84.0  444.0
2017  60  3  1 0900  -18.1 1002.5    3.0  245.0   84.1  444.0
2017  60  3  1 1000  -18.7 1002.6    3.7  242.0   83.0  444.0
2017  60  3  1 1100  -19.2 1002.8    3.4  225.0   83.0  444.0
2017  60  3  1 1200  -19.4 1003.1    2.5  232.0   82.5  444.0
2017  60  3  1 1300  -21.8 1003.2    2.9  233.0   83.0  444.0
2017  60  3  1 1400  -24.3 1003.3    4.2  234.0   81.8  444.0
2017  60  3  1 1500  -26.5 1003.2    2.5  255.0   80.0  444.0
2017  60  3  1 1600  -26.2 1003.2    4.0  247.0   81.0  444.0
2017  60  3  1 1700  -23.8 1003.4    2.5  234.0   81.9  444.0
2017  60  3  1 1800  -21.4 1003.3    3.0  206.0   83.0  444.0
2017  60  3  1 1900  -20.4 1003.2    1.3  218.0   82.8  444.0
2017  60  3  1 2000  -20.1 1003.0    2.8  275.0   81.0  444.0
2017  60  3  1 2100  -20.7 1002.8    3.2  240.0   76.0  444.0
2017  60  3  1 2200  -21.9 1002.3    3.4  270.0   75.8  444.0
2017  60  3  1 2300  -24.0 1001.8    4.6  306.0   76.0  444.0
2017  61  3  2 0000  -22.5 1001.6    2.2  228.0   72.1  444.0
2017  61  3  2 0100  -22.9 1001.1    3.3  269.0   75.0  444.0
2017  61  3  2 0200  -24.8 1000.5    3.4  276.0   74.2  444.0
2017  61  3  2 0300  -25.0 1000.1    3.1  245.0   73.0  444.0
2017  61  3  2 0400  -24.1 1000.1    4.3  236.0   75.0  444.0
2017  61  3  2 0500  -21.6  999.8    4.8  229.0   71.8  444.0
2017  61  3  2 0600  -22.0  999.6    4.3  231.0   71.0  444.0
2017  61  3  2 0700  -22.8  999.4    4.1  246.0   76.7  444.0
2017  61  3  2 0800  -22.4  999.0    4.3  217.0   74.0  444.0
2017  61  3  2 0900  -25.3  998.5    3.4  239.0   77.0  444.0
2017  61  3  2 1000  -25.4  998.3    3.8  242.0   76.4  444.0
2017  61  3  2 1100  -26.4  998.0    4.3  260.0   73.0  444.0
2017  61  3  2 1200  -27.7  998.0    4.0  277.0   75.9  444.0
2017  61  3  2 1300  -25.7  997.7    4.2  259.0   71.0  444.0
2017  61  3  2 1400  -25.6  997.4    6.7  286.0   73.0  444.0
2017  61  3  2 1500  -26.1  997.2    6.1  288.0   72.0  444.0
2017  61  3  2 1600  -27.8  996.8    4.7  296.0   72.0  444.0
2017  61  3  2 1700  -28.7  996.6    3.6  285.0   73.7  444.0
2017  61  3  2 1800  -28.9  996.7    4.7  285.0   74.0  444.0
2017  61  3  2 1900  -28.5  997.1    3.9  289.0   78.0  444.0
2017  61  3  2 2000  -27.5  996.8    5.6  263.0   76.0  444.0
2017  61  3  2 2100  -27.6  996.5    4.5  256.0   73.0  444.0
2017  61  3  2 2200  -27.2  996.2    4.8  262.0   73.8  444.0
2017  61  3  2 2300  -27.1  996.3    4.6  214.0   76.0  444.0
2017  62  3  3 0000  -27.8  996.4    3.9  236.0   73.0  444.0
2017  62  3  3 0100  -28.2  996.5    3.6  218.0   74.0  444.0
2017  62  3  3 0200  -27.9  996.3    3.6  207.0   73.0  444.0
2017  62  3  3 0300  -26.1  996.3    3.3  232.0   77.0  444.0
2017  62  3  3 0400  -24.8  995.9    4.2  238.0   77.8  444.0
2017  62  3  3 0500  -22.9  995.6    3.6  214.0   79.8  444.0
2017  62  3  3 0600  -21.8  995.6    2.9  212.0   81.0  444.0
2017  62  3  3 0700  -21.0  995.4    3.9  221.0   82.0  444.0
2017  62  3  3 0800  -20.6  995.4    3.6  220.0   83.0  444.0
2017  62  3  3 0900  -20.4  995.1    3.7  219.0   83.6  444.0
2017  62  3  3 1000  -20.3  995.0    3.3  235.0   83.9  444.0
2017  62  3  3 1100  -20.3  994.7    3.5  238.0   84.0  444.0
2017  62  3  3 1200  -20.1  994.7    3.9  210.0   84.0  444.0
2017  62  3  3 1300  -19.9  994.6    3.8  200.0   84.0  444.0
2017  62  3  3 1400  -19.7  994.4    3.5  190.0   84.5  444.0
2017  62  3  3 1500  -19.5  994.2    3.7  190.0   84.7  444.0
2017  62  3  3 1600  -19.2  994.2    3.3  194.0   84.0  444.0
2017  62  3  3 1700  -19.4  994.2    2.7  202.0   82.0  444.0
2017  62  3  3 1800  -19.3  994.3    3.6  206.0   80.0  444.0
2017  62  3  3 1900  -19.5  994.1    4.1  194.0   80.1  444.0
2017  62  3  3 2000  -19.4  994.1    3.6  197.0   78.2  444.0
2017  62  3  3 2100  -18.9  994.1    3.2  210.0   76.0  444.0
2017  62  3  3 2200  -19.0  994.0    3.1  235.0   76.0  444.0
2017  62  3  3 2300  -19.3  993.8    3.2  247.0   77.0  444.0
2017  63  3  4 0000  -20.7  993.6    3.5  270.0   77.4  444.0
2017  63  3  4 0100  -21.6  993.3    3.3  287.0   78.0  444.0
2017  63  3  4 0200  -22.1  993.0    3.7  288.0   78.8  444.0
2017  63  3  4 0300  -20.2  992.8    3.6  296.0   77.0  444.0
2017  63  3  4 0400  -21.6  992.5    2.6  289.0   76.0  444.0
2017  63  3  4 0500  -22.8  992.6    2.2  325.0   76.0  444.0
2017  63  3  4 0600  -24.0  992.6    2.8  320.0   79.0  444.0
2017  63  3  4 0700  -22.3  992.7    2.7  326.0   79.4  444.0
2017  63  3  4 0800  -21.6  992.9    2.8  348.0   82.0  444.0
2017  63  3  4 0900  -22.0  992.9    3.2    2.0   81.0  444.0
2017  63  3  4 1000  -22.3  993.2    3.4  352.0   82.0  444.0
2017  63  3  4 1100  -23.0  993.7    2.4    9.0   82.0  444.0
2017  63  3  4 1200  -24.2  994.6    3.4   23.0   81.1  444.0
2017  63  3  4 1300  -24.8  995.5    2.8   55.0   80.0  444.0
2017  63  3  4 1400  -25.4  996.5    1.4   46.0   78.0  444.0
2017  63  3  4 1500  -27.8  997.5    1.2  120.0   78.0  444.0
2017  63  3  4 1600  -26.0  998.3    0.9  172.0   79.0  444.0
2017  63  3  4 1700  -22.8  999.1    1.9  169.0   82.2  444.0
2017  63  3  4 1800  -20.2 1000.2    3.5  166.0   84.0  444.0
2017  63  3  4 1900  -18.9 1000.9    3.9  162.0   85.0  444.0
2017  63  3  4 2000  -18.2 1001.5    4.8  163.0   85.0  444.0
2017  63  3  4 2100  -18.1 1002.1    5.5  167.0   84.0  444.0
2017  63  3  4 2200  -18.1 1002.7    5.5  162.0   84.0  444.0
2017  63  3  4 2300  -18.2 1003.2    5.1  182.0   83.0  444.0
2017  64  3  5 0000  -18.0 1003.6    6.2  175.0   83.2  444.0
2017  64  3  5 0100  -18.3 1004.1    4.9  183.0   83.0  444.0
2017  64  3  5 0200  -18.2 1004.5    4.3  194.0   83.0  444.0
2017  64  3  5 0300  -18.5 1004.7    4.2  226.0   82.6  444.0
2017  64  3  5 0400  -19.4 1004.8    3.3  233.0   82.0  444.0
2017  64  3  5 0500  -21.6 1004.9    3.3  261.0   80.3  444.0
2017  64  3  5 0600  -23.1 1004.9    3.7  253.0   80.5  444.0
2017  64  3  5 0700  -24.5 1004.9    3.4  274.0   79.0  444.0
2017  64  3  5 0800  -26.2 1004.5    3.5  268.0   79.0  444.0
2017  64  3  5 0900  -25.0 1004.3    4.3  262.0   80.0  444.0
2017  64  3  5 1000  -25.5 1004.1    4.3  253.0   79.9  444.0
2017  64  3  5 1100  -26.0 1003.9    2.6  272.0   80.0  444.0
2017  64  3  5 1200  -26.2 1003.7    2.4  284.0   79.0  444.0
2017  64  3  5 1300  -26.3 1003.3    2.8  279.0   79.0  444.0
2017  64  3  5 1400  -24.5 1003.2    3.4  270.0   81.0  444.0
2017  64  3  5 1500  -25.0 1003.0    2.4  266.0   79.9  444.0
2017  64  3  5 1600  -26.4 1003.0    2.4  277.0   79.0  444.0
2017  64  3  5 1700  -23.9 1002.8    2.3  273.0   81.0  444.0
2017  64  3  5 1800  -24.1 1002.4    4.7  281.0   80.0  444.0
2017  64  3  5 1900  -23.3 1002.3    4.3  265.0   80.0  444.0
2017  64  3  5 2000  -22.7 1002.1    3.6  244.0   80.1  444.0
2017  64  3  5 2100  -22.2 1002.0    3.8  237.0   79.0  444.0
2017  64  3  5 2200  -20.5 1001.5    6.2  252.0   77.0  444.0
2017  64  3  5 2300  -21.0 1001.4    4.9  248.0   74.0  444.0
2017  65  3  6 0000  -20.9 1001.0    5.8  259.0   73.3  444.0
2017  65  3  6 0100  -19.0 1000.6    7.2  262.0   70.5  444.0
2017  65  3  6 0200  -19.3 1000.4    6.8  264.0   71.0  444.0
2017  65  3  6 0300  -19.5 1000.1    5.9  267.0   70.3  444.0
2017  65  3  6 0400  -19.0  999.9    5.8  262.0   73.0  444.0
2017  65  3  6 0500  -19.5  999.6    5.4  256.0   75.0  444.0
2017  65  3  6 0600  -18.4  999.3    6.8  252.0   72.0  444.0
2017  65  3  6 0700  -19.5  999.2    4.9  239.0   76.0  444.0
2017  65  3  6 0800  -21.3  999.3    3.1  232.0   76.3  444.0
2017  65  3  6 0900  -22.4  999.1    3.1  249.0   79.0  444.0
2017  65  3  6 1000  -21.8  998.9    4.6  238.0   79.0  444.0
2017  65  3  6 1100  -21.8  998.8    3.4  235.0   80.0  444.0
2017  65  3  6 1200  -21.8  998.6    3.3  260.0   79.0  444.0
2017  65  3  6 1300  -21.1  998.2    2.6  257.0   80.2  444.0
2017  65  3  6 1400  -21.0  998.0    3.8  260.0   78.0  444.0
2017  65  3  6 1500  -21.8  997.9    3.8  253.0   78.0  444.0
2017  65  3  6 1600  -21.0  997.6    2.7  240.0   81.0  444.0
2017  65  3  6 1700  -21.6  997.3    3.3  255.0   82.0  444.0
2017  65  3  6 1800  -21.9  997.2    4.1  256.0   82.2  444.0
2017  65  3  6 1900  -19.7  997.1    4.5  249.0   85.0  444.0
2017  65  3  6 2000  -20.8  996.5    3.0  271.0   82.0  444.0
2017  65  3  6 2100  -19.0  996.0    3.4  277.0   83.0  444.0
2017  65  3  6 2200  -20.3  995.6    3.6  284.0   82.0  444.0
2017  65  3  6 2300  -20.1  995.1    2.7  284.0   82.4  444.0
2017  66  3  7 0000  -20.1  994.7    4.2  268.0   82.0  444.0
2017  66  3  7 0100  -19.4  994.5    3.6  258.0   82.0  444.0
2017  66  3  7 0200  -18.2  994.0    2.3  264.0   83.0  444.0
2017  66  3  7 0300  -17.2  993.5    4.1  276.0   85.0  444.0
2017  66  3  7 0400  -15.3  992.7    4.2  280.0   86.4  444.0
2017  66  3  7 0500  -14.2  992.3    5.2  265.0   88.0  444.0
2017  66  3  7 0600  -13.9  991.9    4.8  265.0   88.2  444.0
2017  66  3  7 0700  -13.8  991.5    5.0  270.0   89.0  444.0
2017  66  3  7 0800  -14.5  991.1    3.9  270.0   89.0  444.0
2017  66  3  7 0900  -15.7  990.8    3.0  281.0   88.0  444.0
2017  66  3  7 1000  -16.2  990.4    3.7  285.0   88.3  444.0
2017  66  3  7 1100  -17.5  990.2    3.5  291.0   86.7  444.0
2017  66  3  7 1200  -19.4  990.1    3.5  293.0   85.0  444.0
2017  66  3  7 1300  -19.8  989.9    3.5  304.0   84.0  444.0
2017  66  3  7 1400  -19.4  989.8    3.2  293.0   85.0  444.0
2017  66  3  7 1500  -18.5  989.4    2.8  322.0   85.0  444.0
2017  66  3  7 1600  -20.9  988.9    3.8  335.0   83.4  444.0
2017  66  3  7 1700  -21.0  988.4    4.1  324.0   83.0  444.0
2017  66  3  7 1800  -22.1  988.3    3.3  281.0   82.0  444.0
2017  66  3  7 1900  -21.7  988.1    3.6  283.0   81.0  444.0
2017  66  3  7 2000  -23.2  988.0    3.2  318.0   78.0  444.0
2017  66  3  7 2100  -22.7  988.0    3.6  298.0   78.3  444.0
2017  66  3  7 2200  -22.4  988.0    3.3  301.0   78.0  444.0
2017  66  3  7 2300  -19.6  987.7    3.0  336.0   84.0  444.0
2017  67  3  8 0000  -16.0  987.2    3.6  336.0   86.0  444.0
2017  67  3  8 0100  -14.4  986.9    6.0  270.0   86.8  444.0
2017  67  3  8 0200  -18.0  986.8    7.5  255.0   83.5  444.0
2017  67  3  8 0300  -20.1  987.0    8.0  257.0   82.7  444.0
2017  67  3  8 0400  -19.7  986.8    6.3  248.0   83.6  444.0
2017  67  3  8 0500  -19.4  986.7    5.9  255.0   84.0  444.0
2017  67  3  8 0600  -19.2  986.5    5.9  253.0   84.0  444.0
2017  67  3  8 0700  -19.0  986.2    6.0  258.0   85.0  444.0
2017  67  3  8 0800  -18.8  986.3    5.5  257.0   85.4  444.0
2017  67  3  8 0900  -18.4  986.1    5.9  245.0   85.7  444.0
2017  67  3  8 1000  -18.9  986.1    5.7  260.0   85.0  444.0
2017  67  3  8 1100  -21.1  985.9    4.3  254.0   83.0  444.0
2017  67  3  8 1200  -24.4  986.0    3.8  262.0   81.0  444.0
2017  67  3  8 1300  -25.5  985.8    4.2  276.0   80.0  444.0
2017  67  3  8 1400  -25.2  985.3    4.3  259.0   81.0  444.0
2017  67  3  8 1500  -24.0  985.0    2.1  271.0   81.0  444.0
2017  67  3  8 1600  -21.5  984.9    3.2  252.0   83.0  444.0
2017  67  3  8 1700  -20.5  984.7    3.7  266.0   84.0  444.0
2017  67  3  8 1800  -19.9  984.5    3.1  252.0   84.6  444.0
2017  67  3  8 1900  -19.4  984.2    3.8  246.0   84.0  444.0
2017  67  3  8 2000  -22.0  984.0    3.4  244.0   81.0  444.0
2017  67  3  8 2100  -21.0  984.2    3.2  242.0   83.0  444.0
2017  67  3  8 2200  -18.9  984.1    2.2  260.0   84.0  444.0
2017  67  3  8 2300  -18.4  983.8    3.1  236.0   83.0  444.0
2017  68  3  9 0000  -20.5  983.7    1.8  278.0   80.0  444.0
2017  68  3  9 0100  -21.0  983.2    1.8  230.0   81.0  444.0
2017  68  3  9 0200  -20.4  982.8    2.3  256.0   80.0  444.0
2017  68  3  9 0300  -20.8  982.6    3.7  264.0   80.0  444.0
2017  68  3  9 0400  -20.9  982.3    4.3  256.0   80.0  444.0
2017  68  3  9 0500  -21.6  982.1    3.7  261.0   80.0  444.0
2017  68  3  9 0600  -23.4  981.8    4.4  278.0   79.5  444.0
2017  68  3  9 0700  -24.5  981.5    4.7  270.0   79.0  444.0
2017  68  3  9 0800  -23.4  981.4    4.5  249.0   81.0  444.0
2017  68  3  9 0900  -24.7  981.3    4.8  258.0   80.0  444.0
2017  68  3  9 1000  -25.9  981.3    4.8  248.0   79.0  444.0
2017  68  3  9 1100  -27.6  981.3    4.0  252.0   77.8  444.0
2017  68  3  9 1200  -28.1  981.2    3.1  258.0   77.0  444.0
2017  68  3  9 1300  -28.0  981.2    3.7  259.0   77.0  444.0
2017  68  3  9 1400  -29.1  980.9    2.5  266.0   77.0  444.0
2017  68  3  9 1500  -30.2  980.9    3.3  305.0   74.0  444.0
2017  68  3  9 1600  -30.3  980.8    3.6  274.0   76.2  444.0
2017  68  3  9 1700  -25.5  980.4    7.3  256.0   79.0  444.0
2017  68  3  9 1800  -26.3  980.5    5.1  260.0   77.0  444.0
2017  68  3  9 1900  -26.2  980.6    5.2  271.0   76.0  444.0
2017  68  3  9 2000  -25.5  980.7    5.0  254.0   79.0  444.0
2017  68  3  9 2100  -23.5  980.7    7.6  263.0   80.3  444.0
2017  68  3  9 2200  -22.7  980.9    8.0  265.0   80.0  444.0
2017  68  3  9 2300  -23.1  981.1    7.7  257.0   78.0  444.0
2017  69  3 10 0000  -23.3  981.0    7.3  254.0   78.0  444.0
2017  69  3 10 0100  -22.7  981.4    6.7  267.0   79.0  444.0
2017  69  3 10 0200  -23.4  981.7    4.8  278.0   77.3  444.0
2017  69  3 10 0300  -24.8  981.5    4.1  271.0   78.0  444.0
2017  69  3 10 0400  -24.0  981.6    4.3  273.0   80.0  444.0
2017  69  3 10 0500  -23.4  982.1    3.9  278.0   81.0  444.0
2017  69  3 10 0600  -21.5  982.4    6.1  264.0   82.0  444.0
2017  69  3 10 0700  -20.7  982.7    6.3  269.0   81.0  444.0
2017  69  3 10 0800  -22.4  983.2    5.9  273.0   81.0  444.0
2017  69  3 10 0900  -23.7  983.9    4.0  290.0   80.0  444.0
2017  69  3 10 1000  -22.5  984.3    5.9  269.0   77.0  444.0
2017  69  3 10 1100  -21.7  984.4    6.4  269.0   72.2  444.0
2017  69  3 10 1200  -21.5  984.8    5.3  282.0   72.0  444.0
2017  69  3 10 1300  -20.8  984.9    7.7  269.0   69.0  444.0
2017  69  3 10 1400  -21.0  984.9    8.4  275.0   73.0  444.0
2017  69  3 10 1500  -21.4  985.2    6.9  282.0   79.0  444.0
2017  69  3 10 1600  -22.4  985.4    5.4  260.0   82.2  444.0
2017  69  3 10 1700  -25.1  985.8    6.4  247.0   80.0  444.0
2017  69  3 10 1800  -25.9  986.3    4.5  269.0   79.0  444.0
2017  69  3 10 1900  -26.6  986.6    4.5  256.0   78.0  444.0
2017  69  3 10 2000  -26.9  986.9    3.8  257.0   78.0  444.0
2017  69  3 10 2100  -24.6  987.5    2.6  288.0   80.0  444.0
2017  69  3 10 2200  -23.2  987.9    5.0  262.0   80.0  444.0
2017  69  3 10 2300  -25.5  988.1    4.5  265.0   77.0  444.0
2017  70  3 11 0000  -22.7  988.5    4.3  241.0   80.1  444.0
2017  70  3 11 0100  -20.4  988.5    6.3  233.0   79.0  444.0
2017  70  3 11 0200  -20.1  988.5    6.2  234.0   80.0  444.0
2017  70  3 11 0300  -20.7  988.7    4.9  240.0   81.0  444.0
2017  70  3 11 0400  -19.6  988.8    5.1  243.0   82.0  444.0
2017  70  3 11 0500  -19.7  989.1    4.5  244.0   83.0  444.0
2017  70  3 11 0600  -19.7  989.2    4.3  248.0   86.0  444.0
2017  70  3 11 0700  -19.5  989.3    4.0  251.0   85.0  444.0
2017  70  3 11 0800  -19.1  989.4    4.6  233.0   85.0  444.0
2017  70  3 11 0900  -19.7  989.7    2.8  256.0   84.7  444.0
2017  70  3 11 1000  -19.2  989.8    3.2  251.0   85.0  444.0
2017  70  3 11 1100  -19.0  989.8    4.2  241.0   85.0  444.0
2017  70  3 11 1200  -19.3  989.9    3.9  242.0   85.0  444.0
2017  70  3 11 1300  -19.7  989.7    2.5  251.0   85.0  444.0
2017  70  3 11 1400  -19.9  989.6    2.1  260.0   84.7  444.0
2017  70  3 11 1500  -22.3  989.8    4.3  263.0   82.0  444.0
2017  70  3 11 1600  -22.4  989.6    2.8  257.0   83.0  444.0
2017  70  3 11 1700  -22.1  989.6    1.7  286.0   83.0  444.0
2017  70  3 11 1800  -23.6  989.6    2.5  300.0   81.0  444.0
2017  70  3 11 1900  -24.2  989.6    2.1  279.0   80.7  444.0
2017  70  3 11 2000  -25.1  989.5    3.3  305.0   79.0  444.0
2017  70  3 11 2100  -26.0  989.5    2.3  336.0   78.0  444.0
2017  70  3 11 2200  -27.8  989.6    2.0    6.0   75.0  444.0
2017  70  3 11 2300  -28.3  989.5    2.5  343.0   75.0  444.0
2017  71  3 12 0000  -28.7  989.2    3.2  324.0   74.8  444.0
2017  71  3 12 0100  -27.6  989.0    3.5  304.0   76.0  444.0
2017  71  3 12 0200  -27.4  988.5    3.3  267.0   75.0  444.0
2017  71  3 12 0300  -27.8  988.4    2.0  208.0   74.6  444.0
2017  71  3 12 0400  444.0  988.5    0.1  130.0   76.0  444.0
2017  71  3 12 0500  444.0  988.5    0.7  275.0   76.0  444.0
2017  71  3 12 0600  -28.8  988.6    2.9  324.0   75.0  444.0
2017  71  3 12 0700  -30.0  988.5    3.8  324.0   75.0  444.0
2017  71  3 12 0800  -28.6  988.2    2.9  324.0   76.0  444.0
2017  71  3 12 0900  -30.2  988.3    2.9  326.0   76.0  444.0
2017  71  3 12 1000  -29.3  988.2    3.5  359.0   76.0  444.0
2017  71  3 12 1100  -28.4  988.1    3.8  321.0   77.0  444.0
2017  71  3 12 1200  -26.7  988.1    3.1  326.0   77.3  444.0
2017  71  3 12 1300  -27.7  987.8    2.7  313.0   77.0  444.0
2017  71  3 12 1400  -26.2  987.8    3.2  311.0   77.0  444.0
2017  71  3 12 1500  -27.7  987.6    3.0  304.0   78.2  444.0
2017  71  3 12 1600  -27.0  987.7    2.1  344.0   78.0  444.0
2017  71  3 12 1700  -26.8  987.8    3.3  324.0   78.3  444.0
2017  71  3 12 1800  -28.9  988.0    2.9  307.0   77.0  444.0
2017  71  3 12 1900  -30.4  988.2    3.0  298.0   75.0  444.0
2017  71  3 12 2000  -29.9  988.2    0.6  308.0   76.0  444.0
2017  71  3 12 2100  -29.1  988.2    1.8  284.0   75.8  444.0
2017  71  3 12 2200  -28.6  988.8    1.9  301.0   75.6  444.0
2017  71  3 12 2300  -27.5  988.7    3.6  285.0   77.0  444.0
2017  72  3 13 0000  -26.8  988.8    2.5  240.0   77.0  444.0
2017  72  3 13 0100  -25.6  989.0    0.2  280.0   77.0  444.0
2017  72  3 13 0200  -25.5  988.9    2.9  282.0   77.8  444.0
2017  72  3 13 0300  -25.0  989.1    2.5  266.0   78.4  444.0
2017  72  3 13 0400  -24.6  988.8    2.8  237.0   79.0  444.0
2017  72  3 13 0500  -24.4  989.2    2.4  181.0   79.0  444.0
2017  72  3 13 0600  -24.8  989.4    1.6  133.0   80.0  444.0
2017  72  3 13 0700  -24.8  989.9    1.2  158.0   79.8  444.0
2017  72  3 13 0800  -24.6  990.2    0.7  231.0   80.0  444.0
2017  72  3 13 0900  -24.7  990.2    2.3  203.0   80.0  444.0
2017  72  3 13 1000  -24.9  990.6    2.4  211.0   80.0  444.0
2017  72  3 13 1100  -25.3  990.6    3.1  203.0   80.0  444.0
2017  72  3 13 1200  -25.5  991.0    2.5  191.0   80.0  444.0
2017  72  3 13 1300  -25.7  991.0    2.5  193.0   80.0  444.0
2017  72  3 13 1400  -25.4  991.0    2.7  196.0   80.0  444.0
2017  72  3 13 1500  -25.2  991.1    2.6  206.0   80.0  444.0
2017  72  3 13 1600  -24.9  991.3    2.6  216.0   80.0  444.0
2017  72  3 13 1700  -24.7  991.5    3.0  221.0   80.3  444.0
2017  72  3 13 1800  -24.8  991.7    3.6  234.0   80.0  444.0
2017  72  3 13 1900  -25.2  991.9    4.1  229.0   79.6  444.0
2017  72  3 13 2000  -25.1  991.9    3.5  220.0   79.4  444.0
2017  72  3 13 2100  -25.0  991.6    4.1  222.0   79.0  444.0
2017  72  3 13 2200  -24.9  991.5    3.4  227.0   79.0  444.0
2017  72  3 13 2300  -24.4  991.5    3.4  246.0   78.0  444.0
2017  73  3 14 0000  -24.0  991.2    2.8  249.0   78.5  444.0
2017  73  3 14 0100  -25.0  991.1    2.5  268.0   78.0  444.0
2017  73  3 14 0200  -25.1  990.8    2.3  270.0   78.0  444.0
2017  73  3 14 0300  -25.0  990.2    1.7  279.0   78.3  444.0
2017  73  3 14 0400  -24.3  990.0    2.8  276.0   79.0  444.0
2017  73  3 14 0500  -24.3  989.8    3.5  266.0   79.7  444.0
2017  73  3 14 0600  -23.5  989.5    4.9  250.0   80.0  444.0
2017  73  3 14 0700  -23.6  989.2    3.5  241.0   79.8  444.0
2017  73  3 14 0800  -24.9  988.9    3.5  273.0   79.0  444.0
2017  73  3 14 0900  -26.3  988.6    4.3  270.0   78.0  444.0
2017  73  3 14 1000  -26.5  988.3    4.5  259.0   78.0  444.0
2017  73  3 14 1100  -26.6  988.0    4.7  263.0   77.0  444.0
2017  73  3 14 1200  -27.7  988.1    4.1  271.0   77.4  444.0
2017  73  3 14 1300  -29.1  988.1    3.9  273.0   76.0  444.0
2017  73  3 14 1400  -28.8  987.9    4.8  271.0   76.0  444.0
2017  73  3 14 1500  -28.8  988.0    4.9  272.0   76.0  444.0
2017  73  3 14 1600  -28.4  988.0    5.1  262.0   77.0  444.0
2017  73  3 14 1700  -27.9  988.0    5.4  258.0   76.2  444.0
2017  73  3 14 1800  -28.0  988.2    6.0  269.0   77.0  444.0
2017  73  3 14 1900  -28.0  988.1    5.4  267.0   76.0  444.0
2017  73  3 14 2000  -28.8  988.0    5.3  273.0   75.0  444.0
2017  73  3 14 2100  -29.3  988.1    6.1  252.0   75.0  444.0
2017  73  3 14 2200  -30.2  988.3    4.9  236.0   73.9  444.0
2017  73  3 14 2300  -30.9  988.6    5.4  238.0   72.0  444.0
2017  74  3 15 0000  -31.3  988.6    3.5  242.0   72.0  444.0
2017  74  3 15 0100  -30.1  988.4    6.0  246.0   74.0  444.0
2017  74  3 15 0200  -29.2  988.7    5.1  230.0   74.0  444.0
2017  74  3 15 0300  -29.4  988.8    5.8  228.0   74.4  444.0
2017  74  3 15 0400  -28.9  988.7    5.3  235.0   76.0  444.0
2017  74  3 15 0500  -29.1  989.0    5.5  224.0   76.0  444.0
2017  74  3 15 0600  -28.5  989.1    5.4  210.0   76.0  444.0
2017  74  3 15 0700  -28.4  988.9    5.1  224.0   78.0  444.0
2017  74  3 15 0800  -27.8  988.8    4.1  233.0   78.4  444.0
2017  74  3 15 0900  -27.4  988.8    4.2  230.0   78.0  444.0
2017  74  3 15 1000  -27.9  988.8    5.2  226.0   77.6  444.0
2017  74  3 15 1100  -28.2  988.9    6.1  230.0   77.4  444.0
2017  74  3 15 1200  -28.2  989.1    5.5  227.0   77.0  444.0
2017  74  3 15 1300  -28.6  989.0    4.5  233.0   77.0  444.0
2017  74  3 15 1400  -28.0  988.8    5.2  246.0   78.0  444.0
2017  74  3 15 1500  -27.7  988.6    5.2  246.0   77.5  444.0
2017  74  3 15 1600  -27.6  988.2    6.0  250.0   77.5  444.0
2017  74  3 15 1700  -27.6  988.2    5.5  250.0   77.0  444.0
2017  74  3 15 1800  -28.1  988.1    5.4  256.0   77.0  444.0
2017  74  3 15 1900  -28.3  987.9    5.7  257.0   77.0  444.0
2017  74  3 15 2000  -27.5  987.6    7.0  252.0   75.5  444.0
2017  74  3 15 2100  -26.9  987.4    7.3  250.0   73.8  444.0
2017  74  3 15 2200  -26.8  987.2    8.4  248.0   75.0  444.0
2017  74  3 15 2300  -26.5  987.0    9.1  250.0   74.0  444.0
2017  75  3 16 0000  -26.2  986.9    7.8  248.0   73.0  444.0
2017  75  3 16 0100  -26.1  986.5    8.8  250.0   73.1  444.0
2017  75  3 16 0200  -25.7  986.2    9.4  254.0   73.0  444.0
2017  75  3 16 0300  -25.6  985.8    8.6  250.0   71.0  444.0
2017  75  3 16 0400  -25.3  985.4    6.3  250.0   68.0  444.0
2017  75  3 16 0500  -26.4  985.3    3.9  258.0   70.0  444.0
2017  75  3 16 0600  -27.3  985.2    3.2  268.0   70.4  444.0
2017  75  3 16 0700  -28.8  984.9    4.1  252.0   73.0  444.0
2017  75  3 16 0800  -28.3  984.6    1.0  303.0   72.0  444.0
2017  75  3 16 0900  -27.5  984.6    3.5  261.0   73.0  444.0
2017  75  3 16 1000  -27.3  984.6    2.5  274.0   71.0  444.0
2017  75  3 16 1100  -27.8  984.1    1.6  268.0   70.0  444.0
2017  75  3 16 1200  -28.4  984.0    2.5  259.0   71.0  444.0
2017  75  3 16 1300  -28.6  984.0    2.7  263.0   71.5  444.0
2017  75  3 16 1400  -28.5  983.4    1.5  276.0   73.0  444.0
2017  75  3 16 1500  -28.0  983.3    4.4  232.0   72.0  444.0
2017  75  3 16 1600  -28.3  983.1    2.7  245.0   71.1  444.0
2017  75  3 16 1700  -29.4  982.9    3.2  237.0   72.0  444.0
2017  75  3 16 1800  -29.6  983.0    2.0  295.0   69.1  444.0
2017  75  3 16 1900  -29.1  982.8    1.2  346.0   68.0  444.0
2017  75  3 16 2000  -27.5  982.9    1.7  250.0   67.0  444.0
2017  75  3 16 2100  -25.5  982.9    5.1  241.0   69.0  444.0
2017  75  3 16 2200  -26.0  983.1    3.0  198.0   69.0  444.0
2017  75  3 16 2300  -25.5  983.5    0.9  209.0   64.5  444.0
2017  76  3 17 0000  -25.0  983.7    1.8  227.0   64.0  444.0
2017  76  3 17 0100  444.0  983.8    0.5  262.0   65.0  444.0
2017  76  3 17 0200  444.0  984.0    1.0  161.0   65.0  444.0
2017  76  3 17 0300  444.0  984.2    1.2  136.0   68.0  444.0
2017  76  3 17 0400  -24.6  984.5    2.3  185.0   70.9  444.0
2017  76  3 17 0500  -24.6  984.6    4.4  215.0   74.0  444.0
2017  76  3 17 0600  -25.2  984.7    4.9  219.0   74.0  444.0
2017  76  3 17 0700  -25.5  984.8    4.6  218.0   76.0  444.0
2017  76  3 17 0800  -25.2  984.6    6.3  222.0   78.0  444.0
2017  76  3 17 0900  -25.1  984.3    6.2  216.0   78.3  444.0
2017  76  3 17 1000  -25.2  984.1    6.3  217.0   79.0  444.0
2017  76  3 17 1100  -25.5  984.0    6.5  212.0   78.5  444.0
2017  76  3 17 1200  -25.8  983.9    6.3  210.0   78.0  444.0
2017  76  3 17 1300  -26.4  983.9    5.8  206.0   78.0  444.0
2017  76  3 17 1400  -26.6  983.6    5.8  216.0   78.0  444.0
2017  76  3 17 1500  -26.6  983.4    6.1  216.0   78.0  444.0
2017  76  3 17 1600  -26.8  983.1    6.3  227.0   77.6  444.0
2017  76  3 17 1700  -27.0  982.8    6.5  223.0   77.0  444.0
2017  76  3 17 1800  -27.2  982.8    6.0  226.0   77.0  444.0
2017  76  3 17 1900  -27.9  982.6    5.7  235.0   76.5  444.0
2017  76  3 17 2000  -28.3  982.5    5.3  237.0   76.1  444.0
2017  76  3 17 2100  -28.0  982.0    5.3  230.0   76.3  444.0
2017  76  3 17 2200  -27.5  981.7    4.3  239.0   76.0  444.0
2017  76  3 17 2300  -27.1  981.1    4.2  242.0   76.0  444.0
2017  77  3 18 0000  -26.8  980.9    4.3  237.0   74.0  444.0
2017  77  3 18 0100  -26.6  980.6    3.4  233.0   74.4  444.0
2017  77  3 18 0200  -26.4  980.4    3.1  238.0   74.0  444.0
2017  77  3 18 0300  -26.8  980.0    2.9  245.0   74.0  444.0
2017  77  3 18 0400  -27.3  979.8    4.5  267.0   76.0  444.0
2017  77  3 18 0500  -27.6  979.7    4.5  259.0   76.0  444.0
2017  77  3 18 0600  -28.2  979.5    4.1  254.0   75.1  444.0
2017  77  3 18 0700  -27.8  979.2    4.7  260.0   74.6  444.0
2017  77  3 18 0800  -28.2  979.2    3.7  245.0   73.0  444.0
2017  77  3 18 0900  -27.3  979.1    3.1  246.0   74.0  444.0
2017  77  3 18 1000  -29.5  978.9    1.4  313.0   75.0  444.0
2017  77  3 18 1100  -27.7  978.8    3.1  281.0   73.0  444.0
2017  77  3 18 1200  -30.7  978.5    4.1  290.0   75.6  444.0
2017  77  3 18 1300  -31.2  978.4    4.6  276.0   77.0  444.0
2017  77  3 18 1400  -30.3  978.3    3.7  278.0   77.0  444.0
2017  77  3 18 1500  -30.5  978.3    4.0  270.0   77.0  444.0
2017  77  3 18 1600  -31.1  978.4    4.8  270.0   76.0  444.0
2017  77  3 18 1700  -31.2  978.6    4.2  251.0   75.3  444.0
2017  77  3 18 1800  -32.5  978.8    4.1  239.0   74.7  444.0
2017  77  3 18 1900  -33.1  978.8    4.5  243.0   75.0  444.0
2017  77  3 18 2000  -33.0  978.7    4.9  240.0   75.0  444.0
2017  77  3 18 2100  -32.9  979.1    5.4  234.0   74.0  444.0
2017  77  3 18 2200  -32.1  979.3    6.0  208.0   73.0  444.0
2017  77  3 18 2300  -32.6  979.8    5.4  222.0   72.3  444.0
2017  78  3 19 0000  -31.9  980.0    5.7  223.0   72.8  444.0
2017  78  3 19 0100  -30.3  980.5    6.1  226.0   74.0  444.0
2017  78  3 19 0200  -29.2  980.8    6.7  228.0   74.0  444.0
2017  78  3 19 0300  -30.0  980.9    7.8  229.0   74.0  444.0
2017  78  3 19 0400  -30.3  981.2    7.5  228.0   73.2  444.0
2017  78  3 19 0500  -29.9  981.5    6.4  230.0   75.1  444.0
2017  78  3 19 0600  -30.6  981.7    7.1  239.0   75.0  444.0
2017  78  3 19 0700  -31.0  981.9    7.0  235.0   75.0  444.0
2017  78  3 19 0800  -32.5  982.3    5.7  230.0   74.0  444.0
2017  78  3 19 0900  -32.7  982.2    6.5  228.0   74.0  444.0
2017  78  3 19 1000  -33.0  982.1    7.4  239.0   74.0  444.0
2017  78  3 19 1100  -32.5  982.0    8.6  240.0   74.4  444.0
2017  78  3 19 1200  -32.4  982.3    8.0  235.0   74.0  444.0
2017  78  3 19 1300  -32.6  982.3    8.3  242.0   74.0  444.0
2017  78  3 19 1400  -32.4  982.5    8.8  244.0   74.0  444.0
2017  78  3 19 1500  -32.1  982.8    8.4  240.0   74.0  444.0
2017  78  3 19 1600  -31.7  982.6    9.2  246.0   74.6  444.0
2017  78  3 19 1700  -31.3  982.5    9.0  247.0   75.0  444.0
2017  78  3 19 1800  -30.3  982.2   10.1  246.0   75.0  444.0
2017  78  3 19 1900  -29.8  981.7   10.7  249.0   76.0  444.0
2017  78  3 19 2000  -29.8  981.6   10.1  245.0   75.0  444.0
2017  78  3 19 2100  -29.9  981.8    8.7  234.0   74.7  444.0
2017  78  3 19 2200  -29.5  981.5    8.8  237.0   74.0  444.0
2017  78  3 19 2300  -27.7  981.2    8.4  227.0   75.0  444.0
2017  79  3 20 0000  -26.3  981.2    8.7  223.0   75.0  444.0
2017  79  3 20 0100  -25.4  981.0    9.7  223.0   75.0  444.0
2017  79  3 20 0200  -24.7  980.7    8.6  218.0   76.4  444.0
2017  79  3 20 0300  -23.4  980.6    8.5  202.0   78.0  444.0
2017  79  3 20 0400  -22.3  980.8    9.1  200.0   78.5  444.0
2017  79  3 20 0500  -21.7  980.7    8.7  207.0   80.0  444.0
2017  79  3 20 0600  -21.4  980.6    9.3  195.0   84.0  444.0
2017  79  3 20 0700  -21.4  980.3    9.4  194.0   80.8  444.0
2017  79  3 20 0800  -21.5  980.5    9.7  197.0   80.0  444.0
2017  79  3 20 0900  -21.8  980.4    9.8  197.0   80.0  444.0
2017  79  3 20 1000  -22.2  980.5    8.9  198.0   80.0  444.0
2017  79  3 20 1100  -22.0  980.5    8.6  174.0   80.0  444.0
2017  79  3 20 1200  -22.3  980.6    7.0  220.0   79.0  444.0
2017  79  3 20 1300  -21.5  980.6    7.2  215.0   79.0  444.0
2017  79  3 20 1400  -20.4  980.3    7.4  216.0   77.2  444.0
2017  79  3 20 1500  -20.7  980.1    7.3  220.0   78.0  444.0
2017  79  3 20 1600  -20.2  979.8    7.4  205.0   80.0  444.0
2017  79  3 20 1700  -20.4  979.5    8.2  201.0   80.0  444.0
2017  79  3 20 1800  -20.2  979.8    8.0  195.0   80.0  444.0
2017  79  3 20 1900  -19.0  979.9    7.5  189.0   79.6  444.0
2017  79  3 20 2000  -19.2  980.1    7.9  207.0   77.0  444.0
2017  79  3 20 2100  -18.4  979.8    9.3  221.0   74.8  444.0
2017  79  3 20 2200  -18.3  979.8    9.4  213.0   73.0  444.0
2017  79  3 20 2300  -18.1  979.9    7.0  213.0   72.0  444.0
2017  80  3 21 0000  -17.4  978.9    8.1  216.0   72.7  444.0
2017  80  3 21 0100  -18.6  978.4    8.1  210.0   74.0  444.0
2017  80  3 21 0200  -19.6  977.7    7.6  186.0   77.3  444.0
2017  80  3 21 0300  -18.5  977.7    8.0  183.0   79.0  444.0
2017  80  3 21 0400  -18.7  978.0    7.7  183.0   81.0  444.0
2017  80  3 21 0500  -18.4  978.1    7.0  183.0   81.4  444.0
2017  80  3 21 0600  -19.9  978.6    5.9  207.0   81.0  444.0
2017  80  3 21 0700  -22.2  978.8    6.9  211.0   80.7  444.0
2017  80  3 21 0800  -22.9  978.9    6.7  217.0   80.0  444.0
2017  80  3 21 0900  -24.0  979.2    6.2  213.0   77.0  444.0
2017  80  3 21 1000  -24.5  979.3    5.8  218.0   77.0  444.0
2017  80  3 21 1100  -25.5  979.9    6.8  218.0   77.0  444.0
2017  80  3 21 1200  -26.7  980.1    6.4  230.0   76.7  444.0
2017  80  3 21 1300  -26.8  980.5    5.4  236.0   76.0  444.0
2017  80  3 21 1400  -26.9  980.6    1.5  258.0   76.0  444.0
2017  80  3 21 1500  -27.3  980.4    4.3  247.0   77.0  444.0
2017  80  3 21 1600  -28.6  980.1    4.7  254.0   78.0  444.0
2017  80  3 21 1700  -26.6  979.5    7.2  252.0   76.4  444.0
2017  80  3 21 1800  -26.0  978.9    8.9  254.0   77.0  444.0
2017  80  3 21 1900  -26.7  979.5    4.1  216.0   76.0  444.0
2017  80  3 21 2000  -27.4  979.1    5.4  240.0   76.0  444.0
2017  80  3 21 2100  -27.1  978.5    7.8  259.0   75.0  444.0
2017  80  3 21 2200  -24.3  977.9   10.4  264.0   75.9  444.0
2017  80  3 21 2300  -23.6  977.9   10.0  264.0   75.0  444.0
2017  81  3 22 0000  -22.8  977.8   10.4  259.0   77.8  444.0
2017  81  3 22 0100  -22.6  977.8    9.5  257.0   78.0  444.0
2017  81  3 22 0200  -22.0  977.5    9.0  260.0   78.0  444.0
2017  81  3 22 0300  -20.6  977.7    9.8  252.0   78.4  444.0
2017  81  3 22 0400  -19.5  976.9    9.3  265.0   81.0  444.0
2017  81  3 22 0500  -18.9  976.9    8.6  261.0   81.2  444.0
2017  81  3 22 0600  -18.0  976.8    9.8  245.0   82.0  444.0
2017  81  3 22 0700  -17.0  975.5   12.5  265.0   82.0  444.0
2017  81  3 22 0800  -17.0  975.6   10.8  263.0   83.5  444.0
2017  81  3 22 0900  -16.6  975.3   10.2  259.0   85.0  444.0
2017  81  3 22 1000  -18.0  975.4    7.1  258.0   85.2  444.0
2017  81  3 22 1100  -17.1  975.2    6.9  251.0   87.0  444.0
2017  81  3 22 1200  -18.5  975.2    5.1  246.0   85.0  444.0
2017  81  3 22 1300  -18.1  975.0    6.2  200.0   86.0  444.0
2017  81  3 22 1400  -21.2  975.2    4.6  205.0   82.0  444.0
2017  81  3 22 1500  -23.5  975.3    4.6  215.0   80.8  444.0
2017  81  3 22 1600  -24.7  975.4    4.5  227.0   81.0  444.0
2017  81  3 22 1700  -23.3  975.9    4.5  215.0   81.0  444.0
2017  81  3 22 1800  -23.6  976.3    5.0  210.0   81.0  444.0
2017  81  3 22 1900  -24.7  976.8    3.0  204.0   80.0  444.0
2017  81  3 22 2000  -26.1  977.1    4.6  214.0   78.0  444.0
2017  81  3 22 2100  -26.9  977.7    3.8  204.0   77.0  444.0
2017  81  3 22 2200  -26.9  978.4    3.8  216.0   76.0  444.0
2017  81  3 22 2300  -25.8  978.4    3.7  222.0   77.0  444.0
2017  82  3 23 0000  -25.2  978.6    4.2  222.0   78.0  444.0
2017  82  3 23 0100  -25.4  978.8    3.9  224.0   77.9  444.0
2017  82  3 23 0200  -25.4  978.6    4.1  232.0   78.0  444.0
2017  82  3 23 0300  -24.4  978.7    3.7  229.0   78.0  444.0
2017  82  3 23 0400  -23.5  978.5    4.9  226.0   79.0  444.0
2017  82  3 23 0500  -22.2  978.5    6.4  209.0   82.0  444.0
2017  82  3 23 0600  -24.5  979.0    5.8  181.0   79.6  444.0
2017  82  3 23 0700  -27.6  979.2    4.6  196.0   78.0  444.0
2017  82  3 23 0800  -28.8  979.4    5.1  186.0   77.0  444.0
2017  82  3 23 0900  -29.6  980.0    4.5  186.0   77.0  444.0
2017  82  3 23 1000  -28.3  979.4    4.4  235.0   78.0  444.0
2017  82  3 23 1100  -24.6  979.0    6.3  223.0   81.0  444.0
2017  82  3 23 1200  -24.2  978.6    5.4  214.0   81.0  444.0
2017  82  3 23 1300  -24.8  978.6    5.7  195.0   80.3  444.0
2017  82  3 23 1400  -23.9  978.9    6.9  181.0   81.0  444.0
2017  82  3 23 1500  -23.1  979.1    6.1  179.0   82.0  444.0
2017  82  3 23 1600  -20.8  979.6    6.3  181.0   83.7  444.0
2017  82  3 23 1700  -19.5  979.7    7.0  189.0   85.0  444.0
2017  82  3 23 1800  -18.1  980.3    5.7  195.0   86.0  444.0
2017  82  3 23 1900  -17.2  980.2    7.5  195.0   87.0  444.0
2017  82  3 23 2000  -17.0  980.6    7.3  191.0   86.0  444.0
2017  82  3 23 2100  -17.2  980.9    6.9  199.0   86.0  444.0
2017  82  3 23 2200  -17.1  981.2    6.7  199.0   85.7  444.0
2017  82  3 23 2300  -17.1  981.2    6.2  199.0   85.5  444.0
2017  83  3 24 0000  -16.9  981.2    6.5  204.0   85.5  444.0
2017  83  3 24 0100  -17.5  981.4    6.1  208.0   85.0  444.0
2017  83  3 24 0200  -17.8  981.4    6.6  207.0   85.0  444.0
2017  83  3 24 0300  -17.6  981.5    6.3  198.0   85.0  444.0
2017  83  3 24 0400  -17.6  981.7    6.2  200.0   84.8  444.0
2017  83  3 24 0500  -18.1  981.9    6.0  203.0   84.0  444.0
2017  83  3 24 0600  -18.0  982.2    5.9  201.0   85.0  444.0
2017  83  3 24 0700  -17.8  982.1    6.0  189.0   84.0  444.0
2017  83  3 24 0800  -17.9  982.4    6.6  202.0   84.0  444.0
2017  83  3 24 0900  -18.6  982.5    5.9  205.0   81.0  444.0
2017  83  3 24 1000  -19.2  982.7    5.2  223.0   80.0  444.0
2017  83  3 24 1100  -18.9  982.7    5.8  203.0   76.0  444.0
2017  83  3 24 1200  -20.4  982.7    5.8  210.0   77.0  444.0
2017  83  3 24 1300  -23.2  982.9    5.3  213.0   76.0  444.0
2017  83  3 24 1400  -25.2  983.3    5.6  227.0   79.0  444.0
2017  83  3 24 1500  -24.1  983.5    5.2  220.0   78.0  444.0
2017  83  3 24 1600  -22.9  983.6    5.7  221.0   79.0  444.0
2017  83  3 24 1700  -21.1  983.6    5.5  213.0   77.0  444.0
2017  83  3 24 1800  -19.8  983.8    4.6  218.0   70.0  444.0
2017  83  3 24 1900  -23.2  984.0    5.5  227.0   75.0  444.0
2017  83  3 24 2000  -26.2  984.1    3.6  188.0   77.0  444.0
2017  83  3 24 2100  -25.2  984.4    4.6  251.0   75.0  444.0
2017  83  3 24 2200  -26.3  984.5    5.0  241.0   73.9  444.0
2017  83  3 24 2300  -26.0  984.6    4.9  224.0   72.0  444.0
2017  84  3 25 0000  -24.3  984.5    4.4  232.0   73.0  444.0
2017  84  3 25 0100  -22.0  984.6    4.4  228.0   71.0  444.0
2017  84  3 25 0200  -21.1  984.8    5.1  228.0   70.0  444.0
2017  84  3 25 0300  -20.7  984.7    6.0  232.0   70.8  444.0
2017  84  3 25 0400  -20.3  984.7    5.6  228.0   71.6  444.0
2017  84  3 25 0500  -20.2  985.0    4.1  214.0   73.0  444.0
2017  84  3 25 0600  -20.8  984.9    3.5  228.0   75.0  444.0
2017  84  3 25 0700  -20.8  985.0    4.2  235.0   75.0  444.0
2017  84  3 25 0800  -20.6  985.1    4.3  236.0   75.0  444.0
2017  84  3 25 0900  -20.4  985.3    4.4  232.0   74.6  444.0
2017  84  3 25 1000  -20.5  985.2    4.2  226.0   75.0  444.0
2017  84  3 25 1100  -21.0  985.4    4.6  231.0   74.0  444.0
2017  84  3 25 1200  -20.8  985.6    3.7  221.0   74.0  444.0
2017  84  3 25 1300  -22.5  986.0    2.1  157.0   77.0  444.0
2017  84  3 25 1400  -21.9  985.9    1.6  223.0   78.0  444.0
2017  84  3 25 1500  -21.4  986.2    1.4  200.0   77.0  444.0
2017  84  3 25 1600  -21.1  986.3    1.0  232.0   77.0  444.0
2017  84  3 25 1700  -21.0  986.2    2.4  268.0   79.0  444.0
2017  84  3 25 1800  -20.4  986.1    3.0  261.0   75.0  444.0
2017  84  3 25 1900  -20.2  986.4    2.7  257.0   73.0  444.0
2017  84  3 25 2000  -20.2  986.5    6.3  257.0   71.0  444.0
2017  84  3 25 2100  -19.8  986.9    5.7  238.0   66.0  444.0
2017  84  3 25 2200  -20.3  986.9    2.1  249.0   70.0  444.0
2017  84  3 25 2300  -20.8  987.2    3.3  273.0   72.0  444.0
2017  85  3 26 0000  -21.1  987.4    3.6  279.0   75.0  444.0
2017  85  3 26 0100  -20.9  987.1    4.0  249.0   70.2  444.0
2017  85  3 26 0200  -20.6  987.0    4.1  256.0   68.9  444.0
2017  85  3 26 0300  -22.4  986.9    3.9  267.0   73.0  444.0
2017  85  3 26 0400  -22.2  986.7    4.5  262.0   70.0  444.0
2017  85  3 26 0500  -22.3  986.8    4.5  256.0   71.0  444.0
2017  85  3 26 0600  -24.8  986.8    3.2  268.0   69.5  444.0
2017  85  3 26 0700  -26.5  986.9    3.8  273.0   70.7  444.0
2017  85  3 26 0800  -23.8  986.6    5.2  259.0   65.0  444.0
2017  85  3 26 0900  -24.4  986.6    5.0  269.0   71.0  444.0
2017  85  3 26 1000  -24.2  986.5    6.0  260.0   71.0  444.0
2017  85  3 26 1100  -24.6  986.4    4.6  270.0   70.9  444.0
2017  85  3 26 1200  -24.6  986.2    6.3  276.0   74.0  444.0
2017  85  3 26 1300  -25.0  985.9    6.2  270.0   75.0  444.0
2017  85  3 26 1400  -25.8  985.5    6.2  258.0   75.0  444.0
2017  85  3 26 1500  -27.8  985.4    4.6  269.0   75.0  444.0
2017  85  3 26 1600  -28.1  985.2    4.8  268.0   74.2  444.0
2017  85  3 26 1700  -28.1  985.0    4.9  275.0   73.0  444.0
2017  85  3 26 1800  -27.3  984.9    7.4  260.0   73.3  444.0
2017  85  3 26 1900  -27.2  984.7    6.7  278.0   73.0  444.0
2017  85  3 26 2000  -27.9  984.6    6.5  271.0   75.0  444.0
2017  85  3 26 2100  -27.3  984.5    6.1  264.0   71.9  444.0
2017  85  3 26 2200  -28.2  984.4    5.4  276.0   73.0  444.0
2017  85  3 26 2300  -28.3  984.0    6.2  281.0   73.3  444.0
2017  86  3 27 0000  -28.3  984.0    7.0  255.0   73.0  444.0
2017  86  3 27 0100  -28.4  983.8    6.2  251.0   72.0  444.0
2017  86  3 27 0200  -29.5  983.8    4.7  247.0   72.0  444.0
2017  86  3 27 0300  -27.1  983.6    8.8  242.0   71.0  444.0
2017  86  3 27 0400  -26.4  983.4    8.0  245.0   66.1  444.0
2017  86  3 27 0500  -28.4  983.4    4.4  237.0   69.0  444.0
2017  86  3 27 0600  -29.0  983.4    5.1  244.0   67.0  444.0
2017  86  3 27 0700  -30.4  983.2    4.4  260.0   70.0  444.0
2017  86  3 27 0800  -32.4  983.2    2.6  255.0   69.0  444.0
2017  86  3 27 0900  -34.2  982.9    4.0  278.0   74.8  444.0
2017  86  3 27 1000  -32.5  983.0    5.1  257.0   73.0  444.0
2017  86  3 27 1100  -30.9  982.8    5.1  255.0   63.0  444.0
2017  86  3 27 1200  -31.4  982.9    4.6  253.0   68.0  444.0
2017  86  3 27 1300  -32.4  982.9    3.7  285.0   74.0  444.0
2017  86  3 27 1400  -33.6  982.7    4.4  293.0   75.1  444.0
2017  86  3 27 1500  -32.5  982.3    4.8  280.0   74.0  444.0
2017  86  3 27 1600  -30.0  982.3    5.5  277.0   72.0  444.0
2017  86  3 27 1700  -29.3  982.2    5.2  273.0   70.0  444.0
2017  86  3 27 1800  -28.5  982.5    5.4  285.0   71.0  444.0
2017  86  3 27 1900  -28.3  982.5    5.9  271.0   69.5  444.0
2017  86  3 27 2000  -29.8  982.4    4.9  276.0   73.0  444.0
2017  86  3 27 2100  -28.6  982.6    5.4  272.0   68.0  444.0
2017  86  3 27 2200  -28.7  982.6    6.2  272.0   69.0  444.0
2017  86  3 27 2300  -29.5  982.8    5.1  273.0   70.0  444.0
2017  87  3 28 0000  -28.9  982.6    6.6  274.0   67.3  444.0
2017  87  3 28 0100  -29.4  982.7    6.1  280.0   68.0  444.0
2017  87  3 28 0200  -27.4  982.5    7.3  277.0   67.5  444.0
2017  87  3 28 0300  -26.7  982.5    8.5  272.0   65.0  444.0
2017  87  3 28 0400  -29.2  982.3    5.4  267.0   69.0  444.0
2017  87  3 28 0500  -31.8  982.4    3.5  281.0   74.0  444.0
2017  87  3 28 0600  -32.8  982.6    2.0  293.0   75.6  444.0
2017  87  3 28 0700  -30.2  982.4    3.0  277.0   75.6  444.0
2017  87  3 28 0800  -29.9  982.4    2.0  297.0   74.0  444.0
2017  87  3 28 0900  -29.0  982.4    1.7  316.0   75.0  444.0
2017  87  3 28 1000  -29.1  982.7    2.9  357.0   76.0  444.0
2017  87  3 28 1100  -31.0  982.6    2.6  348.0   77.8  444.0
2017  87  3 28 1200  -30.4  982.4    2.9  349.0   77.7  444.0
2017  87  3 28 1300  -28.4  982.5    2.8  352.0   77.0  444.0
2017  87  3 28 1400  -27.4  982.3    2.2  342.0   78.0  444.0
2017  87  3 28 1500  -26.6  982.4    2.1  342.0   78.0  444.0
2017  87  3 28 1600  -26.0  982.2    2.7  342.0   78.3  444.0
2017  87  3 28 1700  -25.7  982.3    1.8  343.0   78.5  444.0
2017  87  3 28 1800  -25.5  982.5    1.8  344.0   78.8  444.0
2017  87  3 28 1900  -25.5  982.7    1.2  334.0   78.0  444.0
2017  87  3 28 2000  -25.8  982.8    2.2    6.0   78.0  444.0
2017  87  3 28 2100  -25.2  982.6    0.8  352.0   78.0  444.0
2017  87  3 28 2200  -24.8  982.8    1.7  360.0   78.0  444.0
2017  87  3 28 2300  -24.2  983.0    1.8  337.0   78.2  444.0
2017  88  3 29 0000  -24.0  983.0    1.5  358.0   78.0  444.0
2017  88  3 29 0100  -23.9  983.2    1.7  334.0   78.0  444.0
2017  88  3 29 0200  -24.0  982.8    1.6  358.0   79.0  444.0
2017  88  3 29 0300  -23.9  982.5    1.9  358.0   79.1  444.0
2017  88  3 29 0400  -23.7  982.6    1.5   20.0   79.5  444.0
2017  88  3 29 0500  -24.1  982.7    1.5  358.0   80.0  444.0
2017  88  3 29 0600  -24.2  982.5    2.1  335.0   80.0  444.0
2017  88  3 29 0700  -24.6  982.4    2.9  333.0   80.0  444.0
2017  88  3 29 0800  -24.4  982.4    1.7  354.0   80.0  444.0
2017  88  3 29 0900  -26.7  982.4    2.2   25.0   79.7  444.0
2017  88  3 29 1000  -25.5  982.4    2.3   19.0   80.0  444.0
2017  88  3 29 1100  -25.1  982.5    1.3  348.0   80.0  444.0
2017  88  3 29 1200  -25.0  982.2    1.3  348.0   80.0  444.0
2017  88  3 29 1300  -24.9  982.1    0.3  303.0   80.0  444.0
2017  88  3 29 1400  -24.7  982.0    2.0  267.0   80.2  444.0
2017  88  3 29 1500  -24.8  981.7    0.4  261.0   80.0  444.0
2017  88  3 29 1600  -25.3  981.4    2.3   69.0   81.0  444.0
2017  88  3 29 1700  -25.3  981.0    2.8   91.0   83.0  444.0
2017  88  3 29 1800  -26.1  981.1    1.0  160.0   79.0  444.0
2017  88  3 29 1900  -27.2  980.9    2.5  199.0   78.9  444.0
2017  88  3 29 2000  -27.5  980.8    2.9  200.0   78.0  444.0
2017  88  3 29 2100  -27.9  980.4    3.3  193.0   76.6  444.0
2017  88  3 29 2200  -30.6  980.6    2.4  238.0   73.0  444.0
2017  88  3 29 2300  -31.9  980.4    2.7  269.0   74.0  444.0
2017  89  3 30 0000  -29.6  979.8    3.6  277.0   75.0  444.0
2017  89  3 30 0100  -31.5  979.5    1.9  280.0   73.0  444.0
2017  89  3 30 0200  -29.9  979.1    3.4  261.0   74.6  444.0
2017  89  3 30 0300  -28.6  978.5    4.6  257.0   75.0  444.0
2017  89  3 30 0400  -31.3  979.2    2.1  226.0   73.0  444.0
2017  89  3 30 0500  -31.6  979.3    2.4  266.0   74.0  444.0
2017  89  3 30 0600  -32.3  979.2    3.3  270.0   74.0  444.0
2017  89  3 30 0700  -32.2  979.3    3.4  274.0   74.8  444.0
2017  89  3 30 0800  -33.7  979.6    2.4  263.0   73.1  444.0
2017  89  3 30 0900  -35.7  980.0    2.2  294.0   72.0  444.0
2017  89  3 30 1000  -37.5  980.3    2.7  275.0   71.0  444.0
2017  89  3 30 1100  -38.0  980.4    3.0  282.0   71.0  444.0
2017  89  3 30 1200  -38.0  980.9    2.7  296.0   70.9  444.0
2017  89  3 30 1300  -37.6  981.0    1.3  284.0   71.0  444.0
2017  89  3 30 1400  -36.3  980.8    2.0  279.0   72.0  444.0
2017  89  3 30 1500  -37.7  980.3    1.2  232.0   70.0  444.0
2017  89  3 30 1600  -37.4  980.6    2.8  306.0   71.0  444.0
2017  89  3 30 1700  -39.2  980.4    2.5  284.0   69.8  444.0
2017  89  3 30 1800  -40.0  980.6    1.8  313.0   69.0  444.0
2017  89  3 30 1900  -38.5  980.6    1.9  266.0   70.0  444.0
2017  89  3 30 2000  -41.0  980.9    2.2  268.0   68.0  444.0
2017  89  3 30 2100  -41.1  981.3    1.9  287.0   68.0  444.0
2017  89  3 30 2200  -41.6  981.7    1.4  271.0   66.6  444.0
2017  89  3 30 2300  -40.9  982.3    1.9  270.0   67.0  444.0
2017  90  3 31 0000  -41.0  982.6    0.9  275.0   66.5  444.0
2017  90  3 31 0100  -39.8  983.0    1.1  265.0   67.5  444.0
2017  90  3 31 0200  -38.3  982.8    2.0  234.0   69.0  444.0
2017  90  3 31 0300  -40.1  982.8    1.2  251.0   68.0  444.0
2017  90  3 31 0400  444.0  982.9    1.2  268.0   72.0  444.0
2017  90  3 31 0500  -37.0  983.0    1.4  270.0   71.0  444.0
2017  90  3 31 0600  -37.3  983.0    1.8  232.0   70.6  444.0
2017  90  3 31 0700  -39.4  983.1    1.3  219.0   69.0  444.0
2017  90  3 31 0800  -40.2  983.2    0.4  209.0   69.0  444.0
2017  90  3 31 0900  -40.5  983.2    0.8  266.0   69.0  444.0
2017  90  3 31 1000  -38.8  983.0    0.4  258.0   69.9  444.0
2017  90  3 31 1100  -37.0  982.8    0.7  227.0   71.0  444.0
2017  90  3 31 1200  -39.2  982.7    1.2  252.0   69.0  444.0
2017  90  3 31 1300  -40.2  982.8    1.9  238.0   69.0  444.0
2017  90  3 31 1400  -41.0  982.8    1.9  224.0   69.0  444.0
2017  90  3 31 1500  -41.8  982.9    1.5  251.0   67.8  444.0
2017  90  3 31 1600  -42.7  982.7    1.6  242.0   67.0  444.0
2017  90  3 31 1700  -42.7  982.9    2.1  255.0   67.0  444.0
2017  90  3 31 1800  -42.8  983.2    1.9  250.0   67.0  444.0
2017  90  3 31 1900  -40.4  983.0    2.1  236.0   69.0  444.0
2017  90  3 31 2000  -37.5  982.7    2.2  226.0   70.8  444.0
2017  90  3 31 2100  -36.8  983.2    1.8  239.0   71.0  444.0
2017  90  3 31 2200  -36.7  983.1    1.8  249.0   71.0  444.0
2017  90  3 31 2300  -37.8  983.2    2.1  243.0   69.0  444.0
